0.	0.
0.0005	12416.083592516914
0.001	24832.167287239066
0.0015	37248.25118290311
0.002	49664.33523213708
0.0025	62080.4194586353
0.003	74496.5039679303
0.0035	86912.58886757665
0.004	99328.67426713301
0.0045000000000000005	111744.76027814926
0.005	124160.84701420373
0.0055	136576.93459085448
0.006	148993.02312567903
0.006500000000000001	161409.11273825253
0.007	173825.2035501491
0.0075	186241.29568495337
0.008	198657.3892682321
0.0085	211073.4844275627
0.009000000000000001	223489.58129253043
0.0095	235905.6799947015
0.01	248321.78066765258
0.0105	260737.88344694526
0.011	273153.98847014
0.0115	285570.09587679483
0.012	297986.2058193826
0.0125	310402.3185240696
0.013000000000000001	322818.4341526463
0.0135	335234.55285077164
0.014	347650.6747651247
0.0145	360066.80004343524
0.015	372482.92886257573
0.0155	384899.06143058196
0.016	397315.1978991149
0.0165	409731.3384182694
0.017	422147.4831384115
0.0175	434563.6322101717
0.018000000000000002	446979.7857844583
0.0185	459395.94401243096
0.019	471812.107045517
0.0195	484228.27503540675
0.02	496644.4481340555
0.0205	509060.6264936751
0.021	521476.8102667397
0.021500000000000002	533892.9996059856
0.022	546309.1946644045
0.0225	558725.3955952527
0.023	571141.602552035
0.0235	583557.8156885254
0.024	595974.0351587358
0.0245	608390.261116953
0.025	620806.4937177964
0.025500000000000002	633222.7331957131
0.026000000000000002	645638.9797746036
0.0265	658055.233607765
0.027	670471.4948474712
0.0275	682887.7636449528
0.028	695304.040139863
0.0285	707720.3243959545
0.029	720136.6165435279
0.029500000000000002	732552.9167316135
0.03	744969.2251091844
0.0305	757385.541825173
0.031	769801.8670284807
0.0315	782218.2008679513
0.032	794634.5434924001
0.0325	807050.8950506026
0.033	819467.2556912728
0.0335	831883.6255631039
0.034	844300.0048147434
0.0345	856716.3935947801
0.035	869132.7920517754
0.035500000000000004	881549.200334245
0.036000000000000004	893965.6185906525
0.0365	906382.0469694345
0.037	918798.4856189615
0.0375	931214.934687588
0.038	943631.3943236026
0.0385	956047.86476076
0.039	968464.3465088069
0.0395	980880.8397520629
0.04	993297.344629819
0.0405	1.0057138612771294e6
0.041	1.018130389824789e6
0.0415	1.0305469303840449e6
0.042	1.0429634830651251e6
0.0425	1.0553800479865756e6
0.043000000000000003	1.067796625262951e6
0.043500000000000004	1.080213215004852e6
0.044	1.0926298173188672e6
0.0445	1.1050464323076447e6
0.045	1.1174630600698434e6
0.0455	1.1298797007001436e6
0.046	1.1422963542892737e6
0.0465	1.154713020923974e6
0.047	1.1671297006870334e6
0.0475	1.179546393657261e6
0.048	1.1919630999095154e6
0.0485	1.2043798195146723e6
0.049	1.2167965525396697e6
0.0495	1.2292132990474454e6
0.05	1.241630059097026e6
0.0505	1.2540468327434324e6
0.051000000000000004	1.2664636200377555e6
0.051500000000000004	1.2788804210247698e6
0.052000000000000005	1.291297235522549e6
0.0525	1.3037140634240147e6
0.053	1.3161309047696278e6
0.0535	1.3285477595991e6
0.054	1.340964627951409e6
0.0545	1.3533815098585815e6
0.055	1.36579840533911e6
0.0555	1.3782153144286815e6
0.056	1.3906322371637984e6
0.0565	1.4030491735804616e6
0.057	1.415466123714149e6
0.0575	1.427883087599834e6
0.058	1.440300065271979e6
0.0585	1.4527170567645298e6
0.059000000000000004	1.4651340621109253e6
0.059500000000000004	1.477551081344092e6
0.06	1.489968114496443e6
0.0605	1.5023851615998882e6
0.061	1.5148022226858062e6
0.0615	1.5272192977850905e6
0.062	1.5396363869281115e6
0.0625	1.5520534901447226e6
0.063	1.564470607464282e6
0.0635	1.5768877389156176e6
0.064	1.589304884527068e6
0.0645	1.601722044326447e6
0.065	1.614139218315773e6
0.0655	1.6265564064245422e6
0.066	1.6389736086706235e6
0.0665	1.6513908250821957e6
0.067	1.6638080556880725e6
0.0675	1.6762253005184305e6
0.068	1.6886425596149957e6
0.0685	1.701059833012322e6
0.069	1.7134771207414449e6
0.0695	1.7258944228338904e6
0.07	1.7383117393216519e6
0.07050000000000001	1.7507290702372107e6
0.07100000000000001	1.76314641561352e6
0.07150000000000001	1.7755637754840264e6
0.07200000000000001	1.7879811498826407e6
0.0725	1.8003985388437698e6
0.073	1.8128159424022883e6
0.0735	1.825233360593548e6
0.074	1.837650793453388e6
0.0745	1.8500682410181256e6
0.075	1.8624857033245617e6
0.0755	1.8749031804099644e6
0.076	1.887320672312087e6
0.0765	1.8997381790691637e6
0.077	1.9121557007199146e6
0.0775	1.924573237303519e6
0.078	1.936990788860498e6
0.0785	1.9494083555107363e6
0.079	1.9618259373464547e6
0.0795	1.9742435344069216e6
0.08	1.9866611467307433e6
0.0805	1.999078774355873e6
0.081	2.011496417313677e6
0.0815	2.023914075632729e6
0.082	2.036331749349152e6
0.0825	2.0487494384985582e6
0.083	2.0611671431160371e6
0.0835	2.0735848632361463e6
0.084	2.0860025988929083e6
0.0845	2.0984203501198017e6
0.085	2.1108381169497883e6
0.0855	2.1232558994152807e6
0.08600000000000001	2.1356736975481785e6
0.08650000000000001	2.148091511379822e6
0.08700000000000001	2.160509340941024e6
0.08750000000000001	2.1729271862620777e6
0.088	2.185345047372734e6
0.0885	2.197762924302212e6
0.089	2.210180817079196e6
0.0895	2.2225987257318413e6
0.09	2.23501665028776e6
0.0905	2.2474345907740514e6
0.091	2.259852547217265e6
0.0915	2.2722705196442925e6
0.092	2.2846885080843098e6
0.0925	2.297106512562636e6
0.093	2.3095245331036067e6
0.0935	2.321942569730984e6
0.094	2.3343606224706247e6
0.0945	2.3467786913595228e6
0.095	2.3591967764216834e6
0.0955	2.3716148776782257e6
0.096	2.3840329951495472e6
0.0965	2.396451128855287e6
0.097	2.408869278814347e6
0.0975	2.421287445044896e6
0.098	2.433705627564367e6
0.0985	2.4461238263894436e6
0.099	2.458542041536072e6
0.0995	2.4709602730194605e6
0.1	2.483378520854082e6
0.1005	2.495796785053668e6
0.101	2.508215065631202e6
0.1015	2.5206333625989435e6
0.10200000000000001	2.5330516759683928e6
0.10250000000000001	2.5454700057503413e6
0.10300000000000001	2.557888351954813e6
0.10350000000000001	2.570306714591111e6
0.10400000000000001	2.5827250936677866e6
0.1045	2.5951434891927303e6
0.105	2.6075619011919484e6
0.1055	2.6199803296863763e6
0.106	2.632398774681163e6
0.1065	2.6448172361804335e6
0.107	2.657235714187146e6
0.1075	2.669654208692776e6
0.108	2.682072719692007e6
0.1085	2.6944912471851017e6
0.109	2.7069097911714585e6
0.1095	2.719328351649577e6
0.11	2.731746928617105e6
0.1105	2.7441655220707855e6
0.111	2.7565841320065055e6
0.1115	2.769002758419269e6
0.112	2.7814214013032005e6
0.1125	2.79384006065155e6
0.113	2.8062587364566876e6
0.1135	2.8186774287101123e6
0.114	2.8310961374024386e6
0.1145	2.8435148625234165e6
0.115	2.8559336040619053e6
0.1155	2.8683523620058885e6
0.116	2.880771136342485e6
0.1165	2.8931899270579303e6
0.117	2.905608734137579e6
0.11750000000000001	2.918027557565916e6
0.11800000000000001	2.930446397330092e6
0.11850000000000001	2.9428652534318245e6
0.11900000000000001	2.955284125855565e6
0.11950000000000001	2.96770301458185e6
0.12	2.980121919590118e6
0.1205	2.9925408408541637e6
0.121	3.004959778339494e6
0.1215	3.0173787320218384e6
0.122	3.0297977018766007e6
0.1225	3.042216687878239e6
0.123	3.054635690000245e6
0.1235	3.0670547082152003e6
0.124	3.0794737424946963e6
0.1245	3.0918927928094035e6
0.125	3.104311859129039e6
0.1255	3.1167309414223726e6
0.126	3.129150039657235e6
0.1265	3.1415691538004926e6
0.127	3.153988283818077e6
0.1275	3.1664074296749793e6
0.128	3.178826591335222e6
0.1285	3.1912457687619035e6
0.129	3.2036649619171517e6
0.1295	3.2160841707621687e6
0.13	3.2285033952571936e6
0.1305	3.240922635361528e6
0.131	3.2533418910335186e6
0.1315	3.265761162221913e6
0.132	3.2781804488742747e6
0.1325	3.2905997509463257e6
0.133	3.303019068392998e6
0.1335	3.3154384011728507e6
0.134	3.327857749298239e6
0.1345	3.3402771127396226e6
0.135	3.352696491447448e6
0.1355	3.365115885370658e6
0.136	3.3775352944567003e6
0.1365	3.3899547186514977e6
0.137	3.402374157899481e6
0.1375	3.414793612143584e6
0.138	3.427213081325216e6
0.1385	3.439632565384297e6
0.139	3.452052064259244e6
0.1395	3.464471577886947e6
0.14	3.4768911062028273e6
0.1405	3.4893106491407687e6
0.14100000000000001	3.5017302066331627e6
0.14150000000000001	3.5141497786108986e6
0.14200000000000002	3.5265693650033586e6
0.14250000000000002	3.538988965738416e6
0.14300000000000002	3.551408580742441e6
0.14350000000000002	3.563828209940295e6
0.14400000000000002	3.5762478532553413e6
0.1445	3.5886675106115593e6
0.145	3.6010871819444406e6
0.1455	3.613506867175634e6
0.146	3.6259265662221303e6
0.1465	3.6383462789992504e6
0.147	3.650766005402534e6
0.1475	3.6631857453194894e6
0.148	3.6756054986607875e6
0.1485	3.68802526533591e6
0.149	3.700445045253045e6
0.1495	3.712864838319068e6
0.15	3.725284644439536e6
0.1505	3.7377044635186987e6
0.151	3.750124295459495e6
0.1515	3.7625441401635436e6
0.152	3.774963997531164e6
0.1525	3.787383867461356e6
0.153	3.7998037498517986e6
0.1535	3.8122236445988696e6
0.154	3.824643551597635e6
0.1545	3.8370634707418354e6
0.155	3.849483401923908e6
0.1555	3.8619033450349686e6
0.156	3.874323299964826e6
0.1565	3.8867432666019686e6
0.157	3.8991632448335798e6
0.1575	3.9115832345455135e6
0.158	3.924003235651169e6
0.1585	3.936423248070272e6
0.159	3.948843271684055e6
0.1595	3.9612633063717554e6
0.16	3.9736833520209803e6
0.1605	3.9861034085679348e6
0.161	3.9985234758955496e6
0.1615	4.0109435538741453e6
0.162	4.023363642371461e6
0.1625	4.0357837412526663e6
0.163	4.0482038503803457e6
0.1635	4.060623969614506e6
0.164	4.073044098812577e6
0.1645	4.0854642378294053e6
0.165	4.0978843865172723e6
0.1655	4.110304544725854e6
0.166	4.1227247123022648e6
0.1665	4.1351448890910256e6
0.167	4.1475650749340854e6
0.1675	4.1599852696708064e6
0.168	4.172405473137974e6
0.1685	4.184825685169777e6
0.169	4.197245905597834e6
0.1695	4.209666134251167e6
0.17	4.222086370956232e6
0.1705	4.234506615536878e6
0.171	4.246926867822557e6
0.1715	4.259347127696655e6
0.17200000000000001	4.271767394988515e6
0.17250000000000001	4.28418766951023e6
0.17300000000000001	4.296607951070628e6
0.17350000000000002	4.3090282394900005e6
0.17400000000000002	4.321448534581338e6
0.17450000000000002	4.33386883614305e6
0.17500000000000002	4.346289143969971e6
0.17550000000000002	4.358709457853376e6
0.176	4.371129777580995e6
0.1765	4.3835501029369775e6
0.177	4.39597043370193e6
0.1775	4.408390769652871e6
0.178	4.42081111056328e6
0.1785	4.43323145620306e6
0.179	4.445651806338545e6
0.1795	4.458072160732503e6
0.18	4.470492519144136e6
0.1805	4.482912881329067e6
0.181	4.495333247039365e6
0.1815	4.507753616023507e6
0.182	4.520173988026415e6
0.1825	4.532594362789434e6
0.183	4.545014740050321e6
0.1835	4.55743511954327e6
0.184	4.56985550099888e6
0.1845	4.582275883642024e6
0.185	4.594696266609777e6
0.1855	4.607116649634564e6
0.186	4.6195370324555645e6
0.1865	4.631957414606468e6
0.187	4.644377795089888e6
0.1875	4.656798173606427e6
0.188	4.6692185499375155e6
0.1885	4.681638923879236e6
0.189	4.694059295242311e6
0.1895	4.7064796638521245e6
0.19	4.71890002954869e6
0.1905	4.731320392186681e6
0.191	4.743740751635418e6
0.1915	4.756161107778879e6
0.192	4.768581460515699e6
0.1925	4.781001809759166e6
0.193	4.793422155437231e6
0.1935	4.8058424974925e6
0.194	4.81826283588225e6
0.1945	4.830683170578424e6
0.195	4.843103501567613e6
0.1955	4.855523828851098e6
0.196	4.867944152444825e6
0.1965	4.8803644723794125e6
0.197	4.89278478870015e6
0.1975	4.905205101550113e6
0.198	4.917625411454343e6
0.1985	4.930045718564752e6
0.199	4.942466022974886e6
0.1995	4.954886324859309e6
0.2	4.967306627052148e6
0.2005	4.979726931041608e6
0.201	4.992147236899052e6
0.2015	5.004567544669327e6
0.202	5.016987854370774e6
0.2025	5.029408165995206e6
0.203	5.041828479507929e6
0.20350000000000001	5.054248794847737e6
0.20400000000000001	5.066669111926906e6
0.20450000000000002	5.079089430631223e6
0.20500000000000002	5.091509750819999e6
0.20550000000000002	5.103930072326056e6
0.20600000000000002	5.116350394955768e6
0.20650000000000002	5.128770718489069e6
0.20700000000000002	5.141191042679481e6
0.20750000000000002	5.153611367254131e6
0.20800000000000002	5.166031691913782e6
0.2085	5.178452016332847e6
0.209	5.19087234015944e6
0.2095	5.203292663015415e6
0.21	5.215712984496369e6
0.2105	5.228133304171035e6
0.211	5.240553621495435e6
0.2115	5.252973935926364e6
0.212	5.265394246956931e6
0.2125	5.277814554055502e6
0.213	5.29023485472146e6
0.2135	5.302655143715037e6
0.214	5.315075420302013e6
0.2145	5.327495683987628e6
0.215	5.339915934310704e6
0.2155	5.352336170843615e6
0.216	5.364756393192206e6
0.2165	5.377176600995786e6
0.217	5.389596793927054e6
0.2175	5.402016971692082e6
0.218	5.414437134030273e6
0.2185	5.426857280714312e6
0.219	5.439277411550166e6
0.2195	5.451697526377039e6
0.22	5.464117625067334e6
0.2205	5.476537707526658e6
0.221	5.488957773693798e6
0.2215	5.501377823540693e6
0.222	5.513797857072424e6
0.2225	5.526217874327212e6
0.223	5.538637875376388e6
0.2235	5.55105786032445e6
0.224	5.563477829425202e6
0.2245	5.575897783240386e6
0.225	5.588317722000448e6
0.2255	5.60073764593232e6
0.226	5.61315755535887e6
0.2265	5.625577453088003e6
0.227	5.637997340692236e6
0.2275	5.6504172184577845e6
0.228	5.662837086666506e6
0.2285	5.675256945595894e6
0.229	5.687676795519075e6
0.2295	5.700096636704809e6
0.23	5.712516469417477e6
0.2305	5.724936293917106e6
0.231	5.737356110459322e6
0.2315	5.749775919295428e6
0.232	5.762195720672301e6
0.2325	5.774615514832481e6
0.233	5.78703530201412e6
0.2335	5.799455082451007e6
0.234	5.811874856372526e6
0.23450000000000001	5.824294624003711e6
0.23500000000000001	5.836714385565213e6
0.23550000000000001	5.849134141273296e6
0.23600000000000002	5.861553891339854e6
0.23650000000000002	5.87397363597239e6
0.23700000000000002	5.886393375366893e6
0.23750000000000002	5.898813109467557e6
0.23800000000000002	5.911232838343977e6
0.23850000000000002	5.9236525621918e6
0.23900000000000002	5.936072281205613e6
0.23950000000000002	5.948491995395459e6
0.24	5.960911704344758e6
0.2405	5.973331408204372e6
0.241	5.985751107180093e6
0.2415	5.99817080148391e6
0.242	6.010590491333919e6
0.2425	6.023010176954379e6
0.243	6.035429858575694e6
0.2435	6.047849536434421e6
0.244	6.060269210773261e6
0.2445	6.072688881841061e6
0.245	6.085108549892836e6
0.2455	6.097528215189751e6
0.246	6.109947877999132e6
0.2465	6.122367538594445e6
0.247	6.134787197255344e6
0.2475	6.147206854267627e6
0.248	6.159626509923267e6
0.2485	6.1720461645204e6
0.249	6.184465818363323e6
0.2495	6.19688547176251e6
0.25	6.2093051250346145e6
0.2505	6.221724778613004e6
0.251	6.234144433133764e6
0.2515	6.246564088945716e6
0.252	6.258983746381914e6
0.2525	6.271403405777891e6
0.253	6.283823067472856e6
0.2535	6.296242731807938e6
0.254	6.308662399125989e6
0.2545	6.3210820697723115e6
0.255	6.333501744094667e6
0.2555	6.345921422443273e6
0.256	6.358341105170805e6
0.2565	6.370760792632422e6
0.257	6.38318048518573e6
0.2575	6.395600183190829e6
0.258	6.408019887010286e6
0.2585	6.420439597009161e6
0.259	6.432859313555007e6
0.2595	6.445279037017858e6
0.26	6.457698767770239e6
0.2605	6.470118506187204e6
0.261	6.482538252646292e6
0.2615	6.494958007527563e6
0.262	6.507377771213589e6
0.2625	6.519797544089467e6
0.263	6.532217326542819e6
0.2635	6.544637118961783e6
0.264	6.557056921675608e6
0.2645	6.569476735049814e6
0.265	6.581896559483581e6
0.2655	6.594316395379459e6
0.266	6.606736243151647e6
0.2665	6.61915610323285e6
0.267	6.631575976036849e6
0.2675	6.643995861979092e6
0.268	6.65641576147814e6
0.2685	6.668835674955677e6
0.269	6.681255602836484e6
0.2695	6.693675545548486e6
0.27	6.706095503522723e6
0.2705	6.718515477193386e6
0.271	6.730935466997789e6
0.2715	6.743355473376405e6
0.272	6.755775496772844e6
0.2725	6.76819553763389e6
0.273	6.780615596409467e6
0.2735	6.793035673552685e6
0.274	6.805455769519817e6
0.2745	6.817875884770322e6
0.275	6.830296019766838e6
0.2755	6.842716174975186e6
0.276	6.855136350864409e6
0.2765	6.867556547906729e6
0.277	6.879976766666421e6
0.2775	6.892397007893028e6
0.278	6.904817272083543e6
0.2785	6.917237559715979e6
0.279	6.929657871270473e6
0.2795	6.94207820725276e6
0.28	6.954498568149189e6
0.2805	6.966918954437219e6
0.281	6.97933936659399e6
0.28150000000000003	6.99175980509635e6
0.28200000000000003	7.004180270420846e6
0.28250000000000003	7.016600763043732e6
0.28300000000000003	7.029021283440971e6
0.28350000000000003	7.041441832088258e6
0.28400000000000003	7.053862409460999e6
0.28450000000000003	7.066283016034343e6
0.28500000000000003	7.078703652283173e6
0.28550000000000003	7.091124318682118e6
0.28600000000000003	7.103545015705556e6
0.28650000000000003	7.115965743827625e6
0.28700000000000003	7.1283865035222e6
0.28750000000000003	7.14080729526297e6
0.28800000000000003	7.153228119523354e6
0.2885	7.165648976776577e6
0.289	7.178069867495636e6
0.2895	7.190490792153325e6
0.29	7.202911751222334e6
0.2905	7.215332745179833e6
0.291	7.227753774500681e6
0.2915	7.240174839656802e6
0.292	7.252595941119514e6
0.2925	7.265017079249535e6
0.293	7.277438254430546e6
0.2935	7.289859467136154e6
0.294	7.302280717841451e6
0.2945	7.314702007023093e6
0.295	7.327123335159286e6
0.2955	7.339544702729783e6
0.296	7.351966110215893e6
0.2965	7.364387558100529e6
0.297	7.376809046868146e6
0.2975	7.389230577004831e6
0.298	7.401652148998247e6
0.2985	7.414073763337694e6
0.299	7.426495420514077e6
0.2995	7.438917121019936e6
0.3	7.451338865349458e6
0.3005	7.463760653998477e6
0.301	7.476182487464505e6
0.3015	7.4886043662467e6
0.302	7.50102629084593e6
0.3025	7.513448261764728e6
0.303	7.525870279507356e6
0.3035	7.538292344751588e6
0.304	7.55071445860124e6
0.3045	7.563136621608988e6
0.305	7.5755588342710985e6
0.3055	7.587981097219016e6
0.306	7.600403411135961e6
0.3065	7.61282577649983e6
0.307	7.625248193778834e6
0.3075	7.637670663432894e6
0.308	7.650093185913667e6
0.3085	7.662515761664527e6
0.309	7.674938391120554e6
0.3095	7.68736107470856e6
0.31	7.699783812847039e6
0.3105	7.712206605946208e6
0.311	7.724629454407953e6
0.3115	7.73705235862588e6
0.312	7.749475318985257e6
0.3125	7.76189833586303e6
0.313	7.774321409627825e6
0.3135	7.7867445406399155e6
0.314	7.799167729251233e6
0.3145	7.81159097580536e6
0.315	7.8240142806375045e6
0.3155	7.836437644074499e6
0.316	7.848861066434806e6
0.3165	7.861284547974404e6
0.317	7.87370808690509e6
0.3175	7.886131682464404e6
0.318	7.898555334982325e6
0.3185	7.910979044564868e6
0.319	7.923402811244962e6
0.3195	7.935826635415535e6
0.32	7.948250517496387e6
0.3205	7.960674457932087e6
0.321	7.973098457191959e6
0.3215	7.985522515770186e6
0.322	7.997946634185809e6
0.3225	8.0103708129827855e6
0.323	8.022795052730021e6
0.3235	8.035219354021415e6
0.324	8.04764371747592e6
0.3245	8.060068143737528e6
0.325	8.072492633475379e6
0.3255	8.084917187383738e6
0.326	8.097341806182069e6
0.3265	8.109766490615057e6
0.327	8.122191241452656e6
0.3275	8.134616059490115e6
0.328	8.147040945548004e6
0.3285	8.159465900472284e6
0.329	8.171890925134309e6
0.3295	8.184316020430873e6
0.33	8.196741187578953e6
0.3305	8.20916642806725e6
0.331	8.221591742871239e6
0.3315	8.23401713297266e6
0.332	8.246442599371464e6
0.3325	8.258868143085865e6
0.333	8.271293765152353e6
0.3335	8.283719466625735e6
0.334	8.296145248579156e6
0.3345	8.308571112104133e6
0.335	8.320997058310601e6
0.3355	8.3334230883269245e6
0.336	8.3458492032999275e6
0.3365	8.358275404394947e6
0.337	8.37070169279585e6
0.3375	8.383128069705059e6
0.338	8.395554536343599e6
0.3385	8.4079810939511e6
0.339	8.420407743785882e6
0.3395	8.432834487124927e6
0.34	8.445261325263955e6
0.3405	8.457688259517435e6
0.341	8.470115291218614e6
0.3415	8.482542421719573e6
0.342	8.494969652391221e6
0.3425	8.507396984623382e6
0.343	8.519824419879809e6
0.3435	8.532251959850267e6
0.34400000000000003	8.54467960188236e6
0.34450000000000003	8.557107317404313e6
0.34500000000000003	8.569535098601412e6
0.34550000000000003	8.581962942351377e6
0.34600000000000003	8.594390845392054e6
0.34650000000000003	8.60681880432293e6
0.34700000000000003	8.61924681560683e6
0.34750000000000003	8.63167487557155e6
0.34800000000000003	8.644102980411613e6
0.34850000000000003	8.656531126190048e6
0.34900000000000003	8.668959308840204e6
0.34950000000000003	8.681387524167648e6
0.35000000000000003	8.693815767852064e6
0.35050000000000003	8.70624403544922e6
0.35100000000000003	8.718672322392946e6
0.35150000000000003	8.731100623997211e6
0.352	8.743528935458103e6
0.3525	8.75595725185602e6
0.353	8.768385568157738e6
0.3535	8.780813879218575e6
0.354	8.79324217978458e6
0.3545	8.80567046449471e6
0.355	8.81809872788308e6
0.3555	8.830526964381183e6
0.356	8.8429551683137e6
0.3565	8.855383333516413e6
0.357	8.867811453894846e6
0.3575	8.88023952350192e6
0.358	8.892667536304846e6
0.3585	8.905095486187426e6
0.359	8.91752336695234e6
0.3595	8.92995117232348e6
0.36	8.942378895948227e6
0.3605	8.954806531399777e6
0.361	8.967234072179422e6
0.3615	8.979661511718856e6
0.362	8.992088843382476e6
0.3625	9.00451606046961e6
0.363	9.016943156216877e6
0.3635	9.029370123800341e6
0.364	9.041796956337841e6
0.3645	9.054223646891177e6
0.365	9.06665018846833e6
0.3655	9.07907657402569e6
0.366	9.091502796470195e6
0.3665	9.103928848661527e6
0.367	9.116354723414227e6
0.3675	9.128780413499832e6
0.368	9.141205911648989e6
0.3685	9.153631210553482e6
0.369	9.16605630286834e6
0.3695	9.17848118231245e6
0.37	9.190905844410835e6
0.3705	9.203330281836402e6
0.371	9.21575448703506e6
0.3715	9.228178452389978e6
0.372	9.240602170223525e6
0.3725	9.253025632799208e6
0.373	9.265448832323529e6
0.3735	9.277871760947865e6
0.374	9.290294410770271e6
0.3745	9.302716773837293e6
0.375	9.315138842145687e6
0.3755	9.3275606076442e6
0.376	9.33998206223522e6
0.3765	9.352403197776448e6
0.377	9.364824006082527e6
0.3775	9.377244478926647e6
0.378	9.389664608042086e6
0.3785	9.40208438512374e6
0.379	9.414503801829651e6
0.3795	9.426922849782411e6
0.38	9.439341520570643e6
0.3805	9.451759805750363e6
0.381	9.464177696846351e6
0.3815	9.476595185353506e6
0.382	9.48901226273809e6
0.3825	9.501428920341969e6
0.383	9.513845145823658e6
0.3835	9.526260928675212e6
0.384	9.538676260343114e6
0.3845	9.551091132300608e6
0.385	9.563505536048852e6
0.3855	9.575919463117968e6
0.386	9.588332905068176e6
0.3865	9.600745853490764e6
0.387	9.613158300009146e6
0.3875	9.62557023627982e6
0.388	9.63798165399329e6
0.3885	9.650392544875033e6
0.389	9.662802900686359e6
0.3895	9.675212713225273e6
0.39	9.687621974327344e6
0.3905	9.700030675587913e6
0.391	9.712438809564987e6
0.3915	9.724846367822047e6
0.392	9.73725334235719e6
0.3925	9.749659725209279e6
0.393	9.762065508458609e6
0.3935	9.774470684227573e6
0.394	9.786875244681388e6
0.3945	9.79927918202863e6
0.395	9.811682488521932e6
0.3955	9.824085156458499e6
0.396	9.836487179187043e6
0.3965	9.848888552266853e6
0.397	9.861289268320348e6
0.3975	9.873689319744771e6
0.398	9.886088698947083e6
0.3985	9.898487398344437e6
0.399	9.910885410364728e6
0.3995	9.923282727447031e6
0.4	9.935679342042081e6
0.4005	9.948075246612718e6
0.401	9.960470433634302e6
0.4015	9.972864895595092e6
0.402	9.985258624996705e6
0.4025	9.997651614354396e6
0.403	1.001004385619749e7
0.4035	1.0022435343069674e7
0.404	1.0034826068115277e7
0.4045	1.0047216022886902e7
0.405	1.0059605200433323e7
0.4055	1.007199359336082e7
0.406	1.0084381194291418e7
0.40650000000000003	1.0096767995863173e7
0.40700000000000003	1.0109153990730342e7
0.40750000000000003	1.0121539171563614e7
0.40800000000000003	1.0133923531050306e7
0.40850000000000003	1.014630706189453e7
0.40900000000000003	1.015868975681619e7
0.40950000000000003	1.017107160813812e7
0.41000000000000003	1.0183452608284803e7
0.41050000000000003	1.0195832750039088e7
0.41100000000000003	1.0208212026207713e7
0.41150000000000003	1.0220590429621398e7
0.41200000000000003	1.0232967953134952e7
0.41250000000000003	1.0245344589627394e7
0.41300000000000003	1.0257720332001971e7
0.41350000000000003	1.027009517318632e7
0.41400000000000003	1.0282469106132474e7
0.41450000000000004	1.0294842123816935e7
0.41500000000000004	1.0307214219240734e7
0.41550000000000004	1.031958538542948e7
0.41600000000000004	1.0331955615433373e7
0.4165	1.0344324902327245e7
0.417	1.0356693239210583e7
0.4175	1.036906061920754e7
0.418	1.0381427035466932e7
0.4185	1.0393792481162263e7
0.419	1.040615694949168e7
0.4195	1.041852043367801e7
0.42	1.0430882926968709e7
0.4205	1.044324442263583e7
0.421	1.0455604913976027e7
0.4215	1.0467964394310495e7
0.422	1.0480322856984932e7
0.4225	1.0492680295531332e7
0.423	1.0505036704766167e7
0.4235	1.0517392078427155e7
0.424	1.0529746409926746e7
0.4245	1.0542099692685455e7
0.425	1.0554451920131752e7
0.4255	1.0566803085701996e7
0.426	1.057915318284036e7
0.4265	1.0591502204998692e7
0.427	1.060385014563647e7
0.4275	1.0616196998220677e7
0.428	1.062854275622567e7
0.4285	1.064088741313312e7
0.429	1.0653230962431833e7
0.4295	1.0665573397617685e7
0.43	1.0677914712193439e7
0.4305	1.0690254899668662e7
0.431	1.0702593953559553e7
0.4315	1.071493186738883e7
0.432	1.0727268634685567e7
0.4325	1.073960424898505e7
0.433	1.0751938703828635e7
0.4335	1.0764271992763577e7
0.434	1.0776604109342868e7
0.4345	1.0788935047125105e7
0.435	1.0801264799674273e7
0.4355	1.0813593360559622e7
0.436	1.0825920723837899e7
0.4365	1.0838246884141067e7
0.437	1.085057183507432e7
0.4375	1.086289557019666e7
0.438	1.0875218083057992e7
0.4385	1.0887539367198912e7
0.439	1.0899859416150453e7
0.4395	1.0912178223433867e7
0.44	1.0924495782560367e7
0.4405	1.0936812087030869e7
0.441	1.094912713033575e7
0.4415	1.0961440905954564e7
0.442	1.0973753407355784e7
0.4425	1.0986064627996532e7
0.443	1.099837456132228e7
0.4435	1.1010683200766591e7
0.444	1.102299053975079e7
0.4445	1.1035296571683709e7
0.445	1.1047601289961336e7
0.4455	1.1059904687966561e7
0.446	1.1072206759068806e7
0.4465	1.1084507496623734e7
0.447	1.1096806893972924e7
0.4475	1.110910494444353e7
0.448	1.112140164134795e7
0.4485	1.1133696977983473e7
0.449	1.114599094706496e7
0.4495	1.1158283533597901e7
0.45	1.1170574728170801e7
0.4505	1.1182864524181284e7
0.451	1.1195152915111948e7
0.4515	1.1207439894530546e7
0.452	1.1219725456090124e7
0.4525	1.1232009593529193e7
0.453	1.1244292300671823e7
0.4535	1.1256573571427794e7
0.454	1.1268853399792686e7
0.4545	1.1281131779848002e7
0.455	1.1293408705761231e7
0.4555	1.1305684171785949e7
0.456	1.1317958172261862e7
0.4565	1.1330230701614875e7
0.457	1.134250175435713e7
0.4575	1.1354771325087044e7
0.458	1.1367039408489328e7
0.4585	1.1379305999334978e7
0.459	1.139157109248129e7
0.4595	1.1403834682871846e7
0.46	1.1416096765536463e7
0.4605	1.1428357335591171e7
0.461	1.1440616388238171e7
0.4615	1.1452873918765752e7
0.462	1.146512992261331e7
0.4625	1.1477384396977209e7
0.463	1.1489637338162119e7
0.4635	1.1501888741760455e7
0.464	1.151413860342729e7
0.4645	1.1526386918880116e7
0.465	1.1538633683898766e7
0.4655	1.1550878894325254e7
0.466	1.1563122546063654e7
0.4665	1.1575364635079928e7
0.467	1.1587605157401789e7
0.4675	1.1599844109118558e7
0.468	1.1612081486380989e7
0.4685	1.1624317285401095e7
0.46900000000000003	1.1636551502452029e7
0.46950000000000003	1.1648784133867843e7
0.47000000000000003	1.1661015176043374e7
0.47050000000000003	1.1673244625434007e7
0.47100000000000003	1.1685472478555555e7
0.47150000000000003	1.1697698731983982e7
0.47200000000000003	1.17099233823553e7
0.47250000000000003	1.1722146426365308e7
0.47300000000000003	1.1734367860769402e7
0.47350000000000003	1.1746587682382392e7
0.47400000000000003	1.175880588807825e7
0.47450000000000003	1.1771022474789927e7
0.47500000000000003	1.1783237439537749e7
0.47550000000000003	1.1795450780661918e7
0.47600000000000003	1.1807662495955242e7
0.47650000000000003	1.1819872582552927e7
0.47700000000000004	1.1832081037630307e7
0.47750000000000004	1.1844287858402664e7
0.47800000000000004	1.185649304212503e7
0.47850000000000004	1.1868696586092005e7
0.47900000000000004	1.1880898487637581e7
0.47950000000000004	1.189309874413497e7
0.48	1.190529735299636e7
0.4805	1.1917494311672807e7
0.481	1.1929689617654022e7
0.4815	1.1941883268468149e7
0.482	1.1954075261681613e7
0.4825	1.1966265594898934e7
0.483	1.1978454265762527e7
0.4835	1.1990641271952502e7
0.484	1.2002826610383302e7
0.4845	1.2015010280564886e7
0.485	1.2027192279317142e7
0.4855	1.2039372604470776e7
0.486	1.2051551253893217e7
0.4865	1.206372822548848e7
0.487	1.2075903517196935e7
0.4875	1.208807712699511e7
0.488	1.2100249052895475e7
0.4885	1.2112419293297729e7
0.489	1.2124587846756525e7
0.4895	1.2136754711382268e7
0.49	1.2148919885310788e7
0.4905	1.2161083366705738e7
0.491	1.2173245153758483e7
0.4915	1.218540524468783e7
0.492	1.219756363773994e7
0.4925	1.2209720331188086e7
0.493	1.2221875323332531e7
0.4935	1.2234028612500304e7
0.494	1.2246180197045071e7
0.4945	1.225833007534691e7
0.495	1.2270478245812153e7
0.4955	1.2282624706873225e7
0.496	1.229476945698846e7
0.4965	1.2306912494641904e7
0.497	1.2319053818343153e7
0.4975	1.2331193426627181e7
0.498	1.2343331318054141e7
0.4985	1.235546749120921e7
0.499	1.2367601944702411e7
0.4995	1.2379734677168407e7
0.5	1.2391865687266352e7
0.5005000000000001	1.2403994973679697e7
0.501	1.2416122535116017e7
0.5015000000000001	1.242824837036276e7
0.502	1.2440372480004698e7
0.5025000000000001	1.245249486092727e7
0.503	1.2464615512854608e7
0.5035000000000001	1.2476734434598267e7
0.504	1.2488851624986347e7
0.5045000000000001	1.2500967082863344e7
0.505	1.2513080807090074e7
0.5055000000000001	1.2525192796543565e7
0.506	1.2537303050116923e7
0.5065000000000001	1.2549411566719256e7
0.507	1.2561518345275572e7
0.5075000000000001	1.2573623384726634e7
0.508	1.258572668402889e7
0.5085000000000001	1.2597828242154377e7
0.509	1.2609928058090564e7
0.5095000000000001	1.2622026130840333e7
0.51	1.2634122459421784e7
0.5105000000000001	1.2646217042868236e7
0.511	1.2658309880228013e7
0.5115000000000001	1.2670400970564445e7
0.512	1.2682490312955696e7
0.5125	1.2694577906494724e7
0.513	1.2706663750289125e7
0.5135	1.2718747843461083e7
0.514	1.2730830185147237e7
0.5145	1.2742910774498658e7
0.515	1.2754989610710232e7
0.5155	1.276706669324438e7
0.516	1.2779142021361807e7
0.5165	1.2791215594263507e7
0.517	1.2803287411161318e7
0.5175	1.2815357471277822e7
0.518	1.282742577384629e7
0.5185	1.2839492318110576e7
0.519	1.2851557103325069e7
0.5195	1.2863620128754612e7
0.52	1.2875681393674444e7
0.5205	1.2887740897370093e7
0.521	1.289979863913736e7
0.5215	1.2911854618282182e7
0.522	1.2923908834120622e7
0.5225	1.293596128597874e7
0.523	1.2948011973192595e7
0.5235	1.2960060895108115e7
0.524	1.2972108051081054e7
0.5245	1.2984153440476922e7
0.525	1.299619706267092e7
0.5255	1.3008238917047856e7
0.526	1.3020279003002118e7
0.5265	1.3032317319937557e7
0.527	1.3044353867267454e7
0.5275	1.3056388644414451e7
0.528	1.3068421650810495e7
0.5285	1.3080452885896733e7
0.529	1.309248234951371e7
0.5295	1.3104510041522104e7
0.53	1.3116535961379698e7
0.5305	1.312856010854705e7
0.531	1.3140582482487489e7
0.5315	1.3152603082667084e7
0.532	1.3164621908554634e7
0.5325	1.3176638959621625e7
0.533	1.3188654235342223e7
0.5335	1.320066773519323e7
0.534	1.3212679458654098e7
0.5345	1.3224689405206857e7
0.535	1.3236697574336115e7
0.5355	1.3248703965531282e7
0.536	1.326070857827793e7
0.5365	1.3272711412070168e7
0.537	1.328471246640269e7
0.5375	1.3296711740772646e7
0.538	1.3308709234679624e7
0.5385	1.3320704947625618e7
0.539	1.3332698879115054e7
0.5395	1.3344691028654682e7
0.54	1.3356681395753628e7
0.5405	1.3368669979923334e7
0.541	1.338065678067757e7
0.5415	1.3392641797532365e7
0.542	1.3404625030006016e7
0.5425	1.3416606477620605e7
0.543	1.3428586140011225e7
0.5435	1.3440564016771233e7
0.544	1.3452540107425205e7
0.5445	1.3464514411498504e7
0.545	1.3476486928517258e7
0.5455	1.3488457658008337e7
0.546	1.3500426599499378e7
0.5465	1.3512393752518723e7
0.547	1.352435911659544e7
0.5475	1.3536322691259293e7
0.548	1.3548284476040756e7
0.5485	1.3560244470470952e7
0.549	1.3572202674081698e7
0.5495	1.358415908640545e7
0.55	1.359611370697531e7
0.5505	1.3608066535325e7
0.551	1.3620017570988866e7
0.5515	1.3631966813501872e7
0.552	1.3643914262399556e7
0.5525	1.3655859916208575e7
0.553	1.3667803776876159e7
0.5535	1.3679745842412256e7
0.554	1.36916861123849e7
0.5545	1.3703624586358717e7
0.555	1.371556126389482e7
0.5555	1.3727496144550666e7
0.556	1.373942922787994e7
0.5565	1.375136051343243e7
0.557	1.3763290391069792e7
0.5575	1.3775219426774383e7
0.558	1.3787147627211515e7
0.5585	1.3799074994422995e7
0.559	1.3811001530448396e7
0.5595	1.3822927237325067e7
0.56	1.3834852117088148e7
0.5605	1.3846776171770556e7
0.561	1.3858699403402992e7
0.5615	1.3870621814013947e7
0.562	1.3882543405629708e7
0.5625	1.3894464180274306e7
0.5630000000000001	1.3906384139969617e7
0.5635	1.3918303286735278e7
0.5640000000000001	1.3930221622588731e7
0.5645	1.3942139149545202e7
0.5650000000000001	1.3954055869617708e7
0.5655	1.3965971784817087e7
0.5660000000000001	1.3977886897151947e7
0.5665	1.3989801208628714e7
0.5670000000000001	1.40017147212516e7
0.5675	1.401362743702264e7
0.5680000000000001	1.4025539357941652e7
0.5685	1.4037450486006258e7
0.5690000000000001	1.404936082321191e7
0.5695	1.406127037155184e7
0.5700000000000001	1.4073179133017104e7
0.5705	1.4085087109596556e7
0.5710000000000001	1.4096994303286672e7
0.5715	1.4108900716674866e7
0.5720000000000001	1.4120806352094932e7
0.5725	1.413271121151418e7
0.5730000000000001	1.4144615296890857e7
0.5735	1.415651861017414e7
0.5740000000000001	1.4168421153304214e7
0.5745	1.4180322928212274e7
0.5750000000000001	1.4192223936820555e7
0.5755	1.420412418104239e7
0.5760000000000001	1.4216023662782235e7
0.5765	1.4227922383935675e7
0.577	1.4239820346389486e7
0.5775	1.425171755202165e7
0.578	1.4263614002701404e7
0.5785	1.427550970028925e7
0.579	1.4287404646636978e7
0.5795	1.4299298843587743e7
0.58	1.431119229297604e7
0.5805	1.4323084996627769e7
0.581	1.4334976956360228e7
0.5815	1.4346868173982214e7
0.582	1.4358758651293956e7
0.5825	1.4370648390087223e7
0.583	1.4382537392145306e7
0.5835	1.4394425659243058e7
0.584	1.440631319314694e7
0.5845	1.4418199995615017e7
0.585	1.4430086068397006e7
0.5855	1.4441971413252043e7
0.586	1.4453856040334195e7
0.5865	1.4465739958293242e7
0.587	1.447762316866321e7
0.5875	1.4489505672864417e7
0.588	1.4501387472203802e7
0.5885	1.451326856787525e7
0.589	1.4525148960959775e7
0.5895	1.4537028652425796e7
0.59	1.4548907643129202e7
0.5905	1.456078593381355e7
0.591	1.4572663525110077e7
0.5915	1.4584540417537741e7
0.592	1.4596416611503216e7
0.5925	1.4608292107300794e7
0.593	1.4620166905112296e7
0.5935	1.4632041005006941e7
0.594	1.4643914406941114e7
0.5945	1.4655787110758143e7
0.595	1.4667659116188006e7
0.5955	1.467953042284702e7
0.596	1.4691401030237446e7
0.5965	1.4703270937747074e7
0.597	1.4715140144648746e7
0.5975	1.4727008650099885e7
0.598	1.4738876453141853e7
0.5985	1.475074355269943e7
0.599	1.4762609947580092e7
0.5995	1.4774475636473345e7
0.6	1.478634061794993e7
0.6005	1.479820488806917e7
0.601	1.4810068435608251e7
0.6015	1.4821931257850984e7
0.602	1.483379335304516e7
0.6025	1.4845654719406858e7
0.603	1.4857515355120257e7
0.6035	1.486937525833736e7
0.604	1.4881234427177757e7
0.6045	1.4893092859728426e7
0.605	1.490495055404343e7
0.6055	1.4916807508143706e7
0.606	1.4928663720016753e7
0.6065	1.4940519187616449e7
0.607	1.4952373908862706e7
0.6075	1.4964227881641256e7
0.608	1.4976081103803338e7
0.6085	1.4987933573165441e7
0.609	1.499978528750899e7
0.6095	1.5011636244580097e7
0.61	1.5023486442089226e7
0.6105	1.50353358777109e7
0.611	1.5047184549083391e7
0.6115	1.505903245380845e7
0.612	1.50708795894509e7
0.6125	1.5082725953538407e7
0.613	1.5094571543561075e7
0.6135	1.5106416356971167e7
0.614	1.5118260391182713e7
0.6145	1.51301036435712e7
0.615	1.5141946109399624e7
0.6155	1.5153787782080667e7
0.616	1.5165628658822631e7
0.6165	1.5177468736929547e7
0.617	1.5189308013711477e7
0.6175	1.5201146486484686e7
0.618	1.5212984152571708e7
0.6185	1.5224821009301519e7
0.619	1.5236657054009654e7
0.6195	1.5248492284038221e7
0.62	1.5260326696736492e7
0.6205	1.5272160289460367e7
0.621	1.5283993059572926e7
0.6215	1.529582500444448e7
0.622	1.530765612145269e7
0.6225	1.5319486407982707e7
0.623	1.5331315861427294e7
0.6235	1.5343144479186993e7
0.624	1.5354972258670228e7
0.6245	1.5366799197293466e7
0.625	1.5378625292481331e7
0.6255000000000001	1.5390450541666768e7
0.626	1.540227494229116e7
0.6265000000000001	1.5414098491804475e7
0.627	1.542592118766542e7
0.6275000000000001	1.5437743027341556e7
0.628	1.5449564008309448e7
0.6285000000000001	1.5461384128054818e7
0.629	1.547320338312207e7
0.6295000000000001	1.5485021769752529e7
0.63	1.5496839285472682e7
0.6305000000000001	1.5508655927843122e7
0.631	1.5520471694452463e7
0.6315000000000001	1.5532286582917688e7
0.632	1.5544100590884475e7
0.6325000000000001	1.5555913716027454e7
0.633	1.5567725956050655e7
0.6335000000000001	1.5579537308687631e7
0.634	1.5591347771701865e7
0.6345000000000001	1.560315734288709e7
0.635	1.5614966020067537e7
0.6355000000000001	1.562677380109827e7
0.636	1.5638580683865491e7
0.6365000000000001	1.5650386666286811e7
0.637	1.5662191746311562e7
0.6375000000000001	1.5673995921921087e7
0.638	1.5685799191129027e7
0.6385000000000001	1.5697601551981624e7
0.639	1.5709403002557965e7
0.6395000000000001	1.572120354097033e7
0.64	1.5733003165364407e7
0.6405	1.5744801873919623e7
0.641	1.5756599664849365e7
0.6415	1.5768396536401318e7
0.642	1.5780192486857666e7
0.6425	1.579198751449229e7
0.643	1.5803781617558446e7
0.6435	1.5815574794440849e7
0.644	1.5827367043564934e7
0.6445	1.5839158363393191e7
0.645	1.5850948752425462e7
0.6455	1.5862738209199142e7
0.646	1.587452673228947e7
0.6465	1.5886314320309747e7
0.647	1.5898100971911613e7
0.6475	1.59098866857852e7
0.648	1.59216714606595e7
0.6485	1.593345529530243e7
0.649	1.5945238188521205e7
0.6495	1.5957020139162458e7
0.65	1.5968801146112496e7
0.6505	1.5980581208297497e7
0.651	1.5992360324683713e7
0.6515	1.6004138494277699e7
0.652	1.601591571612645e7
0.6525	1.602769198931764e7
0.653	1.6039467312979795e7
0.6535	1.6051241686282465e7
0.654	1.6063015108436396e7
0.6545	1.6074787578693705e7
0.655	1.6086559096348057e7
0.6555	1.6098329660738904e7
0.656	1.6110099271657858e7
0.6565	1.6121867928796964e7
0.657	1.6133635631608626e7
0.6575	1.6145402379581504e7
0.658	1.615716817224065e7
0.6585	1.6168933009147588e7
0.659	1.618069688990044e7
0.6595	1.6192459814134007e7
0.66	1.620422178151992e7
0.6605	1.6215982791766642e7
0.661	1.6227742844619656e7
0.6615	1.623950193986146e7
0.662	1.6251260077311719e7
0.6625	1.6263017256827284e7
0.663	1.6274773478302313e7
0.6635	1.6286528741668276e7
0.664	1.6298283046894087e7
0.6645	1.6310036393986097e7
0.665	1.63217887829882e7
0.6655	1.633354021398183e7
0.666	1.6345290687086042e7
0.6665	1.6357040202457545e7
0.667	1.6368788760290718e7
0.6675	1.6380536360817654e7
0.668	1.6392283004308166e7
0.6685	1.6404028691069854e7
0.669	1.641577342179496e7
0.6695	1.6427517197912365e7
0.67	1.6439260019899689e7
0.6705	1.6451001888187889e7
0.671	1.6462742803233027e7
0.6715	1.6474482765516197e7
0.672	1.6486221775543584e7
0.6725	1.64979598338464e7
0.673	1.650969694098091e7
0.6735	1.6521433097528407e7
0.674	1.6533168304095209e7
0.6745	1.6544902561312623e7
0.675	1.6556635869836947e7
0.6755	1.6568368230349438e7
0.676	1.6580099643556312e7
0.6765	1.6591830110188663e7
0.677	1.6603559631002538e7
0.6775	1.6615288206778785e7
0.678	1.6627015838323114e7
0.6785	1.663874252646604e7
0.679	1.6650468272062846e7
0.6795	1.6662193075993512e7
0.68	1.6673916939162748e7
0.6805	1.6685639862499885e7
0.681	1.6697361846958889e7
0.6815	1.6709082893518263e7
0.682	1.6720803003241457e7
0.6825	1.6732522178221487e7
0.683	1.6744240419890601e7
0.6835	1.6755957729300972e7
0.684	1.6767674107516084e7
0.6845	1.6779389555610694e7
0.685	1.6791104074670807e7
0.6855	1.6802817665793657e7
0.686	1.68145303300877e7
0.6865	1.682624206867252e7
0.687	1.683795288267885e7
0.6875	1.684966277324856e7
0.6880000000000001	1.6861371741534565e7
0.6885	1.6873079788700834e7
0.6890000000000001	1.6884786915922362e7
0.6895	1.6896493124385115e7
0.6900000000000001	1.6908198415286023e7
0.6905	1.6919902789832927e7
0.6910000000000001	1.6931606249244552e7
0.6915	1.694330879475048e7
0.6920000000000001	1.6955010427591126e7
0.6925	1.696671114901767e7
0.6930000000000001	1.6978410960292038e7
0.6935	1.6990109862686895e7
0.6940000000000001	1.7001807857485566e7
0.6945	1.701350494598204e7
0.6950000000000001	1.7025201129480895e7
0.6955	1.70368964096597e7
0.6960000000000001	1.704859078874938e7
0.6965	1.7060284268114857e7
0.6970000000000001	1.7071976849076748e7
0.6975	1.7083668532955002e7
0.6980000000000001	1.709535932106898e7
0.6985	1.710704921473738e7
0.6990000000000001	1.711873821527829e7
0.6995	1.713042632400911e7
0.7000000000000001	1.7142113542246643e7
0.7005	1.7153799871307e7
0.7010000000000001	1.716548531250565e7
0.7015	1.71771698671574e7
0.7020000000000001	1.7188853536576398e7
0.7025	1.7200536322076116e7
0.7030000000000001	1.7212218224969354e7
0.7035	1.722389924656822e7
0.704	1.723557938818417e7
0.7045	1.7247258651127957e7
0.705	1.7258937036709614e7
0.7055	1.7270614546238527e7
0.706	1.7282291181023356e7
0.7065	1.7293966942372065e7
0.707	1.7305641831591893e7
0.7075	1.73173158499894e7
0.708	1.73289889988704e7
0.7085	1.7340661279539987e7
0.709	1.735233269385724e7
0.7095	1.7364003243688293e7
0.71	1.7375672930321135e7
0.7105	1.7387341755033754e7
0.711	1.73990097190941e7
0.7115	1.741067682376019e7
0.712	1.7422343070280045e7
0.7125	1.7434008459891792e7
0.713	1.7445672993823625e7
0.7135	1.745733667329387e7
0.714	1.7468999499510963e7
0.7145	1.748066147367352e7
0.715	1.7492322596970323e7
0.7155	1.750398287058035e7
0.716	1.7515642295672793e7
0.7165	1.7527300873407107e7
0.717	1.7538958604932945e7
0.7175	1.7550615491390307e7
0.718	1.756227153390944e7
0.7185	1.7573926733610928e7
0.719	1.7585581091605667e7
0.7195	1.759723460899494e7
0.72	1.7608887286870353e7
0.7205	1.762053912631396e7
0.721	1.7632190128398146e7
0.7215	1.764384029418579e7
0.722	1.7655489624730512e7
0.7225	1.7667138121464264e7
0.723	1.7678785785762668e7
0.7235	1.7690432618640777e7
0.724	1.7702078621098153e7
0.7245	1.7713723794118926e7
0.725	1.7725368138671793e7
0.7255	1.7737011655710083e7
0.726	1.774865434617175e7
0.7265	1.7760296210979413e7
0.727	1.7771937251040373e7
0.7275	1.7783577467246663e7
0.728	1.7795216860475026e7
0.7285	1.7806855431587e7
0.729	1.781849318142885e7
0.7295	1.7830130110831704e7
0.73	1.784176622061147e7
0.7305	1.785340151156893e7
0.731	1.786503598448971e7
0.7315	1.7876669640144326e7
0.732	1.7888302479288213e7
0.7325	1.7899934502661698e7
0.733	1.7911565710990068e7
0.7335	1.792319610498355e7
0.734	1.7934825685337346e7
0.7345	1.7946454452731658e7
0.735	1.7958082407831654e7
0.7355	1.7969709551287565e7
0.736	1.7981335882709276e7
0.7365	1.7992961401238073e7
0.737	1.80045861074964e7
0.7375	1.801621000212467e7
0.738	1.8027833085768837e7
0.7385	1.803945535908038e7
0.739	1.8051076822716314e7
0.7395	1.8062697477339163e7
0.74	1.8074317323616978e7
0.7405	1.8085936362223282e7
0.741	1.809755459383711e7
0.7415	1.810917201914297e7
0.742	1.812078863883083e7
0.7425	1.813240445359612e7
0.743	1.8144019464139715e7
0.7435	1.8155633671167936e7
0.744	1.816724707539253e7
0.7445	1.8178859677530654e7
0.745	1.8190471478304867e7
0.7455	1.8202082478443127e7
0.746	1.8213692678678785e7
0.7465	1.8225302079750545e7
0.747	1.823691068025737e7
0.7475	1.8248518463406898e7
0.748	1.8260125426077213e7
0.7485	1.8271731569021873e7
0.749	1.8283336893000823e7
0.7495	1.8294941399131857e7
0.75	1.8306545089218374e7
0.7505000000000001	1.831814796409207e7
0.751	1.8329750024511896e7
0.7515000000000001	1.834135127123141e7
0.752	1.835295170499883e7
0.7525000000000001	1.8364551326557018e7
0.753	1.8376150136643507e7
0.7535000000000001	1.838774813599052e7
0.754	1.8399345325324904e7
0.7545000000000001	1.8410941705368247e7
0.755	1.8422537276836798e7
0.7555000000000001	1.8434132040441513e7
0.756	1.844572599688805e7
0.7565000000000001	1.845731914687678e7
0.757	1.8468911491102792e7
0.7575000000000001	1.8480503030255917e7
0.758	1.8492093765020695e7
0.7585000000000001	1.8503683696076423e7
0.759	1.8515272824097123e7
0.7595000000000001	1.852686114975161e7
0.76	1.8538448673703413e7
0.7605000000000001	1.8550035396610852e7
0.761	1.8561621319127e7
0.7615000000000001	1.857320644189973e7
0.762	1.8584790765571672e7
0.7625000000000001	1.859637429078028e7
0.763	1.8607957018120743e7
0.7635000000000001	1.8619538947822746e7
0.764	1.8631120080404047e7
0.7645000000000001	1.8642700416489594e7
0.765	1.86542799567035e7
0.7655000000000001	1.8665858701669022e7
0.766	1.867743665200856e7
0.7665000000000001	1.8689013808343686e7
0.767	1.8700590171295106e7
0.7675000000000001	1.871216574148271e7
0.768	1.8723740519525513e7
0.7685	1.873531450604169e7
0.769	1.874688770164859e7
0.7695	1.8758460106962707e7
0.77	1.8770031722599696e7
0.7705	1.878160254917435e7
0.771	1.8793172587300655e7
0.7715	1.8804741837591723e7
0.772	1.8816310300659847e7
0.7725	1.8827877977116458e7
0.773	1.8839444867572177e7
0.7735	1.8851010972636744e7
0.774	1.8862576292919096e7
0.7745	1.887414082902732e7
0.775	1.8885704581568666e7
0.7755	1.8897267551149525e7
0.776	1.890882973837548e7
0.7765	1.8920391143851258e7
0.777	1.893195176818595e7
0.7775	1.8943511611988727e7
0.778	1.895507067586171e7
0.7785	1.896662896040538e7
0.779	1.8978186466221366e7
0.7795	1.898974319390825e7
0.78	1.9001299144064445e7
0.7805	1.9012854317287393e7
0.781	1.902440871417366e7
0.7815	1.903596233531884e7
0.782	1.9047515181317657e7
0.7825	1.905906725276388e7
0.783	1.9070618550250366e7
0.7835	1.9082169074369043e7
0.784	1.9093718825710945e7
0.7845	1.9105267804866157e7
0.785	1.911681601242386e7
0.7855	1.9128363448972315e7
0.786	1.9139910115098868e7
0.7865	1.915145601138993e7
0.787	1.916300113843102e7
0.7875	1.9174545496806737e7
0.788	1.918608908710074e7
0.7885	1.9197631909895796e7
0.789	1.9209173965773765e7
0.7895	1.9220715255315553e7
0.79	1.9232255779101193e7
0.7905	1.924379553772238e7
0.791	1.9255334531847328e7
0.7915	1.926687276207016e7
0.792	1.9278410228965353e7
0.7925	1.9289946933105506e7
0.793	1.930148287506135e7
0.7935	1.9313018055401765e7
0.794	1.9324552474693783e7
0.7945	1.933608613350256e7
0.795	1.934761903239141e7
0.7955	1.935915117192177e7
0.796	1.9370682552653264e7
0.7965	1.9382213175143618e7
0.797	1.9393743039948754e7
0.7975	1.9405272147622697e7
0.798	1.9416800498717673e7
0.7985	1.942832809378402e7
0.799	1.9439854933370255e7
0.7995	1.945138101802305e7
0.8	1.9462906348287232e7
0.8005	1.9474430924705774e7
0.801	1.9485954747819833e7
0.8015	1.9497477818168707e7
0.802	1.9509000136289865e7
0.8025	1.9520521702718955e7
0.803	1.953204251798976e7
0.8035	1.954356258263425e7
0.804	1.955508189718257e7
0.8045	1.9566600462053113e7
0.805	1.957811827760068e7
0.8055	1.9589635344350982e7
0.806	1.9601151662832253e7
0.8065	1.9612667233573105e7
0.807	1.9624182057102595e7
0.8075	1.9635696133950148e7
0.808	1.9647209464645617e7
0.8085	1.965872204971927e7
0.809	1.967023388970177e7
0.8095	1.9681744985124167e7
0.81	1.9693255336517945e7
0.8105	1.9704764944414966e7
0.811	1.971627380934751e7
0.8115	1.972778193184825e7
0.812	1.973928931245026e7
0.8125	1.9750795951687023e7
0.8130000000000001	1.9762301850092392e7
0.8135	1.977380700820066e7
0.8140000000000001	1.9785311426546473e7
0.8145	1.9796815105664905e7
0.8150000000000001	1.9808318046091415e7
0.8155	1.9819820248361845e7
0.8160000000000001	1.9831321713012453e7
0.8165	1.9842822440579865e7
0.8170000000000001	1.9854322431601122e7
0.8175	1.986582168661364e7
0.8180000000000001	1.9877320206153937e7
0.8185	1.98888179907276e7
0.8190000000000001	1.9900315040859316e7
0.8195	1.9911811357088726e7
0.8200000000000001	1.9923306939956237e7
0.8205	1.9934801790003005e7
0.8210000000000001	1.9946295907770984e7
0.8215	1.9957789293802835e7
0.8220000000000001	1.9969281948642023e7
0.8225	1.998077387283274e7
0.8230000000000001	1.9992265066919953e7
0.8235	2.000375553144937e7
0.8240000000000001	2.0015245266967453e7
0.8245	2.002673427402143e7
0.8250000000000001	2.003822255315927e7
0.8255	2.004971010492969e7
0.8260000000000001	2.006119692988215e7
0.8265	2.0072683028566886e7
0.8270000000000001	2.008416840153484e7
0.8275	2.0095653049337715e7
0.8280000000000001	2.0107136972527977e7
0.8285	2.0118620171658814e7
0.8290000000000001	2.013010264728415e7
0.8295	2.0141584399958655e7
0.8300000000000001	2.015306543023837e7
0.8305	2.0164545738678247e7
0.8310000000000001	2.0176025325835753e7
0.8315	2.01875041922685e7
0.8320000000000001	2.0198982338552322e7
0.8325	2.0210459765346255e7
0.833	2.022193647322496e7
0.8335	2.0233412462746844e7
0.834	2.0244887734470017e7
0.8345	2.025636228895227e7
0.835	2.026783612675108e7
0.8355	2.0279309248423643e7
0.836	2.02907816545268e7
0.8365	2.030225334561713e7
0.837	2.031372432225087e7
0.8375	2.0325194584983956e7
0.838	2.0336664134372003e7
0.8385	2.0348132970970344e7
0.839	2.035960109533397e7
0.8395	2.037106850801758e7
0.84	2.038253520957555e7
0.8405	2.0394001200561956e7
0.841	2.0405466481530555e7
0.8415	2.0416931053034786e7
0.842	2.04283949156278e7
0.8425	2.043985806986241e7
0.843	2.0451320516291123e7
0.8435	2.0462782255466145e7
0.844	2.047424328793935e7
0.8445	2.048570361426233e7
0.845	2.049716323498633e7
0.8455	2.0508622150662307e7
0.846	2.052008043543482e7
0.8465	2.053153827990557e7
0.847	2.0542995665580034e7
0.8475	2.0554452561805565e7
0.848	2.056590893853262e7
0.8485	2.0577364766438566e7
0.849	2.0588820017057348e7
0.8495	2.0600274662914295e7
0.85	2.0611728677664805e7
0.8505	2.062318203623574e7
0.851	2.0634634714967754e7
0.8515	2.0646086691756945e7
0.852	2.0657537946193833e7
0.8525	2.0668988459697697e7
0.853	2.0680438215643886e7
0.8535	2.0691887199482143e7
0.854	2.0703335398843646e7
0.8545	2.0714782803634763e7
0.855	2.0726229406115547e7
0.8555	2.0737675200961504e7
0.856	2.0749120185307924e7
0.8565	2.076056435877052e7
0.857	2.07720077234592e7
0.8575	2.0783450283952236e7
0.858	2.0794892047267932e7
0.8585	2.080633302281161e7
0.859	2.0817773222304925e7
0.8595	2.0829212659699317e7
0.86	2.0840651340312637e7
0.8605	2.085208928241508e7
0.861	2.0863526529295027e7
0.8615	2.08749631094036e7
0.862	2.088639903708522e7
0.8625	2.0897834312106628e7
0.863	2.0909268897766333e7
0.8635	2.0920702778854016e7
0.864	2.0932135973739233e7
0.8645	2.094356854464584e7
0.865	2.095500050427788e7
0.8655	2.09664318202462e7
0.866	2.097786240953823e7
0.8665	2.098929224724699e7
0.867	2.100072135441992e7
0.8675	2.101214977419351e7
0.868	2.1023577517360248e7
0.8685	2.103500458071297e7
0.869	2.1046430958673e7
0.8695	2.1057856649985686e7
0.87	2.1069281652132623e7
0.8705	2.108070596477686e7
0.871	2.1092129589311566e7
0.8715	2.110355252633974e7
0.872	2.1114974784690287e7
0.8725	2.1126396387618687e7
0.873	2.1137817372565977e7
0.8735	2.114923773580608e7
0.874	2.116065743004136e7
0.8745	2.1172076385735285e7
0.875	2.1183494593829725e7
0.8755000000000001	2.1194912099969644e7
0.876	2.120632894325822e7
0.8765000000000001	2.1217745128981188e7
0.877	2.122916063697963e7
0.8775000000000001	2.1240575454756588e7
0.878	2.1251989577689864e7
0.8785000000000001	2.12634030025358e7
0.879	2.1274815734286033e7
0.8795000000000001	2.128622779015094e7
0.88	2.12976391973668e7
0.8805000000000001	2.1309049960200306e7
0.881	2.132046006408657e7
0.8815000000000001	2.1331869486974765e7
0.882	2.1343278222704418e7
0.8825000000000001	2.1354686280836172e7
0.883	2.136609366344763e7
0.8835000000000001	2.1377500352656756e7
0.884	2.13889062892367e7
0.8845000000000001	2.1400311460390847e7
0.885	2.1411715914383464e7
0.8855000000000001	2.142311976074269e7
0.886	2.1434523020797744e7
0.8865000000000001	2.1445925647107434e7
0.887	2.1457327534738526e7
0.8875000000000001	2.1468728673673246e7
0.888	2.1480129135531954e7
0.8885000000000001	2.1491528995299753e7
0.889	2.1502928262759566e7
0.8895000000000001	2.1514326898157153e7
0.89	2.152572486665885e7
0.8905000000000001	2.1537122157288954e7
0.891	2.154851876584617e7
0.8915000000000001	2.155991470020423e7
0.892	2.1571309986888204e7
0.8925000000000001	2.158270468670507e7
0.893	2.1594098802612986e7
0.8935000000000001	2.1605492283607606e7
0.894	2.1616885020417113e7
0.8945000000000001	2.1628276987345163e7
0.895	2.1639668229019564e7
0.8955000000000001	2.1651058807698224e7
0.896	2.1662448738116227e7
0.8965	2.167383800992731e7
0.897	2.168522661371449e7
0.8975	2.169661454888224e7
0.898	2.170800181633557e7
0.8985	2.1719388419451147e7
0.899	2.1730774365418136e7
0.8995	2.1742159667703744e7
0.9	2.1753544329818685e7
0.9005	2.176492834678105e7
0.901	2.1776311706750806e7
0.9015	2.1787694406091336e7
0.902	2.1799076439732213e7
0.9025	2.1810457807364754e7
0.903	2.1821838525159027e7
0.9035	2.1833218649903927e7
0.904	2.184459821135166e7
0.9045	2.185597718569529e7
0.905	2.1867355462169748e7
0.9055	2.1878732975214813e7
0.906	2.1890109733121663e7
0.9065	2.190148581239713e7
0.907	2.1912861242649563e7
0.9075	2.192423602894577e7
0.908	2.1935610160422195e7
0.9085	2.194698363587606e7
0.909	2.195835645337957e7
0.9095	2.196972861165215e7
0.91	2.1981100113934677e7
0.9105	2.1992470972620994e7
0.911	2.200384119486698e7
0.9115	2.2015210775690798e7
0.912	2.202657968742316e7
0.9125	2.2037947923552837e7
0.913	2.2049315505974926e7
0.9135	2.2060682495153263e7
0.914	2.2072048900175843e7
0.9145	2.208341468465613e7
0.915	2.2094779762921084e7
0.9155	2.2106144115040727e7
0.916	2.2117507775283054e7
0.9165	2.212887079641463e7
0.917	2.2140233186798763e7
0.9175	2.2151594925578073e7
0.918	2.2162955993531637e7
0.9185	2.2174316389607497e7
0.919	2.218567612515379e7
0.9195	2.2197035208572477e7
0.92	2.2208393645930573e7
0.9205	2.2219751445336353e7
0.921	2.223110860711452e7
0.9215	2.2242465121829618e7
0.922	2.2253820970318817e7
0.9225	2.2265176151799694e7
0.923	2.227653068169471e7
0.9235	2.228788458113699e7
0.924	2.2299237855524596e7
0.9245	2.2310590500046626e7
0.925	2.232194250893916e7
0.9255	2.233329388082008e7
0.926	2.2344644615483455e7
0.9265	2.235599471307239e7
0.927	2.2367344174377482e7
0.9275	2.237869300257067e7
0.928	2.239004119686219e7
0.9285	2.2401388752064355e7
0.929	2.2412735657547116e7
0.9295	2.242408190735578e7
0.93	2.2435427503803957e7
0.9305	2.244677245303491e7
0.931	2.2458116756328113e7
0.9315	2.2469460411764257e7
0.932	2.2480803417512916e7
0.9325	2.2492145774662096e7
0.933	2.2503487486779913e7
0.9335	2.2514828556930363e7
0.934	2.2526168986538842e7
0.9345	2.2537508772061996e7
0.935	2.254884791937557e7
0.9355	2.2560186447985813e7
0.936	2.2571524397028636e7
0.9365	2.258286176574303e7
0.937	2.259419851454701e7
0.9375	2.260553456907378e7
0.9380000000000001	2.2616869913168266e7
0.9385	2.262820457803014e7
0.9390000000000001	2.2639538605151035e7
0.9395	2.265087200353313e7
0.9400000000000001	2.2662204761800744e7
0.9405	2.267353687262618e7
0.9410000000000001	2.2684868340794902e7
0.9415	2.2696199185256917e7
0.9420000000000001	2.2707529411373638e7
0.9425	2.2718859009326287e7
0.9430000000000001	2.2730187949324165e7
0.9435	2.2741516224623866e7
0.9440000000000001	2.275284384998129e7
0.9445	2.276417085596489e7
0.9450000000000001	2.2775497244070698e7
0.9455	2.2786822988374848e7
0.9460000000000001	2.2798148056732472e7
0.9465	2.2809472454194497e7
0.9470000000000001	2.282079622490077e7
0.9475	2.2832119401262067e7
0.9480000000000001	2.284344198569273e7
0.9485	2.285476394789946e7
0.9490000000000001	2.2866085274188004e7
0.9495	2.2877405972980257e7
0.9500000000000001	2.2888726079795435e7
0.9505	2.2900045599927276e7
0.9510000000000001	2.2911364509852603e7
0.9515	2.2922682752433196e7
0.9520000000000001	2.2934000319521066e7
0.9525	2.2945317249002792e7
0.9530000000000001	2.295663359924535e7
0.9535	2.296794937224266e7
0.9540000000000001	2.297926452249516e7
0.9545	2.2990578997338332e7
0.9550000000000001	2.3001892789144833e7
0.9555	2.3013205922430374e7
0.9560000000000001	2.302451842036374e7
0.9565	2.303583030073613e7
0.9570000000000001	2.3047141593379073e7
0.9575	2.3058452304107577e7
0.9580000000000001	2.3069762412444375e7
0.9585	2.3081071860808514e7
0.9590000000000001	2.309238063262314e7
0.9595	2.3103688745124098e7
0.96	2.311499623832116e7
0.9605	2.312630312312598e7
0.961	2.3137609407156043e7
0.9615	2.314891508682913e7
0.962	2.3160220131090675e7
0.9625	2.3171524425941516e7
0.963	2.3182827909176476e7
0.9635	2.319413064655112e7
0.964	2.320543283866986e7
0.9645	2.3216734560319286e7
0.965	2.3228035806737043e7
0.9655	2.3239336485469226e7
0.966	2.3250636552417193e7
0.9665	2.3261935986210223e7
0.967	2.327323477920246e7
0.9675	2.328453292739684e7
0.968	2.329583043790098e7
0.9685	2.330712732431523e7
0.969	2.3318423592335686e7
0.9695	2.332971924809573e7
0.97	2.334101429433445e7
0.9705	2.3352308727300845e7
0.971	2.33636025300422e7
0.9715	2.3374895693970118e7
0.972	2.3386188223146897e7
0.9725	2.339748013616485e7
0.973	2.3408771441933922e7
0.9735	2.3420062142462905e7
0.974	2.343135223449937e7
0.9745	2.3442641715561796e7
0.975	2.3453930580745902e7
0.9755	2.3465218823292054e7
0.976	2.3476506442444105e7
0.9765	2.3487793459054273e7
0.977	2.349907988560132e7
0.9775	2.3510365680980768e7
0.978	2.3521650662735064e7
0.9785	2.3532934748923793e7
0.979	2.3544218091805905e7
0.9795	2.3555501048081275e7
0.98	2.3566783711648896e7
0.9805	2.3578066046255667e7
0.981	2.358934784522267e7
0.9815	2.3600628950430978e7
0.982	2.3611909122365993e7
0.9825	2.3623188766722582e7
0.983	2.3634467776214268e7
0.9835	2.364574618313012e7
0.984	2.365702400102415e7
0.9845	2.366830122611333e7
0.985	2.3679577821329787e7
0.9855	2.3690853750964995e7
0.986	2.370212901928778e7
0.9865	2.371340369046335e7
0.987	2.3724677786724553e7
0.9875	2.3735951309787232e7
0.988	2.37472242197254e7
0.9885	2.3758496489888094e7
0.989	2.3769768104532864e7
0.9895	2.378103904158193e7
0.99	2.379230931106551e7
0.9905	2.3803578961269982e7
0.991	2.3814848053945288e7
0.9915	2.382611660751706e7
0.992	2.38373846030297e7
0.9925	2.3848652010072194e7
0.993	2.3859918821375567e7
0.9935	2.387118503755002e7
0.994	2.3882450659745395e7
0.9945	2.3893715686043307e7
0.995	2.3904980116549294e7
0.9955	2.3916243946653876e7
0.996	2.3927507164574314e7
0.9965	2.393876974348636e7
0.997	2.3950031678401716e7
0.9975	2.3961293550820682e7
0.998	2.3972550303775154e7
0.9985	2.3983809801071953e7
0.999	2.399506973175494e7
0.9995	2.400632902671157e7