0.	0.
0.0005	12243.375504962727
0.001	24486.75106141604
0.0015	36730.12672085181
0.002	48973.502534095176
0.0025	61216.87854658982
0.003	73460.25480842218
0.0035	85703.63137121774
0.004	97947.00828667262
0.0045000000000000005	110190.38560654591
0.005	122433.76338266865
0.0055	134677.1416669322
0.006	146920.52051132184
0.006500000000000001	159163.89996786375
0.007	171407.28008866773
0.0075	183650.66092591564
0.008	195894.0425318533
0.0085	208137.42495879487
0.009000000000000001	220380.8082591173
0.0095	232624.1924852914
0.01	244867.5776898342
0.0105	257110.96392533855
0.011	269354.3512444704
0.0115	281597.73969996534
0.012	293841.1293153968
0.0125	306084.5201101299
0.013000000000000001	318327.91213784297
0.0135	330571.30545286695
0.014	342814.7001101353
0.0145	355058.0961651764
0.015	367301.49367412616
0.0155	379544.89269198873
0.016	391788.2932722549
0.0165	404031.69547278836
0.017	416275.0993522328
0.0175	428518.5049699038
0.018000000000000002	440761.91238575126
0.0185	453005.32166039984
0.019	465248.732855101
0.0195	477492.146031769
0.02	489735.5612529644
0.0205	501978.97858190944
0.021	514222.3980824659
0.021500000000000002	526465.8198191458
0.022	538709.2438571238
0.0225	550952.6702622122
0.023	563196.099100883
0.0235	575439.5304402652
0.024	587682.964348117
0.0245	599926.4008928699
0.025	612169.8401540136
0.025500000000000002	624413.2823440625
0.026000000000000002	636656.7275774605
0.0265	648900.1759221562
0.027	661143.6274450689
0.0275	673387.0822120929
0.028	685630.5402880973
0.0285	697874.0017395673
0.029	710117.466770556
0.029500000000000002	722360.9355218885
0.03	734604.4080511855
0.0305	746847.8844131201
0.031	759091.3646594457
0.0315	771334.8488389762
0.032	783578.3369976046
0.0325	795821.8291782938
0.033	808065.3254210767
0.0335	820308.8257630455
0.034	832552.330238373
0.0345	844795.8388782963
0.035	857039.3517111305
0.035500000000000004	869282.8687622516
0.036000000000000004	881526.3900541012
0.0365	893769.9156062102
0.037	906013.4454351559
0.0375	918256.9795546018
0.038	930500.517975275
0.0385	942744.0606375712
0.039	954987.6073350213
0.0395	967231.1580570234
0.04	979474.7128080186
0.0405	991718.2715919878
0.041	1.0039618344124899e6
0.0415	1.0162054012726462e6
0.042	1.0284489721052819e6
0.0425	1.0406925465549347e6
0.043000000000000003	1.0529361245769416e6
0.043500000000000004	1.0651797061809534e6
0.044	1.077423291380243e6
0.0445	1.0896668801916984e6
0.045	1.1019104726358296e6
0.0455	1.1141540687367714e6
0.046	1.1263976685222725e6
0.0465	1.1386412720237072e6
0.047	1.1508848792760577e6
0.0475	1.1631284903179365e6
0.048	1.1753721051915763e6
0.0485	1.187615723942823e6
0.049	1.1998593466211504e6
0.0495	1.2121029732796422e6
0.05	1.224346603975003e6
0.0505	1.2365902387675713e6
0.051000000000000004	1.2488338777212808e6
0.051500000000000004	1.261077520903784e6
0.052000000000000005	1.2733211684923808e6
0.0525	1.2855648206563543e6
0.053	1.297808477471528e6
0.0535	1.3100521390156322e6
0.054	1.3222958053683273e6
0.0545	1.334539476611161e6
0.055	1.3467831528276366e6
0.0555	1.359026834292582e6
0.056	1.3712705213452473e6
0.0565	1.3835142140708454e6
0.057	1.3957579125514317e6
0.0575	1.408001616867199e6
0.058	1.4202453270965086e6
0.0585	1.4324890433158714e6
0.059000000000000004	1.444732765599937e6
0.059500000000000004	1.4569764940215158e6
0.06	1.4692202286515764e6
0.0605	1.4814639695592162e6
0.061	1.4937077168117075e6
0.0615	1.505951470474455e6
0.062	1.5181952306110254e6
0.0625	1.5304389972831286e6
0.063	1.5426827705506363e6
0.0635	1.5549265504715473e6
0.064	1.5671703371020337e6
0.0645	1.5794141304964018e6
0.065	1.5916579307015855e6
0.0655	1.6039017377088119e6
0.066	1.6161455515512982e6
0.0665	1.6283893722772365e6
0.067	1.640633199933662e6
0.0675	1.6528770345664334e6
0.068	1.6651208762202605e6
0.0685	1.6773647249269583e6
0.069	1.6896085805631552e6
0.0695	1.701852443117814e6
0.07	1.7140963126345351e6
0.07050000000000001	1.7263401891577214e6
0.07100000000000001	1.7385840727325727e6
0.07150000000000001	1.7508279634050783e6
0.07200000000000001	1.763071861222028e6
0.0725	1.775315766231021e6
0.073	1.78755967848044e6
0.0735	1.7998035980194611e6
0.074	1.812047524898077e6
0.0745	1.8242914591670493e6
0.075	1.836535400877973e6
0.0755	1.84877935008321e6
0.076	1.8610233068359348e6
0.0765	1.8732672711901134e6
0.077	1.8855112432005124e6
0.0775	1.897755222922696e6
0.078	1.9099992104130147e6
0.0785	1.922243205755717e6
0.079	1.9344872090856472e6
0.0795	1.9467312204651886e6
0.08	1.958975239951866e6
0.0805	1.971219267603065e6
0.081	1.9834633034760626e6
0.0815	1.9957073476280163e6
0.082	2.0079514001364356e6
0.0825	2.0201954611143996e6
0.083	2.0324395306211412e6
0.0835	2.0446836087118038e6
0.084	2.0569276954407617e6
0.0845	2.0691717908615582e6
0.085	2.0814158950269679e6
0.0855	2.0936600079889353e6
0.08600000000000001	2.105904129798628e6
0.08650000000000001	2.118148260506394e6
0.08700000000000001	2.1303924001617846e6
0.08750000000000001	2.142636548813556e6
0.088	2.1548807065096614e6
0.0885	2.167124873297249e6
0.089	2.179369049222674e6
0.0895	2.1916132343314867e6
0.09	2.20385742866844e6
0.0905	2.2161016322774743e6
0.091	2.228345845201743e6
0.0915	2.2405900674835187e6
0.092	2.252834299081035e6
0.0925	2.265078539962378e6
0.093	2.277322790169513e6
0.0935	2.2895670497449455e6
0.094	2.3018113187316973e6
0.0945	2.3140555971733104e6
0.095	2.3262998851136155e6
0.0955	2.338544182577431e6
0.096	2.35078848959728e6
0.0965	2.3630328062192476e6
0.097	2.375277132490208e6
0.0975	2.387521468457845e6
0.098	2.3997658141706395e6
0.0985	2.4120101696778713e6
0.099	2.4242545350296153e6
0.0995	2.4364989102767566e6
0.1	2.4487432954709665e6
0.1005	2.460987690664737e6
0.101	2.4732320959113277e6
0.1015	2.4854765112648327e6
0.10200000000000001	2.497720936780117e6
0.10250000000000001	2.509965372512861e6
0.10300000000000001	2.5222098185195467e6
0.10350000000000001	2.534454274857432e6
0.10400000000000001	2.5466987415846027e6
0.1045	2.5589432187599326e6
0.105	2.5711877064362764e6
0.1055	2.5834322045956985e6
0.106	2.5956767132778727e6
0.1065	2.6079212325465726e6
0.107	2.620165762467257e6
0.1075	2.632410303107101e6
0.108	2.6446548545349794e6
0.1085	2.6568994168316573e6
0.109	2.6691439901245716e6
0.1095	2.681388574495389e6
0.11	2.6936331700185356e6
0.1105	2.7058777767695272e6
0.111	2.7181223948249486e6
0.1115	2.7303670242624725e6
0.112	2.742611665160849e6
0.1125	2.7548563175998987e6
0.113	2.7671009816605193e6
0.1135	2.77934565742469e6
0.114	2.791590344975472e6
0.1145	2.803835044396993e6
0.115	2.816079755774459e6
0.1155	2.828324479194148e6
0.116	2.84056921474342e6
0.1165	2.852813962510713e6
0.117	2.865058722585529e6
0.11750000000000001	2.8773034950584457e6
0.11800000000000001	2.8895482800211227e6
0.11850000000000001	2.9017930777447606e6
0.11900000000000001	2.9140378888936224e6
0.11950000000000001	2.9262827135977764e6
0.12	2.938527551938607e6
0.1205	2.950772403991883e6
0.121	2.9630172698277677e6
0.1215	2.975262149510827e6
0.122	2.987507043043455e6
0.1225	2.999751950407873e6
0.123	3.011996871653149e6
0.1235	3.024241806824079e6
0.124	3.036486755960956e6
0.1245	3.0487317190995542e6
0.125	3.0609766962711276e6
0.1255	3.073221687502442e6
0.126	3.0854666928157364e6
0.1265	3.0977117122287396e6
0.127	3.1099567457546736e6
0.1275	3.1222017934022523e6
0.128	3.1344468551756716e6
0.1285	3.1466919310746253e6
0.129	3.1589370210942877e6
0.1295	3.171182125225318e6
0.13	3.183427243453884e6
0.1305	3.1956723757616235e6
0.131	3.207917522125659e6
0.1315	3.2201626825186177e6
0.132	3.232407856343734e6
0.1325	3.244653042928128e6
0.133	3.2568982422450925e6
0.1335	3.2691434542741925e6
0.134	3.2813886790006584e6
0.1345	3.29363391641538e6
0.135	3.305879166522924e6
0.1355	3.3181244294187897e6
0.136	3.3303697051366386e6
0.1365	3.3426149936879613e6
0.137	3.354860295088802e6
0.1375	3.3671056093597766e6
0.138	3.379350936526078e6
0.1385	3.391596276617441e6
0.139	3.403841629668192e6
0.1395	3.416086995717207e6
0.14	3.4283323748079417e6
0.1405	3.4405777669884046e6
0.14100000000000001	3.452823172311165e6
0.14150000000000001	3.4650685908333794e6
0.14200000000000002	3.4773140226167496e6
0.14250000000000002	3.48955946772754e6
0.14300000000000002	3.501804926236585e6
0.14350000000000002	3.5140503982192725e6
0.14400000000000002	3.52629588375556e6
0.1445	3.5385413829299593e6
0.145	3.55078689586056e6
0.1455	3.5630324231683e6
0.146	3.5752779651430068e6
0.1465	3.5875235218760944e6
0.147	3.5997690934571708e6
0.1475	3.6120146799740647e6
0.148	3.624260281512804e6
0.1485	3.6365058981294683e6
0.149	3.648751529843652e6
0.1495	3.660997176734688e6
0.15	3.6732428388832565e6
0.1505	3.685488516369051e6
0.151	3.697734209270778e6
0.1515	3.709979917666145e6
0.152	3.7222256416318635e6
0.1525	3.7344713812436755e6
0.153	3.7467171365763014e6
0.1535	3.758962907703489e6
0.154	3.7712086946979933e6
0.1545	3.783454497631583e6
0.155	3.795700316575026e6
0.1555	3.807946151598099e6
0.156	3.820192002769608e6
0.1565	3.832437870157355e6
0.157	3.84468375382814e6
0.1575	3.8569296538478048e6
0.158	3.8691755702811778e6
0.1585	3.881421503162489e6
0.159	3.8936674524190025e6
0.1595	3.9059134180973587e6
0.16	3.9181594002616177e6
0.1605	3.9304053989763944e6
0.161	3.942651414306849e6
0.1615	3.95489744631977e6
0.162	3.96714349511713e6
0.1625	3.979389560782722e6
0.163	3.991635643383114e6
0.1635	4.003881742984947e6
0.164	4.0161278596549444e6
0.1645	4.02837399345992e6
0.165	4.040620144466784e6
0.1655	4.052866312742502e6
0.166	4.0651124983541593e6
0.1665	4.0773587013689033e6
0.167	4.089604921853966e6
0.1675	4.101851159876682e6
0.168	4.114097415504451e6
0.1685	4.1263436888047727e6
0.169	4.1385899798452216e6
0.1695	4.1508362886934546e6
0.17	4.1630826154172276e6
0.1705	4.1753289600843596e6
0.171	4.187575322762779e6
0.1715	4.199821703520481e6
0.17200000000000001	4.2120681025116695e6
0.17250000000000001	4.224314519952155e6
0.17300000000000001	4.236560955910067e6
0.17350000000000002	4.248807410449053e6
0.17400000000000002	4.261053883630834e6
0.17450000000000002	4.273300375515237e6
0.17500000000000002	4.285546886154236e6
0.17550000000000002	4.297793415581868e6
0.176	4.310039963850476e6
0.1765	4.3222865310127875e6
0.177	4.334533117119898e6
0.1775	4.34677972222123e6
0.178	4.359026346364581e6
0.1785	4.371272989596078e6
0.179	4.3835196519602025e6
0.1795	4.395766333499798e6
0.18	4.40801303425603e6
0.1805	4.420259754268443e6
0.181	4.432506493574912e6
0.1815	4.444753252211671e6
0.182	4.457000030213306e6
0.1825	4.469246827612744e6
0.183	4.48149364444127e6
0.1835	4.493740480728521e6
0.184	4.505987336502469e6
0.1845	4.518234211789468e6
0.185	4.530481106610761e6
0.1855	4.542728020715538e6
0.186	4.554974953954454e6
0.1865	4.567221906353386e6
0.187	4.579468877940355e6
0.1875	4.591715868745515e6
0.188	4.603962878801208e6
0.1885	4.616209908156756e6
0.189	4.628456956860308e6
0.1895	4.640704024950205e6
0.19	4.652951112466693e6
0.1905	4.665198219451933e6
0.191	4.677445345950002e6
0.1915	4.689692492006874e6
0.192	4.701939657670432e6
0.1925	4.714186842990463e6
0.193	4.726434048018678e6
0.1935	4.73868127280867e6
0.194	4.7509285174159575e6
0.1945	4.763175781897961e6
0.195	4.775423066314011e6
0.1955	4.7876703707253365e6
0.196	4.799917695195072e6
0.1965	4.8121650397882685e6
0.197	4.824412404571869e6
0.1975	4.836659789614734e6
0.198	4.848907194987616e6
0.1985	4.861154620706902e6
0.199	4.873402066311218e6
0.1995	4.8856495317489095e6
0.2	4.89789701710995e6
0.2005	4.910144522492325e6
0.201	4.922392048002019e6
0.2015	4.934639593749846e6
0.202	4.946887159838737e6
0.2025	4.959134746395702e6
0.203	4.971382353559163e6
0.20350000000000001	4.983629981475751e6
0.20400000000000001	4.995877630300285e6
0.20450000000000002	5.008125300195794e6
0.20500000000000002	5.020372991333515e6
0.20550000000000002	5.032620703892858e6
0.20600000000000002	5.044868438061433e6
0.20650000000000002	5.057116194035038e6
0.20700000000000002	5.069363972017645e6
0.20750000000000002	5.081611772221398e6
0.20800000000000002	5.093859594866619e6
0.2085	5.106107440181787e6
0.209	5.118355308403549e6
0.2095	5.13060319977669e6
0.21	5.14285111455417e6
0.2105	5.155099052997059e6
0.211	5.167347015374588e6
0.2115	5.179595001964097e6
0.212	5.191843013916879e6
0.2125	5.204091054493667e6
0.213	5.2163391242058e6
0.2135	5.228587223288531e6
0.214	5.240835351951094e6
0.2145	5.253083510376706e6
0.215	5.265331698724008e6
0.2155	5.277579917125984e6
0.216	5.289828165687869e6
0.2165	5.302076444488881e6
0.217	5.3143247535822615e6
0.2175	5.326573092995257e6
0.218	5.33882146272911e6
0.2185	5.3510698627591105e6
0.219	5.363318293034512e6
0.2195	5.375566753478607e6
0.22	5.387815243988663e6
0.2205	5.400063764435938e6
0.221	5.412312314665653e6
0.2215	5.424560894497003e6
0.222	5.436809503723107e6
0.2225	5.449058142111012e6
0.223	5.4613068094016705e6
0.2235	5.4735555053098975e6
0.224	5.485804229524381e6
0.2245	5.49805298170763e6
0.225	5.51030176149593e6
0.2255	5.5225505662576975e6
0.226	5.534799391628611e6
0.2265	5.547048237158642e6
0.227	5.559297102500095e6
0.2275	5.571545987331777e6
0.228	5.5837948913538065e6
0.2285	5.5960438142464e6
0.229	5.608292755755315e6
0.2295	5.620541715666763e6
0.23	5.632790693794176e6
0.2305	5.645039689978216e6
0.231	5.657288704086828e6
0.2315	5.669537736015189e6
0.232	5.681786785685772e6
0.2325	5.69403585304834e6
0.233	5.706284938079948e6
0.2335	5.71853404078494e6
0.234	5.73078316119497e6
0.23450000000000001	5.743032299368987e6
0.23500000000000001	5.755281455393235e6
0.23550000000000001	5.76753062938125e6
0.23600000000000002	5.779779821473861e6
0.23650000000000002	5.792029031839152e6
0.23700000000000002	5.804278260672491e6
0.23750000000000002	5.81652750819648e6
0.23800000000000002	5.828776774660966e6
0.23850000000000002	5.84102606038082e6
0.23900000000000002	5.853275368175082e6
0.23950000000000002	5.86552469987216e6
0.24	5.87777405577349e6
0.2405	5.890023436173447e6
0.241	5.902272841359312e6
0.2415	5.914522271709344e6
0.242	5.926771727675346e6
0.2425	5.939021209524063e6
0.243	5.951270717508941e6
0.2435	5.963520251873978e6
0.244	5.975769812853723e6
0.2445	5.988019400673305e6
0.245	6.000269015548411e6
0.2455	6.012518657685296e6
0.246	6.024768327280805e6
0.2465	6.037018024522348e6
0.247	6.049267749587931e6
0.2475	6.0615175026461575e6
0.248	6.073767283856199e6
0.2485	6.086017093367838e6
0.249	6.09826693132146e6
0.2495	6.1105167978480365e6
0.25	6.122766693069168e6
0.2505	6.135016617097034e6
0.251	6.147266570034453e6
0.2515	6.159516551974837e6
0.252	6.171766562965929e6
0.2525	6.184016602682289e6
0.253	6.196266671082386e6
0.2535	6.208516768230678e6
0.254	6.220766894186826e6
0.2545	6.233017048990312e6
0.255	6.245267232436555e6
0.2555	6.257517444482846e6
0.256	6.269767685175132e6
0.2565	6.282017954557668e6
0.257	6.294268252672941e6
0.2575	6.306518579561745e6
0.258	6.318768935263141e6
0.2585	6.331019319814454e6
0.259	6.343269733251298e6
0.2595	6.355520175607547e6
0.26	6.36777064691537e6
0.2605	6.380021147205199e6
0.261	6.392271676505743e6
0.2615	6.404522234843994e6
0.262	6.416772822245213e6
0.2625	6.429023438732945e6
0.263	6.441274084329012e6
0.2635	6.453524759053504e6
0.264	6.465775462924805e6
0.2645	6.478026195959569e6
0.265	6.490276958172707e6
0.2655	6.502527749452946e6
0.266	6.514778569251837e6
0.2665	6.52702941751773e6
0.267	6.539280294271742e6
0.2675	6.551531199539568e6
0.268	6.563782133408028e6
0.2685	6.5760330960511e6
0.269	6.588284087512581e6
0.2695	6.60053510783264e6
0.27	6.612786157054288e6
0.2705	6.625037235223413e6
0.271	6.637288342388754e6
0.2715	6.649539478601889e6
0.272	6.661790643917274e6
0.2725	6.674041838392214e6
0.273	6.686293062086861e6
0.2735	6.698544315064233e6
0.274	6.710795597390186e6
0.2745	6.723046909133449e6
0.275	6.735298250365599e6
0.2755	6.747549621161056e6
0.276	6.759801021597102e6
0.2765	6.772052451753866e6
0.277	6.784303911714325e6
0.2775	6.796555401564318e6
0.278	6.808806921392522e6
0.2785	6.821058471290468e6
0.279	6.833310051513924e6
0.2795	6.84556166250653e6
0.28	6.857813304374527e6
0.2805	6.870064977210833e6
0.281	6.882316681105367e6
0.28150000000000003	6.894568416102338e6
0.28200000000000003	6.906820182268933e6
0.28250000000000003	6.919071979693025e6
0.28300000000000003	6.931323808461563e6
0.28350000000000003	6.943575668660576e6
0.28400000000000003	6.955827560375178e6
0.28450000000000003	6.968079483689558e6
0.28500000000000003	6.980331438686966e6
0.28550000000000003	6.992583425449759e6
0.28600000000000003	7.004835444059356e6
0.28650000000000003	7.017087494596261e6
0.28700000000000003	7.02933957714005e6
0.28750000000000003	7.041591691769391e6
0.28800000000000003	7.053843838562025e6
0.2885	7.066096017594764e6
0.289	7.078348228943519e6
0.2895	7.09060047268327e6
0.29	7.102852748888084e6
0.2905	7.115105057631097e6
0.291	7.127357398984543e6
0.2915	7.139609773019727e6
0.292	7.151862179807036e6
0.2925	7.164114619314446e6
0.293	7.176367091501983e6
0.2935	7.188619596439865e6
0.294	7.200872134199187e6
0.2945	7.21312470487708e6
0.295	7.225377308626648e6
0.2955	7.237629945526441e6
0.296	7.249882615648874e6
0.2965	7.262135319066236e6
0.297	7.274388055850691e6
0.2975	7.2866408260743255e6
0.298	7.298893629809103e6
0.2985	7.3111464671268575e6
0.299	7.323399338099335e6
0.2995	7.335652242798158e6
0.3	7.347905181294842e6
0.3005	7.360158153660792e6
0.301	7.372411159967286e6
0.3015	7.384664200285528e6
0.302	7.3969172746865535e6
0.3025	7.409170383241337e6
0.303	7.42142352602071e6
0.3035	7.43367670309541e6
0.304	7.445929914536041e6
0.3045	7.458183160413124e6
0.305	7.470436440797028e6
0.3055	7.482689755761292e6
0.306	7.494943105530675e6
0.3065	7.507196490258854e6
0.307	7.519449910012381e6
0.3075	7.531703364853531e6
0.308	7.543956854708435e6
0.3085	7.556210379557034e6
0.309	7.568463939460396e6
0.3095	7.580717534479334e6
0.31	7.592971164674374e6
0.3105	7.605224830105797e6
0.311	7.61747853083362e6
0.3115	7.629732266917586e6
0.312	7.641986038417175e6
0.3125	7.654239845391624e6
0.313	7.666493687899871e6
0.3135	7.678747566000635e6
0.314	7.691001479752342e6
0.3145	7.703255429213167e6
0.315	7.715509414441029e6
0.3155	7.727763435493569e6
0.316	7.740017492428179e6
0.3165	7.752271585301993e6
0.317	7.764525714171878e6
0.3175	7.776779879094442e6
0.318	7.789034080126031e6
0.3185	7.801288317322735e6
0.319	7.813542590722177e6
0.3195	7.825796900139559e6
0.32	7.838051245557667e6
0.3205	7.850305627036672e6
0.321	7.8625600446635885e6
0.3215	7.874814498600918e6
0.322	7.887068988925323e6
0.3225	7.899323515704676e6
0.323	7.911578079008225e6
0.3235	7.92383267890663e6
0.324	7.936087315471939e6
0.3245	7.948341988777586e6
0.325	7.960596698898416e6
0.3255	7.972851445910644e6
0.326	7.985106229891893e6
0.3265	7.997361050921182e6
0.327	8.009615909078912e6
0.3275	8.0218708044468835e6
0.328	8.034125737108285e6
0.3285	8.046380707147694e6
0.329	8.058635714651095e6
0.3295	8.0708907597058425e6
0.33	8.083145842400698e6
0.3305	8.095400962825807e6
0.331	8.107656121072707e6
0.3315	8.119911317234323e6
0.332	8.132166551404972e6
0.3325	8.144421823703584e6
0.333	8.1566771343720155e6
0.3335	8.168932483532316e6
0.334	8.181187871282003e6
0.3345	8.1934432978671305e6
0.335	8.205698763492502e6
0.3355	8.217954268250603e6
0.336	8.230209812231481e6
0.3365	8.2424653955227155e6
0.337	8.254721018209466e6
0.3375	8.266976680374435e6
0.338	8.279232382097876e6
0.3385	8.29148812345762e6
0.339	8.303743904529018e6
0.3395	8.315999725385007e6
0.34	8.328255586096062e6
0.3405	8.34051148673022e6
0.341	8.35276742735306e6
0.3415	8.365023408027744e6
0.342	8.3772794288149625e6
0.3425	8.389535489772966e6
0.343	8.401791590957573e6
0.3435	8.41404773242214e6
0.34400000000000003	8.426303914217597e6
0.34450000000000003	8.43856013639241e6
0.34500000000000003	8.450816398992626e6
0.34550000000000003	8.463072702061819e6
0.34600000000000003	8.475329045419997e6
0.34650000000000003	8.487585428301562e6
0.34700000000000003	8.499841850679288e6
0.34750000000000003	8.512098382857626e6
0.34800000000000003	8.524355355985055e6
0.34850000000000003	8.53661280693829e6
0.34900000000000003	8.548870724296547e6
0.34950000000000003	8.561129091301488e6
0.35000000000000003	8.573387886107784e6
0.35050000000000003	8.585647082098907e6
0.35100000000000003	8.597906648255955e6
0.35150000000000003	8.610166549566336e6
0.352	8.622426747458685e6
0.3525	8.634687200251075e6
0.353	8.64694786360043e6
0.3535	8.659208690943012e6
0.354	8.671469633917123e6
0.3545	8.683730636250367e6
0.355	8.695991663137933e6
0.3555	8.708252652470566e6
0.356	8.72051355271947e6
0.3565	8.732774312180799e6
0.357	8.745034879204065e6
0.3575	8.757295202395003e6
0.358	8.769555230793484e6
0.3585	8.781814914027654e6
0.359	8.79407420244238e6
0.3595	8.806333048459409e6
0.36	8.818591407081489e6
0.3605	8.830849230579043e6
0.361	8.843106187228223e6
0.3615	8.855362023263313e6
0.362	8.867617168976698e6
0.3625	8.879871021975473e6
0.363	8.892123775793998e6
0.3635	8.904375410617247e6
0.364	8.916625907719722e6
0.3645	8.928875249388715e6
0.365	8.94112341885537e6
0.3655	8.953370400232626e6
0.366	8.96561617845909e6
0.3665	8.977860739248263e6
0.367	8.990104069042431e6
0.3675	9.002346154970728e6
0.368	9.014586984810932e6
0.3685	9.026826546954555e6
0.369	9.03906483037495e6
0.3695	9.051301824598078e6
0.37	9.063537519675743e6
0.3705	9.075771906160967e6
0.371	9.088004975085437e6
0.3715	9.100236717938686e6
0.372	9.112467126649043e6
0.3725	9.124696193566026e6
0.373	9.136923909059543e6
0.3735	9.14915026171921e6
0.374	9.161375245027864e6
0.3745	9.173598853004243e6
0.375	9.185821080078352e6
0.3755	9.198041921080979e6
0.376	9.21026137123406e6
0.3765	9.222479426141938e6
0.377	9.234696081783377e6
0.3775	9.246911334504323e6
0.378	9.259125181011433e6
0.3785	9.2713376183662e6
0.379	9.283548643979754e6
0.3795	9.29575825560833e6
0.38	9.307966451349242e6
0.3805	9.32017322963751e6
0.381	9.332378589242976e6
0.3815	9.344582529268049e6
0.382	9.356785049145615e6
0.3825	9.368986148639018e6
0.383	9.381185827839216e6
0.3835	9.39338408716625e6
0.384	9.40558097202474e6
0.3845	9.417776556103619e6
0.385	9.4299708784932e6
0.3855	9.442163896731561e6
0.386	9.454355627750507e6
0.3865	9.466546076028323e6
0.387	9.478735246370906e6
0.3875	9.49092314004348e6
0.388	9.503109758289937e6
0.3885	9.515295102334855e6
0.389	9.527479173383547e6
0.3895	9.5396619726221e6
0.39	9.551843501217417e6
0.3905	9.56402376031727e6
0.391	9.576202751050323e6
0.3915	9.588380474526178e6
0.392	9.600556931835415e6
0.3925	9.612732124049615e6
0.393	9.624906052221416e6
0.3935	9.6370787173845e6
0.394	9.649250120553674e6
0.3945	9.66142026272486e6
0.395	9.673589144875145e6
0.3955	9.685756767962785e6
0.396	9.697923132927243e6
0.3965	9.710088240689209e6
0.397	9.722252092150616e6
0.3975	9.734414688194653e6
0.398	9.746576029685788e6
0.3985	9.758736117469786e6
0.399	9.770894952373717e6
0.3995	9.783052535204187e6
0.4	9.79520886424817e6
0.4005	9.807363938048186e6
0.401	9.819517757415835e6
0.4015	9.831670323183417e6
0.402	9.843821636204004e6
0.4025	9.855971697351443e6
0.403	9.868120507520398e6
0.4035	9.880268067626383e6
0.404	9.892414378605662e6
0.4045	9.90455944141573e6
0.405	9.916703257034685e6
0.4055	9.928845826461686e6
0.406	9.940987150716856e6
0.40650000000000003	9.953127231013175e6
0.40700000000000003	9.965266069022248e6
0.40750000000000003	9.977403665879434e6
0.40800000000000003	9.989540022693694e6
0.40850000000000003	1.0001675140569825e7
0.40900000000000003	1.0013809020651035e7
0.40950000000000003	1.002594166409334e7
0.41000000000000003	1.0038073072071316e7
0.41050000000000003	1.0050203245778153e7
0.41100000000000003	1.006233218642563e7
0.41150000000000003	1.0074459895244123e7
0.41200000000000003	1.008658637348261e7
0.41250000000000003	1.0098711622408682e7
0.41300000000000003	1.011083564332832e7
0.41350000000000003	1.0122958439103635e7
0.41400000000000003	1.013508001202522e7
0.41450000000000004	1.0147200363400131e7
0.41500000000000004	1.0159319494532866e7
0.41550000000000004	1.0171437406725362e7
0.41600000000000004	1.0183554101277044e7
0.4165	1.0195669579484805e7
0.417	1.0207783842643058e7
0.4175	1.0219896892043728e7
0.418	1.0232008728976266e7
0.4185	1.0244119354727682e7
0.419	1.0256228770582538e7
0.4195	1.0268336977823004e7
0.42	1.0280443977728812e7
0.4205	1.0292549771577327e7
0.421	1.0304654360643536e7
0.4215	1.0316757746200066e7
0.422	1.0328859929517208e7
0.4225	1.034096091186292e7
0.423	1.035306069450286e7
0.4235	1.036515927870037e7
0.424	1.0377256665716544e7
0.4245	1.0389352856810177e7
0.425	1.0401447853237832e7
0.4255	1.0413541656253852e7
0.426	1.0425634267110325e7
0.4265	1.0437725687046748e7
0.427	1.04498159168486e7
0.4275	1.0461904957516192e7
0.428	1.0473992810302908e7
0.4285	1.0486079476548182e7
0.429	1.0498164957955547e7
0.4295	1.0510249255854873e7
0.43	1.0522332371517442e7
0.4305	1.0534414306202563e7
0.431	1.0546495061183754e7
0.4315	1.0558574637732955e7
0.432	1.0570653037124075e7
0.4325	1.0582730260633033e7
0.433	1.0594806309537716e7
0.4335	1.0606881185118023e7
0.434	1.0618954888655828e7
0.4345	1.0631027421435015e7
0.435	1.0643098784741454e7
0.4355	1.0655168979863046e7
0.436	1.0667238008089667e7
0.4365	1.0679305870713219e7
0.437	1.0691372569027608e7
0.4375	1.070343810432875e7
0.438	1.0715502477914598e7
0.4385	1.0727565691085102e7
0.439	1.073962774514224e7
0.4395	1.0751688641390022e7
0.44	1.0763748381135374e7
0.4405	1.0775806965716721e7
0.441	1.078786439645879e7
0.4415	1.0799920674673054e7
0.442	1.0811975801672662e7
0.4425	1.082402977877242e7
0.443	1.0836082607288785e7
0.4435	1.0848134288539909e7
0.444	1.0860184823845588e7
0.4445	1.0872234214527307e7
0.445	1.088428246190822e7
0.4455	1.0896329567313163e7
0.446	1.0908375532068651e7
0.4465	1.0920420357502894e7
0.447	1.0932464044945775e7
0.4475	1.0944506595728882e7
0.448	1.0956548011185491e7
0.4485	1.096858829265054e7
0.449	1.0980627441460771e7
0.4495	1.0992665458954524e7
0.45	1.1004702346539356e7
0.4505	1.1016738105856875e7
0.451	1.1028772738287624e7
0.4515	1.1040806245171761e7
0.452	1.105283862785392e7
0.4525	1.1064869887677986e7
0.453	1.1076900025988149e7
0.4535	1.1088929044127727e7
0.454	1.1100956943403095e7
0.4545	1.1112983725141378e7
0.455	1.1125009390688898e7
0.4555	1.1137033941392776e7
0.456	1.11490573786009e7
0.4565	1.1161079703661943e7
0.457	1.117310091792535e7
0.4575	1.1185121022741329e7
0.458	1.1197140019460855e7
0.4585	1.1209157909435635e7
0.459	1.1221174694018144e7
0.4595	1.1233190374561597e7
0.46	1.124520495241992e7
0.4605	1.1257218428947793e7
0.461	1.1269230805500606e7
0.4615	1.1281242083434463e7
0.462	1.1293252264106184e7
0.4625	1.1305261348873287e7
0.463	1.131726933909398e7
0.4635	1.1329276236127174e7
0.464	1.1341282041332455e7
0.4645	1.1353286756070085e7
0.465	1.1365290381701e7
0.4655	1.1377292919586789e7
0.466	1.1389294371089721e7
0.4665	1.1401294737572689e7
0.467	1.1413294020400638e7
0.4675	1.1425292220987532e7
0.468	1.1437289340722587e7
0.4685	1.1449285380970178e7
0.46900000000000003	1.1461280343094658e7
0.46950000000000003	1.1473274228460386e7
0.47000000000000003	1.148526703843168e7
0.47050000000000003	1.1497258774372842e7
0.47100000000000003	1.1509249437727964e7
0.47150000000000003	1.152123903004562e7
0.47200000000000003	1.153322755269762e7
0.47250000000000003	1.1545215007044869e7
0.47300000000000003	1.1557201394449357e7
0.47350000000000003	1.156918671627144e7
0.47400000000000003	1.15811709738704e7
0.47450000000000003	1.1593154168604445e7
0.47500000000000003	1.1605136301830707e7
0.47550000000000003	1.1617117374905206e7
0.47600000000000003	1.1629097389182845e7
0.47650000000000003	1.1641076346017415e7
0.47700000000000004	1.165305424676153e7
0.47750000000000004	1.1665031092766698e7
0.47800000000000004	1.1677006885383224e7
0.47850000000000004	1.168898162596025e7
0.47900000000000004	1.170095531584569e7
0.47950000000000004	1.1712927956386311e7
0.48	1.1724899548927592e7
0.4805	1.1736870094813187e7
0.481	1.1748839595353244e7
0.4815	1.1760808051871233e7
0.482	1.1772775465708336e7
0.4825	1.1784741838204887e7
0.483	1.1796707170700349e7
0.4835	1.180867146453328e7
0.484	1.1820634721041346e7
0.4845	1.183259694156127e7
0.485	1.1844558127428874e7
0.4855	1.1856518279979007e7
0.486	1.1868477400545562e7
0.4865	1.1880435490461454e7
0.487	1.189239255105862e7
0.4875	1.1904348583667973e7
0.488	1.1916303589619415e7
0.4885	1.1928257570241824e7
0.489	1.1940210526863012e7
0.4895	1.1952162460809734e7
0.49	1.1964113373407677e7
0.4905	1.1976063265981412e7
0.491	1.1988012139854439e7
0.4915	1.19999599964089e7
0.492	1.2011906837022942e7
0.4925	1.2023852663015937e7
0.493	1.2035797475705957e7
0.4935	1.2047741276409421e7
0.494	1.2059684066441135e7
0.4945	1.2071625847123977e7
0.495	1.2083566619776044e7
0.4955	1.2095506385706868e7
0.496	1.2107445146224111e7
0.4965	1.2119382902633596e7
0.497	1.2131319656239243e7
0.4975	1.2143255408343082e7
0.498	1.2155190160245243e7
0.4985	1.2167123913243897e7
0.499	1.217905666863529e7
0.4995	1.219098842771368e7
0.5	1.2202919191771358e7
0.5005000000000001	1.2214848962098595e7
0.501	1.2226777739983633e7
0.5015000000000001	1.2238705526712706e7
0.502	1.2250632323569963e7
0.5025000000000001	1.226255813183748e7
0.503	1.2274482952795248e7
0.5035000000000001	1.2286406787721142e7
0.504	1.2298329637890903e7
0.5045000000000001	1.2310251504578134e7
0.505	1.2322172389054256e7
0.5055000000000001	1.2334092292588525e7
0.506	1.2346011216447972e7
0.5065000000000001	1.2357929161897423e7
0.507	1.2369846130199457e7
0.5075000000000001	1.2381762122614404e7
0.508	1.239367714038877e7
0.5085000000000001	1.2405591184767427e7
0.509	1.2417504257004065e7
0.5095000000000001	1.242941635835029e7
0.51	1.244132749005549e7
0.5105000000000001	1.24532376533669e7
0.511	1.2465146849529501e7
0.5115000000000001	1.2477055079785006e7
0.512	1.2488962345373461e7
0.5125	1.2500868647533178e7
0.513	1.25127739875002e7
0.5135	1.252467836650826e7
0.514	1.253658178578883e7
0.5145	1.2548484246570993e7
0.515	1.2560385750081532e7
0.5155	1.2572286297544857e7
0.516	1.2584185890182989e7
0.5165	1.2596084529215543e7
0.517	1.2607982215859734e7
0.5175	1.2619878951330306e7
0.518	1.2631774736839583e7
0.5185	1.2643669573597377e7
0.519	1.2655563462811027e7
0.5195	1.2667456405685354e7
0.52	1.2679348403422633e7
0.5205	1.2691239457222603e7
0.521	1.2703129568282433e7
0.5215	1.2715018737803455e7
0.522	1.2726906966987386e7
0.5225	1.2738794257023435e7
0.523	1.2750680609097986e7
0.5235	1.2762566024394587e7
0.524	1.277445050409399e7
0.5245	1.278633404937409e7
0.525	1.2798216661409942e7
0.5255	1.2810098341373695e7
0.526	1.282197909043464e7
0.5265	1.2833858909759134e7
0.527	1.2845737800510602e7
0.5275	1.2857615763849515e7
0.528	1.286949280093339e7
0.5285	1.2881368912916727e7
0.529	1.2893244100951044e7
0.5295	1.2905118366184805e7
0.53	1.291699170976346e7
0.5305	1.2928864132827515e7
0.531	1.2940735636463605e7
0.5315	1.2952606221784005e7
0.532	1.296447588992221e7
0.5325	1.2976344642008893e7
0.533	1.2988212479171887e7
0.5335	1.3000079402536176e7
0.534	1.301194541322387e7
0.5345	1.3023810512354178e7
0.535	1.3035674701042544e7
0.5355	1.3047537980400344e7
0.536	1.3059400351537967e7
0.5365	1.3071261815562941e7
0.537	1.3083122373579862e7
0.5375	1.309498202669033e7
0.538	1.3106840775992982e7
0.5385	1.3118698622583434e7
0.539	1.3130555567554291e7
0.5395	1.3142411611995097e7
0.54	1.3154266756992375e7
0.5405	1.3166121003629541e7
0.541	1.3177974352986936e7
0.5415	1.318982680614178e7
0.542	1.3201678364168188e7
0.5425	1.3213529028137105e7
0.543	1.3225378799116343e7
0.5435	1.3237227678170506e7
0.544	1.324907566636104e7
0.5445	1.3260922764746144e7
0.545	1.327276897438081e7
0.5455	1.3284614296316769e7
0.546	1.3296458731602509e7
0.5465	1.3308302281283211e7
0.547	1.332014494640078e7
0.5475	1.3331986727993794e7
0.548	1.3343827627097514e7
0.5485	1.3355667644739563e7
0.549	1.3367506781930603e7
0.5495	1.3379345039693996e7
0.55	1.339118241899458e7
0.5505	1.3403018920775076e7
0.551	1.3414854546051446e7
0.5515	1.3426689295837365e7
0.552	1.3438523171143778e7
0.5525	1.3450356172978897e7
0.553	1.3462188302348243e7
0.5535	1.3474019560254537e7
0.554	1.3485849947697777e7
0.5545	1.349767946567515e7
0.555	1.350950811518107e7
0.5555	1.352133589720712e7
0.556	1.3533162812742101e7
0.5565	1.3544988862771923e7
0.557	1.3556814048279684e7
0.5575	1.3568638370245596e7
0.558	1.3580461829646995e7
0.5585	1.3592284427458324e7
0.559	1.360410616465112e7
0.5595	1.3615927042193972e7
0.56	1.362774706105256e7
0.5605	1.363956622218959e7
0.561	1.3651384526564812e7
0.5615	1.3663201975134997e7
0.562	1.3675018568857564e7
0.5625	1.3686834308718441e7
0.5630000000000001	1.3698649195673797e7
0.5635	1.3710463230667597e7
0.5640000000000001	1.3722276414640356e7
0.5645	1.3734088748529136e7
0.5650000000000001	1.3745900233267533e7
0.5655	1.3757710869785668e7
0.5660000000000001	1.3769520659010168e7
0.5665	1.3781329601864135e7
0.5670000000000001	1.3793137699267171e7
0.5675	1.3804944952135326e7
0.5680000000000001	1.3816751361381106e7
0.5685	1.38285569279104e7
0.5690000000000001	1.384036165253669e7
0.5695	1.3852165536119035e7
0.5700000000000001	1.3863968579556484e7
0.5705	1.3875770783745036e7
0.5710000000000001	1.3887572149577701e7
0.5715	1.3899372677944401e7
0.5720000000000001	1.3911172369732039e7
0.5725	1.3922971225824408e7
0.5730000000000001	1.3934769247102253e7
0.5735	1.3946566434443213e7
0.5740000000000001	1.3958362788721824e7
0.5745	1.3970158310809508e7
0.5750000000000001	1.3981953001574572e7
0.5755	1.3993746861881448e7
0.5760000000000001	1.400553989255535e7
0.5765	1.4017332094434736e7
0.577	1.4029123468376072e7
0.5775	1.4040914015233118e7
0.578	1.4052703735856906e7
0.5785	1.4064492631095733e7
0.579	1.4076280701795144e7
0.5795	1.4088067948797943e7
0.58	1.4099854372944148e7
0.5805	1.4111639975071015e7
0.581	1.4123424756012978e7
0.5815	1.4135208716601705e7
0.582	1.4146991857666021e7
0.5825	1.4158774180031952e7
0.583	1.4170555684522664e7
0.5835	1.4182336371958492e7
0.584	1.4194116243156893e7
0.5845	1.4205895298932495e7
0.585	1.4217673540096998e7
0.5855	1.422945096745924e7
0.586	1.4241227581825146e7
0.5865	1.4253003383997744e7
0.587	1.4264778374777118e7
0.5875	1.427655255488333e7
0.588	1.4288325925024422e7
0.5885	1.4300098485992502e7
0.589	1.4311870238577506e7
0.5895	1.4323641183568481e7
0.59	1.4335411321752934e7
0.5905	1.4347180653913992e7
0.591	1.4358949180832455e7
0.5915	1.4370716903286776e7
0.592	1.438248382205312e7
0.5925	1.4394249937905291e7
0.593	1.4406015251614768e7
0.5935	1.4417779763950659e7
0.594	1.4429543475679735e7
0.5945	1.444130638756638e7
0.595	1.445306850037261e7
0.5955	1.4464829814858058e7
0.596	1.4476590331779953e7
0.5965	1.448835005189314e7
0.597	1.4500108975950027e7
0.5975	1.4511867104700638e7
0.598	1.4523624438892532e7
0.5985	1.4535380979270875e7
0.599	1.4547136726578362e7
0.5995	1.4558891681555247e7
0.6	1.4570645844939308e7
0.6005	1.4582399217465883e7
0.601	1.4594151799867816e7
0.6015	1.4605903592875475e7
0.602	1.461765459721673e7
0.6025	1.4629404813616958e7
0.603	1.4641154242803754e7
0.6035	1.465290288551853e7
0.604	1.4664650742481412e7
0.6045	1.4676397814407226e7
0.605	1.468814410200802e7
0.6055	1.4699889605992047e7
0.606	1.4711634326975632e7
0.6065	1.4723378265604569e7
0.607	1.4735121422580734e7
0.6075	1.4746863798603877e7
0.608	1.4758605394371618e7
0.6085	1.4770346210579421e7
0.609	1.4782086247920588e7
0.6095	1.4793825507086283e7
0.61	1.4805563988765493e7
0.6105	1.4817301693645028e7
0.611	1.4829038622409537e7
0.6115	1.4840774775741488e7
0.612	1.4852510154321145e7
0.6125	1.4864244758826584e7
0.613	1.4875978589933682e7
0.6135	1.4887711648316128e7
0.614	1.4899443934645373e7
0.6145	1.4911175449590657e7
0.615	1.492290619381901e7
0.6155	1.4934636167995226e7
0.616	1.4946365372781854e7
0.6165	1.495809380883821e7
0.617	1.4969821476795215e7
0.6175	1.4981548377296865e7
0.618	1.4993274510997275e7
0.6185	1.5004999878548652e7
0.619	1.5016724480601225e7
0.6195	1.5028448317803299e7
0.62	1.5040171390801193e7
0.6205	1.505189370023929e7
0.621	1.5063615246759988e7
0.6215	1.5075336031003714e7
0.622	1.5087056053608915e7
0.6225	1.509877531521206e7
0.623	1.5110493816447603e7
0.6235	1.5122211557948032e7
0.624	1.5133928540323535e7
0.6245	1.5145644764111541e7
0.625	1.515736022992801e7
0.6255000000000001	1.5169074938398449e7
0.626	1.5180788890146913e7
0.6265000000000001	1.5192502085795976e7
0.627	1.5204214525966736e7
0.6275000000000001	1.5215926211278811e7
0.628	1.5227637142350344e7
0.6285000000000001	1.523934731979798e7
0.629	1.5251056744236862e7
0.6295000000000001	1.5262765416280659e7
0.63	1.5274473336541526e7
0.6305000000000001	1.5286180505633384e7
0.631	1.529788692417145e7
0.6315000000000001	1.5309592592763372e7
0.632	1.5321297512015091e7
0.6325000000000001	1.5333001682530921e7
0.633	1.5344705104913585e7
0.6335000000000001	1.535640777976421e7
0.634	1.5368109707682291e7
0.6345000000000001	1.537981088926572e7
0.635	1.5391511325110767e7
0.6355000000000001	1.5403211015812086e7
0.636	1.5414909961962678e7
0.6365000000000001	1.5426608164153947e7
0.637	1.5438305622975629e7
0.6375000000000001	1.545000233901584e7
0.638	1.5461698312861042e7
0.6385000000000001	1.5473393545096062e7
0.639	1.548508803630406e7
0.6395000000000001	1.5496781787066543e7
0.64	1.5508474797963366e7
0.6405	1.5520167069572713e7
0.641	1.5531858602471113e7
0.6415	1.5543549397233399e7
0.642	1.5555239454428045e7
0.6425	1.5566928774546433e7
0.643	1.557861735812988e7
0.6435	1.5590305205747388e7
0.644	1.5601992317967083e7
0.6445	1.561367869535854e7
0.645	1.5625364338487966e7
0.6455	1.5637049247919604e7
0.646	1.5648733424216516e7
0.6465	1.566041686794051e7
0.647	1.567209957965221e7
0.6475	1.5683781559911016e7
0.648	1.5695462809275093e7
0.6485	1.570714332830138e7
0.649	1.5718823117545601e7
0.6495	1.5730502177562246e7
0.65	1.5742180508904565e7
0.6505	1.5753858112124572e7
0.651	1.5765534987773038e7
0.6515	1.5777211136399502e7
0.652	1.5788886558552256e7
0.6525	1.5800561254778333e7
0.653	1.5812235225623526e7
0.6535	1.5823908471632354e7
0.654	1.5835580993348118e7
0.6545	1.5847252791312814e7
0.655	1.5858923866067218e7
0.6555	1.5870594218150808e7
0.656	1.5882263848101808e7
0.6565	1.5893932756457169e7
0.657	1.590560094375258e7
0.6575	1.5917268410522439e7
0.658	1.5928935157283865e7
0.6585	1.5940601184544995e7
0.659	1.5952266492836623e7
0.6595	1.5963931082688788e7
0.66	1.597559495462871e7
0.6605	1.5987258109126776e7
0.661	1.5998920546682885e7
0.6615	1.6010582267823821e7
0.662	1.6022243273075795e7
0.6625	1.6033903562964426e7
0.663	1.6045563138014771e7
0.6635	1.6057221998751262e7
0.664	1.6068880145697795e7
0.6645	1.6080537579377621e7
0.665	1.6092194300313432e7
0.6655	1.6103850309027312e7
0.666	1.6115505606040752e7
0.6665	1.6127160191874633e7
0.667	1.6138814067049246e7
0.6675	1.615046723208426e7
0.668	1.6162119687498769e7
0.6685	1.617377143381121e7
0.669	1.6185422471539455e7
0.6695	1.6197072801200714e7
0.67	1.6208722423311647e7
0.6705	1.6220371338388221e7
0.671	1.623201954694583e7
0.6715	1.624366704949994e7
0.672	1.625531384657337e7
0.6725	1.6266959938682096e7
0.673	1.6278605326338815e7
0.6735	1.6290250010055501e7
0.674	1.6301893990343397e7
0.6745	1.6313537267713014e7
0.675	1.632517984267413e7
0.6755	1.6336821715735786e7
0.676	1.6348462887406297e7
0.6765	1.6360103358193219e7
0.677	1.6371743128603393e7
0.6775	1.638338219914289e7
0.678	1.63950205703137e7
0.6785	1.6406658242565053e7
0.679	1.6418295216381496e7
0.6795	1.6429931492266722e7
0.68	1.644156707072409e7
0.6805	1.6453201952256525e7
0.681	1.6464836137366593e7
0.6815	1.6476469626556443e7
0.682	1.648810242032785e7
0.6825	1.649973451918219e7
0.683	1.6511365923620433e7
0.6835	1.6522996634143159e7
0.684	1.6534626651250536e7
0.6845	1.654625597544235e7
0.685	1.655788460721797e7
0.6855	1.6569512547088617e7
0.686	1.6581139795584043e7
0.6865	1.6592766353203489e7
0.687	1.6604392220443904e7
0.6875	1.6616017397801444e7
0.6880000000000001	1.662764188577153e7
0.6885	1.6639265684848782e7
0.6890000000000001	1.6650888795527074e7
0.6895	1.6662511218299503e7
0.6900000000000001	1.6674132953658393e7
0.6905	1.6685754002095284e7
0.6910000000000001	1.6697374364100965e7
0.6915	1.6708994040165417e7
0.6920000000000001	1.6720613030777879e7
0.6925	1.6732231336426781e7
0.6930000000000001	1.674384895759979e7
0.6935	1.6755465894783787e7
0.6940000000000001	1.676708214846488e7
0.6945	1.6778697719128363e7
0.6950000000000001	1.679031260725879e7
0.6955	1.680192681333988e7
0.6960000000000001	1.6813540337846745e7
0.6965	1.6825153181218106e7
0.6970000000000001	1.6836765343928937e7
0.6975	1.6848376826460358e7
0.6980000000000001	1.6859987629292984e7
0.6985	1.6871597752906874e7
0.6990000000000001	1.688320719778041e7
0.6995	1.6894815964072365e7
0.7000000000000001	1.6906424052013993e7
0.7005	1.6918031462090407e7
0.7010000000000001	1.6929638194790695e7
0.7015	1.6941244250607856e7
0.7020000000000001	1.6952849630038828e7
0.7025	1.696445433358447e7
0.7030000000000001	1.697605836174956e7
0.7035	1.6987661715042792e7
0.704	1.699926439397675e7
0.7045	1.701086639906796e7
0.705	1.7022467730836798e7
0.7055	1.703406838980756e7
0.706	1.704566837650841e7
0.7065	1.705726769147142e7
0.707	1.7068866335232474e7
0.7075	1.708046430833142e7
0.708	1.7092061611311875e7
0.7085	1.710365824472137e7
0.709	1.7115254209111255e7
0.7095	1.712684950503674e7
0.71	1.7138444133056864e7
0.7105	1.7150038093734503e7
0.711	1.716163138763635e7
0.7115	1.717322401533293e7
0.712	1.7184815977398552e7
0.7125	1.719640727441137e7
0.713	1.7207997907055017e7
0.7135	1.7219587877296537e7
0.714	1.7231177186135013e7
0.7145	1.7242765834111385e7
0.715	1.7254353821779758e7
0.7155	1.726594114968368e7
0.716	1.7277527818355795e7
0.7165	1.728911382831785e7
0.717	1.730069918008073e7
0.7175	1.731228387414442e7
0.718	1.7323867910998084e7
0.7185	1.733545129112002e7
0.719	1.7347034014977675e7
0.7195	1.735861608302768e7
0.72	1.737019749571584e7
0.7205	1.738177825347715e7
0.721	1.7393358356735777e7
0.7215	1.7404937805905122e7
0.722	1.7416516601387784e7
0.7225	1.7428094743575566e7
0.723	1.743967223284949e7
0.7235	1.7451249069579836e7
0.724	1.746282525412609e7
0.7245	1.747440078683699e7
0.725	1.748597566805052e7
0.7255	1.7497549898093913e7
0.726	1.7509123477283645e7
0.7265	1.7520696405925475e7
0.727	1.753226868398151e7
0.7275	1.7543840309620835e7
0.728	1.755541128276448e7
0.7285	1.7566981603718963e7
0.729	1.7578551272801924e7
0.7295	1.759012029034213e7
0.73	1.7601688656679425e7
0.7305	1.76132563721648e7
0.731	1.762482343716031e7
0.7315	1.7636389852036584e7
0.732	1.7647955617142066e7
0.7325	1.7659520732860614e7
0.733	1.7671085199599e7
0.7335	1.76826490177753e7
0.734	1.7694212187818866e7
0.7345	1.770577471017031e7
0.735	1.7717336585281502e7
0.7355	1.772889781361557e7
0.736	1.7740458395646863e7
0.7365	1.775201833186096e7
0.737	1.7763577622754645e7
0.7375	1.777513626883591e7
0.738	1.7786694270623915e7
0.7385	1.7798251628649004e7
0.739	1.780980834345266e7
0.7395	1.7821364415587515e7
0.74	1.783291984561732e7
0.7405	1.7844474634116948e7
0.741	1.7856028782030817e7
0.7415	1.7867582291336954e7
0.742	1.7879135162764218e7
0.7425	1.789068739690027e7
0.743	1.79022389943294e7
0.7435	1.791378995563245e7
0.744	1.792534028138686e7
0.7445	1.7936889972166684e7
0.745	1.7948439028542563e7
0.7455	1.7959987451081745e7
0.746	1.7971535240348082e7
0.7465	1.798308239690204e7
0.747	1.79946289213007e7
0.7475	1.8006174814097773e7
0.748	1.801772007584357e7
0.7485	1.802926470708504e7
0.749	1.8040808708365753e7
0.7495	1.8052352080220323e7
0.75	1.806389482317613e7
0.7505000000000001	1.8075436937766615e7
0.751	1.8086978424522065e7
0.7515000000000001	1.809851928396949e7
0.752	1.8110059516632635e7
0.7525000000000001	1.8121599123031963e7
0.753	1.8133138103684653e7
0.7535000000000001	1.8144676459104642e7
0.754	1.8156214189802576e7
0.7545000000000001	1.8167751296285868e7
0.755	1.8179287778955303e7
0.7555000000000001	1.8190823637940586e7
0.756	1.8202358873710427e7
0.7565000000000001	1.8213893486767698e7
0.757	1.8225427477615893e7
0.7575000000000001	1.823696084675913e7
0.758	1.8248493594702158e7
0.7585000000000001	1.8260025721950367e7
0.759	1.8271557229009762e7
0.7595000000000001	1.8283088116386976e7
0.76	1.8294618384589262e7
0.7605000000000001	1.8306148034124494e7
0.761	1.831767706550117e7
0.7615000000000001	1.8329205479228403e7
0.762	1.8340733275815926e7
0.7625000000000001	1.835226045577409e7
0.763	1.836378701961385e7
0.7635000000000001	1.837531296784679e7
0.764	1.838683830098508e7
0.7645000000000001	1.8398363019541536e7
0.765	1.8409887124029554e7
0.7655000000000001	1.8421410614963144e7
0.766	1.8432933492856935e7
0.7665000000000001	1.8444455758226126e7
0.767	1.845597741157862e7
0.7675000000000001	1.8467498453379255e7
0.768	1.847901888413605e7
0.7685	1.8490538704367284e7
0.769	1.8502057914598014e7
0.7695	1.851357651537575e7
0.77	1.852509450722469e7
0.7705	1.8536611890666213e7
0.771	1.8548128666222356e7
0.7715	1.855964483441578e7
0.772	1.8571160395769805e7
0.7725	1.858267535080839e7
0.773	1.8594189700056136e7
0.7735	1.8605703444038272e7
0.774	1.8617216583280683e7
0.7745	1.8628729118309874e7
0.775	1.864024104965302e7
0.7755	1.865175237783789e7
0.776	1.866326310339291e7
0.7765	1.867477322684716e7
0.777	1.8686282748730317e7
0.7775	1.869779166957271e7
0.778	1.8709299989905298e7
0.7785	1.872080771025968e7
0.779	1.8732314831168063e7
0.7795	1.8743821353163294e7
0.78	1.8755327276778862e7
0.7805	1.876683260254886e7
0.781	1.877833733100802e7
0.7815	1.87898414626917e7
0.782	1.8801344998135876e7
0.7825	1.881284793787715e7
0.783	1.8824350282392308e7
0.7835	1.883585203164453e7
0.784	1.8847353186034705e7
0.7845	1.8858853746115733e7
0.785	1.8870353712542254e7
0.7855	1.8881853085928295e7
0.786	1.8893351866842568e7
0.7865	1.8904850055859346e7
0.787	1.891634765355908e7
0.7875	1.8927844660527423e7
0.788	1.8939341077355888e7
0.7885	1.8950836904641673e7
0.789	1.896233214298763e7
0.7895	1.8973826793002278e7
0.79	1.898532085529976e7
0.7905	1.8996814330499873e7
0.791	1.900830721922803e7
0.7915	1.9019799522115245e7
0.792	1.9031291239798144e7
0.7925	1.904278237291894e7
0.793	1.905427292212542e7
0.7935	1.9065762888070926e7
0.794	1.907725227141438e7
0.7945	1.9088741072820228e7
0.795	1.910022929295844e7
0.7955	1.9111716932504512e7
0.796	1.9123203992139455e7
0.7965	1.9134690472549755e7
0.797	1.914617637444704e7
0.7975	1.9157661700263772e7
0.798	1.916914645181058e7
0.7985	1.9180630629759487e7
0.799	1.9192114234766573e7
0.7995	1.9203597267472e7
0.8	1.921507972850003e7
0.8005	1.922656161845907e7
0.801	1.9238042937941674e7
0.8015	1.924952368752456e7
0.802	1.92610038677687e7
0.8025	1.9272483479099747e7
0.803	1.928396252190315e7
0.8035	1.929544099669407e7
0.804	1.9306918903973565e7
0.8045	1.931839624422827e7
0.805	1.9329873017930456e7
0.8055	1.934134922553799e7
0.806	1.9352824867494382e7
0.8065	1.9364299944228824e7
0.807	1.9375774456156157e7
0.8075	1.938724840367691e7
0.808	1.9398721787177328e7
0.8085	1.941019460702937e7
0.809	1.9421666863590725e7
0.8095	1.9433138557204794e7
0.81	1.9444609688200776e7
0.8105	1.94560802568936e7
0.811	1.9467550263583984e7
0.8115	1.9479019707569145e7
0.812	1.949048858610147e7
0.8125	1.9501956899265505e7
0.8130000000000001	1.9513424647374228e7
0.8135	1.952489183075775e7
0.8140000000000001	1.9536358449763283e7
0.8145	1.954782450475517e7
0.8150000000000001	1.955928999611484e7
0.8155	1.9570754924240787e7
0.8160000000000001	1.9582219289548606e7
0.8165	1.9593683092470895e7
0.8170000000000001	1.9605146333457332e7
0.8175	1.9616609012974583e7
0.8180000000000001	1.9628071131506313e7
0.8185	1.963953268955317e7
0.8190000000000001	1.965099368763293e7
0.8195	1.9662454126279842e7
0.8200000000000001	1.9673914006094918e7
0.8205	1.968537332775383e7
0.8210000000000001	1.9696832091844592e7
0.8215	1.970829029896749e7
0.8220000000000001	1.9719747949738868e7
0.8225	1.9731205044791073e7
0.8230000000000001	1.974266158477244e7
0.8235	1.975411757034724e7
0.8240000000000001	1.9765573002195682e7
0.8245	1.977702788101387e7
0.8250000000000001	1.9788482207513753e7
0.8255	1.9799935982473705e7
0.8260000000000001	1.981138920815797e7
0.8265	1.982284188602482e7
0.8270000000000001	1.9834294016819146e7
0.8275	1.9845745601284724e7
0.8280000000000001	1.985719664016429e7
0.8285	1.986864713419949e7
0.8290000000000001	1.9880097084130898e7
0.8295	1.989154649069801e7
0.8300000000000001	1.990299535463926e7
0.8305	1.9914443676691987e7
0.8310000000000001	1.9925891457592502e7
0.8315	1.9937338698076006e7
0.8320000000000001	1.994878539887666e7
0.8325	1.9960231560727548e7
0.833	1.9971677184360683e7
0.8335	1.998312227050703e7
0.834	1.999456681989648e7
0.8345	2.000601083325786e7
0.835	2.0017454311318945e7
0.8355	2.0028897254806463e7
0.836	2.0040339664446052e7
0.8365	2.0051781540962312e7
0.837	2.006322288507879e7
0.8375	2.0074663697506327e7
0.838	2.0086103978931174e7
0.8385	2.009754373007161e7
0.839	2.010898295164748e7
0.8395	2.0120421644377824e7
0.84	2.013185980898028e7
0.8405	2.014329744616954e7
0.841	2.01547345566619e7
0.8415	2.016617114117323e7
0.842	2.017760720041864e7
0.8425	2.018904273511245e7
0.843	2.02004777459682e7
0.8435	2.0211912233698677e7
0.844	2.022334619901588e7
0.8445	2.0234779642631043e7
0.845	2.0246212565254625e7
0.8455	2.0257644967596337e7
0.846	2.0269076850365095e7
0.8465	2.0280508214269083e7
0.847	2.029193906001566e7
0.8475	2.0303369388311505e7
0.848	2.0314799199862476e7
0.8485	2.032622849537368e7
0.849	2.033765727554948e7
0.8495	2.034908554109346e7
0.85	2.0360513292708468e7
0.8505	2.037194053109657e7
0.851	2.03833672569591e7
0.8515	2.0394793470996626e7
0.852	2.0406219173908953e7
0.8525	2.0417644366395164e7
0.853	2.0429069049153574e7
0.8535	2.044049322288173e7
0.854	2.0451916888276458e7
0.8545	2.0463340047278892e7
0.855	2.0474762703548606e7
0.8555	2.0486184857865166e7
0.856	2.049760651084959e7
0.8565	2.050902766309135e7
0.857	2.052044831514826e7
0.8575	2.0531868467546523e7
0.858	2.0543288120780762e7
0.8585	2.0554707275314074e7
0.859	2.0566125931578066e7
0.8595	2.0577544089972876e7
0.86	2.058896175086721e7
0.8605	2.0600378914598364e7
0.861	2.0611795581472244e7
0.8615	2.062321175176342e7
0.862	2.0634627425715074e7
0.8625	2.0646042603539083e7
0.863	2.0657457285415985e7
0.8635	2.0668871471494988e7
0.864	2.0680285161893994e7
0.8645	2.0691698356699582e7
0.865	2.0703111055967018e7
0.8655	2.0714523259720195e7
0.866	2.0725934967951715e7
0.8665	2.073734618062279e7
0.867	2.0748756897663258e7
0.8675	2.0760167118971575e7
0.868	2.0771576844414752e7
0.8685	2.0782986073828388e7
0.869	2.0794394803805817e7
0.8695	2.0805803027132276e7
0.87	2.0817210743395675e7
0.8705	2.0828617952473685e7
0.871	2.0840024654287767e7
0.8715	2.0851430848803267e7
0.872	2.086283653602938e7
0.8725	2.0874241716017585e7
0.873	2.0885646388860036e7
0.8735	2.089705055469736e7
0.874	2.090845421371445e7
0.8745	2.091985736614013e7
0.875	2.093126001224714e7
0.8755000000000001	2.0942662152352132e7
0.876	2.095406378681559e7
0.8765000000000001	2.0965464916041862e7
0.877	2.0976865540479057e7
0.8775000000000001	2.098826566061907e7
0.878	2.099966527699743e7
0.8785000000000001	2.101106439019333e7
0.879	2.10224630008295e7
0.8795000000000001	2.1033861109572183e7
0.88	2.1045258717130985e7
0.8805000000000001	2.105665582425886e7
0.881	2.1068052431751966e7
0.8815000000000001	2.107944854044961e7
0.882	2.1090844151234083e7
0.8825000000000001	2.1102239265030608e7
0.883	2.111363388280719e7
0.8835000000000001	2.112502800967073e7
0.884	2.1136421652395964e7
0.8845000000000001	2.1147814812009837e7
0.885	2.115920748947107e7
0.8855000000000001	2.11705996857104e7
0.886	2.1181991401630588e7
0.8865000000000001	2.1193382638106618e7
0.887	2.1204773395985607e7
0.8875000000000001	2.121616367608702e7
0.888	2.1227553479202647e7
0.8885000000000001	2.1238942806096688e7
0.889	2.125033165750585e7
0.8895000000000001	2.1261720034139328e7
0.89	2.127310793667042e7
0.8905000000000001	2.128449536573539e7
0.891	2.1295882321960926e7
0.8915000000000001	2.1307268805947218e7
0.892	2.1318654818267345e7
0.8925000000000001	2.133004035946737e7
0.893	2.1341425430066314e7
0.8935000000000001	2.1352810030556288e7
0.894	2.136419416140242e7
0.8945000000000001	2.1375577823042966e7
0.895	2.13869610158893e7
0.8955000000000001	2.1398343740325958e7
0.896	2.1409725996710643e7
0.8965	2.142110778537427e7
0.897	2.1432489106620967e7
0.8975	2.1443869960728098e7
0.898	2.1455250346566204e7
0.8985	2.1466630261269167e7
0.899	2.1478009704959244e7
0.8995	2.1489388677880965e7
0.9	2.1500767180284478e7
0.9005	2.1512145212425552e7
0.901	2.1523522774565592e7
0.9015	2.1534899866971634e7
0.902	2.154627648991632e7
0.9025	2.155765264367794e7
0.903	2.1569028328540374e7
0.9035	2.1580403544793125e7
0.904	2.1591778292731315e7
0.9045	2.160315257265567e7
0.905	2.1614526384872522e7
0.9055	2.1625899729693796e7
0.906	2.1637272607437048e7
0.9065	2.164864501842539e7
0.907	2.1660016962987553e7
0.9075	2.1671388441509694e7
0.908	2.1682759454393715e7
0.9085	2.1694130001984406e7
0.909	2.170550008463146e7
0.9095	2.1716869702689573e7
0.91	2.1728238856518432e7
0.9105	2.1739607546482738e7
0.911	2.1750975772952184e7
0.9115	2.176234353630145e7
0.912	2.1773710836910192e7
0.9125	2.1785077675458506e7
0.913	2.1796444053504013e7
0.9135	2.1807809971549034e7
0.914	2.1819175429969173e7
0.9145	2.1830540429133803e7
0.915	2.184190496940617e7
0.9155	2.1853269051143296e7
0.916	2.186463267469608e7
0.9165	2.187599584040924e7
0.917	2.188735854862132e7
0.9175	2.1898720799664717e7
0.918	2.191008259386569e7
0.9185	2.192144393154432e7
0.919	2.1932804813014578e7
0.9195	2.1944165238584258e7
0.92	2.1955525208555058e7
0.9205	2.196688472322249e7
0.921	2.197824378287599e7
0.9215	2.198960238779879e7
0.922	2.2000960538268086e7
0.9225	2.2012318234554898e7
0.923	2.2023675476924125e7
0.9235	2.203503226563457e7
0.924	2.2046388600938912e7
0.9245	2.205774448308066e7
0.925	2.2069099912183538e7
0.9255	2.2080454888422772e7
0.926	2.2091809412028078e7
0.9265	2.210316348322397e7
0.927	2.2114517102128264e7
0.9275	2.2125870267865755e7
0.928	2.2137222980358567e7
0.9285	2.2148575239830013e7
0.929	2.2159927046508655e7
0.9295	2.217127840062827e7
0.93	2.218262930242785e7
0.9305	2.2193979752151605e7
0.931	2.2205329750048988e7
0.9315	2.221667929637466e7
0.932	2.2228028391388476e7
0.9325	2.2239377035355523e7
0.933	2.2250725228546117e7
0.9335	2.226207297123575e7
0.934	2.227342026370514e7
0.9345	2.2284767106240217e7
0.935	2.22961134991321e7
0.9355	2.230745944267712e7
0.936	2.23188049371768e7
0.9365	2.2330149982937865e7
0.937	2.234149458027223e7
0.9375	2.2352838729496986e7
0.9380000000000001	2.236418243093445e7
0.9385	2.237552568491209e7
0.9390000000000001	2.238686849176256e7
0.9395	2.2398210851823714e7
0.9400000000000001	2.240955276543858e7
0.9405	2.2420894232955325e7
0.9410000000000001	2.2432235254727334e7
0.9415	2.2443575831128232e7
0.9420000000000001	2.2454915964261778e7
0.9425	2.2466255655751336e7
0.9430000000000001	2.247759490595336e7
0.9435	2.2488933715192154e7
0.9440000000000001	2.2500272083776284e7
0.9445	2.2511610011998523e7
0.9450000000000001	2.2522947500135884e7
0.9455	2.2534284548449624e7
0.9460000000000001	2.254562115718522e7
0.9465	2.2556957326572433e7
0.9470000000000001	2.2568293056825273e7
0.9475	2.2579628348142013e7
0.9480000000000001	2.259096320070519e7
0.9485	2.2602297614681594e7
0.9490000000000001	2.2613631590222318e7
0.9495	2.2624965127462693e7
0.9500000000000001	2.263629822652234e7
0.9505	2.264763088750514e7
0.9510000000000001	2.2658963110499244e7
0.9515	2.267029489557706e7
0.9520000000000001	2.2681626242795262e7
0.9525	2.2692957152194787e7
0.9530000000000001	2.2704287623800807e7
0.9535	2.2715617657622747e7
0.9540000000000001	2.272694725365428e7
0.9545	2.2738276411873292e7
0.9550000000000001	2.2749605132241894e7
0.9555	2.276093341470641e7
0.9560000000000001	2.277226125919736e7
0.9565	2.278358866468875e7
0.9570000000000001	2.279491562891039e7
0.9575	2.280624215168532e7
0.9580000000000001	2.2817568232930705e7
0.9585	2.2828893872570276e7
0.9590000000000001	2.2840219070534322e7
0.9595	2.2851543826752316e7
0.96	2.2862868141154423e7
0.9605	2.2874192013690483e7
0.961	2.2885515444317322e7
0.9615	2.2896838432998482e7
0.962	2.2908160979704157e7
0.9625	2.2919483084411267e7
0.963	2.293080474710342e7
0.9635	2.294212596777095e7
0.964	2.2953446746410865e7
0.9645	2.296476708302693e7
0.965	2.2976086977629587e7
0.9655	2.2987406430236027e7
0.966	2.2998725440870136e7
0.9665	2.3010044009562545e7
0.967	2.302136213635059e7
0.9675	2.303267982127836e7
0.968	2.304399706439666e7
0.9685	2.3055313865763035e7
0.969	2.3066630225441758e7
0.9695	2.3077946143503845e7
0.97	2.308926162002704e7
0.9705	2.3100576655095838e7
0.971	2.311189121796725e7
0.9715	2.3123205137646914e7
0.972	2.3134518415866274e7
0.9725	2.314583108376006e7
0.973	2.315714316995976e7
0.9735	2.3168454700782616e7
0.974	2.317976570039628e7
0.9745	2.319107619096412e7
0.975	2.320238619277046e7
0.9755	2.3213695724332467e7
0.976	2.3225004802497562e7
0.9765	2.3236313442528475e7
0.977	2.3247621658168335e7
0.9775	2.3258929461723723e7
0.978	2.327023686411927e7
0.9785	2.3281543874942824e7
0.979	2.329285050248783e7
0.9795	2.330415675378928e7
0.98	2.3315462634653546e7
0.9805	2.3326768149682693e7
0.981	2.333807330229333e7
0.9815	2.3349378094730377e7
0.982	2.3360682528075844e7
0.9825	2.337198660225276e7
0.983	2.338329031602429e7
0.9835	2.3394593666988004e7
0.984	2.3405896651565246e7
0.9845	2.3417199264985528e7
0.985	2.3428501501265667e7
0.9855	2.3439803353607375e7
0.986	2.345110481961866e7
0.9865	2.346240588350539e7
0.987	2.3473706528913733e7
0.9875	2.348500673898016e7
0.988	2.3496306506027307e7
0.9885	2.350760582463823e7
0.989	2.3518904695665024e7
0.9895	2.3530203120488796e7
0.99	2.3541501102121674e7
0.9905	2.355279864810082e7
0.991	2.356409576162359e7
0.9915	2.3575392442896724e7
0.992	2.3586688688358955e7
0.9925	2.3597984497101214e7
0.993	2.3609279869815733e7
0.9935	2.3620574808707576e7
0.994	2.363186931407599e7
0.9945	2.3643163385138508e7
0.995	2.3654457020127077e7
0.9955	2.3665750217528496e7
0.996	2.367704297545814e7
0.9965	2.3688335291706704e7
0.997	2.369962716484501e7
0.9975	2.371091955382932e7
0.998	2.3722205908829547e7
0.9985	2.3733495900415637e7
0.999	2.3744786194633875e7
0.9995	2.375607538241179e7