0.	-7.676166767035405e-6
0.0005	-7.672211049607448e-6
0.001	-7.668255364396599e-6
0.0015	-7.664299711337128e-6
0.002	-7.66034409036331e-6
0.0025	-7.6563885013999e-6
0.003	-7.652432944399804e-6
0.0035	-7.648477419288285e-6
0.004	-7.644521925999652e-6
0.0045000000000000005	-7.640566464468214e-6
0.005	-7.636611034628283e-6
0.0055	-7.632655636414182e-6
0.006	-7.628700269760232e-6
0.006500000000000001	-7.624744934600762e-6
0.007	-7.620789630870109e-6
0.0075	-7.616834358502613e-6
0.008	-7.612879117432617e-6
0.0085	-7.60892390759447e-6
0.009000000000000001	-7.604968728922528e-6
0.0095	-7.6010135813511474e-6
0.01	-7.5970584648147e-6
0.0105	-7.593103379247547e-6
0.011	-7.589148324584066e-6
0.0115	-7.585193303677664e-6
0.012	-7.581238231642541e-6
0.0125	-7.577283190960161e-6
0.013000000000000001	-7.573328182233641e-6
0.0135	-7.569373206066053e-6
0.014	-7.565418263060412e-6
0.0145	-7.561463353819691e-6
0.015	-7.557508478946805e-6
0.0155	-7.5535536390530955e-6
0.016	-7.549598834724537e-6
0.0165	-7.54564406657216e-6
0.017	-7.541689335198663e-6
0.0175	-7.537734641206684e-6
0.018000000000000002	-7.533779985198806e-6
0.0185	-7.529825367777557e-6
0.019	-7.5258707895454e-6
0.0195	-7.521916251104749e-6
0.02	-7.517961753057942e-6
0.0205	-7.514007296007269e-6
0.021	-7.510052880554953e-6
0.021500000000000002	-7.506098507303149e-6
0.022	-7.502144176853954e-6
0.0225	-7.498189889809397e-6
0.023	-7.49423564677144e-6
0.0235	-7.490281448341978e-6
0.024	-7.486327295122841e-6
0.0245	-7.482373187715789e-6
0.025	-7.478419207467138e-6
0.025500000000000002	-7.474465442084803e-6
0.026000000000000002	-7.470511721520417e-6
0.0265	-7.466558044268066e-6
0.027	-7.4626044088219864e-6
0.0275	-7.458650813676586e-6
0.028	-7.454697257326413e-6
0.0285	-7.4507437382659935e-6
0.029	-7.446790254990541e-6
0.029500000000000002	-7.442836805994852e-6
0.03	-7.4388833897740355e-6
0.0305	-7.434930004823328e-6
0.031	-7.430976649638085e-6
0.0315	-7.427023322713771e-6
0.032	-7.423070022545966e-6
0.0325	-7.4191167476303455e-6
0.033	-7.415163496462684e-6
0.0335	-7.411210267538841e-6
0.034	-7.407257059354769e-6
0.0345	-7.403303870406491e-6
0.035	-7.3993506991901104e-6
0.035500000000000004	-7.395397544201793e-6
0.036000000000000004	-7.391444403937767e-6
0.0365	-7.387491276894318e-6
0.037	-7.383538161567783e-6
0.0375	-7.3795850564545395e-6
0.038	-7.375631960051005e-6
0.0385	-7.371678620931422e-6
0.039	-7.367725169839638e-6
0.0395	-7.363771728187095e-6
0.04	-7.359818297595464e-6
0.0405	-7.355864879686382e-6
0.041	-7.351911476081423e-6
0.0415	-7.347958088402113e-6
0.042	-7.344004718269764e-6
0.0425	-7.340051367306026e-6
0.043000000000000003	-7.336098037132079e-6
0.043500000000000004	-7.3321447293691425e-6
0.044	-7.328191445638341e-6
0.0445	-7.324238187560706e-6
0.045	-7.320284956757159e-6
0.0455	-7.3163317548485105e-6
0.046	-7.312378583455457e-6
0.0465	-7.308425444198562e-6
0.047	-7.304472338698263e-6
0.0475	-7.300519268574857e-6
0.048	-7.296566235448499e-6
0.0485	-7.292613240939185e-6
0.049	-7.288660286666762e-6
0.0495	-7.2847073742509e-6
0.05	-7.2807545053111095e-6
0.0505	-7.276801681466718e-6
0.051000000000000004	-7.272848904336866e-6
0.051500000000000004	-7.268896182419893e-6
0.052000000000000005	-7.264943756129823e-6
0.0525	-7.260991379206466e-6
0.053	-7.257039051132021e-6
0.0535	-7.253086771388759e-6
0.054	-7.249134539459009e-6
0.0545	-7.245182354825164e-6
0.055	-7.2412302169671606e-6
0.0555	-7.2372781253725745e-6
0.056	-7.233326079521462e-6
0.0565	-7.2293740788964615e-6
0.057	-7.225422122980266e-6
0.0575	-7.221470211255631e-6
0.058	-7.217518343205366e-6
0.0585	-7.213566518312339e-6
0.059000000000000004	-7.209614736059476e-6
0.059500000000000004	-7.205662995929757e-6
0.06	-7.201711297406215e-6
0.0605	-7.1977596399719396e-6
0.061	-7.193808023110076e-6
0.0615	-7.1898564463038216e-6
0.062	-7.185904909036421e-6
0.0625	-7.181953410791177e-6
0.063	-7.17800195105144e-6
0.0635	-7.17405052930061e-6
0.064	-7.170099145022139e-6
0.0645	-7.166147797699526e-6
0.065	-7.162196449234227e-6
0.0655	-7.158245072857832e-6
0.066	-7.1542937330671895e-6
0.0665	-7.150342430204947e-6
0.067	-7.146391164613716e-6
0.0675	-7.142439936636075e-6
0.068	-7.138488746620137e-6
0.0685	-7.134537594897286e-6
0.069	-7.130586481815521e-6
0.0695	-7.1266354077172886e-6
0.07	-7.122684372945002e-6
0.07050000000000001	-7.118733377841042e-6
0.07100000000000001	-7.114782422747752e-6
0.07150000000000001	-7.110831508007443e-6
0.07200000000000001	-7.106880633962388e-6
0.0725	-7.102929800954826e-6
0.073	-7.098979009326965e-6
0.0735	-7.0950282594209686e-6
0.074	-7.0910775515789675e-6
0.0745	-7.087126886143058e-6
0.075	-7.083176263455295e-6
0.0755	-7.0792256838577e-6
0.076	-7.075275147692258e-6
0.0765	-7.071324655300911e-6
0.077	-7.067374207025564e-6
0.0775	-7.0634238032080856e-6
0.078	-7.059473444190306e-6
0.0785	-7.05552322662347e-6
0.079	-7.051573094054557e-6
0.0795	-7.047623005339752e-6
0.08	-7.043672959667688e-6
0.0805	-7.039722956227093e-6
0.081	-7.035772994196675e-6
0.0815	-7.0318230727854486e-6
0.082	-7.0278731911724635e-6
0.0825	-7.023923348546786e-6
0.083	-7.019973544097551e-6
0.0835	-7.016023777013983e-6
0.084	-7.012074046485373e-6
0.0845	-7.008124351701092e-6
0.085	-7.0041746918505824e-6
0.0855	-7.000225066123361e-6
0.08600000000000001	-6.996275473709009e-6
0.08650000000000001	-6.992325913797178e-6
0.08700000000000001	-6.988376385577587e-6
0.08750000000000001	-6.9844268882400175e-6
0.088	-6.98047742097432e-6
0.0885	-6.9765279829703975e-6
0.089	-6.972578573418218e-6
0.0895	-6.968629191507804e-6
0.09	-6.964679836429242e-6
0.0905	-6.960730507372665e-6
0.091	-6.956781203528265e-6
0.0915	-6.952831917704913e-6
0.092	-6.948882465451911e-6
0.0925	-6.944933037697976e-6
0.093	-6.940983635292099e-6
0.0935	-6.937034259083203e-6
0.094	-6.9330849099201556e-6
0.0945	-6.92913558865805e-6
0.095	-6.925186296133212e-6
0.0955	-6.921237033200413e-6
0.096	-6.9172878007082725e-6
0.0965	-6.913338599505352e-6
0.097	-6.909389430440136e-6
0.0975	-6.905440294361047e-6
0.098	-6.901491192116432e-6
0.0985	-6.8975421245545655e-6
0.099	-6.893593092523652e-6
0.0995	-6.8896440968718145e-6
0.1	-6.885695138447102e-6
0.1005	-6.881746218097477e-6
0.101	-6.877797336670831e-6
0.1015	-6.873848495014959e-6
0.10200000000000001	-6.8698996939775824e-6
0.10250000000000001	-6.865950934406325e-6
0.10300000000000001	-6.86200221714873e-6
0.10350000000000001	-6.8580535430522435e-6
0.10400000000000001	-6.854104912964225e-6
0.1045	-6.85015632773193e-6
0.105	-6.846207740169556e-6
0.1055	-6.842259112584431e-6
0.106	-6.838310533944627e-6
0.1065	-6.834362006235493e-6
0.107	-6.83041353144213e-6
0.1075	-6.826465111545193e-6
0.108	-6.822516748537444e-6
0.1085	-6.818568444399159e-6
0.109	-6.814620201114321e-6
0.1095	-6.810672020666594e-6
0.11	-6.806723905039337e-6
0.1105	-6.8027758562155775e-6
0.111	-6.798827876178012e-6
0.1115	-6.794879966908986e-6
0.112	-6.790932130390491e-6
0.1125	-6.786984368604152e-6
0.113	-6.783036683531221e-6
0.1135	-6.779089077152563e-6
0.114	-6.7751415514486465e-6
0.1145	-6.771194108399538e-6
0.115	-6.767246749984882e-6
0.1155	-6.7632994781839045e-6
0.116	-6.759352294975396e-6
0.1165	-6.7554052023377e-6
0.117	-6.751458202248704e-6
0.11750000000000001	-6.747511296685835e-6
0.11800000000000001	-6.743564487626044e-6
0.11850000000000001	-6.739618444336367e-6
0.11900000000000001	-6.735672823807524e-6
0.11950000000000001	-6.7317272916364405e-6
0.12	-6.727781841421198e-6
0.1205	-6.723836466768009e-6
0.121	-6.719891161263304e-6
0.1215	-6.715945918516147e-6
0.122	-6.712000732129306e-6
0.1225	-6.708055595706476e-6
0.123	-6.704110502852151e-6
0.1235	-6.700165447171534e-6
0.124	-6.696220422270428e-6
0.1245	-6.69227542175514e-6
0.125	-6.6883304392323614e-6
0.1255	-6.684385468309084e-6
0.126	-6.6804405025924786e-6
0.1265	-6.676495535689808e-6
0.127	-6.6725505612083066e-6
0.1275	-6.668605572755092e-6
0.128	-6.664660563937047e-6
0.1285	-6.660715528360728e-6
0.129	-6.656770459632254e-6
0.1295	-6.6528253513572084e-6
0.13	-6.648880197140529e-6
0.1305	-6.64493499058641e-6
0.131	-6.640989725298189e-6
0.1315	-6.637044443998644e-6
0.132	-6.633097529797726e-6
0.1325	-6.629150549918274e-6
0.133	-6.625203510709421e-6
0.1335	-6.6212564185296545e-6
0.134	-6.617309279711991e-6
0.1345	-6.6133621006175465e-6
0.135	-6.609414887598678e-6
0.1355	-6.60546764700829e-6
0.136	-6.601520385199728e-6
0.1365	-6.597573108526675e-6
0.137	-6.593625823343058e-6
0.1375	-6.589678536002926e-6
0.138	-6.585731252860375e-6
0.1385	-6.581783980269429e-6
0.139	-6.577836724583931e-6
0.1395	-6.573889492157458e-6
0.14	-6.56994228934321e-6
0.1405	-6.565995122493905e-6
0.14100000000000001	-6.562047997961685e-6
0.14150000000000001	-6.558100922098006e-6
0.14200000000000002	-6.554153901253538e-6
0.14250000000000002	-6.550206941778063e-6
0.14300000000000002	-6.546260050020383e-6
0.14350000000000002	-6.542313232328198e-6
0.14400000000000002	-6.538366495048017e-6
0.1445	-6.534419844525057e-6
0.145	-6.530473549373996e-6
0.1455	-6.526528033770394e-6
0.146	-6.522582613714583e-6
0.1465	-6.518637287590282e-6
0.147	-6.514692053770812e-6
0.1475	-6.510746910662454e-6
0.148	-6.506801856639122e-6
0.1485	-6.50285689008603e-6
0.149	-6.498912009388738e-6
0.1495	-6.494967212933159e-6
0.15	-6.49102249910555e-6
0.1505	-6.487077866292506e-6
0.151	-6.483133312880954e-6
0.1515	-6.4791888372581365e-6
0.152	-6.4752444378116215e-6
0.1525	-6.471300112929286e-6
0.153	-6.4673558609993105e-6
0.1535	-6.4634116804101705e-6
0.154	-6.459467569550636e-6
0.1545	-6.455523526809759e-6
0.155	-6.451579550576868e-6
0.1555	-6.4476356392415654e-6
0.156	-6.44369179119372e-6
0.1565	-6.439748004823451e-6
0.157	-6.435804278521137e-6
0.1575	-6.431860610677397e-6
0.158	-6.4279169996830925e-6
0.1585	-6.423973313601582e-6
0.159	-6.420029583855768e-6
0.1595	-6.416085909162603e-6
0.16	-6.412142289853682e-6
0.1605	-6.408198726209128e-6
0.161	-6.4042552185619e-6
0.1615	-6.400311767226872e-6
0.162	-6.396368372518872e-6
0.1625	-6.392425034752682e-6
0.163	-6.388481754243034e-6
0.1635	-6.384538531304609e-6
0.164	-6.380595366252044e-6
0.1645	-6.376652259399926e-6
0.165	-6.37270921106279e-6
0.1655	-6.368766221555123e-6
0.166	-6.364823291191357e-6
0.1665	-6.36088042028588e-6
0.167	-6.3569376091530195e-6
0.1675	-6.35299485810706e-6
0.168	-6.349052167462227e-6
0.1685	-6.34510953753269e-6
0.169	-6.341166968632574e-6
0.1695	-6.337224461075943e-6
0.17	-6.333282015176806e-6
0.1705	-6.3293396312491225e-6
0.171	-6.3253973096067855e-6
0.1715	-6.321455050563641e-6
0.17200000000000001	-6.317513107721017e-6
0.17250000000000001	-6.313571269901099e-6
0.17300000000000001	-6.309629490926194e-6
0.17350000000000002	-6.305687768715001e-6
0.17400000000000002	-6.301746101034011e-6
0.17450000000000002	-6.2978044856994545e-6
0.17500000000000002	-6.293862920527847e-6
0.17550000000000002	-6.2899214033359734e-6
0.176	-6.285979931940872e-6
0.1765	-6.28203850415983e-6
0.177	-6.2780971178103646e-6
0.1775	-6.274155770710213e-6
0.178	-6.270214460677326e-6
0.1785	-6.266273185529846e-6
0.179	-6.262331943086101e-6
0.1795	-6.258390731164599e-6
0.18	-6.254449547583999e-6
0.1805	-6.250508390163121e-6
0.181	-6.246567256720914e-6
0.1815	-6.24262614507646e-6
0.182	-6.2386850530489525e-6
0.1825	-6.2347439784576916e-6
0.183	-6.230802919122065e-6
0.1835	-6.226861872861548e-6
0.184	-6.2229208374956755e-6
0.1845	-6.2189798108440475e-6
0.185	-6.215038721016336e-6
0.1855	-6.2110971411910324e-6
0.186	-6.207155568886554e-6
0.1865	-6.203214006645807e-6
0.187	-6.199272457044738e-6
0.1875	-6.1953309226493185e-6
0.188	-6.191389406025407e-6
0.1885	-6.187447909738753e-6
0.189	-6.1835064363549655e-6
0.1895	-6.179564988439519e-6
0.19	-6.175623568557709e-6
0.1905	-6.171682179274655e-6
0.191	-6.167740823155275e-6
0.1915	-6.163799502764274e-6
0.192	-6.15985822066612e-6
0.1925	-6.155916979425036e-6
0.193	-6.151975781604982e-6
0.1935	-6.148034629769628e-6
0.194	-6.144093526482351e-6
0.1945	-6.140152474306211e-6
0.195	-6.1362114758039325e-6
0.1955	-6.132270533537897e-6
0.196	-6.1283296500701115e-6
0.1965	-6.124388827962213e-6
0.197	-6.120448069775431e-6
0.1975	-6.11650737807058e-6
0.198	-6.112566755408044e-6
0.1985	-6.108625845741878e-6
0.199	-6.1046844608529555e-6
0.1995	-6.1007431633896265e-6
0.2	-6.096801963599365e-6
0.2005	-6.0928608716779895e-6
0.201	-6.0889198978342655e-6
0.2015	-6.0849790522739025e-6
0.202	-6.081038345199277e-6
0.2025	-6.077097786809182e-6
0.203	-6.073157387298556e-6
0.20350000000000001	-6.069217156858215e-6
0.20400000000000001	-6.065277105674607e-6
0.20450000000000002	-6.0613372439295335e-6
0.20500000000000002	-6.057397581799896e-6
0.20550000000000002	-6.053458129457423e-6
0.20600000000000002	-6.049518897068428e-6
0.20650000000000002	-6.04557989479353e-6
0.20700000000000002	-6.041641132787402e-6
0.20750000000000002	-6.037702621198508e-6
0.20800000000000002	-6.033764370168843e-6
0.2085	-6.029826389833671e-6
0.209	-6.025888690321274e-6
0.2095	-6.0219512817526835e-6
0.21	-6.018014174241422e-6
0.2105	-6.014077377893259e-6
0.211	-6.01014090280593e-6
0.2115	-6.0062047590689055e-6
0.212	-6.002272293694533e-6
0.2125	-5.9983419445729275e-6
0.213	-5.994411884896279e-6
0.2135	-5.990482081981971e-6
0.214	-5.986552503105374e-6
0.2145	-5.98262311556053e-6
0.215	-5.978693886657438e-6
0.2155	-5.974764783719306e-6
0.216	-5.970835774079839e-6
0.2165	-5.9669068250805106e-6
0.217	-5.96297790406783e-6
0.2175	-5.9590489783906326e-6
0.218	-5.955120015397338e-6
0.2185	-5.951190982433243e-6
0.219	-5.9472618468377805e-6
0.2195	-5.943332575941797e-6
0.22	-5.939403137064826e-6
0.2205	-5.9354734975123525e-6
0.221	-5.931543624573078e-6
0.2215	-5.9276134855161805e-6
0.222	-5.923683047588568e-6
0.2225	-5.919752278012143e-6
0.223	-5.915821143981028e-6
0.2235	-5.911889612658829e-6
0.224	-5.907957651175852e-6
0.2245	-5.904025226626347e-6
0.225	-5.900092306065719e-6
0.2255	-5.896152203902874e-6
0.226	-5.892210367099202e-6
0.2265	-5.8882680539838636e-6
0.227	-5.884325297707085e-6
0.2275	-5.880382131456367e-6
0.228	-5.8764385884536784e-6
0.2285	-5.872494701952669e-6
0.229	-5.8685505052358575e-6
0.2295	-5.864606031611832e-6
0.23	-5.860661314412439e-6
0.2305	-5.856716386989968e-6
0.231	-5.8527712827143265e-6
0.2315	-5.848826034970238e-6
0.232	-5.84488067715441e-6
0.2325	-5.840935242672708e-6
0.233	-5.8369897649373435e-6
0.2335	-5.833044277364047e-6
0.234	-5.829098813369248e-6
0.23450000000000001	-5.825153406367244e-6
0.23500000000000001	-5.821208089767391e-6
0.23550000000000001	-5.817262896971281e-6
0.23600000000000002	-5.81331786136993e-6
0.23650000000000002	-5.80937301634096e-6
0.23700000000000002	-5.805428395245791e-6
0.23750000000000002	-5.801484031426844e-6
0.23800000000000002	-5.797539958204723e-6
0.23850000000000002	-5.793596904575788e-6
0.23900000000000002	-5.789658611862896e-6
0.23950000000000002	-5.785720659376374e-6
0.24	-5.781783037412476e-6
0.2405	-5.777845736275541e-6
0.241	-5.773908746277751e-6
0.2415	-5.769972057738889e-6
0.242	-5.766035660986104e-6
0.2425	-5.762099546353672e-6
0.243	-5.7581637041827624e-6
0.2435	-5.754228124821203e-6
0.244	-5.75029279862325e-6
0.2445	-5.74635771594934e-6
0.245	-5.742422867165876e-6
0.2455	-5.738488242644988e-6
0.246	-5.734553832764303e-6
0.2465	-5.7306196279067115e-6
0.247	-5.726685618460148e-6
0.2475	-5.722751794817355e-6
0.248	-5.718818147375667e-6
0.2485	-5.7148846665367675e-6
0.249	-5.710951342706483e-6
0.2495	-5.707018166294548e-6
0.25	-5.703085127714378e-6
0.2505	-5.699152217382868e-6
0.251	-5.69521942572014e-6
0.2515	-5.691286743149356e-6
0.252	-5.687353909420474e-6
0.2525	-5.68342073170904e-6
0.253	-5.679487642263209e-6
0.2535	-5.675554637253496e-6
0.254	-5.67162171285095e-6
0.2545	-5.667688865227135e-6
0.255	-5.663756090554117e-6
0.2555	-5.659823385004436e-6
0.256	-5.655890744751101e-6
0.2565	-5.651958165967567e-6
0.257	-5.648025644827717e-6
0.2575	-5.644093177505859e-6
0.258	-5.640160760176703e-6
0.2585	-5.636228389015356e-6
0.259	-5.63229606019731e-6
0.2595	-5.628363769898435e-6
0.26	-5.624431514294962e-6
0.2605	-5.620499289563499e-6
0.261	-5.616567091880999e-6
0.2615	-5.612634917424774e-6
0.262	-5.6087027623724885e-6
0.2625	-5.604770622902157e-6
0.263	-5.600838495192144e-6
0.2635	-5.596906375421173e-6
0.264	-5.592974259768322e-6
0.2645	-5.5890421444130325e-6
0.265	-5.58511002554186e-6
0.2655	-5.581177356102346e-6
0.266	-5.577244277901668e-6
0.2665	-5.573311197157845e-6
0.267	-5.5693781179565786e-6
0.2675	-5.565445044383877e-6
0.268	-5.56151198052602e-6
0.2685	-5.557578930469487e-6
0.269	-5.553645898300898e-6
0.2695	-5.549712888106954e-6
0.27	-5.5457799039743725e-6
0.2705	-5.541846949989828e-6
0.271	-5.537914030239887e-6
0.2715	-5.533981148810931e-6
0.272	-5.530048309789113e-6
0.2725	-5.526115517260258e-6
0.273	-5.52218277530982e-6
0.2735	-5.518250088022797e-6
0.274	-5.514317459483659e-6
0.2745	-5.510384893776286e-6
0.275	-5.506452394983877e-6
0.2755	-5.502519967188885e-6
0.276	-5.498587614472938e-6
0.2765	-5.494655340916764e-6
0.277	-5.4907231506001e-6
0.2775	-5.4867910476016254e-6
0.278	-5.482859037501752e-6
0.2785	-5.478927121389874e-6
0.279	-5.474995818892769e-6
0.2795	-5.471064754873089e-6
0.28	-5.467133788708304e-6
0.2805	-5.463202919009131e-6
0.281	-5.459272144386619e-6
0.28150000000000003	-5.455341463452133e-6
0.28200000000000003	-5.45141087481736e-6
0.28250000000000003	-5.447480377094293e-6
0.28300000000000003	-5.443549968895238e-6
0.28350000000000003	-5.439619648832798e-6
0.28400000000000003	-5.43568941551988e-6
0.28450000000000003	-5.4317592675696745e-6
0.28500000000000003	-5.427829203595664e-6
0.28550000000000003	-5.423899222211615e-6
0.28600000000000003	-5.41996932203157e-6
0.28650000000000003	-5.41603950166984e-6
0.28700000000000003	-5.412109759741009e-6
0.28750000000000003	-5.408180094859927e-6
0.28800000000000003	-5.404250505641698e-6
0.2885	-5.40032099070168e-6
0.289	-5.396391548655484e-6
0.2895	-5.39246217811896e-6
0.29	-5.388532877708207e-6
0.2905	-5.38460364603955e-6
0.291	-5.380674481709471e-6
0.2915	-5.376745383375956e-6
0.292	-5.372816354653314e-6
0.2925	-5.368887119816394e-6
0.293	-5.364957948986184e-6
0.2935	-5.36102884298863e-6
0.294	-5.357099802649548e-6
0.2945	-5.353170828794608e-6
0.295	-5.349241922249337e-6
0.2955	-5.345313083839126e-6
0.296	-5.3413843143892225e-6
0.2965	-5.33745561472472e-6
0.297	-5.333526985670567e-6
0.2975	-5.329598428051566e-6
0.298	-5.3256699426923615e-6
0.2985	-5.321741530417447e-6
0.299	-5.317813192051162e-6
0.2995	-5.313884928417685e-6
0.3	-5.3099567403410334e-6
0.3005	-5.306028628645071e-6
0.301	-5.30210059415349e-6
0.3015	-5.298172637689819e-6
0.302	-5.294244760077424e-6
0.3025	-5.2903169621394965e-6
0.303	-5.286389244699062e-6
0.3035	-5.282461608578966e-6
0.304	-5.278534054601885e-6
0.3045	-5.274606583520973e-6
0.305	-5.270679196294032e-6
0.3055	-5.266751943499988e-6
0.306	-5.262825030389456e-6
0.3065	-5.258898200558184e-6
0.307	-5.254971452287989e-6
0.3075	-5.2510447838610485e-6
0.308	-5.247118193559873e-6
0.3085	-5.243191679667328e-6
0.309	-5.239265240466596e-6
0.3095	-5.235338874241187e-6
0.31	-5.231412579274931e-6
0.3105	-5.227486353851963e-6
0.311	-5.223560196256717e-6
0.3115	-5.219634104773918e-6
0.312	-5.215708077688585e-6
0.3125	-5.2117821132860105e-6
0.313	-5.207856209851755e-6
0.3135	-5.2039303656716465e-6
0.314	-5.200004579031766e-6
0.3145	-5.196078848218446e-6
0.315	-5.19215317151826e-6
0.3155	-5.188227547218012e-6
0.316	-5.184301973604736e-6
0.3165	-5.180376448965681e-6
0.317	-5.176450971588312e-6
0.3175	-5.172525539796726e-6
0.318	-5.168600151804364e-6
0.3185	-5.164674805936971e-6
0.319	-5.160749362248474e-6
0.3195	-5.156823678298606e-6
0.32	-5.152898035990186e-6
0.3205	-5.148972437098253e-6
0.321	-5.145046883397655e-6
0.3215	-5.141121376663028e-6
0.322	-5.137195918668803e-6
0.3225	-5.133270511189187e-6
0.323	-5.129345155998156e-6
0.3235	-5.125419854869453e-6
0.324	-5.12149460957658e-6
0.3245	-5.117569421892778e-6
0.325	-5.113644293591033e-6
0.3255	-5.109719226444061e-6
0.326	-5.1057942222243e-6
0.3265	-5.10186928270391e-6
0.327	-5.09794440965475e-6
0.3275	-5.0940196048483825e-6
0.328	-5.090094870056061e-6
0.3285	-5.086170207048723e-6
0.329	-5.08224561759698e-6
0.3295	-5.078321103471116e-6
0.33	-5.074396666441064e-6
0.3305	-5.0704723082552965e-6
0.331	-5.066548030724708e-6
0.3315	-5.062623835597818e-6
0.332	-5.0586997246431324e-6
0.3325	-5.054775818454211e-6
0.333	-5.0508521226752834e-6
0.3335	-5.046928513346938e-6
0.334	-5.043004990217301e-6
0.3345	-5.039081553034538e-6
0.335	-5.035158201546883e-6
0.3355	-5.031234935502619e-6
0.336	-5.027311754650084e-6
0.3365	-5.023388658737669e-6
0.337	-5.019465647513818e-6
0.3375	-5.015542720727032e-6
0.338	-5.01161987812586e-6
0.3385	-5.007697119458914e-6
0.339	-5.003774444474846e-6
0.3395	-4.999851852922371e-6
0.34	-4.995929344550255e-6
0.3405	-4.992006919107312e-6
0.341	-4.988084576342416e-6
0.3415	-4.984162316004484e-6
0.342	-4.980240137842493e-6
0.3425	-4.976318041605469e-6
0.343	-4.972396027042488e-6
0.3435	-4.968474093925139e-6
0.34400000000000003	-4.964552241957641e-6
0.34450000000000003	-4.960630470911537e-6
0.34500000000000003	-4.9567087805361155e-6
0.34550000000000003	-4.952787170580711e-6
0.34600000000000003	-4.948864765721106e-6
0.34650000000000003	-4.944941941919279e-6
0.34700000000000003	-4.941019216655237e-6
0.34750000000000003	-4.937096601173568e-6
0.34800000000000003	-4.933174106715705e-6
0.34850000000000003	-4.929251744519612e-6
0.34900000000000003	-4.925329525819458e-6
0.34950000000000003	-4.921407461845292e-6
0.35000000000000003	-4.917485563822734e-6
0.35050000000000003	-4.913563842972634e-6
0.35100000000000003	-4.909642310510773e-6
0.35150000000000003	-4.905720977647525e-6
0.352	-4.901799855587546e-6
0.3525	-4.8978789555294525e-6
0.353	-4.8939582886654955e-6
0.3535	-4.890037866181252e-6
0.354	-4.886117699255295e-6
0.3545	-4.8821977990588855e-6
0.355	-4.878278176755637e-6
0.3555	-4.874358843501219e-6
0.356	-4.870439810443025e-6
0.3565	-4.866521088719856e-6
0.357	-4.8626026893301164e-6
0.3575	-4.858684623649634e-6
0.358	-4.85476690266672e-6
0.3585	-4.850849537482864e-6
0.359	-4.8469325391894115e-6
0.3595	-4.843020015289617e-6
0.36	-4.839109121760923e-6
0.3605	-4.835198548464617e-6
0.361	-4.831288262068874e-6
0.3615	-4.827378229266266e-6
0.362	-4.823468416770904e-6
0.3625	-4.819558791315582e-6
0.363	-4.815649319648926e-6
0.3635	-4.8117399685325535e-6
0.364	-4.807830704738213e-6
0.3645	-4.803921495044957e-6
0.365	-4.8000123062362936e-6
0.3655	-4.796103105097356e-6
0.366	-4.792193858412057e-6
0.3665	-4.7882845329602615e-6
0.367	-4.78437509551495e-6
0.3675	-4.780465512839373e-6
0.368	-4.7765557516842275e-6
0.3685	-4.772645778784814e-6
0.369	-4.768735560858188e-6
0.3695	-4.764825064600334e-6
0.37	-4.760914256504842e-6
0.3705	-4.757003103553241e-6
0.371	-4.75309157220495e-6
0.3715	-4.7491796290438025e-6
0.372	-4.745267240618304e-6
0.3725	-4.7413543734387745e-6
0.373	-4.737433713799569e-6
0.3735	-4.733510978775513e-6
0.374	-4.729587795036854e-6
0.3745	-4.7256642027833546e-6
0.375	-4.721740242256429e-6
0.3755	-4.7178159537350405e-6
0.376	-4.713891377531572e-6
0.3765	-4.709966553987722e-6
0.377	-4.706041523470358e-6
0.3775	-4.702116326367404e-6
0.378	-4.698191003083691e-6
0.3785	-4.694265594036813e-6
0.379	-4.690340139653003e-6
0.3795	-4.68641468036297e-6
0.38	-4.682489256597767e-6
0.3805	-4.6785639087846375e-6
0.381	-4.674638677342886e-6
0.3815	-4.670713602679727e-6
0.382	-4.666788725186145e-6
0.3825	-4.662864085232771e-6
0.383	-4.6589397224806585e-6
0.3835	-4.6550156785465326e-6
0.384	-4.6510919931123194e-6
0.3845	-4.64716870642769e-6
0.385	-4.643245858701094e-6
0.3855	-4.639323490095683e-6
0.386	-4.63540143633918e-6
0.3865	-4.631488575787418e-6
0.387	-4.627576242581147e-6
0.3875	-4.623664406732999e-6
0.388	-4.619753038293482e-6
0.3885	-4.61584210734868e-6
0.389	-4.611931584017953e-6
0.3895	-4.608021438451656e-6
0.39	-4.6041116408288645e-6
0.3905	-4.6002021613550975e-6
0.391	-4.5962929702600705e-6
0.3915	-4.592384037795445e-6
0.392	-4.588475334232576e-6
0.3925	-4.584566829860294e-6
0.393	-4.580658494982668e-6
0.3935	-4.576750299916794e-6
0.394	-4.572842214990578e-6
0.3945	-4.5689342105405415e-6
0.395	-4.565026256909609e-6
0.3955	-4.561118324444934e-6
0.396	-4.5572103834957026e-6
0.3965	-4.553302404592044e-6
0.397	-4.549394357855214e-6
0.3975	-4.5454862137004494e-6
0.398	-4.541577942457131e-6
0.3985	-4.537669514444138e-6
0.399	-4.533760899967743e-6
0.3995	-4.529852069319475e-6
0.4	-4.525936874127273e-6
0.4005	-4.522021615670155e-6
0.401	-4.5181061507008635e-6
0.4015	-4.514190498831275e-6
0.402	-4.510274679683267e-6
0.4025	-4.5063587128876565e-6
0.403	-4.5024426180831275e-6
0.4035	-4.498526414915138e-6
0.404	-4.494610123034838e-6
0.4045	-4.490693762097956e-6
0.405	-4.4867773517636735e-6
0.4055	-4.4828609116935075e-6
0.406	-4.4789444615501655e-6
0.40650000000000003	-4.475028020996387e-6
0.40700000000000003	-4.471111609693781e-6
0.40750000000000003	-4.467195247301654e-6
0.40800000000000003	-4.463278953475809e-6
0.40850000000000003	-4.459362747867358e-6
0.40900000000000003	-4.455446650121482e-6
0.40950000000000003	-4.451530679182669e-6
0.41000000000000003	-4.44761485567853e-6
0.41050000000000003	-4.443699198862408e-6
0.41100000000000003	-4.439783728355789e-6
0.41150000000000003	-4.435868463772173e-6
0.41200000000000003	-4.43195342471598e-6
0.41250000000000003	-4.428038630781463e-6
0.41300000000000003	-4.4241245008722145e-6
0.41350000000000003	-4.420213459734643e-6
0.41400000000000003	-4.416302691905798e-6
0.41450000000000004	-4.412392190362472e-6
0.41500000000000004	-4.4084819480855075e-6
0.41550000000000004	-4.404571958059692e-6
0.41600000000000004	-4.400662213273644e-6
0.4165	-4.3967527067197274e-6
0.417	-4.392843431393937e-6
0.4175	-4.3889343802958155e-6
0.418	-4.385025546428366e-6
0.4185	-4.381116922797954e-6
0.419	-4.377208502414235e-6
0.4195	-4.373300278290066e-6
0.42	-4.369392243441445e-6
0.4205	-4.365484390887424e-6
0.421	-4.361576713650056e-6
0.4215	-4.357669204754313e-6
0.422	-4.3537618572280456e-6
0.4225	-4.349854666468014e-6
0.423	-4.345947620494064e-6
0.4235	-4.342040714984707e-6
0.424	-4.338133942986405e-6
0.4245	-4.334227297547609e-6
0.425	-4.330320771718629e-6
0.4255	-4.326414358551549e-6
0.426	-4.322508051100105e-6
0.4265	-4.318601689065198e-6
0.427	-4.314694668243158e-6
0.4275	-4.310787741105037e-6
0.428	-4.306880908179926e-6
0.4285	-4.302974169996729e-6
0.429	-4.29906752708416e-6
0.4295	-4.2951609799707285e-6
0.43	-4.291254529184746e-6
0.4305	-4.287348175254302e-6
0.431	-4.283441918707271e-6
0.4315	-4.279535760071297e-6
0.432	-4.27562969987379e-6
0.4325	-4.2717237386419125e-6
0.433	-4.2678178769025755e-6
0.4335	-4.26391211518243e-6
0.434	-4.260006454007855e-6
0.4345	-4.2561008939049475e-6
0.435	-4.2521954353995245e-6
0.4355	-4.248290078727781e-6
0.436	-4.244384824915882e-6
0.4365	-4.2404796742768e-6
0.437	-4.2365746273371655e-6
0.4375	-4.232669684623465e-6
0.438	-4.228764846662045e-6
0.4385	-4.224860113979097e-6
0.439	-4.22095548710067e-6
0.4395	-4.217050966552653e-6
0.44	-4.2131465642628075e-6
0.4405	-4.209242315734442e-6
0.441	-4.205338174537723e-6
0.4415	-4.201434140720749e-6
0.442	-4.197530214331567e-6
0.4425	-4.193626395418188e-6
0.443	-4.189722684028566e-6
0.4435	-4.185819080210611e-6
0.444	-4.181915584012175e-6
0.4445	-4.17801219548106e-6
0.445	-4.174108914665009e-6
0.4455	-4.1702057416117084e-6
0.446	-4.16630267636878e-6
0.4465	-4.162399718983786e-6
0.447	-4.158496869504225e-6
0.4475	-4.154594127977523e-6
0.448	-4.150691494451037e-6
0.4485	-4.146788968972058e-6
0.449	-4.142886552350832e-6
0.4495	-4.138984243091573e-6
0.45	-4.135082042013665e-6
0.4505	-4.1311799491645145e-6
0.451	-4.127277964591526e-6
0.4515	-4.12337608834208e-6
0.452	-4.119474320463543e-6
0.4525	-4.115572661003269e-6
0.453	-4.111671110008591e-6
0.4535	-4.107769652617277e-6
0.454	-4.103868245943194e-6
0.4545	-4.099966948605577e-6
0.455	-4.096065761251561e-6
0.4555	-4.0921646845280985e-6
0.456	-4.088263719081945e-6
0.4565	-4.08436286555968e-6
0.457	-4.08046212460769e-6
0.4575	-4.0765614968721705e-6
0.458	-4.07266098299912e-6
0.4585	-4.068760583634351e-6
0.459	-4.064860299423482e-6
0.4595	-4.060960131011927e-6
0.46	-4.05706007904491e-6
0.4605	-4.053160144167449e-6
0.461	-4.049260327024372e-6
0.4615	-4.045360628260292e-6
0.462	-4.0414610484053564e-6
0.4625	-4.03756158833094e-6
0.463	-4.0336622485690235e-6
0.4635	-4.029763029763447e-6
0.464	-4.025863932557842e-6
0.4645	-4.021964957595638e-6
0.465	-4.018066105520065e-6
0.4655	-4.014167376974141e-6
0.466	-4.010268772600688e-6
0.4665	-4.006370293042315e-6
0.467	-4.002471957232996e-6
0.4675	-3.998573824406092e-6
0.468	-3.99467581737774e-6
0.4685	-3.9907779360063515e-6
0.46900000000000003	-3.986880180150382e-6
0.46950000000000003	-3.982982549668332e-6
0.47000000000000003	-3.979085044418739e-6
0.47050000000000003	-3.9751876642601965e-6
0.47100000000000003	-3.971290409051332e-6
0.47150000000000003	-3.9673932786508185e-6
0.47200000000000003	-3.9634962729173725e-6
0.47250000000000003	-3.959599391709755e-6
0.47300000000000003	-3.955702634886768e-6
0.47350000000000003	-3.951806002307257e-6
0.47400000000000003	-3.947909493830115e-6
0.47450000000000003	-3.944013109314272e-6
0.47500000000000003	-3.940116848627698e-6
0.47550000000000003	-3.936220711611483e-6
0.47600000000000003	-3.932324698133542e-6
0.47650000000000003	-3.928428808052979e-6
0.47700000000000004	-3.9245330412289405e-6
0.47750000000000004	-3.920637397520611e-6
0.47800000000000004	-3.916741876787227e-6
0.47850000000000004	-3.912846478888059e-6
0.47900000000000004	-3.9089512036824226e-6
0.47950000000000004	-3.905056051029677e-6
0.48	-3.901161020789226e-6
0.4805	-3.897266102660069e-6
0.481	-3.893371251597041e-6
0.4815	-3.889476523150217e-6
0.482	-3.885581917714987e-6
0.4825	-3.881687435686622e-6
0.483	-3.8777930774602605e-6
0.4835	-3.873898843430914e-6
0.484	-3.870004733993472e-6
0.4845	-3.86611074954269e-6
0.485	-3.862216890473196e-6
0.4855	-3.8583231571794854e-6
0.486	-3.854429550055936e-6
0.4865	-3.850536069496786e-6
0.487	-3.8466427158961395e-6
0.4875	-3.8427494896479835e-6
0.488	-3.838856391133979e-6
0.4885	-3.834963420772037e-6
0.489	-3.831070578943841e-6
0.4895	-3.8271778660428475e-6
0.49	-3.823285282462381e-6
0.4905	-3.8193928285956345e-6
0.491	-3.8155005048356635e-6
0.4915	-3.8116083115753978e-6
0.492	-3.8077162492076225e-6
0.4925	-3.8038243181249994e-6
0.493	-3.7999325187200473e-6
0.4935	-3.7960408513851537e-6
0.494	-3.792149318517493e-6
0.4945	-3.788257937302951e-6
0.495	-3.784366689145669e-6
0.4955	-3.7804755742669435e-6
0.496	-3.7765845928879895e-6
0.4965	-3.7726937452299504e-6
0.497	-3.768803031513885e-6
0.4975	-3.7649124519607794e-6
0.498	-3.7610220067915392e-6
0.4985	-3.757131696226987e-6
0.499	-3.7532415204878687e-6
0.4995	-3.7493514797948573e-6
0.5	-3.7454615743685382e-6
0.5005000000000001	-3.741571804429422e-6
0.501	-3.7376821701979416e-6
0.5015000000000001	-3.7337926719118076e-6
0.502	-3.7299033097566326e-6
0.5025000000000001	-3.7260140839697476e-6
0.503	-3.722124994771268e-6
0.5035000000000001	-3.7182360423812223e-6
0.504	-3.7143472270195614e-6
0.5045000000000001	-3.7104585489061566e-6
0.505	-3.7065700082607937e-6
0.5055000000000001	-3.7026816053031847e-6
0.506	-3.6987933402529597e-6
0.5065000000000001	-3.6949052133296645e-6
0.507	-3.691017224752768e-6
0.5075000000000001	-3.687129374404202e-6
0.508	-3.683241634949705e-6
0.5085000000000001	-3.679354034736275e-6
0.509	-3.6754665742139464e-6
0.5095000000000001	-3.6715792538325886e-6
0.51	-3.667692074041905e-6
0.5105000000000001	-3.6638050352914362e-6
0.511	-3.6599181380305527e-6
0.5115000000000001	-3.656031382708461e-6
0.512	-3.6521447697742044e-6
0.5125	-3.6482582996766517e-6
0.513	-3.6443719728645095e-6
0.5135	-3.640485789786312e-6
0.514	-3.6365997508904233e-6
0.5145	-3.632713856612419e-6
0.515	-3.628828107425457e-6
0.5155	-3.624942503765002e-6
0.516	-3.6210570460787433e-6
0.5165	-3.6171717348141994e-6
0.517	-3.6132865704187155e-6
0.5175	-3.609401553339469e-6
0.518	-3.6055166840234607e-6
0.5185	-3.6016319629175184e-6
0.519	-3.597747390468299e-6
0.5195	-3.59386296712228e-6
0.52	-3.589978693325772e-6
0.5205	-3.5860945695249037e-6
0.521	-3.5822105961656293e-6
0.5215	-3.578326792508894e-6
0.522	-3.574443142088038e-6
0.5225	-3.570559643119249e-6
0.523	-3.5666762958775153e-6
0.5235	-3.5627931006377294e-6
0.524	-3.5589100576746646e-6
0.5245	-3.555027167262983e-6
0.525	-3.5511444296772353e-6
0.5255	-3.5472618451918655e-6
0.526	-3.5433794140812e-6
0.5265	-3.539497136619455e-6
0.527	-3.535615013080735e-6
0.5275	-3.5317330437434604e-6
0.528	-3.5278512288727034e-6
0.5285	-3.523969568746571e-6
0.529	-3.5200880636387183e-6
0.5295	-3.5162067138226863e-6
0.53	-3.512325519571902e-6
0.5305	-3.5084444811596768e-6
0.531	-3.504563598859213e-6
0.5315	-3.5006828729436005e-6
0.532	-3.4968023036858054e-6
0.5325	-3.4929218913586955e-6
0.533	-3.489041636235008e-6
0.5335	-3.485161538587376e-6
0.534	-3.4812815986883167e-6
0.5345	-3.477401816810231e-6
0.535	-3.473522190384861e-6
0.5355	-3.469642721662604e-6
0.536	-3.465763411831748e-6
0.5365	-3.461884261194551e-6
0.537	-3.458005270053136e-6
0.5375	-3.45412643870951e-6
0.538	-3.4502477674655418e-6
0.5385	-3.446369256622975e-6
0.539	-3.442490906483421e-6
0.5395	-3.4386127173483693e-6
0.54	-3.4347346895191735e-6
0.5405	-3.4308568232906083e-6
0.541	-3.4269791189765856e-6
0.5415	-3.423101576871767e-6
0.542	-3.4192241972769876e-6
0.5425	-3.415346980492959e-6
0.543	-3.411469926820251e-6
0.5435	-3.4075930365593174e-6
0.544	-3.4037163100104704e-6
0.5445	-3.3998397474738907e-6
0.545	-3.395963349249638e-6
0.5455	-3.392087115637631e-6
0.546	-3.3882110469376562e-6
0.5465	-3.3843351434493735e-6
0.547	-3.3804594054723074e-6
0.5475	-3.3765838333058544e-6
0.548	-3.3727084272492688e-6
0.5485	-3.3688331696031838e-6
0.549	-3.364958066470879e-6
0.5495	-3.361083130741855e-6
0.55	-3.357208362961073e-6
0.5505	-3.3533337636732526e-6
0.551	-3.3494593334228702e-6
0.5515	-3.3455850727541616e-6
0.552	-3.341710982211117e-6
0.5525	-3.337837062337488e-6
0.553	-3.3339633136767734e-6
0.5535	-3.330089736772234e-6
0.554	-3.326216332172146e-6
0.5545	-3.322343100408787e-6
0.555	-3.3184700420298533e-6
0.5555	-3.314597157577614e-6
0.556	-3.310724447594092e-6
0.5565	-3.306851912621056e-6
0.557	-3.3029795532000266e-6
0.5575	-3.2991073698722748e-6
0.558	-3.2952353631788195e-6
0.5585	-3.2913635336604258e-6
0.559	-3.2874918818576085e-6
0.5595	-3.2836204083106283e-6
0.56	-3.279749113559486e-6
0.5605	-3.275877998143934e-6
0.561	-3.2720070626034705e-6
0.5615	-3.2681363074773287e-6
0.562	-3.2642657567603528e-6
0.5625	-3.260395423658667e-6
0.5630000000000001	-3.256525271904968e-6
0.5635	-3.2526553015535646e-6
0.5640000000000001	-3.2487855126587313e-6
0.5645	-3.2449159052747144e-6
0.5650000000000001	-3.2410464794557263e-6
0.5655	-3.237177235255948e-6
0.5660000000000001	-3.2333081727295304e-6
0.5665	-3.229439291930592e-6
0.5670000000000001	-3.2255705929122203e-6
0.5675	-3.221702075730461e-6
0.5680000000000001	-3.2178337404383556e-6
0.5685	-3.213965587089899e-6
0.5690000000000001	-3.2100976157390497e-6
0.5695	-3.2062298264397425e-6
0.5700000000000001	-3.202362219245872e-6
0.5705	-3.1984947942113075e-6
0.5710000000000001	-3.1946275513898863e-6
0.5715	-3.1907604908354117e-6
0.5720000000000001	-3.186893612601654e-6
0.5725	-3.1830269167423597e-6
0.5730000000000001	-3.1791604033112355e-6
0.5735	-3.175294072361961e-6
0.5740000000000001	-3.1714279239481873e-6
0.5745	-3.167561958123525e-6
0.5750000000000001	-3.1636961749415624e-6
0.5755	-3.1598305630038157e-6
0.5760000000000001	-3.1559650723513e-6
0.5765	-3.152099765195053e-6
0.577	-3.1482346421784083e-6
0.5775	-3.1443697039443907e-6
0.578	-3.1405049511357105e-6
0.5785	-3.136640384394761e-6
0.579	-3.132776004363621e-6
0.5795	-3.128911811684053e-6
0.58	-3.1250478069888908e-6
0.5805	-3.1211839909363704e-6
0.581	-3.1173203641588775e-6
0.5815	-3.113456927296894e-6
0.582	-3.10959368099059e-6
0.5825	-3.10573062587981e-6
0.583	-3.101867762604072e-6
0.5835	-3.098005091802571e-6
0.584	-3.0941426141141758e-6
0.5845	-3.090280330177433e-6
0.585	-3.086418240630555e-6
0.5855	-3.082556346111428e-6
0.586	-3.0786946472576132e-6
0.5865	-3.0748331447063308e-6
0.587	-3.070971839094483e-6
0.5875	-3.067110731058629e-6
0.588	-3.0632498212350003e-6
0.5885	-3.059389110259491e-6
0.589	-3.055528598767661e-6
0.5895	-3.0516682912927246e-6
0.59	-3.047808185041572e-6
0.5905	-3.043948280111174e-6
0.591	-3.0400885771002987e-6
0.5915	-3.0362290766073928e-6
0.592	-3.0323697792305706e-6
0.5925	-3.0285106855676357e-6
0.593	-3.0246517962344376e-6
0.5935	-3.020793111791633e-6
0.594	-3.016934632854001e-6
0.5945	-3.0130763600180344e-6
0.595	-3.009218293879904e-6
0.5955	-3.00536043503544e-6
0.596	-3.0015027840801563e-6
0.5965	-2.99764534160923e-6
0.597	-2.993788108217512e-6
0.5975	-2.989931084499517e-6
0.598	-2.986074271049428e-6
0.5985	-2.982217668461096e-6
0.599	-2.978361277328039e-6
0.5995	-2.9745050982434383e-6
0.6	-2.97064913180014e-6
0.6005	-2.966793378590654e-6
0.601	-2.9629378392071514e-6
0.6015	-2.9590825142414663e-6
0.602	-2.9552274042850926e-6
0.6025	-2.9513725099291853e-6
0.603	-2.9475178522869664e-6
0.6035	-2.9436634263261653e-6
0.604	-2.9398092172805027e-6
0.6045	-2.9359552254540664e-6
0.605	-2.932101451150772e-6
0.6055	-2.928247894674347e-6
0.606	-2.924394556328342e-6
0.6065	-2.920541436391623e-6
0.607	-2.9166885352161594e-6
0.6075	-2.91283585308088e-6
0.608	-2.908983390288604e-6
0.6085	-2.9051311471419724e-6
0.609	-2.9012791239434374e-6
0.6095	-2.8974273209952777e-6
0.61	-2.8935757385995795e-6
0.6105	-2.8897243770582473e-6
0.611	-2.8858732366730076e-6
0.6115	-2.8820223177453916e-6
0.612	-2.878171620576758e-6
0.6125	-2.874321145468271e-6
0.613	-2.8704708927209175e-6
0.6135	-2.8666208626354952e-6
0.614	-2.8627710555126214e-6
0.6145	-2.858921471652721e-6
0.615	-2.855072111356038e-6
0.6155	-2.85122297492263e-6
0.616	-2.8473740626523723e-6
0.6165	-2.8435253634634547e-6
0.617	-2.8396768500433607e-6
0.6175	-2.835828562189148e-6
0.618	-2.8319805006039795e-6
0.6185	-2.8281326659905943e-6
0.619	-2.8242850590513034e-6
0.6195	-2.8204376804895876e-6
0.62	-2.8165905310037247e-6
0.6205	-2.812743611296304e-6
0.621	-2.808896922067924e-6
0.6215	-2.805050464018745e-6
0.622	-2.8012042378484958e-6
0.6225	-2.7973582442564666e-6
0.623	-2.793512483941525e-6
0.6235	-2.789666957602087e-6
0.624	-2.7858216659361398e-6
0.6245	-2.7819766096412285e-6
0.625	-2.77813178941446e-6
0.6255000000000001	-2.7742872059524965e-6
0.626	-2.770442859951562e-6
0.6265000000000001	-2.7665987521074326e-6
0.627	-2.7627548831154476e-6
0.6275000000000001	-2.758911253670487e-6
0.628	-2.755067864466999e-6
0.6285000000000001	-2.7512247161989713e-6
0.629	-2.747381809559954e-6
0.6295000000000001	-2.743539145243035e-6
0.63	-2.739696723940862e-6
0.6305000000000001	-2.7358545562537946e-6
0.631	-2.7320126349103382e-6
0.6315000000000001	-2.728170958480172e-6
0.632	-2.724329527558921e-6
0.6325000000000001	-2.720488342755754e-6
0.633	-2.7166474046378374e-6
0.6335000000000001	-2.712806713813234e-6
0.634	-2.7089662708759897e-6
0.6345000000000001	-2.705126076419746e-6
0.635	-2.701286131037745e-6
0.6355000000000001	-2.697446435322833e-6
0.636	-2.693606989867448e-6
0.6365000000000001	-2.6897677952636325e-6
0.637	-2.685928852103022e-6
0.6375000000000001	-2.682090160976851e-6
0.638	-2.678251722475948e-6
0.6385000000000001	-2.674413537190737e-6
0.639	-2.6705756057112347e-6
0.6395000000000001	-2.6667379286270536e-6
0.64	-2.6629005065274003e-6
0.6405	-2.6590633400010652e-6
0.641	-2.6552264296364386e-6
0.6415	-2.6513897760214934e-6
0.642	-2.6475533797437977e-6
0.6425	-2.643717241390505e-6
0.643	-2.639881361548358e-6
0.6435	-2.6360457408036875e-6
0.644	-2.6322103816619734e-6
0.6445	-2.628375285804955e-6
0.645	-2.6245404507462716e-6
0.6455	-2.6207058770101947e-6
0.646	-2.6168715651834385e-6
0.6465	-2.6130375157900196e-6
0.647	-2.6092037293740928e-6
0.6475	-2.605370206479435e-6
0.648	-2.6015369476494183e-6
0.6485	-2.597703953427028e-6
0.649	-2.5938712243548535e-6
0.6495	-2.5900387609750948e-6
0.65	-2.58620656382955e-6
0.6505	-2.5823746334596245e-6
0.651	-2.5785429704063295e-6
0.6515	-2.5747115752102787e-6
0.652	-2.5708804484116894e-6
0.6525	-2.5670495905503726e-6
0.653	-2.563219002165751e-6
0.6535	-2.5593886837968477e-6
0.654	-2.555558635982276e-6
0.6545	-2.5517288592602575e-6
0.655	-2.54789935416861e-6
0.6555	-2.544070121244752e-6
0.656	-2.540241161025692e-6
0.6565	-2.5364124740480447e-6
0.657	-2.532584060848014e-6
0.6575	-2.5287559273039757e-6
0.658	-2.5249280130446052e-6
0.6585	-2.5211003745356977e-6
0.659	-2.517273012715162e-6
0.6595	-2.513445928503971e-6
0.66	-2.5096191228385416e-6
0.6605	-2.505792596649253e-6
0.661	-2.501966350865788e-6
0.6615	-2.498140386417127e-6
0.662	-2.4943147042315394e-6
0.6625	-2.4904893052365955e-6
0.663	-2.486664190359144e-6
0.6635	-2.4828393605253318e-6
0.664	-2.4790148166605907e-6
0.6645	-2.4751905596896316e-6
0.665	-2.4713665905364513e-6
0.6655	-2.4675429101243284e-6
0.666	-2.4637195193758183e-6
0.6665	-2.4598964192127486e-6
0.667	-2.4560736105562316e-6
0.6675	-2.452251094326641e-6
0.668	-2.4484288714436267e-6
0.6685	-2.444606942826107e-6
0.669	-2.4407853093922664e-6
0.6695	-2.4369639720595527e-6
0.67	-2.4331429317446754e-6
0.6705	-2.429322189363612e-6
0.671	-2.4255017458315862e-6
0.6715	-2.4216816072461087e-6
0.672	-2.4178617791136914e-6
0.6725	-2.4140422524063912e-6
0.673	-2.4102230279206075e-6
0.6735	-2.4064041064497027e-6
0.674	-2.402585488786378e-6
0.6745	-2.3987671757226824e-6
0.675	-2.394949168049994e-6
0.6755	-2.3911314665590403e-6
0.676	-2.387314072039876e-6
0.6765	-2.383496985281896e-6
0.677	-2.379680207073827e-6
0.6775	-2.3758637382037296e-6
0.678	-2.3720475794589934e-6
0.6785	-2.36823173162634e-6
0.679	-2.364416195491816e-6
0.6795	-2.3606009718408e-6
0.68	-2.3567860614579888e-6
0.6805	-2.352971465127414e-6
0.681	-2.3491571836324173e-6
0.6815	-2.345343217755672e-6
0.682	-2.341529568279168e-6
0.6825	-2.337716235984212e-6
0.683	-2.33390322165143e-6
0.6835	-2.330090526060767e-6
0.684	-2.3262781499914795e-6
0.6845	-2.3224660942221342e-6
0.685	-2.318654359504058e-6
0.6855	-2.314842988366119e-6
0.686	-2.3110319543805686e-6
0.6865	-2.30722124301659e-6
0.687	-2.303410854605644e-6
0.6875	-2.29960078947888e-6
0.6880000000000001	-2.2957910479671244e-6
0.6885	-2.291981630400898e-6
0.6890000000000001	-2.2881725371103974e-6
0.6895	-2.2843637684255057e-6
0.6900000000000001	-2.28055532467579e-6
0.6905	-2.2767472061905037e-6
0.6910000000000001	-2.2729394132985783e-6
0.6915	-2.2691319463286277e-6
0.6920000000000001	-2.265324805608957e-6
0.6925	-2.26151799146755e-6
0.6930000000000001	-2.2577115042320678e-6
0.6935	-2.2539053442298628e-6
0.6940000000000001	-2.2500995117879616e-6
0.6945	-2.2462940072330827e-6
0.6950000000000001	-2.242488830891616e-6
0.6955	-2.238683983089645e-6
0.6960000000000001	-2.234879464152924e-6
0.6965	-2.2310752744068964e-6
0.6970000000000001	-2.227271414176683e-6
0.6975	-2.223467883787089e-6
0.6980000000000001	-2.2196646835625984e-6
0.6985	-2.215861813835711e-6
0.6990000000000001	-2.2120592284861523e-6
0.6995	-2.2082563049088507e-6
0.7000000000000001	-2.20445371894651e-6
0.7005	-2.2006514765220007e-6
0.7010000000000001	-2.196849583552802e-6
0.7015	-2.193048045950903e-6
0.7020000000000001	-2.1892468696227245e-6
0.7025	-2.185446060469019e-6
0.7030000000000001	-2.1816456243847926e-6
0.7035	-2.177845567259209e-6
0.704	-2.174045894975495e-6
0.7045	-2.170246613410868e-6
0.705	-2.1664477284364376e-6
0.7055	-2.162649245917118e-6
0.706	-2.1588511717115396e-6
0.7065	-2.1550535116719656e-6
0.707	-2.151256271644205e-6
0.7075	-2.1474594574675224e-6
0.708	-2.1436630749745516e-6
0.7085	-2.1398671299912138e-6
0.709	-2.1360716283366246e-6
0.7095	-2.132276575823013e-6
0.71	-2.128481978255638e-6
0.7105	-2.1246878414326966e-6
0.711	-2.120894171145244e-6
0.7115	-2.117100973220825e-6
0.712	-2.1133082533494916e-6
0.7125	-2.109516017342733e-6
0.713	-2.1057250551566794e-6
0.7135	-2.1019362075283223e-6
0.714	-2.098147835303381e-6
0.7145	-2.09435992554505e-6
0.715	-2.090572465332199e-6
0.7155	-2.086785441758915e-6
0.716	-2.082998841934059e-6
0.7165	-2.0792126529808113e-6
0.717	-2.075426862036237e-6
0.7175	-2.0716414562508342e-6
0.718	-2.067856422788095e-6
0.7185	-2.0640717488240617e-6
0.719	-2.0602874215468885e-6
0.7195	-2.0565034281563948e-6
0.72	-2.052719755863635e-6
0.7205	-2.0489363918904544e-6
0.721	-2.0451533234690658e-6
0.7215	-2.041370537841591e-6
0.722	-2.0375880222596496e-6
0.7225	-2.033805763983905e-6
0.723	-2.030023750283654e-6
0.7235	-2.02624196843637e-6
0.724	-2.0224604057272934e-6
0.7245	-2.0186790491780653e-6
0.725	-2.0148978866435334e-6
0.7255	-2.011116905147996e-6
0.726	-2.007336092002991e-6
0.7265	-2.003555434525639e-6
0.727	-1.9997731999965705e-6
0.7275	-1.995989285506426e-6
0.728	-1.9922055297679885e-6
0.7285	-1.9884219475180453e-6
0.729	-1.984638553486569e-6
0.7295	-1.980855362396141e-6
0.73	-1.9770723889613878e-6
0.7305	-1.973289647888391e-6
0.731	-1.969507153874132e-6
0.7315	-1.965724921605916e-6
0.732	-1.961942965760795e-6
0.7325	-1.958161301005014e-6
0.733	-1.9543799419934378e-6
0.7335	-1.9505989033689857e-6
0.734	-1.9468181997620702e-6
0.7345	-1.943037845790034e-6
0.735	-1.9392578560565935e-6
0.7355	-1.935478245151277e-6
0.736	-1.9316990276488696e-6
0.7365	-1.9279202181088565e-6
0.737	-1.924141831074876e-6
0.7375	-1.9203638824565613e-6
0.738	-1.916586384012715e-6
0.7385	-1.9128093515904187e-6
0.739	-1.909032799664539e-6
0.7395	-1.9052567426914919e-6
0.74	-1.9014811951087002e-6
0.7405	-1.8977061713340394e-6
0.741	-1.8939331415209814e-6
0.7415	-1.8901615548074356e-6
0.742	-1.886390504651854e-6
0.7425	-1.8826199872701128e-6
0.743	-1.8788499988831854e-6
0.7435	-1.8750805357170933e-6
0.744	-1.8713115940028824e-6
0.7445	-1.867543169976559e-6
0.745	-1.8637752598790692e-6
0.7455	-1.8600078599562523e-6
0.746	-1.856240966458797e-6
0.7465	-1.8524745756422048e-6
0.747	-1.8487086837667476e-6
0.7475	-1.844943287097439e-6
0.748	-1.8411783819039765e-6
0.7485	-1.8374139644607207e-6
0.749	-1.833650031046649e-6
0.7495	-1.8298865779453146e-6
0.75	-1.8261236014448098e-6
0.7505000000000001	-1.822361097837734e-6
0.751	-1.8185990613497555e-6
0.7515000000000001	-1.8148374923482487e-6
0.752	-1.8110763851627433e-6
0.7525000000000001	-1.8073157361054827e-6
0.753	-1.8035555414930678e-6
0.7535000000000001	-1.7997957976464268e-6
0.754	-1.7960365008907673e-6
0.7545000000000001	-1.79227764755554e-6
0.755	-1.7885188273061e-6
0.7555000000000001	-1.7847602147931086e-6
0.756	-1.7810020429104073e-6
0.7565000000000001	-1.777244312868968e-6
0.757	-1.7734870258782305e-6
0.7575000000000001	-1.769730183146099e-6
0.758	-1.7659737858789424e-6
0.7585000000000001	-1.762217835281569e-6
0.759	-1.7584623325572373e-6
0.7595000000000001	-1.7547072789076414e-6
0.76	-1.750952675532915e-6
0.7605000000000001	-1.747198523631603e-6
0.761	-1.7434448244006814e-6
0.7615000000000001	-1.7396915790355285e-6
0.762	-1.7359387887299339e-6
0.7625000000000001	-1.7321864546760844e-6
0.763	-1.7284345780645523e-6
0.7635000000000001	-1.724683160084301e-6
0.764	-1.7209322039252498e-6
0.7645000000000001	-1.7171817067785708e-6
0.765	-1.7134316718010505e-6
0.7655000000000001	-1.7096821001751033e-6
0.766	-1.7059329930815858e-6
0.7665000000000001	-1.7021843516997874e-6
0.767	-1.6984361772074216e-6
0.7675000000000001	-1.6946884707806319e-6
0.768	-1.6909412335939835e-6
0.7685	-1.6871944668204664e-6
0.769	-1.6834481977006568e-6
0.7695	-1.6797024211692545e-6
0.77	-1.6759571179954995e-6
0.7705	-1.6722122889968718e-6
0.771	-1.668467934989692e-6
0.7715	-1.6647240567891464e-6
0.772	-1.6609806552092545e-6
0.7725	-1.6572377310628922e-6
0.773	-1.6534952851617717e-6
0.7735	-1.64975331831646e-6
0.774	-1.646011831336356e-6
0.7745	-1.64227082502971e-6
0.775	-1.638530300203601e-6
0.7755	-1.6347902576639598e-6
0.776	-1.6310506982155417e-6
0.7765	-1.6273116226619494e-6
0.777	-1.6235730313779312e-6
0.7775	-1.6198349260135968e-6
0.778	-1.6160973069515514e-6
0.7785	-1.6123601749908038e-6
0.779	-1.608623530929197e-6
0.7795	-1.6048873755634066e-6
0.78	-1.6011517096889424e-6
0.7805	-1.597416534100148e-6
0.781	-1.5936818495901954e-6
0.7815	-1.589947656951094e-6
0.782	-1.5862139569736713e-6
0.7825	-1.5824807504475925e-6
0.783	-1.57874765335543e-6
0.7835	-1.575014462454682e-6
0.784	-1.5712817780150012e-6
0.7845	-1.5675496081696933e-6
0.785	-1.5638179610406972e-6
0.7855	-1.5600868447384313e-6
0.786	-1.5563562673616105e-6
0.7865	-1.5526262369970915e-6
0.787	-1.5488967617196967e-6
0.7875	-1.5451678495920496e-6
0.788	-1.5414395086644088e-6
0.7885	-1.5377117469745086e-6
0.789	-1.5339845725473813e-6
0.7895	-1.5302579933952078e-6
0.79	-1.526532017553955e-6
0.7905	-1.5228066529370436e-6
0.791	-1.5190819075525337e-6
0.7915	-1.515357789359537e-6
0.792	-1.5116343063034934e-6
0.7925	-1.5079114663160228e-6
0.793	-1.5041892773147575e-6
0.7935	-1.5004677472031937e-6
0.794	-1.4967468838705213e-6
0.7945	-1.4930266951914823e-6
0.795	-1.4893071890262036e-6
0.7955	-1.4855883732200584e-6
0.796	-1.4818702556034864e-6
0.7965	-1.4781528439918646e-6
0.797	-1.4744365679957177e-6
0.7975	-1.4707241949443446e-6
0.798	-1.4670125191405434e-6
0.7985	-1.4633015215101408e-6
0.799	-1.4595911830134247e-6
0.7995	-1.4558814846441466e-6
0.8	-1.4521724074285148e-6
0.8005	-1.4484639324242047e-6
0.801	-1.4447560407193644e-6
0.8015	-1.4410487134316205e-6
0.802	-1.4373419317070978e-6
0.8025	-1.4336356767194454e-6
0.803	-1.4299299296688487e-6
0.8035	-1.4262246710721293e-6
0.804	-1.4225198836099543e-6
0.8045	-1.418815547842325e-6
0.805	-1.4151116450654244e-6
0.8055	-1.411408156597088e-6
0.806	-1.4077050637758307e-6
0.8065	-1.404002347959897e-6
0.807	-1.4002999905263235e-6
0.8075	-1.3965979728699782e-6
0.808	-1.3928962764026357e-6
0.8085	-1.3891948825520203e-6
0.809	-1.3854937727608899e-6
0.8095	-1.3817929284860987e-6
0.81	-1.3780923311976617e-6
0.8105	-1.3743919623778432e-6
0.811	-1.3706918035202274e-6
0.8115	-1.3669882095771453e-6
0.812	-1.3632831397403575e-6
0.8125	-1.3595782914246805e-6
0.8130000000000001	-1.3558736854464287e-6
0.8135	-1.3521693426080753e-6
0.8140000000000001	-1.3484652836970777e-6
0.8145	-1.3447615294847147e-6
0.8150000000000001	-1.3410581007249188e-6
0.8155	-1.3373550181531202e-6
0.8160000000000001	-1.333652302485087e-6
0.8165	-1.329949975953291e-6
0.8170000000000001	-1.3262480561779247e-6
0.8175	-1.3225465653026231e-6
0.8180000000000001	-1.3188455239529587e-6
0.8185	-1.3151449527295718e-6
0.8190000000000001	-1.3114448722070263e-6
0.8195	-1.307745302932695e-6
0.8200000000000001	-1.3040462654256223e-6
0.8205	-1.3003477801754033e-6
0.8210000000000001	-1.2966498676410506e-6
0.8215	-1.2929525482498815e-6
0.8220000000000001	-1.289255842396386e-6
0.8225	-1.285559770441108e-6
0.8230000000000001	-1.2818643527095286e-6
0.8235	-1.2781696094909486e-6
0.8240000000000001	-1.2744755610373588e-6
0.8245	-1.270782227562341e-6
0.8250000000000001	-1.2670896292399465e-6
0.8255	-1.263398389195529e-6
0.8260000000000001	-1.2597101800841829e-6
0.8265	-1.2560227390658896e-6
0.8270000000000001	-1.2523360650935683e-6
0.8275	-1.2486501571215468e-6
0.8280000000000001	-1.244965014105522e-6
0.8285	-1.2412806350025617e-6
0.8290000000000001	-1.2375970187710897e-6
0.8295	-1.2339141620045031e-6
0.8300000000000001	-1.2302320682079326e-6
0.8305	-1.2265507341785455e-6
0.8310000000000001	-1.2228701588843017e-6
0.8315	-1.2191903412948527e-6
0.8320000000000001	-1.2155112803815186e-6
0.8325	-1.211832975117293e-6
0.833	-1.2081554244768226e-6
0.8335	-1.2044786274364017e-6
0.834	-1.2008025829739675e-6
0.8345	-1.1971272900690821e-6
0.835	-1.1934527477029282e-6
0.8355	-1.1897789548582946e-6
0.836	-1.1861059105195717e-6
0.8365	-1.1824336136727326e-6
0.837	-1.1787620633053348e-6
0.8375	-1.175091258406493e-6
0.838	-1.1714211979668888e-6
0.8385	-1.167751880978736e-6
0.839	-1.1640833064357949e-6
0.8395	-1.160415473333333e-6
0.84	-1.1567483780477972e-6
0.8405	-1.1530820202157929e-6
0.841	-1.1494164008744986e-6
0.8415	-1.1457515190586518e-6
0.842	-1.1420873738043762e-6
0.8425	-1.1384239667724486e-6
0.843	-1.1347612918043846e-6
0.8435	-1.1310993504884403e-6
0.844	-1.127438141865936e-6
0.8445	-1.1237776649796663e-6
0.845	-1.1201179188739026e-6
0.8455	-1.1164589025943768e-6
0.846	-1.1128006151883e-6
0.8465	-1.109143055704335e-6
0.847	-1.1054862231926146e-6
0.8475	-1.1018301167047149e-6
0.848	-1.098174735293673e-6
0.8485	-1.094520078013976e-6
0.849	-1.0908661439215506e-6
0.8495	-1.0872129320737654e-6
0.85	-1.0835604415294378e-6
0.8505	-1.079908671348809e-6
0.851	-1.0762576205935579e-6
0.8515	-1.0726072883267888e-6
0.852	-1.0689576736130333e-6
0.8525	-1.065308775518243e-6
0.853	-1.061660593109791e-6
0.8535	-1.0580131254564622e-6
0.854	-1.054366371628455e-6
0.8545	-1.0507244561568285e-6
0.855	-1.0470845484353086e-6
0.8555	-1.0434452801035165e-6
0.856	-1.0398066113501587e-6
0.8565	-1.0361685024364477e-6
0.857	-1.0325309136768614e-6
0.8575	-1.0288938054447354e-6
0.858	-1.0252571381654138e-6
0.8585	-1.021620872311896e-6
0.859	-1.0179849684005233e-6
0.8595	-1.0143493869866655e-6
0.86	-1.0107140886604267e-6
0.8605	-1.007079034042363e-6
0.861	-1.0034441837792143e-6
0.8615	-9.998094985396397e-7
0.862	-9.96174939009972e-7
0.8625	-9.925404658899739e-7
0.863	-9.889060398886097e-7
0.8635	-9.85271621719806e-7
0.864	-9.81637172098246e-7
0.8645	-9.780026517351445e-7
0.865	-9.743680213340404e-7
0.8655	-9.707332415865814e-7
0.866	-9.670982731683222e-7
0.8665	-9.634630767345197e-7
0.867	-9.598276129159189e-7
0.8675	-9.561918423145521e-7
0.868	-9.5255572549953e-7
0.8685	-9.489192230028251e-7
0.869	-9.452720168416366e-7
0.8695	-9.416215707082997e-7
0.87	-9.379707839781321e-7
0.8705	-9.343197115519196e-7
0.871	-9.306684083739492e-7
0.8715	-9.270169294239564e-7
0.872	-9.23365329709071e-7
0.8725	-9.197136642557247e-7
0.873	-9.160619881015461e-7
0.8735	-9.124103562872112e-7
0.874	-9.087588238482983e-7
0.8745	-9.051074458070932e-7
0.875	-9.014562771643986e-7
0.8755000000000001	-8.978053728913024e-7
0.876	-8.941547879209411e-7
0.8765000000000001	-8.905045771402418e-7
0.877	-8.868547953816405e-7
0.8775000000000001	-8.832054974147898e-7
0.878	-8.795567379382594e-7
0.8785000000000001	-8.759085715711957e-7
0.879	-8.722610528450106e-7
0.8795000000000001	-8.686142361950104e-7
0.88	-8.649681759520481e-7
0.8805000000000001	-8.61322926334154e-7
0.881	-8.576785414381482e-7
0.8815000000000001	-8.540350752312567e-7
0.882	-8.503925856853221e-7
0.8825000000000001	-8.467511181157394e-7
0.883	-8.431107301451678e-7
0.8835000000000001	-8.394827570850287e-7
0.884	-8.358569957847143e-7
0.8845000000000001	-8.322322930929974e-7
0.885	-8.286086138025764e-7
0.8855000000000001	-8.249859228042779e-7
0.886	-8.213641850833698e-7
0.8865000000000001	-8.177433657158898e-7
0.887	-8.141234298650251e-7
0.8875000000000001	-8.105043427775083e-7
0.888	-8.068860697800497e-7
0.8885000000000001	-8.03268576275789e-7
0.889	-7.996518277408162e-7
0.8895000000000001	-7.960357897206714e-7
0.89	-7.924204278269261e-7
0.8905000000000001	-7.888057077337691e-7
0.891	-7.851915951746327e-7
0.8915000000000001	-7.815780559388609e-7
0.892	-7.779650558683989e-7
0.8925000000000001	-7.743525608545353e-7
0.893	-7.707405368346496e-7
0.8935000000000001	-7.671289497890288e-7
0.894	-7.635177657376959e-7
0.8945000000000001	-7.599069507372777e-7
0.895	-7.562964735083197e-7
0.8955000000000001	-7.526862946510577e-7
0.896	-7.490763831670962e-7
0.8965	-7.454667052406091e-7
0.897	-7.418572270775339e-7
0.8975	-7.3824791490242e-7
0.898	-7.346342696070939e-7
0.8985	-7.3101945614662e-7
0.899	-7.274047800644999e-7
0.8995	-7.237902481982475e-7
0.9	-7.201758673827028e-7
0.9005	-7.16561644449885e-7
0.901	-7.129475862288957e-7
0.9015	-7.093336995457644e-7
0.902	-7.057199912233452e-7
0.9025	-7.02106468081179e-7
0.903	-6.984931369353672e-7
0.9035	-6.948800045984485e-7
0.904	-6.912670778792653e-7
0.9045	-6.876543635828363e-7
0.905	-6.840418685102276e-7
0.9055	-6.804295994584214e-7
0.906	-6.7681756322018e-7
0.9065	-6.732057665839186e-7
0.907	-6.695942163335678e-7
0.9075	-6.659829192484377e-7
0.908	-6.623718821030846e-7
0.9085	-6.587611117293019e-7
0.909	-6.551506147740004e-7
0.9095	-6.515403980504878e-7
0.91	-6.479304683125418e-7
0.9105	-6.443208323085469e-7
0.911	-6.407114967813626e-7
0.9115	-6.371024684682128e-7
0.912	-6.334937541005528e-7
0.9125	-6.298865743481446e-7
0.913	-6.262804885892393e-7
0.9135	-6.226747138697867e-7
0.914	-6.190692429208888e-7
0.9145	-6.15464068479735e-7
0.915	-6.118591832894585e-7
0.9155	-6.082545800989813e-7
0.916	-6.046502516628716e-7
0.9165	-6.010461907411904e-7
0.917	-5.974423900993393e-7
0.9175	-5.938388425079351e-7
0.918	-5.902355407426311e-7
0.9185	-5.866324775839934e-7
0.919	-5.830296458173475e-7
0.9195	-5.794270382326297e-7
0.92	-5.758246476242418e-7
0.9205	-5.722224667909077e-7
0.921	-5.68620488535529e-7
0.9215	-5.650187056987818e-7
0.922	-5.614171110236235e-7
0.9225	-5.578156973582672e-7
0.923	-5.542144575209152e-7
0.9235	-5.506133843332217e-7
0.924	-5.470124706201607e-7
0.9245	-5.43411709209877e-7
0.925	-5.398110929335452e-7
0.9255	-5.362106146252207e-7
0.926	-5.326102671217013e-7
0.9265	-5.290100432623931e-7
0.927	-5.2540924679717e-7
0.9275	-5.218073880589585e-7
0.928	-5.182056495814707e-7
0.9285	-5.146040372882771e-7
0.929	-5.110025571008656e-7
0.9295	-5.074012149385582e-7
0.93	-5.038000167184038e-7
0.9305	-5.001989683550896e-7
0.931	-4.965980757608376e-7
0.9315	-4.929973448453143e-7
0.932	-4.893967815155304e-7
0.9325	-4.85796391675744e-7
0.933	-4.821961812273653e-7
0.9335	-4.785961560688648e-7
0.934	-4.7499632209566613e-7
0.9345	-4.713966851992028e-7
0.935	-4.6779725127035256e-7
0.9355	-4.641980261938595e-7
0.936	-4.6059901585200673e-7
0.9365	-4.570002261235615e-7
0.937	-4.534016628836737e-7
0.9375	-4.4980333200379035e-7
0.9380000000000001	-4.4620523935154187e-7
0.9385	-4.4260739079066976e-7
0.9390000000000001	-4.390097921809185e-7
0.9395	-4.3541244937794176e-7
0.9400000000000001	-4.318153682332166e-7
0.9405	-4.282185545939425e-7
0.9410000000000001	-4.246220143029482e-7
0.9415	-4.2102612584775296e-7
0.9420000000000001	-4.1743380746242715e-7
0.9425	-4.138417509100003e-7
0.9430000000000001	-4.1024993648394623e-7
0.9435	-4.066583444909973e-7
0.9440000000000001	-4.0306695525006084e-7
0.9445	-3.994757490911382e-7
0.9450000000000001	-3.958847063542273e-7
0.9455	-3.9229380738826086e-7
0.9460000000000001	-3.887030325500129e-7
0.9465	-3.8511236220303076e-7
0.9470000000000001	-3.8152177671655025e-7
0.9475	-3.779312564701981e-7
0.9480000000000001	-3.743407818275876e-7
0.9485	-3.707503331762219e-7
0.9490000000000001	-3.6715989089748073e-7
0.9495	-3.635694353730957e-7
0.9500000000000001	-3.5997894698406484e-7
0.9505	-3.563884061095944e-7
0.9510000000000001	-3.5279779312601994e-7
0.9515	-3.4920708840573097e-7
0.9520000000000001	-3.4561627231610727e-7
0.9525	-3.420253252184332e-7
0.9530000000000001	-3.384342274668312e-7
0.9535	-3.348429594071829e-7
0.9540000000000001	-3.312515013760501e-7
0.9545	-3.276598336995996e-7
0.9550000000000001	-3.2406793669251767e-7
0.9555	-3.204757906569336e-7
0.9560000000000001	-3.16883375881334e-7
0.9565	-3.1328759479726656e-7
0.9570000000000001	-3.0969058668247305e-7
0.9575	-3.06093299198743e-7
0.9580000000000001	-3.024957406736846e-7
0.9585	-2.988979194412032e-7
0.9590000000000001	-2.952998438413126e-7
0.9595	-2.917015222199445e-7
0.96	-2.8810296292875764e-7
0.9605	-2.845041743249444e-7
0.961	-2.8090516475180487e-7
0.9615	-2.7730594261379674e-7
0.962	-2.737065162664472e-7
0.9625	-2.701068940872335e-7
0.963	-2.665070844582048e-7
0.9635	-2.629070957657861e-7
0.964	-2.5930693640057635e-7
0.9645	-2.5570661475716456e-7
0.965	-2.5210613923392845e-7
0.9655	-2.485055182328328e-7
0.966	-2.449047601592559e-7
0.9665	-2.413038734217659e-7
0.967	-2.3770286643194465e-7
0.9675	-2.3410174760418844e-7
0.968	-2.3050052535550069e-7
0.9685	-2.2689920810530953e-7
0.969	-2.2329780427526567e-7
0.9695	-2.196963222890429e-7
0.97	-2.1609477057214708e-7
0.9705	-2.1249315755171023e-7
0.971	-2.0873897923937903e-7
0.9715	-2.0486532737326134e-7
0.972	-2.0103210768720721e-7
0.9725	-1.9723613364190718e-7
0.973	-1.9347444052754007e-7
0.9735	-1.8974426182484333e-7
0.974	-1.8604409310423404e-7
0.9745	-1.823694967590051e-7
0.975	-1.7871901339457198e-7
0.9755	-1.7509049412121378e-7
0.976	-1.7148190422198462e-7
0.9765	-1.6789130910206372e-7
0.977	-1.6431686179566916e-7
0.9775	-1.6075679177795325e-7
0.978	-1.5720939487023656e-7
0.9785	-1.5367302405968169e-7
0.979	-1.5014608108082672e-7
0.9795	-1.4662700862735957e-7
0.98	-1.431142830795303e-7
0.9805	-1.3960640764575185e-7
0.981	-1.361019058275977e-7
0.9815	-1.3259931512525268e-7
0.982	-1.2909718090645943e-7
0.9825	-1.2559405036586228e-7
0.983	-1.2208846650395445e-7
0.9835	-1.1857896205535858e-7
0.984	-1.1506405329506604e-7
0.9845	-1.1154223364859124e-7
0.985	-1.0801196702739988e-7
0.9855	-1.0447579916582651e-7
0.986	-1.009306826483772e-7
0.9865	-9.736101985491379e-8
0.987	-9.387751961173101e-8
0.9875	-9.024364799560844e-8
0.988	-8.66032991239159e-8
0.9885	-8.296159988492192e-8
0.989	-7.93238108850151e-8
0.9895	-7.570568829272251e-8
0.99	-7.209085548045491e-8
0.9905	-6.848352215600075e-8
0.991	-6.490097991790276e-8
0.9915	-6.130910925634114e-8
0.992	-5.771313350689938e-8
0.9925	-5.410110768134008e-8
0.993	-5.0497147499223097e-8
0.9935	-4.689937708810584e-8
0.994	-4.330026256021392e-8
0.9945	-3.969942281279319e-8
0.995	-3.6094446964118545e-8
0.9955	-3.248783751134412e-8
0.996	-2.8878794545645407e-8
0.9965	-2.5265750744262872e-8
0.997	-2.1651794342145904e-8
0.9975	-2.098867576460381e-8
0.998	-1.2683069782957311e-8
0.9985	-1.0814345210856002e-8
0.999	-8.354861277025662e-9
0.9995	-3.730185171657055e-9