0.	7.676166767035405e-6
0.0005	7.680122516746208e-6
0.001	7.684078298805598e-6
0.0015	7.688034113279323e-6
0.002	7.691989956096506e-6
0.0025	7.69594582537165e-6
0.003	7.699901727379977e-6
0.0035	7.7038576622741e-6
0.004	7.707813630206638e-6
0.0045000000000000005	7.711769631330218e-6
0.005	7.71572566579749e-6
0.0055	7.719681733761106e-6
0.006	7.723637835373735e-6
0.006500000000000001	7.72759397078806e-6
0.007	7.731550140156774e-6
0.0075	7.73550634363258e-6
0.008	7.7394625813682e-6
0.0085	7.743418853516363e-6
0.009000000000000001	7.747375160229816e-6
0.0095	7.751331501661316e-6
0.01	7.755287877963632e-6
0.0105	7.759244289289547e-6
0.011	7.763200735791857e-6
0.0115	7.76715721761356e-6
0.012	7.77111373492695e-6
0.0125	7.775070287875308e-6
0.013000000000000001	7.779026876611496e-6
0.0135	7.782983501288386e-6
0.014	7.786940162058864e-6
0.0145	7.790896859075836e-6
0.015	7.794853592492212e-6
0.0155	7.798810356878053e-6
0.016	7.802767156396042e-6
0.0165	7.806723992880373e-6
0.017	7.810680866545024e-6
0.0175	7.81463777760401e-6
0.018000000000000002	7.818594726271362e-6
0.0185	7.822551712761123e-6
0.019	7.826508737287368e-6
0.0195	7.830465800064183e-6
0.02	7.83442290130568e-6
0.0205	7.838380041225988e-6
0.021	7.84233722003926e-6
0.021500000000000002	7.846294437959668e-6
0.022	7.850251695201401e-6
0.0225	7.854208991978677e-6
0.023	7.858166328505732e-6
0.0235	7.862123704996821e-6
0.024	7.86608112166622e-6
0.0245	7.870038578735901e-6
0.025	7.873996076404639e-6
0.025500000000000002	7.877953614894586e-6
0.026000000000000002	7.88191119442011e-6
0.0265	7.885868815195595e-6
0.027	7.88982647743546e-6
0.0275	7.893784181354132e-6
0.028	7.89774192716607e-6
0.0285	7.901699758359563e-6
0.029	7.905657869348373e-6
0.029500000000000002	7.909616020133184e-6
0.03	7.913574208545086e-6
0.0305	7.917532432414964e-6
0.031	7.921490689573498e-6
0.0315	7.925448977851199e-6
0.032	7.929407295078401e-6
0.0325	7.933365639085278e-6
0.033	7.93732400770186e-6
0.0335	7.941282398758038e-6
0.034	7.945240810083587e-6
0.0345	7.949199239508163e-6
0.035	7.953157684861325e-6
0.035500000000000004	7.95711614397255e-6
0.036000000000000004	7.96107461467123e-6
0.0365	7.965033094786698e-6
0.037	7.96899158214824e-6
0.0375	7.9729500745849e-6
0.038	7.97690856992642e-6
0.0385	7.980867066001661e-6
0.039	7.984825560639812e-6
0.0395	7.988784051670069e-6
0.04	7.992742536921653e-6
0.0405	7.996701014223808e-6
0.041	8.000659481405826e-6
0.0415	8.004617936297058e-6
0.042	8.008576052397227e-6
0.0425	8.012533878303256e-6
0.043000000000000003	8.01649169325091e-6
0.043500000000000004	8.020449500158548e-6
0.044	8.024407301944469e-6
0.0445	8.028365101526941e-6
0.045	8.032322901824203e-6
0.0455	8.036280705754508e-6
0.046	8.040238516236133e-6
0.0465	8.044196336187405e-6
0.047	8.048154168526716e-6
0.0475	8.052112016172554e-6
0.048	8.056069882043517e-6
0.0485	8.060027769058334e-6
0.049	8.063985680135896e-6
0.0495	8.06794361819527e-6
0.05	8.071901586155715e-6
0.0505	8.075859586937642e-6
0.051000000000000004	8.079817623458979e-6
0.051500000000000004	8.083775698640575e-6
0.052000000000000005	8.087733815402703e-6
0.0525	8.091691976665944e-6
0.053	8.095650185351203e-6
0.0535	8.099608444379735e-6
0.054	8.103566756673175e-6
0.0545	8.107525125153538e-6
0.055	8.111483552743261e-6
0.0555	8.115442556522165e-6
0.056	8.119401663614246e-6
0.0565	8.12336082952671e-6
0.057	8.127320052459265e-6
0.0575	8.13127933061136e-6
0.058	8.13523866218219e-6
0.0585	8.139198045370711e-6
0.059000000000000004	8.14315747837564e-6
0.059500000000000004	8.14711695939547e-6
0.06	8.151076486628477e-6
0.0605	8.15503605827272e-6
0.061	8.158995672526063e-6
0.0615	8.162955327586172e-6
0.062	8.166915021650527e-6
0.0625	8.170874752916434e-6
0.063	8.174834519581023e-6
0.0635	8.178794319841268e-6
0.064	8.182754151892182e-6
0.0645	8.18671401393419e-6
0.065	8.1906739041619e-6
0.0655	8.19463382077171e-6
0.066	8.19859376195991e-6
0.0665	8.202553725922675e-6
0.067	8.206513710856076e-6
0.0675	8.21047371495608e-6
0.068	8.214433736418585e-6
0.0685	8.218393681127958e-6
0.069	8.222353442471886e-6
0.0695	8.22631321900683e-6
0.07	8.230273011390195e-6
0.07050000000000001	8.234232820279414e-6
0.07100000000000001	8.238192646331946e-6
0.07150000000000001	8.24215249020528e-6
0.07200000000000001	8.24611235255693e-6
0.0725	8.250072234044449e-6
0.073	8.25403213532541e-6
0.0735	8.25799205705743e-6
0.074	8.261951999898151e-6
0.0745	8.26591196450526e-6
0.075	8.26987195153647e-6
0.0755	8.273831961649534e-6
0.076	8.277791995502252e-6
0.0765	8.281752053752448e-6
0.077	8.285712137060333e-6
0.0775	8.289672246079134e-6
0.078	8.293632381469135e-6
0.0785	8.297592543888339e-6
0.079	8.30155273399479e-6
0.0795	8.305512952446582e-6
0.08	8.309473199901848e-6
0.0805	8.313433477018777e-6
0.081	8.317393784455603e-6
0.0815	8.321354122870615e-6
0.082	8.325314564735738e-6
0.0825	8.32927506691832e-6
0.083	8.333235600595031e-6
0.0835	8.337196165572049e-6
0.084	8.341156761655532e-6
0.0845	8.345117388651634e-6
0.085	8.349078046366488e-6
0.0855	8.353038734606207e-6
0.08600000000000001	8.356999453176895e-6
0.08650000000000001	8.360960201884644e-6
0.08700000000000001	8.36492098053552e-6
0.08750000000000001	8.368881788935584e-6
0.088	8.372842626890879e-6
0.0885	8.376803494207437e-6
0.089	8.38076439069127e-6
0.0895	8.384725316148378e-6
0.09	8.388686270382158e-6
0.0905	8.392647253203806e-6
0.091	8.39660826441667e-6
0.0915	8.400569303826692e-6
0.092	8.404530371239802e-6
0.0925	8.408491466461914e-6
0.093	8.412452589298934e-6
0.0935	8.416413739556748e-6
0.094	8.420374917041232e-6
0.0945	8.42433612155825e-6
0.095	8.428297348067768e-6
0.0955	8.432258565043027e-6
0.096	8.43621980885732e-6
0.0965	8.440181079665196e-6
0.097	8.44414237762121e-6
0.0975	8.448103702879935e-6
0.098	8.452065055595943e-6
0.0985	8.456026435923832e-6
0.099	8.459987844018196e-6
0.0995	8.463949280033649e-6
0.1	8.467910744124814e-6
0.1005	8.471872236446321e-6
0.101	8.475833757152817e-6
0.1015	8.479795306398957e-6
0.10200000000000001	8.483756884339403e-6
0.10250000000000001	8.487718491128837e-6
0.10300000000000001	8.491680126923886e-6
0.10350000000000001	8.495641791875333e-6
0.10400000000000001	8.499603486139848e-6
0.1045	8.503565209872156e-6
0.105	8.50752696322699e-6
0.1055	8.511488746359096e-6
0.106	8.515450559423232e-6
0.1065	8.519412402574166e-6
0.107	8.52337427596668e-6
0.1075	8.527336179755564e-6
0.108	8.531298114095626e-6
0.1085	8.53526012773418e-6
0.109	8.539222215709825e-6
0.1095	8.543184333505533e-6
0.11	8.547146480490907e-6
0.1105	8.551108656035502e-6
0.111	8.555070859508828e-6
0.1115	8.559033090280355e-6
0.112	8.562995347719504e-6
0.1125	8.566957631195656e-6
0.113	8.570919940078151e-6
0.1135	8.574882273736285e-6
0.114	8.578844631539319e-6
0.1145	8.582807012856475e-6
0.115	8.586769417056935e-6
0.1155	8.590731843509843e-6
0.116	8.594694291584314e-6
0.1165	8.598656760648666e-6
0.117	8.602619250073494e-6
0.11750000000000001	8.606581759227021e-6
0.11800000000000001	8.610544287478227e-6
0.11850000000000001	8.614506834196058e-6
0.11900000000000001	8.618469398749434e-6
0.11950000000000001	8.62243198050725e-6
0.12	8.62639457883836e-6
0.1205	8.630357193111608e-6
0.121	8.634319822695803e-6
0.1215	8.638282466959732e-6
0.122	8.64224497424026e-6
0.1225	8.646207486313253e-6
0.123	8.650170013822055e-6
0.1235	8.654132557503272e-6
0.124	8.658095118093532e-6
0.1245	8.662057696329501e-6
0.125	8.666020292947867e-6
0.1255	8.669982908685364e-6
0.126	8.673945544278759e-6
0.1265	8.677908200464847e-6
0.127	8.681870877980475e-6
0.1275	8.685833577562518e-6
0.128	8.689796299947897e-6
0.1285	8.693759045873579e-6
0.129	8.697721816076567e-6
0.1295	8.701684611294448e-6
0.13	8.705647432263251e-6
0.1305	8.709610279720652e-6
0.131	8.713573154403844e-6
0.1315	8.717536057050074e-6
0.132	8.721498988396641e-6
0.1325	8.725461949180895e-6
0.133	8.72942494014024e-6
0.1335	8.733387962012142e-6
0.134	8.737351015534116e-6
0.1345	8.741314101443744e-6
0.135	8.745277277408999e-6
0.1355	8.749240590570953e-6
0.136	8.75320393648854e-6
0.1365	8.757167314533802e-6
0.137	8.761130724078717e-6
0.1375	8.765094164495222e-6
0.138	8.769057635155199e-6
0.1385	8.773021135430485e-6
0.139	8.776984664692866e-6
0.1395	8.780948222314089e-6
0.14	8.784911807665854e-6
0.1405	8.78887542011981e-6
0.14100000000000001	8.79283905904757e-6
0.14150000000000001	8.796802723820705e-6
0.14200000000000002	8.800766413810744e-6
0.14250000000000002	8.804730128388727e-6
0.14300000000000002	8.808693866927017e-6
0.14350000000000002	8.81265762879656e-6
0.14400000000000002	8.816621413368731e-6
0.1445	8.820585220014869e-6
0.145	8.824549048106276e-6
0.1455	8.828512897014223e-6
0.146	8.832476766109944e-6
0.1465	8.836440654764644e-6
0.147	8.84040456234949e-6
0.1475	8.844368488235636e-6
0.148	8.848332431794185e-6
0.1485	8.85229630136174e-6
0.149	8.856260161760266e-6
0.1495	8.860224039714786e-6
0.15	8.864187935594279e-6
0.1505	8.868151849767736e-6
0.151	8.872115782604167e-6
0.1515	8.876079734472603e-6
0.152	8.880043705742086e-6
0.1525	8.88400769678168e-6
0.153	8.887971707960465e-6
0.1535	8.891935739647545e-6
0.154	8.895899792212034e-6
0.1545	8.899863866023075e-6
0.155	8.903827961449829e-6
0.1555	8.90779207886186e-6
0.156	8.911756218627587e-6
0.1565	8.915720381116618e-6
0.157	8.919684566698198e-6
0.1575	8.923648775741582e-6
0.158	8.927613008616061e-6
0.1585	8.931577265690939e-6
0.159	8.935541547335545e-6
0.1595	8.93950585391923e-6
0.16	8.943470185811371e-6
0.1605	8.947434543381368e-6
0.161	8.951398926998641e-6
0.1615	8.955363350632727e-6
0.162	8.959327855232067e-6
0.1625	8.963292386295563e-6
0.163	8.96725694361536e-6
0.1635	8.971221526983588e-6
0.164	8.975186136192363e-6
0.1645	8.979150771033787e-6
0.165	8.983115431299949e-6
0.1655	8.987080116782929e-6
0.166	8.991044827274783e-6
0.1665	8.995009562567565e-6
0.167	8.998974322453309e-6
0.1675	9.00293910672404e-6
0.168	9.006903915171767e-6
0.1685	9.010868747588492e-6
0.169	9.014833603766148e-6
0.1695	9.018798483496808e-6
0.17	9.022763386572384e-6
0.1705	9.026728312784823e-6
0.171	9.030693261926061e-6
0.1715	9.03465823378802e-6
0.17200000000000001	9.038623228162617e-6
0.17250000000000001	9.042588244841749e-6
0.17300000000000001	9.046553283617306e-6
0.17350000000000002	9.050518344281163e-6
0.17400000000000002	9.05448342662519e-6
0.17450000000000002	9.058448530441236e-6
0.17500000000000002	9.06241363182496e-6
0.17550000000000002	9.066378740513304e-6
0.176	9.070343870570247e-6
0.1765	9.074309022107777e-6
0.177	9.078274195237882e-6
0.1775	9.082239390072558e-6
0.178	9.086204606723809e-6
0.1785	9.090169845303646e-6
0.179	9.094135105924081e-6
0.1795	9.09810038869714e-6
0.18	9.102065693734844e-6
0.1805	9.106031021149232e-6
0.181	9.109996371052344e-6
0.1815	9.113961743556224e-6
0.182	9.117927138773975e-6
0.1825	9.121892556815546e-6
0.183	9.125857997794055e-6
0.1835	9.129823461821573e-6
0.184	9.133788949010182e-6
0.1845	9.137754459471965e-6
0.185	9.141719993319015e-6
0.1855	9.145685550663427e-6
0.186	9.149651131617308e-6
0.1865	9.15361673629277e-6
0.187	9.157582364801931e-6
0.1875	9.161548017256912e-6
0.188	9.165513695863298e-6
0.1885	9.169479429940409e-6
0.189	9.17344518799815e-6
0.1895	9.177410969864241e-6
0.19	9.181376775366392e-6
0.1905	9.185342604332288e-6
0.191	9.18930845658962e-6
0.1915	9.19327433196606e-6
0.192	9.197240230289275e-6
0.1925	9.201206151386918e-6
0.193	9.205172095086636e-6
0.1935	9.20913806121606e-6
0.194	9.213104049602818e-6
0.1945	9.217070060074524e-6
0.195	9.22103609245276e-6
0.1955	9.22500214657725e-6
0.196	9.228968222269536e-6
0.1965	9.232934319357194e-6
0.197	9.236900437667792e-6
0.1975	9.240866577028892e-6
0.198	9.244832737268037e-6
0.1985	9.248798918212773e-6
0.199	9.252765119690622e-6
0.1995	9.256731341529111e-6
0.2	9.26069758355575e-6
0.2005	9.264663845598043e-6
0.201	9.268630127483483e-6
0.2015	9.27259641307338e-6
0.202	9.276562702328918e-6
0.2025	9.28052901131711e-6
0.203	9.284495340137143e-6
0.20350000000000001	9.288461688888192e-6
0.20400000000000001	9.292428057669446e-6
0.20450000000000002	9.296394446580103e-6
0.20500000000000002	9.300360855719359e-6
0.20550000000000002	9.304327285186412e-6
0.20600000000000002	9.308293735080472e-6
0.20650000000000002	9.312260205500753e-6
0.20700000000000002	9.316226696546472e-6
0.20750000000000002	9.320193208316852e-6
0.20800000000000002	9.324159740916615e-6
0.2085	9.328126294433747e-6
0.209	9.332092868973196e-6
0.2095	9.33605946463421e-6
0.21	9.340026081516042e-6
0.2105	9.343992719717948e-6
0.211	9.347959379339195e-6
0.2115	9.351926060479046e-6
0.212	9.355892763236779e-6
0.2125	9.359859487711672e-6
0.213	9.363826234003009e-6
0.2135	9.36779300221008e-6
0.214	9.371759792432179e-6
0.2145	9.375726604768606e-6
0.215	9.379693443077466e-6
0.2155	9.383660303903951e-6
0.216	9.387627187076717e-6
0.2165	9.39159409266105e-6
0.217	9.395561020722243e-6
0.2175	9.39952797132559e-6
0.218	9.403494944536395e-6
0.2185	9.407461940419952e-6
0.219	9.411428959041571e-6
0.2195	9.415396000466563e-6
0.22	9.41936306476024e-6
0.2205	9.423330151987916e-6
0.221	9.427297262214918e-6
0.2215	9.431264395504287e-6
0.222	9.435231551925915e-6
0.2225	9.43919873154287e-6
0.223	9.443165934420487e-6
0.2235	9.447133160624108e-6
0.224	9.451100410219078e-6
0.2245	9.455067683270743e-6
0.225	9.459034979844456e-6
0.2255	9.463002300005573e-6
0.226	9.466969643819453e-6
0.2265	9.47093701135146e-6
0.227	9.474904402666962e-6
0.2275	9.478871817831326e-6
0.228	9.482839222945384e-6
0.2285	9.486806598242022e-6
0.229	9.490773998620718e-6
0.2295	9.494741424896483e-6
0.23	9.49870887788438e-6
0.2305	9.502676358399529e-6
0.231	9.506643867257105e-6
0.2315	9.510611405272334e-6
0.232	9.514578973260516e-6
0.2325	9.518546572037002e-6
0.233	9.52251420241721e-6
0.2335	9.526481865216623e-6
0.234	9.530449561250789e-6
0.23450000000000001	9.53441729133674e-6
0.23500000000000001	9.53838505628733e-6
0.23550000000000001	9.542352856919727e-6
0.23600000000000002	9.546320694049754e-6
0.23650000000000002	9.550288568493321e-6
0.23700000000000002	9.554256481066412e-6
0.23750000000000002	9.558224432585086e-6
0.23800000000000002	9.562192423865486e-6
0.23850000000000002	9.566160455723833e-6
0.23900000000000002	9.570128528976438e-6
0.23950000000000002	9.57409664443969e-6
0.24	9.578064802930065e-6
0.2405	9.582033005264135e-6
0.241	9.58600125225855e-6
0.2415	9.589969839178673e-6
0.242	9.593938528241239e-6
0.2425	9.59790725891019e-6
0.243	9.601876028995327e-6
0.2435	9.60584483630623e-6
0.244	9.609813678652275e-6
0.2445	9.613782553842649e-6
0.245	9.617751459686351e-6
0.2455	9.62172039399221e-6
0.246	9.625689354568908e-6
0.2465	9.62965833922497e-6
0.247	9.633627345768794e-6
0.2475	9.637596372007277e-6
0.248	9.641565415751525e-6
0.2485	9.64553447480806e-6
0.249	9.649503546984856e-6
0.2495	9.653472630089825e-6
0.25	9.657441721930818e-6
0.2505	9.661410820315628e-6
0.251	9.665379923052023e-6
0.2515	9.669349027947735e-6
0.252	9.673318132810499e-6
0.2525	9.677287235448036e-6
0.253	9.681256333668089e-6
0.2535	9.685225425278419e-6
0.254	9.689194508086827e-6
0.2545	9.693163447844142e-6
0.255	9.697132055425147e-6
0.2555	9.701100652609781e-6
0.256	9.705069241058733e-6
0.2565	9.709037822432653e-6
0.257	9.713006398392165e-6
0.2575	9.716974970597867e-6
0.258	9.72094354071034e-6
0.2585	9.724912110390159e-6
0.259	9.728880681297893e-6
0.2595	9.732849255094121e-6
0.26	9.736817833439432e-6
0.2605	9.740786417995335e-6
0.261	9.744755010420793e-6
0.2615	9.748723612377211e-6
0.262	9.752692225525286e-6
0.2625	9.756660851525772e-6
0.263	9.76062949203947e-6
0.2635	9.764598148727245e-6
0.264	9.76856682325002e-6
0.2645	9.772535517268817e-6
0.265	9.776504232444709e-6
0.2655	9.78047297043888e-6
0.266	9.784441732912601e-6
0.2665	9.788410521527247e-6
0.267	9.792379337944303e-6
0.2675	9.796348183825365e-6
0.268	9.800317250564672e-6
0.2685	9.80428641282585e-6
0.269	9.808255605760356e-6
0.2695	9.812224828864907e-6
0.27	9.816194081636174e-6
0.2705	9.8201633635708e-6
0.271	9.824132674165378e-6
0.2715	9.828102012916477e-6
0.272	9.832071379320621e-6
0.2725	9.836040772874306e-6
0.273	9.840010193073989e-6
0.2735	9.843979639416097e-6
0.274	9.847949111395354e-6
0.2745	9.85191860851147e-6
0.275	9.8558881302591e-6
0.2755	9.859857676134542e-6
0.276	9.863827245634062e-6
0.2765	9.867796838253893e-6
0.277	9.87176645349024e-6
0.2775	9.875736090839287e-6
0.278	9.879705749797175e-6
0.2785	9.883675429860029e-6
0.279	9.887645130523943e-6
0.2795	9.891614851284989e-6
0.28	9.895584591639207e-6
0.2805	9.899554351082616e-6
0.281	9.9035241112066e-6
0.28150000000000003	9.907493821210095e-6
0.28200000000000003	9.9114635496775e-6
0.28250000000000003	9.915433296840235e-6
0.28300000000000003	9.919403062929715e-6
0.28350000000000003	9.923372848177378e-6
0.28400000000000003	9.927342652814666e-6
0.28450000000000003	9.931312477073041e-6
0.28500000000000003	9.935282321183964e-6
0.28550000000000003	9.939252185378922e-6
0.28600000000000003	9.943222069889398e-6
0.28650000000000003	9.947191974946903e-6
0.28700000000000003	9.951161900777625e-6
0.28750000000000003	9.955131847623746e-6
0.28800000000000003	9.959101815711524e-6
0.2885	9.963071805272522e-6
0.289	9.967041816538301e-6
0.2895	9.971011849740439e-6
0.29	9.974981905110525e-6
0.2905	9.978951982880166e-6
0.291	9.982922083280971e-6
0.2915	9.986892206544577e-6
0.292	9.990862352902619e-6
0.2925	9.994832522586749e-6
0.293	9.99880271582864e-6
0.2935	0.000010002772932859974
0.294	0.000010006743173912442
0.2945	0.000010010713533293554
0.295	0.000010014683962463529
0.2955	0.000010018654414354678
0.296	0.000010022624888003333
0.2965	0.000010026595382445777
0.297	0.000010030565896718232
0.2975	0.000010034536429856883
0.298	0.000010038506980897872
0.2985	0.000010042477548877287
0.299	0.00001004644813283118
0.2995	0.000010050418731795569
0.3	0.00001005438934480913
0.3005	0.000010058359970901883
0.301	0.00001006233060911304
0.3015	0.000010066301258478484
0.302	0.000010070271918034071
0.3025	0.000010074242586815641
0.303	0.000010078213263859003
0.3035	0.000010082183948199952
0.304	0.00001008615463887426
0.3045	0.000010090125334917685
0.305	0.000010094096035365975
0.3055	0.000010098066739254865
0.306	0.00001010203744562008
0.3065	0.000010106008151517269
0.307	0.000010109978861924899
0.3075	0.000010113949531312194
0.308	0.000010117919963072274
0.3085	0.000010121890394946537
0.309	0.000010125860828537972
0.3095	0.000010129831265231798
0.31	0.00001013380170641324
0.3105	0.000010137772153467538
0.311	0.000010141742607779956
0.3115	0.000010145713070735781
0.312	0.00001014968354372033
0.3125	0.00001015365402811894
0.313	0.000010157624525317028
0.3135	0.000010161595036699868
0.314	0.000010165565563653242
0.3145	0.000010169536107562552
0.315	0.000010173506669813397
0.3155	0.000010177477251791439
0.316	0.00001018144785488242
0.3165	0.000010185418480472136
0.317	0.000010189389129946478
0.3175	0.000010193359804690943
0.318	0.000010197330506092528
0.3185	0.000010201301235536924
0.319	0.000010205271994410376
0.3195	0.000010209242784099233
0.32	0.000010213213605989955
0.3205	0.000010217184461469108
0.321	0.000010221155452489398
0.3215	0.000010225126544099157
0.322	0.000010229097671191762
0.3225	0.000010233068833741416
0.323	0.000010237040031722322
0.3235	0.000010241011265108676
0.324	0.000010244982533874679
0.3245	0.000010248953837994516
0.325	0.000010252925177442384
0.3255	0.000010256896552192477
0.326	0.000010260867962218974
0.3265	0.000010264839407496062
0.327	0.000010268810887997925
0.3275	0.000010272782403698744
0.328	0.000010276753954572695
0.3285	0.000010280725540593955
0.329	0.000010284697161736698
0.3295	0.000010288668817975095
0.33	0.000010292640509283315
0.3305	0.000010296612235635523
0.331	0.000010300583997005885
0.3315	0.000010304555793368561
0.332	0.000010308527624697714
0.3325	0.000010312499490967497
0.333	0.000010316471392152071
0.3335	0.000010320443328225585
0.334	0.000010324415325740032
0.3345	0.000010328387657646293
0.335	0.000010332360021358248
0.3355	0.00001033633241406236
0.336	0.000010340304832944856
0.3365	0.000010344277275191764
0.337	0.000010348249737988976
0.3375	0.000010352222218522216
0.338	0.000010356194656982841
0.3385	0.000010360167180008417
0.339	0.00001036413971003576
0.3395	0.000010368112244244955
0.34	0.00001037208477988311
0.3405	0.000010376057314258354
0.341	0.000010380029844732379
0.3415	0.000010384002368711861
0.342	0.000010387974883639002
0.3425	0.000010391947386981464
0.343	0.000010395919876222018
0.3435	0.00001039989234884817
0.34400000000000003	0.000010403864802342092
0.34450000000000003	0.000010407837234171067
0.34500000000000003	0.000010411809641778743
0.34550000000000003	0.000010415782022577369
0.34600000000000003	0.000010419754373941238
0.34650000000000003	0.000010423726693201455
0.34700000000000003	0.000010427698977642153
0.34750000000000003	0.000010431985155581226
0.34800000000000003	0.000010436512095888451
0.34850000000000003	0.000010441027921385729
0.34900000000000003	0.000010445525781700161
0.34950000000000003	0.000010449999111447964
0.35000000000000003	0.000010454441715860378
0.35050000000000003	0.000010458847841245323
0.35100000000000003	0.000010463212229114043
0.35150000000000003	0.000010467530153729398
0.352	0.000010471797443649295
0.3525	0.00001047601048850101
0.353	0.00001048016623270648
0.3535	0.000010484262158182786
0.354	0.000010488296258179096
0.3545	0.000010492520435010373
0.355	0.000010496358862024395
0.3555	0.000010500143167455763
0.356	0.000010503872945864898
0.3565	0.000010507547906427114
0.357	0.00001051116786790973
0.3575	0.000010514732753482683
0.358	0.000010518242585405927
0.3585	0.000010521697479634358
0.359	0.000010525098737612689
0.3595	0.000010528445037542071
0.36	0.000010531737217752371
0.3605	0.000010534975708789225
0.361	0.000010538161008538594
0.3615	0.000010541293677050158
0.362	0.000010542772187133165
0.3625	0.000010545321787594095
0.363	0.000010547844786488065
0.3635	0.000010550342648061574
0.364	0.00001055281674847746
0.3645	0.000010555268382813628
0.365	0.000010557698771425826
0.3655	0.000010560109065741956
0.366	0.000010562500353547311
0.3665	0.00001056487366381328
0.367	0.000010567229971116
0.3675	0.000010569570199686168
0.368	0.000010571895227126617
0.3685	0.000010574205887830274
0.369	0.000010576502976127545
0.3695	0.00001057878724918912
0.37	0.000010581059429707421
0.3705	0.000010583320208377544
0.371	0.000010585570246196408
0.3715	0.000010587810176596962
0.372	0.000010590040607432637
0.3725	0.000010592262122825755
0.373	0.000010594475284892295
0.3735	0.000010596680635354286
0.374	0.000010598878697050042
0.3745	0.00001060106997535154
0.375	0.000010603254959497433
0.3755	0.000010605434123849463
0.376	0.000010607607929079385
0.3765	0.00001060977682329296
0.377	0.000010611941243097024
0.3775	0.000010614101614615206
0.378	0.000010616258354457505
0.3785	0.000010618411870648476
0.379	0.000010620562563518578
0.3795	0.000010622710826562851
0.38	0.000010624857047270957
0.3805	0.000010627001607932288
0.381	0.000010629144886419778
0.3815	0.000010631287256955819
0.382	0.000010633429231761682
0.3825	0.000010635570856015801
0.383	0.000010637712683207948
0.3835	0.000010639855080627492
0.384	0.000010641998415547051
0.3845	0.000010644143055949035
0.385	0.000010646747122510618
0.3855	0.000010649054594313097
0.386	0.00001065136312390242
0.3865	0.00001065367271691308
0.387	0.000010655983379002019
0.3875	0.000010658295115848815
0.388	0.00001066060793315587
0.3885	0.000010662921836648574
0.389	0.000010665236832075509
0.3895	0.000010667552925208621
0.39	0.000010669870121843418
0.3905	0.000010672188427799146
0.391	0.000010674507848918993
0.3915	0.000010676828391070278
0.392	0.00001067915006014464
0.3925	0.000010681472862058235
0.393	0.000010683796802751943
0.3935	0.000010686121888191559
0.394	0.000010688448124367993
0.3945	0.000010690775517297476
0.395	0.00001069310407302177
0.3955	0.000010695433797608368
0.396	0.000010697764697150702
0.3965	0.00001070009677776836
0.397	0.000010702430045607291
0.3975	0.000010704764506840029
0.398	0.0000107071001676659
0.3985	0.000010709437034311244
0.399	0.000010711775113029633
0.3995	0.000010714114410102104
0.4	0.000010716454931837367
0.4005	0.000010718796684572044
0.401	0.000010721139674670892
0.4015	0.000010723483908527038
0.402	0.000010725829392562204
0.4025	0.00001072817613322695
0.403	0.000010730524137000912
0.4035	0.000010732873410393031
0.404	0.000010735223892726858
0.4045	0.000010737575725477128
0.405	0.000010739928847761675
0.4055	0.000010742283266209927
0.406	0.000010744638987481782
0.40650000000000003	0.00001074699601826787
0.40700000000000003	0.000010749354365289796
0.40750000000000003	0.000010751714035300414
0.40800000000000003	0.00001075407884992429
0.40850000000000003	0.000010756442223370888
0.40900000000000003	0.000010758806927277829
0.40950000000000003	0.000010761172965300029
0.41000000000000003	0.000010763540341106606
0.41050000000000003	0.000010765909058380964
0.41100000000000003	0.00001076827912082087
0.41150000000000003	0.00001077065053213854
0.41200000000000003	0.000010773023296060719
0.41250000000000003	0.000010775397416328771
0.41300000000000003	0.000010777772896698755
0.41350000000000003	0.000010780149740941523
0.41400000000000003	0.000010782527952842795
0.41450000000000004	0.00001078490753620325
0.41500000000000004	0.000010787288494838611
0.41550000000000004	0.00001078967083257974
0.41600000000000004	0.000010792054553272716
0.4165	0.000010794439660778933
0.417	0.000010796826158975185
0.4175	0.000010799214051753755
0.418	0.000010801603343022514
0.4185	0.00001080399403670501
0.419	0.000010806386136740547
0.4195	0.000010808779647084303
0.42	0.000010811174571707401
0.4205	0.00001081357091459702
0.421	0.00001081596867975648
0.4215	0.000010818367871205342
0.422	0.000010820768492979505
0.4225	0.000010823170549131302
0.423	0.000010825574043729598
0.4235	0.00001082797898085989
0.424	0.000010830385364624412
0.4245	0.000010832793199142221
0.425	0.00001083520248854931
0.4255	0.000010837613236998707
0.426	0.00001084002544866058
0.4265	0.000010842439080823424
0.427	0.000010844854232089004
0.4275	0.000010847270859325826
0.428	0.000010849688966772368
0.4285	0.000010852108558684727
0.429	0.000010854529639336733
0.4295	0.00001085695221302006
0.43	0.000010859378897675109
0.4305	0.000010861805203643873
0.431	0.000010864233006227498
0.4315	0.000010866662307378927
0.432	0.000010869093109054599
0.4325	0.000010871525413214458
0.433	0.000010873959221821961
0.4335	0.000010876394536844093
0.434	0.000010878831360251366
0.4345	0.000010881269694017833
0.435	0.0000108837095401211
0.4355	0.000010886150900542327
0.436	0.00001088859377726624
0.4365	0.000010891038172281143
0.437	0.000010893484087578922
0.4375	0.000010895931525155057
0.438	0.00001089838048700863
0.4385	0.000010900830975142328
0.439	0.000010903282991562462
0.4395	0.000010905736538278972
0.44	0.00001090819161730543
0.4405	0.000010910648230659055
0.441	0.000010913106380360723
0.4415	0.000010915566068434966
0.442	0.000010918027296909995
0.4425	0.000010920490067817699
0.443	0.000010922954383193654
0.4435	0.000010925420245077137
0.444	0.00001092788765551113
0.4445	0.000010930356616542334
0.445	0.000010932827130221168
0.4455	0.000010935299198601793
0.446	0.000010937772823742108
0.4465	0.000010940248007703762
0.447	0.000010942724752552165
0.4475	0.000010945203060356496
0.448	0.000010947682933189713
0.4485	0.000010950164355124776
0.449	0.000010952647364530638
0.4495	0.000010955131945261326
0.45	0.000010957618099403942
0.4505	0.000010960105829049407
0.451	0.00001096259644058002
0.4515	0.000010965087831317663
0.452	0.000010967580798675445
0.4525	0.000010970075343030173
0.453	0.000010972571464751602
0.4535	0.0000109750691642024
0.454	0.000010977568441738098
0.4545	0.00001098006929770706
0.455	0.000010982571732450443
0.4555	0.000010985075746302147
0.456	0.000010987581339588788
0.4565	0.000010990088512629648
0.457	0.000010992597265736642
0.4575	0.00001099510759921427
0.458	0.000010997619513359583
0.4585	0.000011000133008462142
0.459	0.00001100264808480397
0.4595	0.000011005164742659522
0.46	0.000011007682982295636
0.4605	0.000011010202803971492
0.461	0.000011012724207938575
0.4615	0.000011015247194440636
0.462	0.00001101777176371364
0.4625	0.000011020297915985736
0.463	0.000011022825651477206
0.4635	0.000011025354970400433
0.464	0.00001102788587295985
0.4645	0.000011030418359351901
0.465	0.000011032952429765003
0.4655	0.0000110354880843795
0.466	0.00001103802532336762
0.4665	0.000011040564146893433
0.467	0.000011043104555112815
0.4675	0.000011045646548173393
0.468	0.000011048190126214516
0.4685	0.000011050735289367198
0.46900000000000003	0.000011053282037754092
0.46950000000000003	0.000011055830371489427
0.47000000000000003	0.000011058380290678984
0.47050000000000003	0.000011060931795618551
0.47100000000000003	0.000011063484885996022
0.47150000000000003	0.000011066039562093292
0.47200000000000003	0.000011068596766455
0.47250000000000003	0.000011071154952054276
0.47300000000000003	0.00001107371471960106
0.47350000000000003	0.000011076276067910403
0.47400000000000003	0.000011078838995780993
0.47450000000000003	0.000011081403501995108
0.47500000000000003	0.000011083969585318541
0.47550000000000003	0.000011086537244500557
0.47600000000000003	0.000011089106478273821
0.47650000000000003	0.000011091677285354351
0.47700000000000004	0.000011094249664441447
0.47750000000000004	0.000011096823614217644
0.47800000000000004	0.000011099399133348646
0.47850000000000004	0.000011101976220483273
0.47900000000000004	0.000011104554874253403
0.47950000000000004	0.000011107135093273908
0.48	0.000011109716876142605
0.4805	0.000011112300221440191
0.481	0.000011114885127730198
0.4815	0.000011117471593558918
0.482	0.00001112005961745536
0.4825	0.000011122649197931193
0.483	0.000011125240333480682
0.4835	0.000011127833022580639
0.484	0.000011130427263690364
0.4845	0.000011133023055251586
0.485	0.000011135620395688418
0.4855	0.00001113821928340729
0.486	0.000011140819716796902
0.4865	0.000011143421694228164
0.487	0.000011146025214054146
0.4875	0.000011148630274610022
0.488	0.000011151236874213014
0.4885	0.000011153845011162339
0.489	0.000011156454683739157
0.4895	0.000011159065890206522
0.49	0.00001116167862880932
0.4905	0.000011164292897774218
0.491	0.000011166908695309619
0.4915	0.000011169526019605602
0.492	0.000011172145163289562
0.4925	0.000011174765687818903
0.493	0.000011177387725413526
0.4935	0.000011180011280374758
0.494	0.000011182636350245749
0.4945	0.000011185262932547837
0.495	0.000011187891024780502
0.4955	0.00001119052062442132
0.496	0.000011193151728925913
0.4965	0.000011195784335727899
0.497	0.00001119841844223885
0.4975	0.000011201054045848246
0.498	0.000011203691143923425
0.4985	0.000011206329733809544
0.499	0.000011208969812829532
0.4995	0.000011211611378284041
0.5	0.000011214254427451416
0.5005000000000001	0.000011216898957587637
0.501	0.000011219544965926288
0.5015000000000001	0.000011222192449678515
0.502	0.000011224841406032975
0.5025000000000001	0.000011227491832155814
0.503	0.000011230143725190602
0.5035000000000001	0.000011232797082258328
0.504	0.000011235451900457325
0.5045000000000001	0.000011238108176863263
0.505	0.000011240765908529093
0.5055000000000001	0.000011243425092485018
0.506	0.00001124608572573846
0.5065000000000001	0.000011248747805274018
0.507	0.000011251411328053438
0.5075000000000001	0.000011254076291015586
0.508	0.000011256742691076396
0.5085000000000001	0.000011259410525128858
0.509	0.00001126207979004298
0.5095000000000001	0.00001126475048266575
0.51	0.000011267422599821118
0.5105000000000001	0.000011270096138309958
0.511	0.000011272771094910042
0.5115000000000001	0.000011275447463897633
0.512	0.00001127812524490663
0.5125	0.00001128080443423581
0.513	0.000011283485028578343
0.5135	0.0000112861670246042
0.514	0.00001128885042612925
0.5145	0.000011291535215250077
0.515	0.000011294221395905028
0.5155	0.000011296908964672068
0.516	0.000011299597918105848
0.5165	0.000011302288252737671
0.517	0.000011304979965075478
0.5175	0.000011307673051603829
0.518	0.000011310367508783891
0.5185	0.000011313063333053411
0.519	0.000011315760520826707
0.5195	0.000011318459068494653
0.52	0.00001132115897242466
0.5205	0.000011323860228960669
0.521	0.000011326562834423133
0.5215	0.000011329266785109007
0.522	0.00001133197207729174
0.5225	0.000011334678707221264
0.523	0.000011337386671123982
0.5235	0.000011340095965202762
0.524	0.00001134280658563693
0.5245	0.000011345518528582265
0.525	0.000011348231790170991
0.5255	0.000011350946366511774
0.526	0.000011353662253689719
0.5265	0.000011356379447766364
0.527	0.000011359097944779685
0.5275	0.000011361817740744089
0.528	0.000011364538831650417
0.5285	0.000011367261213465942
0.529	0.00001136998488213438
0.5295	0.00001137270983357588
0.53	0.00001137543606368704
0.5305	0.000011378163568340906
0.531	0.000011380892223481843
0.5315	0.0000113836221665149
0.532	0.000011386353372318172
0.5325	0.000011389085837072043
0.533	0.000011391819556935219
0.5335	0.000011394554528044732
0.534	0.000011397290746515945
0.5345	0.000011400028208442546
0.535	0.000011402766909896562
0.5355	0.000011405506851207667
0.536	0.00001140824801972007
0.5365	0.000011410990415834683
0.537	0.000011413734035537628
0.5375	0.000011416478874793393
0.538	0.000011419224929544832
0.5385	0.000011421972195713178
0.539	0.000011424720669198066
0.5395	0.000011427470345877527
0.54	0.000011430221221608022
0.5405	0.000011432973292224444
0.541	0.000011435726553540138
0.5415	0.00001143848100134692
0.542	0.00001144123663141509
0.5425	0.000011443993439493453
0.543	0.000011446751421309342
0.5435	0.000011449510572568631
0.544	0.000011452270888955764
0.5445	0.000011455032366133771
0.545	0.000011457794999744296
0.5455	0.000011460558785407618
0.546	0.000011463323718722679
0.5465	0.000011466089795267106
0.547	0.000011468857010597245
0.5475	0.000011471625360248177
0.548	0.000011474394839733761
0.5485	0.000011477165444546653
0.549	0.000011479937170158344
0.5495	0.000011482710012019184
0.55	0.000011485483810071273
0.5505	0.000011488258702924936
0.551	0.000011491034699406226
0.5515	0.000011493811795587864
0.552	0.00001149658998752437
0.5525	0.000011499369271252097
0.553	0.000011502149642789241
0.5535	0.000011504931098135865
0.554	0.000011507713633273928
0.5545	0.000011510497244167294
0.555	0.000011513281926761777
0.5555	0.00001151606767698514
0.556	0.000011518854490747142
0.5565	0.000011521642363939556
0.557	0.000011524431295136246
0.5575	0.000011527221274701917
0.558	0.000011530012301258851
0.5585	0.000011532804370627633
0.559	0.00001153559747861098
0.5595	0.00001153839162099378
0.56	0.000011541186793543134
0.5605	0.000011543982992008363
0.561	0.000011546780212121065
0.5615	0.000011549578449595133
0.562	0.0000115523777001268
0.5625	0.000011555177959394671
0.5630000000000001	0.000011557979223059751
0.5635	0.000011560781486765497
0.5640000000000001	0.000011563584746137839
0.5645	0.000011566388996785229
0.5650000000000001	0.00001156919423429868
0.5655	0.000011572000454251796
0.5660000000000001	0.000011574807652200828
0.5665	0.0000115776158236847
0.5670000000000001	0.000011580424964225059
0.5675	0.000011583235069326315
0.5680000000000001	0.00001158604613447569
0.5685	0.000011588858155143255
0.5690000000000001	0.00001159167091745196
0.5695	0.00001159448466326109
0.5700000000000001	0.00001159729935236558
0.5705	0.000011600114980914591
0.5710000000000001	0.000011602931545042833
0.5715	0.000011605749040870584
0.5720000000000001	0.000011608567464503724
0.5725	0.000011611386812033763
0.5730000000000001	0.00001161420707953788
0.5735	0.000011617028263078946
0.5740000000000001	0.000011619850358705562
0.5745	0.000011622673362452087
0.5750000000000001	0.000011625497270338682
0.5755	0.000011628322078371332
0.5760000000000001	0.000011631147782541888
0.5765	0.000011633974378828097
0.577	0.000011636801863193648
0.5775	0.000011639630231588194
0.578	0.0000116424594812043
0.5785	0.000011645289605405262
0.579	0.000011648120601397324
0.5795	0.000011650952465074647
0.58	0.000011653785192317549
0.5805	0.000011656618778992543
0.581	0.000011659453220952373
0.5815	0.000011662288514036061
0.582	0.000011665124654068942
0.5825	0.000011667961636862713
0.583	0.00001167079945821547
0.5835	0.000011673638113911757
0.584	0.000011676477599722604
0.5845	0.000011679317911405576
0.585	0.000011682159044704813
0.5855	0.000011685000995351082
0.586	0.00001168784375906182
0.5865	0.000011690687331541177
0.587	0.00001169353170848007
0.5875	0.000011696376686430464
0.588	0.000011699222454894584
0.5885	0.000011702069016416016
0.589	0.000011704916367537839
0.5895	0.000011707764504792612
0.59	0.000011710613424702394
0.5905	0.000011713463123778789
0.591	0.000011716313598522956
0.5915	0.000011719164845425654
0.592	0.000011722016860967257
0.5925	0.000011724869641617802
0.593	0.000011727723183837003
0.5935	0.000011730577484074289
0.594	0.000011733432538768841
0.5945	0.00001173628834434961
0.595	0.00001173914489723536
0.5955	0.000011742002193834699
0.596	0.000011744860230546104
0.5965	0.000011747719003757965
0.597	0.000011750578509848606
0.5975	0.000011753438745186335
0.598	0.00001175629970612946
0.5985	0.000011759161389026336
0.599	0.000011762023790708936
0.5995	0.000011764886906499807
0.6	0.000011767750733228942
0.6005	0.000011770615267205327
0.601	0.000011773480504728158
0.6015	0.000011776346442086892
0.602	0.000011779213075561264
0.6025	0.00001178208040142135
0.603	0.00001178494841592758
0.6035	0.000011787817115330794
0.604	0.000011790686495872268
0.6045	0.000011793556553783766
0.605	0.000011796427285287563
0.6055	0.0000117992986865965
0.606	0.000011802170544645986
0.6065	0.000011805043087645217
0.607	0.000011807916290676989
0.6075	0.00001181079015075814
0.608	0.000011813664664898168
0.6085	0.000011816539830099239
0.609	0.000011819415643356215
0.6095	0.00001182229210165668
0.61	0.000011825169201980966
0.6105	0.000011828046941302168
0.611	0.00001183092531658618
0.6115	0.000011833804324791712
0.612	0.00001183668396287031
0.6125	0.000011839564227766398
0.613	0.000011842445116417284
0.6135	0.0000118453266257532
0.614	0.000011848208752697317
0.6145	0.000011851091494165775
0.615	0.000011853974847067714
0.6155	0.000011856858808305291
0.616	0.000011859743374773712
0.6165	0.000011862628543361257
0.617	0.000011865514310949309
0.6175	0.000011868400674412377
0.618	0.000011871287630618127
0.6185	0.000011874175176427409
0.619	0.00001187706330869428
0.6195	0.000011879952024266042
0.62	0.000011882841320191449
0.6205	0.000011885731192879097
0.621	0.000011888621639372787
0.6215	0.000011891512656493097
0.622	0.000011894404241053991
0.6225	0.00001189729638986284
0.623	0.000011900189099720445
0.6235	0.000011903082367421085
0.624	0.000011905976101389554
0.6245	0.000011908870321947323
0.625	0.000011911765091701858
0.6255000000000001	0.000011914660408119875
0.626	0.000011917556268663008
0.6265000000000001	0.00001192045267078783
0.627	0.000011923349611945857
0.6275000000000001	0.000011926247089583585
0.628	0.000011929145101142494
0.6285000000000001	0.00001193204364405907
0.629	0.000011934942715764827
0.6295000000000001	0.000011937842313686325
0.63	0.000011940742435245182
0.6305000000000001	0.000011943643077858097
0.631	0.000011946544238936875
0.6315000000000001	0.000011949445915888436
0.632	0.00001195234810611484
0.6325000000000001	0.000011955250807013302
0.633	0.000011958154015976218
0.6335000000000001	0.000011961057730391183
0.634	0.000011963961947640998
0.6345000000000001	0.000011966866665103713
0.635	0.000011969771880152624
0.6355000000000001	0.000011972677590156308
0.636	0.000011975583792478638
0.6365000000000001	0.0000119784904844788
0.637	0.000011981397663511321
0.6375000000000001	0.000011984305326926083
0.638	0.000011987213472068346
0.6385000000000001	0.000011990122096278768
0.639	0.000011993031196893427
0.6395000000000001	0.00001199594077124384
0.64	0.000011998850816656988
0.6405	0.000012001761330527243
0.641	0.000012004672310025555
0.6415	0.00001200758375254037
0.642	0.000012010495614376874
0.6425	0.000012013407832434079
0.643	0.000012016320506197535
0.6435	0.000012019233633618985
0.644	0.000012022147212646817
0.6445	0.000012025061241226065
0.645	0.000012027975717298434
0.6455	0.000012030890638802306
0.646	0.000012033806003672748
0.6465	0.000012036721809841533
0.647	0.000012039638055237151
0.6475	0.000012042554737784814
0.648	0.000012045471855406475
0.6485	0.000012048389406020838
0.649	0.000012051307387543374
0.6495	0.000012054225797886328
0.65	0.000012057144634958739
0.6505	0.000012060063896666444
0.651	0.0000120629835809121
0.6515	0.000012065903685595189
0.652	0.000012068824208612037
0.6525	0.000012071745147855825
0.653	0.000012074666501216598
0.6535	0.000012077588266581287
0.654	0.000012080510441833715
0.6545	0.000012083433024854614
0.655	0.000012086356013521632
0.6555	0.000012089279405709355
0.656	0.000012092203199289321
0.6565	0.000012095127392130023
0.657	0.000012098051982096931
0.6575	0.000012100976967052506
0.658	0.000012103902344856208
0.6585	0.000012106828113364517
0.659	0.00001210975427043094
0.6595	0.000012112680813906031
0.66	0.00001211560771920196
0.6605	0.00001211853491999445
0.661	0.000012121462501297254
0.6615	0.000012124390461482945
0.662	0.000012127318798840287
0.6625	0.000012130247511738717
0.663	0.000012133176598517398
0.6635	0.000012136106057513273
0.664	0.000012139035887061091
0.6645	0.000012141966085493394
0.665	0.000012144896651140539
0.6655	0.000012147827582330707
0.666	0.000012150758877389897
0.6665	0.000012153690534641953
0.667	0.000012156622552408557
0.6675	0.000012159554929009245
0.668	0.00001216248766276142
0.6685	0.000012165420751980345
0.669	0.00001216835419497917
0.6695	0.000012171287990068925
0.67	0.00001217422213555854
0.6705	0.000012177156629754843
0.671	0.000012180091470962581
0.6715	0.000012183026657484419
0.672	0.000012185962187620951
0.6725	0.00001218889805967071
0.673	0.000012191834271930179
0.6735	0.000012194770822693793
0.674	0.000012197707710253953
0.6745	0.000012200644932901034
0.675	0.000012203582488923396
0.6755	0.000012206520376607388
0.676	0.000012209458594237357
0.6765	0.000012212397140095665
0.677	0.000012215336012462692
0.6775	0.00001221827520961684
0.678	0.00001222121470108018
0.6785	0.000012224154444566641
0.679	0.000012227094508225263
0.6795	0.000012230034890786517
0.68	0.000012232975590979439
0.6805	0.000012235916607531637
0.681	0.000012238857939169296
0.6815	0.000012241799584617177
0.682	0.000012244741542606814
0.6825	0.000012247683811843305
0.683	0.000012250626391055825
0.6835	0.000012253569278963512
0.684	0.000012256512474284103
0.6845	0.000012259455975733947
0.685	0.000012262399782028014
0.6855	0.00001226534389187988
0.686	0.000012268288304001754
0.6865	0.000012271233017104472
0.687	0.000012274178029897507
0.6875	0.000012277123341088966
0.6880000000000001	0.000012280068949385607
0.6885	0.00001228301485349283
0.6890000000000001	0.000012285961052114692
0.6895	0.000012288907543953914
0.6900000000000001	0.000012291854327711876
0.6905	0.000012294801402088631
0.6910000000000001	0.000012297748765782905
0.6915	0.000012300696417492102
0.6920000000000001	0.00001230364435591232
0.6925	0.000012306592579738333
0.6930000000000001	0.000012309541087663626
0.6935	0.000012312489878380372
0.6940000000000001	0.000012315438950579459
0.6945	0.000012318388302950477
0.6950000000000001	0.000012321337934181746
0.6955	0.000012324287842960294
0.6960000000000001	0.000012327237990098138
0.6965	0.000012330188377450112
0.6970000000000001	0.000012333139038903563
0.6975	0.000012336089973483523
0.6980000000000001	0.00001233904118021408
0.6985	0.000012341992658118394
0.6990000000000001	0.00001234494440621869
0.6995	0.00001234789642353626
0.7000000000000001	0.000012350848709091477
0.7005	0.000012353801261903783
0.7010000000000001	0.000012356754080991702
0.7015	0.00001235970716537284
0.7020000000000001	0.000012362660514066217
0.7025	0.000012365614126082808
0.7030000000000001	0.000012368568000439954
0.7035	0.000012371522136151615
0.704	0.000012374476532230854
0.7045	0.000012377431187689832
0.705	0.000012380386101539807
0.7055	0.00001238334127279115
0.706	0.00001238629670045333
0.7065	0.000012389252383534938
0.707	0.000012392208321043673
0.7075	0.000012395164511986352
0.708	0.000012398120955368914
0.7085	0.000012401077650196418
0.709	0.000012404034595473054
0.7095	0.000012406991790202136
0.71	0.000012409949233386114
0.7105	0.000012412906924026568
0.711	0.000012415864861124224
0.7115	0.000012418823043678943
0.712	0.00001242178147068973
0.7125	0.000012424740141154745
0.713	0.000012427699054071289
0.7135	0.000012430658208435824
0.714	0.00001243361755997574
0.7145	0.000012436577144545872
0.715	0.000012439536967977787
0.7155	0.0000124424970295013
0.716	0.000012445457328345594
0.7165	0.000012448417863739199
0.717	0.000012451378634910014
0.7175	0.000012454339641085296
0.718	0.000012457300881491669
0.7185	0.000012460262355355122
0.719	0.00001246322406190101
0.7195	0.00001246618600035406
0.72	0.00001246914816993837
0.7205	0.00001247211056987741
0.721	0.000012475073199394025
0.7215	0.00001247803605771044
0.722	0.000012480999144048253
0.7225	0.000012483962457629469
0.723	0.000012486925997672328
0.7235	0.00001248988976339768
0.724	0.000012492853754024659
0.7245	0.000012495817968771785
0.725	0.000012498782406856974
0.7255	0.000012501747067497526
0.726	0.000012504711949910138
0.7265	0.000012507677053310904
0.727	0.000012510642376915311
0.7275	0.000012513607919938246
0.728	0.000012516573681593998
0.7285	0.000012519539661096262
0.729	0.00001252250585765813
0.7295	0.000012525472270492103
0.73	0.000012528438898810097
0.7305	0.000012531405741823427
0.731	0.000012534372798742831
0.7315	0.000012537340048884215
0.732	0.000012540307468704153
0.7325	0.000012543275100438552
0.733	0.000012546242943594436
0.7335	0.000012549210997678462
0.734	0.000012552179262196925
0.7345	0.000012555147736655746
0.735	0.000012558116420560484
0.7355	0.000012561085313416337
0.736	0.000012564054414728135
0.7365	0.000012567023724000347
0.737	0.000012569993240737074
0.7375	0.000012572962964442065
0.738	0.0000125759328946187
0.7385	0.000012578903030770002
0.739	0.000012581873372398632
0.7395	0.000012584843919006895
0.74	0.000012587814670096733
0.7405	0.00001259078562516974
0.741	0.000012593756783727142
0.7415	0.000012596728145269817
0.742	0.000012599699709298283
0.7425	0.000012602671475312809
0.743	0.00001260564344281299
0.7435	0.000012608615611298399
0.744	0.000012611587980268136
0.7445	0.000012614560549220962
0.745	0.000012617533317655278
0.7455	0.000012620506285069135
0.746	0.000012623479450960239
0.7465	0.000012626452814825945
0.747	0.000012629426376163257
0.7475	0.000012632400134468836
0.748	0.000012635374089238997
0.7485	0.000012638348239969704
0.749	0.000012641322586156583
0.7495	0.000012644297110909109
0.75	0.000012647271827465313
0.7505000000000001	0.000012650246738128697
0.751	0.000012653221842485072
0.7515000000000001	0.000012656197140119974
0.752	0.000012659172630618658
0.7525000000000001	0.00001266214831356609
0.753	0.000012665124188546963
0.7535000000000001	0.000012668100255145688
0.754	0.000012671076512946396
0.7545000000000001	0.000012674052961532936
0.755	0.000012677029600488885
0.7555000000000001	0.000012680006429397534
0.756	0.000012682983447841903
0.7565000000000001	0.000012685960655404732
0.757	0.000012688938051668483
0.7575000000000001	0.000012691915636215348
0.758	0.000012694893408627232
0.7585000000000001	0.000012697871368485778
0.759	0.000012700849515372346
0.7595000000000001	0.000012703827848868025
0.76	0.000012706806368553627
0.7605000000000001	0.000012709785074009697
0.761	0.000012712763964816504
0.7615000000000001	0.000012715743040554045
0.762	0.000012718722300802043
0.7625000000000001	0.000012721701745140057
0.763	0.000012724681373147051
0.7635000000000001	0.000012727661184402058
0.764	0.000012730641178483722
0.7645000000000001	0.000012733621354970419
0.765	0.000012736601713440255
0.7655000000000001	0.000012739582253471072
0.766	0.000012742562974640441
0.7665000000000001	0.000012745543876525667
0.767	0.000012748524917225902
0.7675000000000001	0.000012751506093087504
0.768	0.0000127544874489943
0.7685	0.00001275746898493809
0.769	0.00001276045070091066
0.7695	0.000012763432596903784
0.77	0.000012766414672909211
0.7705	0.000012769396928918688
0.771	0.000012772379364923938
0.7715	0.000012775361980916672
0.772	0.00001277834477688859
0.7725	0.000012781327752831369
0.773	0.00001278431090873668
0.7735	0.000012787294244596172
0.774	0.000012790277760401483
0.7745	0.000012793261456144234
0.775	0.000012796245331816036
0.7755	0.000012799229387408478
0.776	0.000012802213622913137
0.7765	0.00001280519803832158
0.777	0.00001280818263362535
0.7775	0.000012811167408815983
0.778	0.000012814152363884995
0.7785	0.00001281713749882389
0.779	0.000012820122813624156
0.7795	0.000012823108308277268
0.78	0.000012826093982774681
0.7805	0.00001282907983710784
0.781	0.000012832065871268174
0.7815	0.000012835052085247094
0.782	0.000012838038479036
0.7825	0.000012841025052626246
0.783	0.00001284401180600927
0.7835	0.000012846998739176387
0.784	0.00001284998585211893
0.7845	0.000012852973178574381
0.785	0.00001285596084036486
0.7855	0.000012858948680860949
0.786	0.000012861936699138313
0.7865	0.000012864923851326572
0.787	0.000012867912292989083
0.7875	0.000012870900906844904
0.788	0.000012873889692003696
0.7885	0.00001287687864757453
0.789	0.000012879867772665902
0.7895	0.000012882857066385723
0.79	0.000012885846527841331
0.7905	0.00001288883615613948
0.791	0.000012891825950386357
0.7915	0.000012894815909687573
0.792	0.000012897806033148172
0.7925	0.00001290079631987263
0.793	0.000012903786768964856
0.7935	0.000012906777379528196
0.794	0.000012909768150665437
0.7945	0.000012912759081478804
0.795	0.000012915750171069966
0.7955	0.00001291874141854004
0.796	0.000012921732822989585
0.7965	0.000012924724383518613
0.797	0.000012927716099226588
0.7975	0.000012930707969212426
0.798	0.000012933699992574502
0.7985	0.000012936692168410646
0.799	0.00001293968449581815
0.7995	0.000012942676973893765
0.8	0.000012945669601733714
0.8005	0.000012948662378433682
0.801	0.000012951655303088821
0.8015	0.000012954648374793759
0.802	0.000012957641608989321
0.8025	0.00001296063464071181
0.803	0.000012963627818214035
0.8035	0.00001296662114214316
0.804	0.000012969614613146712
0.8045	0.00001297260823187256
0.805	0.000012975601998968944
0.8055	0.000012978595915084446
0.806	0.000012981589980868013
0.8065	0.000012984584196968949
0.807	0.000012987578564036918
0.8075	0.000012990573082721944
0.808	0.000012993567753674418
0.8085	0.000012996562577545088
0.809	0.000012999557554985071
0.8095	0.000013002552686645851
0.81	0.000013005547973179275
0.8105	0.000013008543415237564
0.811	0.000013011539013473303
0.8115	0.00001301453476853945
0.812	0.000013017530681089338
0.8125	0.000013020526751776668
0.8130000000000001	0.000013023522981255521
0.8135	0.00001302651937018035
0.8140000000000001	0.000013029515919205986
0.8145	0.00001303251262898764
0.8150000000000001	0.000013035509500180896
0.8155	0.000013038506533441728
0.8160000000000001	0.000013041503729426489
0.8165	0.000013044501088791907
0.8170000000000001	0.000013047498612195105
0.8175	0.000013050496300293589
0.8180000000000001	0.000013053494153745247
0.8185	0.00001305649217320836
0.8190000000000001	0.000013059491435822119
0.8195	0.000013062489858037881
0.8200000000000001	0.000013065488608592486
0.8205	0.000013068487572914578
0.8210000000000001	0.000013071486707189156
0.8215	0.000013074486011112435
0.8220000000000001	0.000013077485484380486
0.8225	0.000013080485126689105
0.8230000000000001	0.000013083484937733996
0.8235	0.000013086484917210656
0.8240000000000001	0.000013089485064814402
0.8245	0.000013092485380240372
0.8250000000000001	0.000013095485863183534
0.8255	0.000013098486513338663
0.8260000000000001	0.00001310148733040037
0.8265	0.000013104488314063081
0.8270000000000001	0.000013107489464021046
0.8275	0.000013110490779968336
0.8280000000000001	0.00001311349226159885
0.8285	0.000013116493908606306
0.8290000000000001	0.000013119495720684248
0.8295	0.00001312249769752604
0.8300000000000001	0.000013125499838824878
0.8305	0.000013128502144273777
0.8310000000000001	0.000013131504613565573
0.8315	0.000013134507246392936
0.8320000000000001	0.000013137510042448356
0.8325	0.000013140513001424148
0.833	0.000013143516123012456
0.8335	0.000013146519406905248
0.834	0.000013149522852794318
0.8345	0.000013152526460371286
0.835	0.000013155530229327604
0.8355	0.000013158534159354545
0.836	0.00001316153825014321
0.8365	0.000013164542501384535
0.837	0.000013167546912769273
0.8375	0.00001317055144149404
0.838	0.000013173556110648017
0.8385	0.000013176560939516132
0.839	0.000013179565928090435
0.8395	0.000013182571076362973
0.84	0.000013185576384325773
0.8405	0.000013188581851970855
0.841	0.00001319158747929023
0.8415	0.000013194593266275849
0.842	0.000013197599212919786
0.8425	0.000013200605319213977
0.843	0.000013203611585150387
0.8435	0.00001320661801072097
0.844	0.000013209624595917667
0.8445	0.000013212631340732413
0.845	0.000013215638245157127
0.8455	0.000013218645309183721
0.846	0.000013221652532804091
0.8465	0.000013224659916010128
0.847	0.000013227667458793705
0.8475	0.000013230675161146692
0.848	0.00001323368302306094
0.8485	0.000013236691044528294
0.849	0.000013239699225540586
0.8495	0.00001324270756608964
0.85	0.000013245716066167262
0.8505	0.000013248724725765256
0.851	0.000013251733544875408
0.8515	0.000013254742523489494
0.852	0.000013257751661599281
0.8525	0.000013260760959196526
0.853	0.00001326377041627297
0.8535	0.000013266780032820347
0.854	0.000013269789808830377
0.8545	0.000013272799744294774
0.855	0.000013275809836572399
0.8555	0.000013278820086924029
0.856	0.00001328183049673701
0.8565	0.00001328484106602267
0.857	0.00001328785179479234
0.8575	0.00001329086268305735
0.858	0.000013293873730829027
0.8585	0.000013296884938118697
0.859	0.000013299896304937687
0.8595	0.000013302907831297325
0.86	0.000013305919517208932
0.8605	0.000013308931362683837
0.861	0.00001331194336773335
0.8615	0.000013314955532368814
0.862	0.000013317967856601545
0.8625	0.00001332098034044286
0.863	0.000013323992983904084
0.8635	0.000013327005786996534
0.864	0.000013330018749731532
0.8645	0.000013333031872120394
0.865	0.000013336045154174439
0.8655	0.000013339058595904984
0.866	0.000013342072197323346
0.8665	0.00001334508595844084
0.867	0.000013348099879268782
0.8675	0.000013351113959818487
0.868	0.000013354128200101264
0.8685	0.000013357142600128431
0.869	0.000013360157159911298
0.8695	0.000013363171879461177
0.87	0.000013366186758789376
0.8705	0.000013369201797907208
0.871	0.000013372216996825982
0.8715	0.000013375232355557004
0.872	0.000013378247874111583
0.8725	0.000013381263546606243
0.873	0.000013384279376334066
0.8735	0.000013387295365989006
0.874	0.000013390311515624393
0.8745	0.000013393327825293577
0.875	0.000013396344295049932
0.8755000000000001	0.000013399360924946849
0.876	0.000013402377715037744
0.8765000000000001	0.000013405394665376056
0.877	0.00001340841177601524
0.8775000000000001	0.000013411429047008778
0.878	0.000013414446478410169
0.8785000000000001	0.00001341746407027294
0.879	0.00001342048182265063
0.8795000000000001	0.000013423499735596813
0.88	0.000013426517809165073
0.8805000000000001	0.000013429536043408969
0.881	0.000013432554438382232
0.8815000000000001	0.00001343557299413847
0.882	0.000013438591710731352
0.8825000000000001	0.00001344161058821458
0.883	0.000013444629626641872
0.8835000000000001	0.000013447648826066969
0.884	0.00001345066818654363
0.8845000000000001	0.000013453687708125643
0.885	0.000013456707390866811
0.8855000000000001	0.000013459727234820965
0.886	0.00001346274724004195
0.8865000000000001	0.00001346576740658364
0.887	0.00001346878773449993
0.8875000000000001	0.00001347180822384473
0.888	0.000013474828874671983
0.8885000000000001	0.000013477849687035646
0.889	0.000013480870660989699
0.8895000000000001	0.000013483891796588144
0.89	0.000013486913066827642
0.8905000000000001	0.000013489934491719264
0.891	0.00001349295607871489
0.8915000000000001	0.000013495977828038069
0.892	0.00001349899973991246
0.8925000000000001	0.000013502021814561835
0.893	0.000013505044052210082
0.8935000000000001	0.000013508066453081202
0.894	0.00001351108901739931
0.8945000000000001	0.000013514111745388634
0.895	0.000013517134637273516
0.8955000000000001	0.000013520157693278412
0.896	0.000013523180913627897
0.8965	0.000013526204298546654
0.897	0.00001352922784825949
0.8975	0.000013532251562991314
0.898	0.000013535275442967165
0.8985	0.000013538299488412187
0.899	0.000013541323699551645
0.8995	0.000013544348076610537
0.9	0.000013547372619815099
0.9005	0.000013550397329390586
0.901	0.000013553422205562728
0.9015	0.000013556447248557368
0.902	0.000013559472458600468
0.9025	0.000013562497835918113
0.903	0.000013565523380736496
0.9035	0.00001356854909328193
0.904	0.000013571574973780853
0.9045	0.000013574601022459812
0.905	0.000013577627239545477
0.9055	0.000013580653625264633
0.906	0.000013583680179844187
0.9065	0.000013586706903511162
0.907	0.000013589733796492704
0.9075	0.00001359276099543921
0.908	0.000013595788370253771
0.9085	0.0000135988159137023
0.909	0.000013601843625301706
0.9095	0.000013604871504568624
0.91	0.000013607899551019414
0.9105	0.00001361092776417016
0.911	0.000013613956143536668
0.9115	0.00001361698468863448
0.912	0.00001362001339897886
0.9125	0.000013623042274084796
0.913	0.000013626071313467011
0.9135	0.000013629100516639957
0.914	0.000013632129883117812
0.9145	0.000013635159412414486
0.915	0.00001363818910404363
0.9155	0.000013641218957518612
0.916	0.000013644248972352544
0.9165	0.000013647279148058266
0.917	0.00001365030948414836
0.9175	0.00001365333998013513
0.918	0.000013656370635530631
0.9185	0.000013659401449846645
0.919	0.000013662432422597422
0.9195	0.000013665463553288874
0.92	0.00001366849484143461
0.9205	0.000013671526286545367
0.921	0.000013674557888131621
0.9215	0.000013677589645703593
0.922	0.000013680621558771243
0.9225	0.000013683653626844275
0.923	0.000013686685849432137
0.9235	0.000013689718226044015
0.924	0.000013692750756188849
0.9245	0.00001369578339786244
0.925	0.000013698816008709263
0.9255	0.000013701848772906725
0.926	0.000013704881691083261
0.9265	0.000013707914763867613
0.927	0.000013710947991888842
0.9275	0.000013713981375776319
0.928	0.000013717014916159739
0.9285	0.000013720048613669108
0.929	0.000013723082468934763
0.9295	0.000013726116482587351
0.93	0.00001372915065525785
0.9305	0.000013732184987577555
0.931	0.000013735219480178096
0.9315	0.00001373825413369142
0.932	0.000013741288948749809
0.9325	0.000013744323925985874
0.933	0.000013747359066032553
0.9335	0.000013750394369523122
0.934	0.000013753429837091188
0.9345	0.000013756465469370692
0.935	0.000013759501266995917
0.9355	0.000013762537230601476
0.936	0.000013765573360822329
0.9365	0.000013768609658293775
0.937	0.000013771646123651453
0.9375	0.000013774682757531346
0.9380000000000001	0.000013777719560563813
0.9385	0.000013780756533397204
0.9390000000000001	0.00001378379367666286
0.9395	0.000013786830990998157
0.9400000000000001	0.000013789868477040822
0.9405	0.000013792906135428933
0.9410000000000001	0.000013795943966800921
0.9415	0.000013798981971795577
0.9420000000000001	0.000013802020222142682
0.9425	0.000013805058725130464
0.9430000000000001	0.000013808097402585345
0.9435	0.000013811136254402204
0.9440000000000001	0.00001381417528047586
0.9445	0.000013817214480701057
0.9450000000000001	0.000013820253854972472
0.9455	0.000013823293403184711
0.9460000000000001	0.000013826333125232312
0.9465	0.00001382937302100975
0.9470000000000001	0.000013832413090411423
0.9475	0.000013835453333331662
0.9480000000000001	0.000013838493749664733
0.9485	0.000013841534339304832
0.9490000000000001	0.000013844575102146084
0.9495	0.000013847616038082545
0.9500000000000001	0.000013850657147008208
0.9505	0.000013853698428816988
0.9510000000000001	0.000013856739883402742
0.9515	0.000013859781510659247
0.9520000000000001	0.000013862823310480222
0.9525	0.00001386586528275931
0.9530000000000001	0.000013868907427390089
0.9535	0.000013871949744266066
0.9540000000000001	0.000013874992233280683
0.9545	0.00001387803489432731
0.9550000000000001	0.00001388107772729925
0.9555	0.000013884120732089737
0.9560000000000001	0.000013887163908591938
0.9565	0.000013890207256698948
0.9570000000000001	0.000013893250776310505
0.9575	0.000013896294467306378
0.9580000000000001	0.000013899338329585912
0.9585	0.00001390238236304193
0.9590000000000001	0.000013905426567567186
0.9595	0.000013908470921025467
0.96	0.000013911515441180255
0.9605	0.000013914560132320063
0.961	0.000013917604994469335
0.9615	0.000013920650027652534
0.962	0.000013923695231894119
0.9625	0.000013926740607218556
0.963	0.000013929786153650321
0.9635	0.000013932831871213894
0.964	0.000013935877759933757
0.9645	0.000013938923819834405
0.965	0.000013941970050940325
0.9655	0.00001394501645327603
0.966	0.000013948063026866016
0.9665	0.000013951109771734804
0.967	0.00001395415668790691
0.9675	0.00001395720377540686
0.968	0.00001396025103425918
0.9685	0.000013963298464488408
0.969	0.000013966346066119085
0.9695	0.000013969393839175759
0.97	0.000013972441783682981
0.9705	0.000013975489899665312
0.971	0.00001397853818714731
0.9715	0.000013981586646153553
0.972	0.000013984635276708609
0.9725	0.000013987684078837063
0.973	0.000013990733052563499
0.9735	0.000013993782197912511
0.974	0.000013996831514908697
0.9745	0.000013999881003576662
0.975	0.000014002930663941014
0.9755	0.000014005980496026366
0.976	0.00001400903049985581
0.9765	0.000014012080670128564
0.977	0.000014015130997556724
0.9775	0.000014018181496928472
0.978	0.000014021232168369145
0.9785	0.000014024283012004138
0.979	0.00001402733402795891
0.9795	0.000014030385216358984
0.98	0.000014033436577329946
0.9805	0.000014036488110997443
0.981	0.000014039539817487186
0.9815	0.000014042591696924947
0.982	0.000014045643749436563
0.9825	0.000014048695975147934
0.983	0.000014051748374185023
0.9835	0.000014054800946673856
0.984	0.00001405785369274052
0.9845	0.000014060906612511167
0.985	0.000014063959706112016
0.9855	0.000014067012973669342
0.986	0.000014070066415309488
0.9865	0.000014073120031158863
0.987	0.000014076173821343934
0.9875	0.000014079227785991236
0.988	0.000014082281925227365
0.9885	0.000014085336239178983
0.989	0.000014088390727972812
0.9895	0.000014091445391735643
0.99	0.00001409450023059433
0.9905	0.000014097555244675788
0.991	0.000014100610434106999
0.9915	0.000014103665799015006
0.992	0.000014106721339526922
0.9925	0.00001410977705576992
0.993	0.000014112832947871236
0.9935	0.000014115889015958177
0.994	0.000014118945280460923
0.9945	0.000014122001727441847
0.995	0.000014125058350559535
0.9955	0.000014128115149805318
0.996	0.000014131172125172
0.9965	0.000014134229276652375
0.997	0.000014137286604239223
0.9975	0.00001414034410792531
0.998	0.000014143401787703394
0.9985	0.00001414645964356621
0.999	0.00001414951767550649
0.9995	0.00001415257588351695