0.	0.000011327027370902992
0.001	0.000011332688726095924
0.002	0.00001133835296499562
0.003	0.000011344020087219048
0.004	0.000011349690092370002
0.005	0.000011355362980039027
0.006	0.000011361038749803393
0.007	0.000011366717401227036
0.008	0.000011372398933860507
0.009000000000000001	0.000011378083347240918
0.01	0.000011383770640891908
0.011	0.000011389460814323575
0.012	0.000011395153867032432
0.013000000000000001	0.00001140084979850136
0.014	0.000011406548608199554
0.015	0.000011412250295582476
0.016	0.000011417954860091804
0.017	0.000011423662301155381
0.018000000000000002	0.000011429372618187162
0.019	0.000011435085810587167
0.02	0.00001144080187774143
0.021	0.000011446520819021953
0.022	0.000011452242633786646
0.023	0.000011457967321379288
0.024	0.000011463694881129466
0.025	0.00001146942531235253
0.026000000000000002	0.000011475158614349542
0.027	0.00001148089478640723
0.028	0.000011486633827797928
0.029	0.000011492375737779534
0.03	0.000011498120515595459
0.031	0.000011503868160474567
0.032	0.000011509618671631135
0.033	0.000011515372048264805
0.034	0.000011521128289560519
0.035	0.000011526887394688484
0.036000000000000004	0.000011532649362804113
0.037	0.000011538414193047975
0.038	0.000011544181884545748
0.039	0.000011549952436408171
0.04	0.000011555725847730982
0.041	0.000011561502117594883
0.042	0.000011567281245065475
0.043000000000000003	0.000011573063229193217
0.044	0.000011578848069013728
0.045	0.000011584635763548213
0.046	0.000011590423006742887
0.047	0.000011596207536049937
0.048	0.000011601994906163945
0.049	0.000011607785117657296
0.05	0.000011613578171094899
0.051000000000000004	0.000011619374067034153
0.052000000000000005	0.000011625172806024918
0.053	0.000011630974388609466
0.054	0.000011636778815322465
0.055	0.00001164258608669093
0.056	0.000011648396203234201
0.057	0.000011654209165463904
0.058	0.000011660024973883913
0.059000000000000004	0.000011665843628990323
0.06	0.000011671665131271407
0.061	0.000011677489481207594
0.062	0.000011683316679271424
0.063	0.000011689146725927518
0.064	0.000011694979621632538
0.065	0.00001170081536683516
0.066	0.00001170665396197604
0.067	0.000011712495407487769
0.068	0.000011718339703794847
0.069	0.000011724186851313649
0.07	0.00001173003685045238
0.07100000000000001	0.000011735889701611052
0.07200000000000001	0.00001174174540518144
0.073	0.000011747603961547052
0.074	0.000011753465371083094
0.075	0.000011759329634156433
0.076	0.000011765196751125554
0.077	0.000011771066722340541
0.078	0.000011776939548143029
0.079	0.000011782815228866174
0.08	0.00001178869376483461
0.081	0.000011794575156364426
0.082	0.000011800459403763116
0.083	0.000011806346507329557
0.084	0.000011812236467353961
0.085	0.000011818129284117848
0.08600000000000001	0.000011824024957894005
0.08700000000000001	0.000011829923488946446
0.088	0.000011835824877530396
0.089	0.000011841729123892223
0.09	0.000011847636228269426
0.091	0.000011853546190890598
0.092	0.00001185945901197537
0.093	0.000011865374691734402
0.094	0.000011871293230369321
0.095	0.0000118772146280727
0.096	0.000011883138885028017
0.097	0.00001188906600140962
0.098	0.000011894995977382688
0.099	0.000011900928813103192
0.1	0.000011906864508717867
0.101	0.000011912803064364166
0.10200000000000001	0.000011918744480170225
0.10300000000000001	0.00001192468875625483
0.10400000000000001	0.00001193063589272738
0.105	0.00001193658588968784
0.106	0.000011942538747226716
0.107	0.000011948494465425015
0.108	0.000011954453044354203
0.109	0.000011960414484076171
0.11	0.000011966378784643195
0.111	0.000011972345946097908
0.112	0.000011978315968473246
0.113	0.000011984288851792426
0.114	0.000011990264596068902
0.115	0.000011996243201306324
0.116	0.00001200222466749851
0.117	0.000012008208994629394
0.11800000000000001	0.000012014196182673006
0.11900000000000001	0.00001202018623159342
0.12	0.00001202617914134472
0.121	0.000012032174911870967
0.122	0.000012038173543106156
0.123	0.000012044175034974176
0.124	0.000012050179387388778
0.125	0.000012056186600253537
0.126	0.000012062196673461809
0.127	0.000012068209606896691
0.128	0.000012074225400430994
0.129	0.000012080244053927193
0.13	0.000012086265567237398
0.131	0.000012092289940203303
0.132	0.000012098317172656164
0.133	0.00001210434726441675
0.134	0.000012110380215295305
0.135	0.000012116416025091513
0.136	0.000012122454693594462
0.137	0.000012128496220582595
0.138	0.000012134540605823685
0.139	0.000012140587849074783
0.14	0.000012146637950082189
0.14100000000000001	0.00001215269090858141
0.14200000000000002	0.000012158746724297125
0.14300000000000002	0.000012164805396943137
0.14400000000000002	0.000012170866926222346
0.145	0.000012176931311826699
0.146	0.000012182998553437162
0.147	0.000012189068650723672
0.148	0.000012195141603345102
0.149	0.000012201217410949225
0.15	0.000012207296073172669
0.151	0.000012213377589640886
0.152	0.000012219461959968101
0.153	0.000012225549183757287
0.154	0.000012231639260600117
0.155	0.000012237732190076925
0.156	0.000012243827971756675
0.157	0.00001224992660519691
0.158	0.000012256028089943724
0.159	0.000012262132425531714
0.16	0.000012268239611483948
0.161	0.000012274349647311919
0.162	0.000012280462532515514
0.163	0.000012286578266582971
0.164	0.000012292696848990833
0.165	0.00001229881827920392
0.166	0.000012304942556675285
0.167	0.000012311069680846172
0.168	0.00001231719965114598
0.169	0.000012323332466992227
0.17	0.000012329468127790499
0.171	0.000012335606632934423
0.17200000000000001	0.000012341747981805626
0.17300000000000001	0.000012347892173773692
0.17400000000000002	0.000012354039208196117
0.17500000000000002	0.000012360189084418284
0.176	0.00001236634180177341
0.177	0.00001237249735958252
0.178	0.000012378655757154396
0.179	0.00001238481699378554
0.18	0.000012390981068760143
0.181	0.000012397147981350032
0.182	0.000012403317730814642
0.183	0.000012409490316400975
0.184	0.000012415665737343556
0.185	0.000012421843992864393
0.186	0.000012428025082172948
0.187	0.000012434209004466086
0.188	0.00001244039575892804
0.189	0.000012446585344730373
0.19	0.000012452777761031938
0.191	0.000012458973006978837
0.192	0.000012465171081704386
0.193	0.00001247137198432907
0.194	0.000012477575713960506
0.195	0.000012483782269693408
0.196	0.000012489991650609545
0.197	0.000012496203855777694
0.198	0.000012502418884253613
0.199	0.000012508636735079995
0.2	0.000012514857407286433
0.201	0.000012521080899889375
0.202	0.00001252730721189209
0.203	0.00001253353634228463
0.20400000000000001	0.000012539768290043779
0.20500000000000002	0.000012546003054133033
0.20600000000000002	0.000012552240633502547
0.20700000000000002	0.0000125584810270891
0.20800000000000002	0.000012564724233816053
0.209	0.000012570970252593319
0.21	0.000012577219082317316
0.211	0.000012583470721870924
0.212	0.000012589725170123465
0.213	0.000012595982425930645
0.214	0.000012602242488134514
0.215	0.00001260850535556345
0.216	0.000012614771027032093
0.217	0.000012621039501341329
0.218	0.00001262731077727951
0.219	0.000012633584853618839
0.22	0.000012639861729115237
0.221	0.000012646136710437264
0.222	0.000012652412470584642
0.223	0.000012658691019573115
0.224	0.000012664972357545312
0.225	0.000012671256484636228
0.226	0.000012677543400973184
0.227	0.000012683833106675823
0.228	0.000012690125601856061
0.229	0.00001269642088661807
0.23	0.00001270271896105825
0.231	0.000012709019825265185
0.232	0.00001271532347931964
0.233	0.000012721629923294518
0.234	0.000012727939157254825
0.23500000000000001	0.000012734251181257655
0.23600000000000002	0.000012740565995352156
0.23700000000000002	0.000012746883599579505
0.23800000000000002	0.00001275320399397287
0.23900000000000002	0.000012759527178557397
0.24	0.000012765853153350162
0.241	0.000012772181918360158
0.242	0.000012778513473588264
0.243	0.000012784847819027204
0.244	0.000012791184954661536
0.245	0.000012797524880467614
0.246	0.000012803867596413555
0.247	0.00001281021310245922
0.248	0.00001281656139855618
0.249	0.000012822912484647685
0.25	0.00001282926636066864
0.251	0.00001283562302654557
0.252	0.000012841982482196601
0.253	0.00001284834472753142
0.254	0.000012854709762451251
0.255	0.000012861077586848825
0.256	0.000012867448200608359
0.257	0.000012873821603605505
0.258	0.00001288019779570735
0.259	0.000012886576776772361
0.26	0.000012892958546650378
0.261	0.00001289934310518256
0.262	0.000012905730452201383
0.263	0.000012912120587530588
0.264	0.000012918513510985164
0.265	0.000012924909222371314
0.266	0.000012931307721486432
0.267	0.000012937709008119063
0.268	0.000012944113082048882
0.269	0.000012950519943046662
0.27	0.000012956929590874243
0.271	0.000012963342025284508
0.272	0.000012969757246021344
0.273	0.000012976175252819624
0.274	0.000012982596045405168
0.275	0.000012989019623494712
0.276	0.000012995445986795898
0.277	0.000013001875135007218
0.278	0.000013008307067817996
0.279	0.000013014741784908362
0.28	0.00001302117928594922
0.281	0.000013027619570602216
0.28200000000000003	0.000013034062638519711
0.28300000000000003	0.000013040508489344745
0.28400000000000003	0.000013046957122711018
0.28500000000000003	0.000013053408538242852
0.28600000000000003	0.000013059862735555162
0.28700000000000003	0.000013066319714253432
0.28800000000000003	0.000013072779473933678
0.289	0.000013079242014182421
0.29	0.00001308570733457666
0.291	0.00001309217543468384
0.292	0.00001309864631406182
0.293	0.000013105119972258842
0.294	0.000013111596408813514
0.295	0.000013118075623254758
0.296	0.000013124557615101805
0.297	0.00001313104238386414
0.298	0.000013137529929041497
0.299	0.000013144020250123808
0.3	0.000013150513346591184
0.301	0.000013157009217913889
0.302	0.000013163507863552293
0.303	0.000013170009282956864
0.304	0.000013176513475568121
0.305	0.00001318302044081661
0.306	0.00001318953017812288
0.307	0.00001319604268689744
0.308	0.000013202557966540743
0.309	0.000013209076016443144
0.31	0.00001321559683598488
0.311	0.000013222120424536033
0.312	0.000013228646781456503
0.313	0.00001323517590609598
0.314	0.000013241707797793909
0.315	0.00001324824245587946
0.316	0.00001325477987967151
0.317	0.000013261320068478598
0.318	0.000013267863021598897
0.319	0.000013274408738320195
0.32	0.000013280957217919854
0.321	0.000013287508459664783
0.322	0.000013294062462811418
0.323	0.00001330061922660567
0.324	0.000013307178750282916
0.325	0.000013313741033067963
0.326	0.00001332030607417501
0.327	0.00001332687387280763
0.328	0.000013333444428158731
0.329	0.000013340017739410534
0.33	0.000013346593805734536
0.331	0.000013353172626291482
0.332	0.000013359754200231336
0.333	0.000013366338526693255
0.334	0.000013372925604805553
0.335	0.000013379515433685676
0.336	0.000013386108012440164
0.337	0.000013392703340164633
0.338	0.000013399301415943735
0.339	0.000013405902238851138
0.34	0.000013412505807949488
0.341	0.000013419112122290376
0.342	0.000013425721180914328
0.343	0.00001343233298285075
0.34400000000000003	0.000013438947527117913
0.34500000000000003	0.000013445564812722923
0.34600000000000003	0.000013452184838661686
0.34700000000000003	0.000013458807603918885
0.34800000000000003	0.000013465433107467942
0.34900000000000003	0.000013472061348270996
0.35000000000000003	0.000013478692325278868
0.35100000000000003	0.000013485326037431037
0.352	0.000013491962483655606
0.353	0.000013498601662869276
0.354	0.000013505243573977311
0.355	0.000013511888215873515
0.356	0.000013518535587440199
0.357	0.000013525185687548154
0.358	0.000013531838515056619
0.359	0.000013538494068813253
0.36	0.000013545152347654103
0.361	0.000013551813350403585
0.362	0.00001355847707587444
0.363	0.000013565143522867717
0.364	0.000013571812690172734
0.365	0.000013578484576567062
0.366	0.000013585159180816477
0.367	0.000013591836501674952
0.368	0.000013598516537884616
0.369	0.00001360519928817572
0.37	0.000013611884751266622
0.371	0.000013618572925863753
0.372	0.000013625263810661578
0.373	0.000013631957404342585
0.374	0.000013638653705577242
0.375	0.000013645352713023973
0.376	0.000013652054425329133
0.377	0.000013658758841126973
0.378	0.000013665465959039616
0.379	0.000013672175777677028
0.38	0.000013678888295639931
0.381	0.000013685603511507911
0.382	0.000013692321423855756
0.383	0.00001369903912309005
0.384	0.000013705757300055949
0.385	0.000013712478164962837
0.386	0.00001371920171759404
0.387	0.000013725927957725553
0.388	0.000013732656885126028
0.389	0.000013739388499556744
0.39	0.000013746122800771588
0.391	0.000013752859788517031
0.392	0.000013759599462532112
0.393	0.000013766341822548406
0.394	0.000013773086868290009
0.395	0.000013779834599473514
0.396	0.000013786585015807986
0.397	0.000013793338116994945
0.398	0.000013800093902728341
0.399	0.000013806852372694526
0.4	0.000013813613526572245
0.401	0.000013820377364032602
0.402	0.00001382714388473904
0.403	0.000013833913088347326
0.404	0.000013840684974505513
0.405	0.000013847459542853938
0.406	0.000013854236793025185
0.40700000000000003	0.000013861016724644066
0.40800000000000003	0.0000138677993373276
0.40900000000000003	0.000013874584630684995
0.41000000000000003	0.000013881372604317612
0.41100000000000003	0.000013888163257818954
0.41200000000000003	0.000013894956590774648
0.41300000000000003	0.00001390175260276241
0.41400000000000003	0.000013908551293352025
0.41500000000000004	0.000013915352662105334
0.41600000000000004	0.000013922156708576201
0.417	0.000013928963432310495
0.418	0.000013935772832846075
0.419	0.00001394258490971275
0.42	0.00001394939966243227
0.421	0.000013956217090518301
0.422	0.000013963037193476402
0.423	0.000013969859970804
0.424	0.00001397668542199037
0.425	0.000013983513546516616
0.426	0.000013990344343855638
0.427	0.000013997177813472125
0.428	0.000014004013954822517
0.429	0.00001401085276735499
0.43	0.000014017694250509435
0.431	0.000014024538403717432
0.432	0.000014031385226402232
0.433	0.000014038234717978726
0.434	0.000014045086877853432
0.435	0.000014051941705424465
0.436	0.000014058799200081524
0.437	0.000014065659361205858
0.438	0.00001407252218817025
0.439	0.000014079387680338993
0.44	0.000014086255837067872
0.441	0.000014093126657704135
0.442	0.00001410000014158647
0.443	0.000014106876288044992
0.444	0.000014113755096401212
0.445	0.000014120636565968013
0.446	0.000014127520696049634
0.447	0.000014134407485941647
0.448	0.00001414129693493093
0.449	0.00001414818904229565
0.45	0.000014155083807305231
0.451	0.000014161981229220347
0.452	0.000014168881307292883
0.453	0.000014175784040765926
0.454	0.000014182689428873732
0.455	0.000014189597470841718
0.456	0.000014196508165886416
0.457	0.00001420342151321548
0.458	0.000014210337512027639
0.459	0.000014217256161512681
0.46	0.00001422417746085145
0.461	0.00001423110140921579
0.462	0.00001423802800576855
0.463	0.000014244957249663548
0.464	0.000014251889140045558
0.465	0.000014258823676050274
0.466	0.000014265760856804306
0.467	0.00001427270068142514
0.468	0.000014279643149021128
0.46900000000000003	0.00001428658825869146
0.47000000000000003	0.000014293536009526144
0.47100000000000003	0.00001430048640060598
0.47200000000000003	0.000014307439431002552
0.47300000000000003	0.00001431439509977818
0.47400000000000003	0.000014321353405985922
0.47500000000000003	0.000014328314348669539
0.47600000000000003	0.00001433527792686348
0.47700000000000004	0.000014342244139592854
0.47800000000000004	0.00001434921298587341
0.47900000000000004	0.000014356184464711517
0.48	0.000014363158575104141
0.481	0.000014370135316038817
0.482	0.000014377114686493642
0.483	0.000014384096685437237
0.484	0.000014391081311828732
0.485	0.000014398068564617744
0.486	0.000014405058442744354
0.487	0.000014412050945139094
0.488	0.000014419046070722902
0.489	0.000014426043818407128
0.49	0.000014433044187093496
0.491	0.000014440047175674085
0.492	0.000014447052783031307
0.493	0.000014454061008037888
0.494	0.000014461071849556846
0.495	0.000014468085306441465
0.496	0.000014475101377535279
0.497	0.000014482120061672047
0.498	0.000014489141357675729
0.499	0.000014496165264360473
0.5	0.000014503191780530587
0.503	0.000014524286973848185
0.506	0.000014545405608540148
0.509	0.000014566547650716179
0.512	0.00001458771306567522
0.515	0.000014608901817900294
0.518	0.000014630113871053407
0.521	0.000014651349187970442
0.524	0.00001467260773065612
0.527	0.000014693889460278959
0.53	0.000014715194337166279
0.533	0.000014736522320802001
0.536	0.000014757868281758141
0.539	0.000014779230489390883
0.542	0.000014800615680851303
0.545	0.000014822023841995254
0.548	0.000014843454958126733
0.551	0.000014864909013993811
0.554	0.00001488638599378458
0.557	0.000014907885881123102
0.56	0.00001492940865906534
0.563	0.000014950954310095125
0.5660000000000001	0.000014972522816120091
0.569	0.000014994114158467638
0.5720000000000001	0.000015015728317880897
0.575	0.000015037365274514695
0.578	0.00001505902500793152
0.581	0.000015080707497097513
0.584	0.000015102412720378437
0.587	0.00001512414065553569
0.59	0.000015145891279722294
0.593	0.000015167664569478914
0.596	0.000015189460500729872
0.599	0.000015211279048779186
0.602	0.000015233120188306613
0.605	0.000015254983893363697
0.608	0.000015276870137369842
0.611	0.00001529877889310839
0.614	0.00001532071013272272
0.617	0.00001534266382771235
0.62	0.000015364639948929065
0.623	0.000015386638466573056
0.626	0.000015408659350189084
0.629	0.000015430702568662644
0.632	0.00001545276809021616
0.635	0.000015474855882405213
0.638	0.00001549696591211475
0.641	0.000015519098145555344
0.644	0.00001554125254825948
0.647	0.00001556342908507784
0.65	0.000015585627720175617
0.653	0.000015607848417028877
0.656	0.000015630091138420905
0.659	0.000015652355846438614
0.662	0.000015674642502468956
0.665	0.00001569695106719537
0.668	0.000015719281500594258
0.671	0.000015741633761931485
0.674	0.000015764007809758923
0.677	0.0000157864036019136
0.6799999999999999	0.000015808818365189032
0.683	0.000015831248285792098
0.6859999999999999	0.0000158536998258846
0.6890000000000001	0.00001587617296590616
0.692	0.00001589866768580636
0.6950000000000001	0.000015921183965041797
0.698	0.000015943721782573125
0.7010000000000001	0.000015966281116862132
0.704	0.00001598886194586879
0.7070000000000001	0.000016011464247048356
0.71	0.000016034087997348438
0.713	0.000016056733173206124
0.716	0.00001607939975054504
0.719	0.000016102087704772497
0.722	0.000016124797010776607
0.725	0.000016147527642923423
0.728	0.000016170279575054076
0.731	0.000016193052780481936
0.734	0.000016215847231989788
0.737	0.00001623866290182701
0.74	0.000016261499761706762
0.743	0.000016284357782803213
0.746	0.00001630723693574874
0.749	0.000016330137190631174
0.752	0.00001635305851699108
0.755	0.00001637600088381897
0.758	0.000016398964259552628
0.761	0.0000164219486120744
0.764	0.000016444953908708507
0.767	0.000016467980116218373
0.77	0.000016491027200804
0.773	0.000016514095128099305
0.776	0.000016537183863169536
0.779	0.000016560293370508676
0.782	0.000016583423614036868
0.785	0.00001660657455709786
0.788	0.000016629746162456488
0.7909999999999999	0.000016652938392296156
0.794	0.000016676151208216366
0.7969999999999999	0.000016699384571230242
0.8	0.0000167226384417621
0.8029999999999999	0.000016745912779645023
0.806	0.000016769207544118486
0.8089999999999999	0.00001679252269382597
0.812	0.00001681585818681265
0.815	0.000016839213980525135
0.8180000000000001	0.000016862587885829012
0.821	0.000016885976904501397
0.8240000000000001	0.000016909386101750554
0.827	0.000016932815454341682
0.8300000000000001	0.000016956264938614272
0.833	0.00001697973453047998
0.8360000000000001	0.0000170032242054206
0.839	0.000017026733938485964
0.8420000000000001	0.0000170502637042919
0.845	0.000017073813477018176
0.8480000000000001	0.000017097383230406477
0.851	0.000017120972937758356
0.854	0.00001714458257193324
0.857	0.000017168212105346415
0.86	0.000017191861509967015
0.863	0.000017215530757316075
0.866	0.000017239219818464523
0.869	0.00001726292866403125
0.872	0.00001728665726418114
0.875	0.00001731040558862316
0.878	0.000017334173606608422
0.881	0.000017357961286928286
0.884	0.000017381768597912456
0.887	0.000017405595507427116
0.89	0.00001742944198287305
0.893	0.000017453307991183816
0.896	0.00001747719349882388
0.899	0.000017501098471786827
0.902	0.000017525022875593542
0.905	0.000017548966675290432
0.908	0.000017572929835447646
0.911	0.00001759691232015733
0.914	0.000017620914093031893
0.917	0.000017644935117202285
0.9199999999999999	0.000017668975355316303
0.923	0.0000176930347695369
0.9259999999999999	0.000017717113321540533
0.929	0.00001774121097251551
0.9319999999999999	0.000017765327683160378
0.935	0.000017789463413682304
0.938	0.000017813618123795503
0.9410000000000001	0.00001783779177271968
0.944	0.000017861984319178463
0.9470000000000001	0.000017886195721399965
0.95	0.00001791042563284008
0.9530000000000001	0.00001793466888283904
0.956	0.000017958930866242937
0.9590000000000001	0.000017983211557718172
0.962	0.000018007510931567747
0.9650000000000001	0.000018031828961729864
0.968	0.00001805616562177644
0.9710000000000001	0.000018080520884911748
0.974	0.00001810489472397096
0.9770000000000001	0.00001812928711141877
0.98	0.000018153698019347984
0.983	0.00001817812741947817
0.986	0.000018202575283154257
0.989	0.00001822704158134518
0.992	0.000018251526284642533
0.995	0.000018276029363259243
0.998	0.000018300550787028214
1.001	0.000018325090525401023
1.004	0.000018349648547446626
1.0070000000000001	0.000018374224821850038
1.01	0.000018398819316911068
1.013	0.000018423432000543044
1.016	0.000018448062840271557
1.0190000000000001	0.00001847271180323321
1.022	0.00001849737885617438
1.025	0.000018522063965450022
1.028	0.000018546767097022433
1.0310000000000001	0.000018571488216460077
1.034	0.000018596227288936383
1.037	0.000018620984279228622
1.04	0.000018645759151716714
1.0430000000000001	0.000018670551870382105
1.046	0.000018695362398806642
1.049	0.00001872019070017148
1.052	0.000018745036737255966
1.0550000000000002	0.000018769900472436575
1.058	0.000018794781867685846
1.061	0.00001881968088457134
1.064	0.000018844597484254602
1.0670000000000002	0.000018869531627490147
1.07	0.00001889448327462446
1.073	0.000018919452385595045
1.076	0.00001894443891993068
1.079	0.00001896944158779721
1.0819999999999999	0.000018994458267753157
1.085	0.00001901949225747131
1.088	0.00001904454353050759
1.091	0.000019069612060110866
1.0939999999999999	0.00001909469781922201
1.097	0.000019119800780472915
1.1	0.00001914492091618555
1.103	0.000019170058198371027
1.1059999999999999	0.00001919521259872867
1.109	0.000019220384088645084
1.112	0.00001924557263919324
1.115	0.00001927077822113158
1.1179999999999999	0.000019296000804903093
1.121	0.000019321240360634472
1.124	0.00001934649685813519
1.127	0.000019371770266896647
1.13	0.000019397060556091328
1.133	0.00001942236769457193
1.1360000000000001	0.000019447691650870537
1.139	0.000019473032393197772
1.142	0.000019498389889442
1.145	0.000019523764107168505
1.1480000000000001	0.000019549155013618697
1.151	0.000019574562575709314
1.154	0.00001959998676003166
1.157	0.000019625427532850837
1.1600000000000001	0.000019650884860104964
1.163	0.000019676358707404477
1.166	0.000019701849040031352
1.169	0.00001972735582293842
1.1720000000000002	0.000019752879020748642
1.175	0.000019778418597754396
1.178	0.00001980397451791683
1.181	0.00001982954674486515
1.1840000000000002	0.000019855135241895986
1.187	0.00001988073997197273
1.19	0.0000199063608977249
1.193	0.00001993199798144753
1.1960000000000002	0.000019957651185100548
1.199	0.000019983320470309752
1.202	0.00002000900579835873
1.205	0.00002003470446448531
1.208	0.000020060418082299708
1.2109999999999999	0.000020086147640730337
1.214	0.000020111893113048992
1.217	0.000020137654472270138
1.22	0.00002016343169115029
1.2229999999999999	0.0000201892247421874
1.226	0.000020215033597620222
1.229	0.00002024085822942772
1.232	0.000020266698609328453
1.2349999999999999	0.00002029255470877999
1.238	0.000020318426498978317
1.241	0.000020344313950857262
1.244	0.00002037021703508792
1.2469999999999999	0.000020396135722078086
1.25	0.000020422069981971707
1.2530000000000001	0.000020448019784648327
1.256	0.000020473985099722537
1.259	0.00002049996589654346
1.262	0.00002052596214419422
1.2650000000000001	0.000020551973811491416
1.268	0.00002057800086698462
1.271	0.000020604043278955884
1.274	0.00002063010101541924
1.2770000000000001	0.00002065617404412022
1.28	0.000020682262332535373
1.283	0.00002070836584787182
1.286	0.00002073448455706678
1.2890000000000001	0.000020760618426787127
1.292	0.00002078676742342895
1.295	0.00002081293151311713
1.298	0.000020839110661704923
1.3010000000000002	0.00002086530483477353
1.304	0.000020891513997631713
1.307	0.0000209177381153154
1.31	0.00002094397715258731
1.3130000000000002	0.00002097023107393655
1.316	0.000020996499843578298
1.319	0.000021022783425453413
1.322	0.000021049081783228906
1.3250000000000002	0.000021075394220999687
1.328	0.000021101719038777514
1.331	0.000021128058530499507
1.334	0.00002115441267001143
1.337	0.000021180781430945132
1.3399999999999999	0.00002120716478671814
1.343	0.000021233562710533275
1.346	0.000021259975175378248
1.349	0.000021286402154025276
1.3519999999999999	0.000021312843619030717
1.355	0.000021339299542734672
1.358	0.000021365769897260632
1.361	0.000021392254654515114
1.3639999999999999	0.000021418753786187305
1.367	0.000021445267263748705
1.37	0.000021471795058452788
1.373	0.00002149833714133466
1.376	0.000021524893483210747
1.379	0.000021551464054678433
1.3820000000000001	0.000021578048826115774
1.385	0.00002160464776768117
1.388	0.000021631260849313066
1.391	0.000021657888040729646
1.3940000000000001	0.00002168452931142854
1.397	0.000021711184630686546
1.4	0.000021737853967559344
1.403	0.000021764537290881234
1.4060000000000001	0.000021791234569264845
1.409	0.000021817945771100905
1.412	0.000021844670864557983
1.415	0.000021871409817582228
1.4180000000000001	0.000021898162597897148
1.421	0.000021924929173003373
1.424	0.000021951709510178437
1.427	0.000021978503576476558
1.4300000000000002	0.00002200531133872843
1.433	0.000022032132763541018
1.436	0.000022058967817297378
1.439	0.000022085816466157472
1.4420000000000002	0.000022112678676053237
1.445	0.000022139552919723732
1.448	0.000022166439719270385
1.451	0.000022193339988044773
1.4540000000000002	0.000022220253700685843
1.457	0.000022247180831655035
1.46	0.000022274121355236055
1.463	0.000022301075245534618
1.466	0.00002232804247647822
1.4689999999999999	0.000022355023021815914
1.472	0.00002238201685511808
1.475	0.000022409023949776185
1.478	0.000022436044279002597
1.4809999999999999	0.000022463077815830356
1.484	0.00002249012453311297
1.487	0.00002251718440352421
1.49	0.00002254425739955791
1.4929999999999999	0.00002257134349352778
1.496	0.000022598442657567234
1.499	0.000022625554863629165
1.502	0.0000226526800834858
1.5050000000000001	0.000022679818288728526
1.508	0.000022706969450767712
1.5110000000000001	0.000022734133540832546
1.514	0.000022761310529970882
1.5170000000000001	0.00002278850038904909
1.52	0.000022815703088751906
1.5230000000000001	0.000022842918599582287
1.526	0.000022870146891861274
1.529	0.000022897387935727868
1.532	0.000022924641701138908
1.535	0.00002295190815786892
1.538	0.000022979187275510056
1.541	0.000023006479023471927
1.544	0.000023033783370981542
1.547	0.000023061100287083178
1.55	0.000023088429740638318
1.553	0.000023115771700325533
1.556	0.000023143126134641128
1.559	0.000023170493011895692
1.562	0.00002319787074479966
1.565	0.00002322526042006281
1.568	0.000023252662453851493
1.571	0.000023280076821920567
1.574	0.000023307503499877983
1.577	0.000023334942463184643
1.58	0.00002336239368715428
1.583	0.000023389857146953288
1.586	0.000023417332817600647
1.589	0.000023444820673967752
1.592	0.000023472320690778323
1.595	0.000023499832842608253
1.598	0.00002352735710388554
1.601	0.000023554893448890136
1.604	0.00002358244185175387
1.607	0.000023610002286460317
1.61	0.00002363757472684473
1.613	0.00002366515914659391
1.616	0.000023692755519246167
1.619	0.00002372036381819116
1.622	0.00002374798401666988
1.625	0.000023775616087774528
1.6280000000000001	0.00002380326000444847
1.631	0.000023830915739486136
1.6340000000000001	0.000023858583265532973
1.637	0.000023886262555085364
1.6400000000000001	0.0000239139535804906
1.643	0.000023941656313946776
1.6460000000000001	0.000023969370727502788
1.649	0.000023997096793058236
1.6520000000000001	0.000024024834482363444
1.655	0.00002405258376701935
1.658	0.00002408034461847752
1.661	0.000024108117008040105
1.664	0.000024135900906859803
1.667	0.000024163696285939847
1.67	0.000024191503116134575
1.673	0.00002421932136814662
1.676	0.000024247149997987803
1.679	0.000024274989360143587
1.682	0.000024302840064503592
1.685	0.000024330702088135526
1.688	0.000024358575407985612
1.691	0.000024386460000878544
1.694	0.000024414355843517413
1.697	0.000024442262912483648
1.7	0.000024470181184236926
1.703	0.000024498110635115152
1.706	0.000024526051241334366
1.709	0.000024554002978988718
1.712	0.0000245819658240504
1.715	0.000024609939752369588
1.718	0.000024637924739674427
1.721	0.000024665920761570964
1.724	0.00002469392779354311
1.727	0.000024721945810952608
1.73	0.000024749974789038998
1.733	0.000024778014702919596
1.736	0.000024806065527589444
1.739	0.0000248341272379213
1.742	0.00002486219980866561
1.745	0.0000248902832144505
1.748	0.000024918377429781735
1.7510000000000001	0.000024946482429042733
1.754	0.000024974598186494538
1.7570000000000001	0.00002500272467627583
1.76	0.00002503086187240289
1.7630000000000001	0.000025059009748769627
1.766	0.00002508716827914757
1.7690000000000001	0.000025115337437185882
1.772	0.00002514351719641135
1.7750000000000001	0.000025171707530228402
1.778	0.000025199908411919143
1.781	0.000025228119814643355
1.784	0.00002525634171143883
1.787	0.000025284574022784414
1.79	0.000025312815459521974
1.793	0.00002534106731332966
1.796	0.00002536932956268649
1.799	0.000025397602185971008
1.802	0.000025425885161461274
1.805	0.000025454178467334827
1.808	0.000025482482081668663
1.811	0.000025510795982439217
1.814	0.000025539120147522354
1.817	0.00002556745455469333
1.82	0.000025595799181626785
1.823	0.000025624154005896737
1.826	0.000025652519004976573
1.829	0.000025680894156239032
1.832	0.000025709279436956193
1.835	0.000025737674824299482
1.838	0.00002576608029533968
1.841	0.00002579449582704689
1.844	0.000025822921396290582
1.847	0.000025851356979839552
1.85	0.000025879802554361974
1.853	0.00002590825809642538
1.856	0.000025936723582496675
1.859	0.000025965198988942158
1.862	0.000025993684292027546
1.865	0.000026022179467917967
1.868	0.000026050684492678002
1.871	0.000026079199342271702
1.874	0.000026107723992562617
1.877	0.000026136258419313812
1.8800000000000001	0.00002616480259818791
1.883	0.000026193356504747115
1.8860000000000001	0.000026221920114453262
1.889	0.000026250493402667828
1.8920000000000001	0.00002627907634465251
1.895	0.00002630766891556695
1.8980000000000001	0.0000263362710904726
1.901	0.000026364881732516228
1.9040000000000001	0.00002639350190431689
1.907	0.0000264221316135488
1.91	0.000026450770839960275
1.913	0.00002647941956321641
1.916	0.000026508077762899077
1.919	0.00002653674541850695
1.922	0.00002656542250945549
1.925	0.000026594109015076947
1.928	0.000026622804914620382
1.931	0.00002665151018725168
1.934	0.000026680224812053554
1.937	0.000026708948768025548
1.94	0.000026737682034084068
1.943	0.0000267664245890624
1.946	0.00002679517641171072
1.949	0.000026823937480696104
1.952	0.000026852707774602574
1.955	0.000026881487271931113
1.958	0.000026910275951099666
1.961	0.000026939073790443205
1.964	0.000026967880768213728
1.967	0.000026996696862580316
1.97	0.000027025522051629132
1.973	0.00002705435631336348
1.976	0.00002708319962570383
1.979	0.00002711205196648787
1.982	0.000027140913313470514
1.985	0.000027169783644323976
1.988	0.000027198662936637785
1.991	0.000027227551167918857
1.994	0.00002725644831559152
1.997	0.000027285354356997562
2.	0.000027314269269396293
2.003	0.00002734319302996492
2.0060000000000002	0.000027372125615797083
2.0090000000000003	0.000027401066653815402
2.012	0.000027430015867948997
2.015	0.00002745897384319061
2.018	0.00002748794056065401
2.021	0.000027516916001383907
2.024	0.00002754590014635598
2.027	0.000027574892976476872
2.0300000000000002	0.00002760389447258423
2.0330000000000004	0.000027632904615446725
2.036	0.000027661923385764052
2.0389999999999997	0.000027690950764166995
2.042	0.00002771998673121742
2.045	0.000027749031267408308
2.048	0.00002777808435316378
2.051	0.00002780714596883915
2.0540000000000003	0.00002783621609472092
2.057	0.000027865294711026835
2.06	0.000027894381797905914
2.0629999999999997	0.000027923477335438476
2.066	0.000027952581303636184
2.069	0.000027981693682442073
2.072	0.000028010814451730593
2.075	0.000028039943591307653
2.0780000000000003	0.000028069081080910654
2.081	0.00002809822690020853
2.084	0.000028127381028801813
2.0869999999999997	0.000028156543446222637
2.09	0.00002818571413193483
2.093	0.000028214893065333922
2.096	0.00002824408022574722
2.099	0.000028273275592433848
2.1020000000000003	0.000028302479144584795
2.105	0.000028331690861322977
2.108	0.000028360910721703285
2.1109999999999998	0.000028390138704712928
2.114	0.000028419374789270193
2.117	0.000028448618825692996
2.12	0.00002847787024909948
2.123	0.000028507129714051142
2.1260000000000003	0.000028536397202920077
2.129	0.000028565672698020922
2.132	0.000028594956181610884
2.135	0.000028624247635889746
2.138	0.00002865354704299993
2.141	0.000028682854385026507
2.144	0.00002871216964399723
2.1470000000000002	0.00002874149280188256
2.1500000000000004	0.00002877082384059573
2.153	0.000028800162741992732
2.156	0.000028829509487872394
2.159	0.00002885886405997639
2.162	0.000028888226439989296
2.165	0.000028917596609538605
2.168	0.000028946974550194792
2.1710000000000003	0.00002897636024347133
2.174	0.000029005753670824755
2.177	0.000029035154813654686
2.1799999999999997	0.00002906456365330388
2.183	0.000029093980171058285
2.186	0.000029123404348147056
2.189	0.000029152836165742625
2.192	0.00002918227560496075
2.1950000000000003	0.000029211722646860553
2.198	0.000029241177272444554
2.201	0.000029270639462658768
2.2039999999999997	0.000029300109198392696
2.207	0.00002932958646047944
2.21	0.000029359071229695693
2.213	0.00002938856348676184
2.216	0.00002941806321234199
2.2190000000000003	0.00002944757038704426
2.222	0.000029477084991419843
2.225	0.000029506606795909274
2.2279999999999998	0.000029536135527808184
2.231	0.000029565671634368447
2.234	0.000029595215099109785
2.237	0.000029624765905503973
2.24	0.000029654324036974862
2.2430000000000003	0.000029683889476898406
2.246	0.0000297134622086027
2.249	0.000029743042215368015
2.252	0.000029772629480426838
2.255	0.000029802223986963912
2.258	0.000029831825718116247
2.261	0.00002986143465697319
2.2640000000000002	0.000029891050786576447
2.2670000000000003	0.000029920674089920132
2.27	0.000029950304549950796
2.273	0.00002997994214956748
2.276	0.000030009586871621744
2.279	0.00003003923869891773
2.282	0.000030068897614212174
2.285	0.00003009856360021448
2.2880000000000003	0.00003012823663958675
2.2910000000000004	0.000030157916714943836
2.294	0.00003018760380885337
2.2969999999999997	0.000030217297903835842
2.3	0.00003024699898236463
2.303	0.000030276707026866042
2.306	0.000030306422019719366
2.309	0.000030336143943256937
2.3120000000000003	0.00003036587277976418
2.315	0.000030395608511479645
2.318	0.0000304253511205951
2.3209999999999997	0.000030455100589255535
2.324	0.000030484856899559473
2.327	0.00003051462003355804
2.33	0.00003054438997325661
2.333	0.00003057416625739287
2.3360000000000003	0.000030603949189164345
2.339	0.00003063373887683925
2.342	0.00003066353530496971
2.3449999999999998	0.00003069333845806763
2.348	0.00003072314832060483
2.351	0.00003075296487701301
2.354	0.000030782788111683794
2.357	0.000030812618008968805
2.3600000000000003	0.00003084245455317967
2.363	0.000030872297728588066
2.366	0.00003090214751942576
2.3689999999999998	0.00003093200390988466
2.372	0.000030961866884116835
2.375	0.00003099173642623458
2.378	0.00003102161252031041
2.3810000000000002	0.00003105149515037718
2.3840000000000003	0.00003108138430042805
2.387	0.00003111127995441657
2.39	0.00003114118209625672
2.393	0.00003117109070982294
2.396	0.0000312010057789502
2.399	0.000031230927287434024
2.402	0.000031260855219030524
2.4050000000000002	0.00003129078955745649
2.4080000000000004	0.0000313207302863894
2.411	0.000031350677389467465
2.414	0.00003138063085028973
2.417	0.000031410590652416055
2.42	0.00003144055677936721
2.423	0.000031470529214624904
2.426	0.00003150050794163184
2.4290000000000003	0.000031530492943791964
2.432	0.000031560484204469674
2.435	0.000031590481706991265
2.4379999999999997	0.0000316204851790553
2.441	0.00003165049464039706
2.444	0.0000316805102965991
2.447	0.000031710532133158494
2.45	0.000031740560135538475
2.4530000000000003	0.000031770594289168484
2.456	0.00003180063457944422
2.459	0.00003183068099172769
2.4619999999999997	0.00003186073351134717
2.465	0.000031890792123597355
2.468	0.00003192085681373931
2.471	0.000031950927567000555
2.474	0.000031981004368575066
2.4770000000000003	0.00003201108720362337
2.48	0.000032041176057272534
2.483	0.00003207127091461623
2.4859999999999998	0.00003210137176071478
2.489	0.00003213147858059517
2.492	0.00003216159135925114
2.495	0.00003219171008164318
2.498	0.00003222183473269859
2.501	0.000032251965297311526
2.504	0.000032282101760343065
2.507	0.00003231224410662121
2.5100000000000002	0.00003234239232094095
2.513	0.00003237254638806431
2.516	0.000032402706292720414
2.519	0.0000324328720196055
2.5220000000000002	0.00003246304355338297
2.525	0.000032493220878683455
2.528	0.00003252340398010487
2.531	0.000032553592842212426
2.5340000000000003	0.00003258378744953885
2.537	0.000032613987786583805
2.54	0.00003264419383781496
2.543	0.00003267440537037238
2.5460000000000003	0.00003270462240776004
2.549	0.00003273484511535177
2.552	0.00003276507347944974
2.555	0.00003279530748632744
2.558	0.000032825547122229776
2.561	0.00003285579237337311
2.564	0.00003288604322594527
2.567	0.00003291629966610559
2.57	0.000032946561679984966
2.573	0.00003297682925368589
2.576	0.000033007102373282477
2.579	0.00003303738102482051
2.582	0.00003306766519431746
2.585	0.00003309795486776259
2.588	0.0000331282500311169
2.591	0.00003315855067031326
2.594	0.000033188856771256366
2.597	0.000033219168319822864
2.6	0.00003324948530186131
2.603	0.00003327980770319229
2.606	0.00003331013550960839
2.609	0.00003334046870687429
2.612	0.000033370807280726805
2.615	0.00003340115121687488
2.618	0.000033431500500999666
2.621	0.000033461855118754604
2.624	0.0000334922150557654
2.6270000000000002	0.0000335225802976301
2.63	0.00003355295082991913
2.633	0.00003358332663817537
2.636	0.00003361370770791415
2.6390000000000002	0.00003364409402462343
2.642	0.00003367448557376339
2.645	0.00003370488234076723
2.648	0.00003373528405438093
2.6510000000000002	0.00003376569088877152
2.654	0.00003379610289991007
2.657	0.000033826520074754974
2.66	0.00003385694240024021
2.6630000000000003	0.00003388736986327542
2.666	0.00003391780245074588
2.669	0.00003394824014951263
2.672	0.00003397868294641244
2.6750000000000003	0.000034009130828257874
2.678	0.000034039583781837294
2.681	0.00003407004179391498
2.684	0.00003410050485123107
2.687	0.000034130972940501656
2.69	0.00003416144604841883
2.693	0.000034191924161650674
2.696	0.000034222407266841344
2.699	0.000034252895350611086
2.702	0.00003428338839955631
2.705	0.00003431388640024956
2.708	0.00003434438933923965
2.711	0.000034374897203051606
2.714	0.000034405409978186796
2.717	0.00003443592765112291
2.72	0.000034466450208314014
2.723	0.00003449697763619061
2.726	0.0000345275099211597
2.729	0.000034558047049604755
2.732	0.00003458858900788581
2.735	0.0000346191357823395
2.738	0.00003464968735927912
2.741	0.000034680243724994715
2.744	0.00003471080486575276
2.747	0.00003474137076779685
2.75	0.000034771941356488483
2.753	0.00003480251647952092
2.7560000000000002	0.00003483309632393604
2.759	0.00003486368087720531
2.762	0.0000348942701267792
2.765	0.00003492486406008725
2.7680000000000002	0.000034955462664538076
2.771	0.00003498606592751942
2.774	0.00003501667383639821
2.777	0.00003504728637852056
2.7800000000000002	0.00003507790354121182
2.783	0.00003510852531177662
2.786	0.00003513915167749891
2.789	0.000035169782625641995
2.7920000000000003	0.00003520041814344855
2.795	0.000035231058218140685
2.798	0.00003526170283692001
2.801	0.000035292351986967595
2.8040000000000003	0.000035323005655444084
2.807	0.00003535366382948969
2.81	0.00003538432649622428
2.813	0.00003541499364274734
2.816	0.000035445665256138104
2.819	0.00003547634132345553
2.822	0.000035507021831738366
2.825	0.00003553770676800518
2.828	0.00003556839611925442
2.831	0.00003559908987246444
2.834	0.00003562978801459355
2.837	0.000035660490532580024
2.84	0.0000356911974133422
2.843	0.00003572190864377857
2.846	0.000035752624210767486
2.849	0.00003578334410116773
2.852	0.0000358140683018182
2.855	0.000035844796629130864
2.858	0.00003587552921402918
2.861	0.00003590626607137495
2.864	0.000035937007188940346
2.867	0.00003596775255447936
2.87	0.00003599850215572782
2.873	0.00003602925598040343
2.876	0.000036060014016205836
2.879	0.00003609077625081665
2.882	0.00003612154267189947
2.8850000000000002	0.000036152313267099926
2.888	0.00003618308802404574
2.891	0.00003621386693034673
2.894	0.00003624464997359489
2.8970000000000002	0.00003627543714136439
2.9	0.00003630622842121161
2.903	0.000036337023800675245
2.906	0.00003636782326727627
2.9090000000000003	0.000036398626808518
2.912	0.00003642943441188614
2.915	0.00003646024606484885
2.918	0.00003649106175485673
2.9210000000000003	0.00003652188146934289
2.924	0.00003655270519572299
2.927	0.000036583532921395285
2.93	0.00003661436463374067
2.933	0.00003664520032012267
2.936	0.000036676039967887573
2.939	0.000036706883564364384
2.942	0.000036737731096864916
2.945	0.000036768582552683865
2.948	0.00003679943791909866
2.951	0.0000368302971833698
2.954	0.000036861160332740714
2.957	0.00003689202726718149
2.96	0.0000369228980159315
2.963	0.00003695377261249548
2.966	0.00003698465104473579
2.969	0.00003701553330049878
2.972	0.00003704641936761489
2.975	0.000037077309233898644
2.978	0.00003710820288714871
2.981	0.000037139100315147924
2.984	0.00003717000150566337
2.987	0.00003720090644644636
2.99	0.000037231815125232526
2.993	0.00003726272752974181
2.996	0.00003729364364767856
2.999	0.000037324563466731536
3.0020000000000002	0.000037355486974573944
3.005	0.000037386414158863486
3.008	0.00003741734500724241
3.011	0.000037448279507337554
3.0140000000000002	0.000037479217646760354
3.017	0.000037510159413106927
3.02	0.00003754110479395809
3.023	0.00003757205377687939
3.0260000000000002	0.000037603006349421184
3.029	0.000037633962499118625
3.032	0.000037664922213491774
3.035	0.000037695885480045574
3.0380000000000003	0.00003772685228626994
3.041	0.00003775782261963976
3.044	0.000037788796467615
3.047	0.00003781977381764071
3.0500000000000003	0.000037850754657146986
3.053	0.000037881738973549174
3.056	0.00003791272675424782
3.059	0.0000379437179498932
3.062	0.00003797471255989513
3.065	0.00003800571059679762
3.068	0.00003803671204826326
3.071	0.000038067716901940434
3.074	0.00003809872514546332
3.077	0.00003812973676645199
3.08	0.000038160751752512414
3.083	0.0000381917700912365
3.086	0.00003822279177020216
3.089	0.00003825381677697335
3.092	0.00003828484509910008
3.095	0.00003831587672411851
3.098	0.00003834691163955095
3.101	0.000038377949832905906
3.104	0.00003840899129167816
3.107	0.000038440036003348765
3.11	0.00003847108395538513
3.113	0.00003850213513524105
3.116	0.00003853318953035673
3.119	0.00003856424712815886
3.122	0.000038595307916060636
3.125	0.00003862637188146182
3.128	0.00003865743901174878
3.1310000000000002	0.000038688509294294535
3.134	0.000038719582716458785
3.137	0.000038750659265587996
3.14	0.000038781738929015395
3.1430000000000002	0.00003881282169406106
3.146	0.00003884390754803193
3.149	0.000038874996478221865
3.152	0.00003890608847191172
3.1550000000000002	0.000038937183516369334
3.158	0.00003896828159884961
3.161	0.00003899938272226662
3.164	0.00003903048686601576
3.1670000000000003	0.00003906159400927643
3.17	0.0000390927041391286
3.173	0.0000391238172426394
3.176	0.000039154933306863195
3.1790000000000003	0.00003918605231884163
3.182	0.000039217174265603644
3.185	0.00003924829913416559
3.188	0.00003927942691153121
3.191	0.00003931055758469172
3.194	0.000039341691140625845
3.197	0.00003937282756629989
3.2	0.00003940396684866777
3.203	0.00003943510897467107
3.206	0.00003946625393123907
3.209	0.00003949740170528884
3.212	0.00003952855228372525
3.215	0.000039559705653441026
3.218	0.00003959086180131683
3.221	0.000039622020714221274
3.224	0.000039653182379010977
3.227	0.00003968434678253064
3.23	0.00003971551391161307
3.233	0.00003974668375307926
3.236	0.00003977785629373838
3.239	0.000039809031520387914
3.242	0.00003984020941981364
3.245	0.00003987138997878971
3.248	0.000039902573184078677
3.251	0.000039933759022431663
3.254	0.00003996494748058822
3.257	0.00003999613854527651
3.2600000000000002	0.00004002733220321331
3.263	0.00004005852855420151
3.266	0.00004008972749216685
3.269	0.000040120928982194585
3.2720000000000002	0.0000401521330102497
3.275	0.00004018333956228554
3.278	0.00004021454862424383
3.281	0.000040245760182054733
3.2840000000000003	0.000040276974221636914
3.287	0.00004030819072889761
3.29	0.00004033940968973267
3.293	0.00004037063109002664
3.2960000000000003	0.0000404018549156528
3.299	0.00004043308115247323
3.302	0.00004046430978633889
3.305	0.000040495540803089645
3.3080000000000003	0.00004052677418855435
3.311	0.000040558009928550895
3.314	0.00004058924800888629
3.317	0.0000406204884153567
3.32	0.00004065173113374752
3.323	0.00004068297614983343
3.326	0.000040714223449378456
3.329	0.000040745473018136044
3.332	0.0000407767248418491
3.335	0.000040807978906250064
3.338	0.00004083923519706097
3.341	0.00004087049369999352
3.344	0.00004090175440074911
3.347	0.00004093301728501895
3.35	0.000040964282338484
3.353	0.000040995549546815344
3.356	0.00004102681889567381
3.359	0.000041058090370710324
3.362	0.00004108936399164904
3.365	0.00004112063996442827
3.368	0.00004115191801862865
3.371	0.00004118319813833258
3.374	0.00004121448030761179
3.3770000000000002	0.00004124576451052745
3.38	0.00004127705073113023
3.383	0.00004130833895346041
3.386	0.00004133962916154789
3.3890000000000002	0.00004137092133941234
3.392	0.00004140221547106324
3.395	0.00004143351154049998
3.398	0.00004146480953171193
3.4010000000000002	0.000041496109428678484
3.404	0.00004152741121536921
3.407	0.00004155871487574388
3.41	0.000041590020393752544
3.4130000000000003	0.000041621327753335655
3.416	0.0000416526369384241
3.419	0.00004168394793293932
3.422	0.00004171526072079334
3.4250000000000003	0.000041746575285888916
3.428	0.000041777891612119554
3.431	0.000041809209683369625
3.434	0.00004184052948351443
3.4370000000000003	0.000041871850996420304
3.44	0.000041903174205944654
3.443	0.0000419344990959361
3.446	0.000041965825650234484
3.449	0.00004199715385267093
3.452	0.00004202848368706827
3.455	0.0000420598151372405
3.458	0.00004209114818699336
3.461	0.00004212248282012421
3.464	0.00004215381926461885
3.467	0.00004218515753633515
3.47	0.00004221649733878018
3.473	0.000042247838652944776
3.476	0.00004227918145981056
3.479	0.00004231052574035006
3.482	0.00004234187147552677
3.485	0.000042373218646295326
3.488	0.000042404567233601604
3.491	0.0000424359172183828
3.494	0.000042467268581567575
3.497	0.00004249862130407617
3.5	0.00004252997536682052
3.503	0.000042561330750704346
3.5060000000000002	0.00004259268743662329
3.509	0.00004262404540546502
3.512	0.00004265540463810939
3.515	0.00004268676511542845
3.5180000000000002	0.000042718126818286687
3.521	0.00004274948972754104
3.524	0.00004278085382404108
3.527	0.0000428122190886291
3.5300000000000002	0.00004284358550214021
3.533	0.0000428749530454025
3.536	0.000042906321699237126
3.539	0.00004293769144445843
3.5420000000000003	0.000042969062261874064
3.545	0.00004300043413228508
3.548	0.000043031807036486
3.551	0.000043063180955265276
3.5540000000000003	0.00004309455586940482
3.557	0.000043125931759680545
3.56	0.00004315730860686238
3.563	0.000043188686391714354
3.5660000000000003	0.000043220065879377416
3.569	0.00004325144637495856
3.572	0.00004328282774158249
3.575	0.00004331420995520652
3.578	0.000043345592991781464
3.581	0.00004337697682725186
3.584	0.000043408361437556054
3.587	0.000043439746798626494
3.59	0.000043471132886389824
3.593	0.00004350251967676715
3.596	0.00004353390714567414
3.599	0.000043565295269021277
3.602	0.00004359668402271399
3.605	0.00004362807338265291
3.608	0.000043659463324733977
3.611	0.00004369085382484865
3.614	0.00004372224485888412
3.617	0.00004375363640272347
3.62	0.00004378502843224585
3.623	0.0000438164209233267
3.626	0.00004384781385183787
3.629	0.00004387920719364792
3.632	0.00004391060092462215
3.6350000000000002	0.00004394199502062291
3.638	0.000043973389457509733
3.641	0.00004400478421113955
3.644	0.00004403617925736682
3.6470000000000002	0.00004406757457204376
3.65	0.000044098970131020564
3.653	0.0000441303659101455
3.656	0.00004416176188526514
3.6590000000000003	0.00004419315803222459
3.662	0.00004422455432686757
3.665	0.00004425595123035554
3.668	0.000044287349293246404
3.6710000000000003	0.000044318747420515424
3.674	0.000044350145579744874
3.677	0.00004438154373851675
3.68	0.000044412941864413015
3.6830000000000003	0.000044444339925015975
3.686	0.000044475737887908616
3.689	0.00004450713572067495
3.692	0.000044538533390900295
3.6950000000000003	0.00004456993086617168
3.698	0.000044601328114078126
3.701	0.00004463272510221102
3.704	0.000044664121798164414
3.707	0.000044695518169535374
3.71	0.00004472691418392434
3.713	0.00004475830980893542
3.716	0.000044789705012176725
3.719	0.00004482109976126074
3.722	0.00004485249402380464
3.725	0.00004488388776743061
3.728	0.00004491528095976618
3.731	0.00004494667356844458
3.734	0.00004497806556110505
3.737	0.000045009456905393215
3.74	0.00004504084756896133
3.743	0.0000450722375194687
3.746	0.00004510362672458183
3.749	0.00004513501515197538
3.7520000000000002	0.00004516640276933156
3.755	0.00004519778954434106
3.758	0.00004522917544470328
3.761	0.00004526056043812661
3.7640000000000002	0.000045291944492328766
3.767	0.0000453233296667244
3.77	0.00004535471449976231
3.773	0.00004538609827063814
3.7760000000000002	0.00004541748093237464
3.779	0.00004544886243801121
3.782	0.00004548024274060454
3.785	0.00004551162179322938
3.7880000000000003	0.000045542999548979154
3.791	0.000045574375960966726
3.794	0.00004560575098232508
3.797	0.00004563712456620799
3.8000000000000003	0.000045668496665790754
3.803	0.00004569986723427084
3.806	0.00004573123622486863
3.809	0.000045762603590828096
3.8120000000000003	0.00004579396928541746
3.815	0.00004582533326192991
3.818	0.00004585669547368433
3.821	0.0000458880558740259
3.8240000000000003	0.00004591941441632684
3.827	0.000045950771053987117
3.83	0.00004598212574043507
3.833	0.00004601347842912813
3.836	0.000046044829073553484
3.839	0.000046076177627228793
3.842	0.00004610752404370284
3.845	0.00004613886827655196
3.848	0.00004617021027939794
3.851	0.000046201550005882696
3.854	0.000046232887409686296
3.857	0.00004626422244452333
3.86	0.00004629555506414356
3.863	0.0000463268852223326
3.866	0.00004635821373956982
3.869	0.00004638954410431289
3.872	0.00004642087183529058
3.875	0.00004645219685844024
3.878	0.000046483519099763474
3.8810000000000002	0.00004651483848532793
3.884	0.00004654615494126896
3.887	0.000046577468393791396
3.89	0.000046608778769171205
3.8930000000000002	0.000046640085993757234
3.896	0.00004667138999397287
3.899	0.000046702690696317775
3.902	0.000046733988027369536
3.9050000000000002	0.000046765281913785404
3.908	0.00004679657228230387
3.911	0.00004682785905974649
3.914	0.00004685914217301941
3.9170000000000003	0.000046890421549115114
3.92	0.00004692169711511404
3.923	0.00004695296879818627
3.926	0.00004698423652559314
3.9290000000000003	0.00004701550022468889
3.932	0.00004704675982292228
3.935	0.00004707801524783828
3.938	0.00004710926642707963
3.9410000000000003	0.000047140513288388456
3.944	0.00004717175575955755
3.947	0.000047202993768636554
3.95	0.000047234227243623375
3.9530000000000003	0.000047265456112673925
3.956	0.00004729668030405144
3.959	0.00004732789974612814
3.962	0.00004735911436738673
3.965	0.000047390324096421973
3.968	0.00004742153421109673
3.971	0.000047452745049528114
3.974	0.000047483950689887795
3.977	0.00004751515100260248
3.98	0.00004754634585832225
3.983	0.000047577535127925725
3.986	0.00004760871868252528
3.989	0.00004763989639347211
3.992	0.00004767106813236138
3.995	0.00004770223377103729
3.998	0.0000477333931815981
4.0009999999999994	0.00004776454623640118
4.004	0.000047795692808067994
4.007	0.00004782683276948902
4.01	0.000047857965993828743
4.013	0.00004788909235453048
4.016	0.0000479202117253213
4.019	0.00004795132398021682
4.022	0.00004798242899352604
4.025	0.00004801352663985608
4.0280000000000005	0.0000480446167941169
4.031000000000001	0.000048075699331526055
4.034000000000001	0.00004810677412761329
4.037	0.00004813784105822522
4.04	0.00004816889999891946
4.043	0.00004819995082742338
4.046	0.00004823099341995356
4.0489999999999995	0.00004826202765367136
4.052	0.000048293053406077486
4.055	0.000048324070555016385
4.058	0.000048355078978680604
4.061	0.00004838607855561506
4.064	0.000048417069164721355
4.067	0.00004844805068526198
4.07	0.0000484790399564533
4.073	0.00004851003047960099
4.0760000000000005	0.000048541011297158015
4.079000000000001	0.00004857198214654293
4.082000000000001	0.000048602942766033426
4.085	0.0000486338928947871
4.088	0.00004866483227286216
4.091	0.00004869576064123773
4.093999999999999	0.000048726677741834104
4.0969999999999995	0.00004875758331753271
4.1	0.000048788477112195815
4.103	0.000048819358870686065
4.106	0.00004885022833888579
4.109	0.00004888108526371602
4.112	0.00004891192939315529
4.115	0.00004894276047625825
4.118	0.00004897357826317396
4.121	0.00004900438250516395
4.1240000000000006	0.00004903517295462007
4.127000000000001	0.00004906594936508205
4.13	0.000049096711491254786
4.133	0.000049127459089025475
4.136	0.000049158191915480265
4.139	0.000049188909719776625
4.1419999999999995	0.000049219612279440755
4.145	0.00004925029934667488
4.148	0.0000492809706835679
4.151	0.00004931162605348643
4.154	0.00004934226522108939
4.157	0.0000493728879523422
4.16	0.00004940349401453093
4.163	0.00004943408317627595
4.166	0.000049464655207545506
4.1690000000000005	0.00004949520987966897
4.172000000000001	0.00004952578375664694
4.175000000000001	0.000049556394466049836
4.178	0.000049586986323116486
4.181	0.000049617558640716805
4.184	0.00004964811073621722
4.187	0.00004967864193161955
4.1899999999999995	0.000049709151553696894
4.193	0.0000497396389341267
4.196	0.00004977010340962071
4.199	0.00004980054432205186
4.202	0.00004983096101857809
4.205	0.00004986135285176298
4.208	0.00004989171917969307
4.211	0.00004992205936609202
4.214	0.00004995237278043141
4.2170000000000005	0.00004998265879803817
4.220000000000001	0.00005001291680019871
4.223	0.000050043146174259466
4.226	0.00005007334631372427
4.229	0.000050103516618348007
4.232	0.00005013365649422692
4.234999999999999	0.000050163766079931636
4.2379999999999995	0.0000501938431180472
4.241	0.0000502238879955731
4.244	0.000050253900153000005
4.247	0.00005028387903768954
4.25	0.00005031382410381529
4.253	0.00005034373481230163
4.256	0.00005037361063076198
4.259	0.0000504034510334381
4.2620000000000005	0.00005043325550114195
4.265000000000001	0.00005046302352120135
4.268000000000001	0.00005049275458741087
4.271	0.0000505224481999887
4.274	0.000050552103865540836
4.277	0.000050582111769384605
4.28	0.00005061247038442402
4.2829999999999995	0.00005064278037795554
4.286	0.000050673033671685544
4.289	0.000050703232539246545
4.292	0.00005073336969256441
4.295	0.00005076344096424255
4.298	0.000050793442281756025
4.301	0.00005082336967193694
4.304	0.00005085321926508835
4.307	0.00005088298729872009
4.3100000000000005	0.000050912670120902856
4.313000000000001	0.00005094226419323889
4.316000000000001	0.00005097176609345037
4.319	0.00005100117251758851
4.322	0.000051030480281868466
4.325	0.00005105968632413731
4.328	0.00005108878770498381
4.3309999999999995	0.000051117781608500604
4.334	0.0000511466653518199
4.337	0.00005117543634791015
4.34	0.00005120409216254056
4.343	0.00005123263047497197
4.346	0.000051261049087023274
4.349	0.000051289345922034286
4.352	0.000051317519023585175
4.355	0.00005134556655398988
4.3580000000000005	0.00005137348679258084
4.361000000000001	0.00005140127813380254
4.364	0.000051428939085131045
4.367	0.000051456468264836686
4.37	0.000051483864399606494
4.373	0.000051511126322042774
4.3759999999999994	0.00005153825296805358
4.379	0.000051565251340692134
4.382	0.00005159209820861725
4.385	0.00005161881226119215
4.388	0.00005164257820966433
4.391	0.00005166606844830157
4.394	0.00005168947701979581
4.397	0.00005171280119930717
4.4	0.0000517360624380788
4.4030000000000005	0.000051759261299248
4.406000000000001	0.000051782404144152145
4.409000000000001	0.00005180549718698005
4.412	0.00005182854651286252
4.415	0.00005185155809500019
4.418	0.00005187453781097138
4.421	0.00005189749145835006
4.4239999999999995	0.000051920424769754415
4.427	0.00005194334342743807
4.43	0.00005196625307833791
4.433	0.00005198915934357433
4.436	0.000052012067841505243
4.439	0.000052034984193282255
4.442	0.00005205791403920925
4.445	0.00005208086305264024
4.448	0.00005210383695409636
4.4510000000000005	0.000052126841525700105
4.454000000000001	0.000052149882626028835
4.457000000000001	0.0000521729662054949
4.46	0.00005219609832236679
4.463	0.0000522192851595544
4.466	0.00005224253304229167
4.468999999999999	0.000052265848456862685
4.4719999999999995	0.000052289238070532086
4.475	0.00005231270875285811
4.478	0.0000523362675985877
4.481	0.00005235992195235707
4.484	0.000052383679435450104
4.487	0.00005240754797490055
4.49	0.000052431535835263516
4.493	0.00005245565165342862
4.496	0.000052479904476902205
4.4990000000000006	0.00005250430380605116
4.502	0.000052528859640878313
4.505	0.000052553582532991486
4.508	0.000052578483643537915
4.511	0.00005260357480800766
4.514	0.000052628868608967635
4.517	0.00005265440074896161
4.5200000000000005	0.00005268079665624911
4.523	0.000052709546129970036
4.526	0.000052738638286750415
4.529	0.00005276808621851178
4.532	0.00005279790375991672
4.535	0.00005282810567056878
4.538	0.00005285870771671158
4.541	0.00005288972677182309
4.5440000000000005	0.00005292118092880306
4.547	0.000052953089627221083
4.55	0.000052985473798080707
4.553	0.000053018356029014334
4.556	0.000053051760753440594
4.559	0.00005308571446808359
4.562	0.00005312024598448317
4.565	0.00005315538672177602
4.5680000000000005	0.000053191171050003994
4.571	0.000053227636695207174
4.574	0.000053264825219379406
4.577	0.000053302782590295924
4.58	0.00005334155964204096
4.583	0.00005338121388601672
4.586	0.00005342180883764314
4.589	0.0000534634165329586
4.5920000000000005	0.00005350611869284994
4.595	0.00005355000864729758
4.598	0.000053595167394005495
4.601	0.0000536417923938913
4.604	0.00005368996879689362
4.607	0.00005374374710629908
4.61	0.000053812790420817095
4.613	0.00005388641387468512
4.616	0.00005396478215929149
4.619	0.000054047823245339635
4.622	0.000054135097755910655
4.625	0.000054225691338870845
4.628	0.000054318209719362445
4.631	0.00005441092614106511
4.634	0.00005450207391458441
4.6370000000000005	0.000054590165791813984
4.64	0.00005467418102729816
4.643	0.00005475358465324561
4.646	0.000054814244486201555
4.649	0.00005486497670050698
4.652	0.00005491438715433987
4.655	0.00005496261026821198
4.658	0.00005500976105167018
4.6610000000000005	0.000055055938800262275
4.664	0.000055101229950873846
4.667	0.00005514571031479836
4.67	0.00005518944684434822
4.673	0.000055232499045341945
4.676	0.00005527492011758472
4.679	0.000055316757884142105
4.682	0.000055358055554959715
4.6850000000000005	0.00005539885235933728
4.688	0.000055439184073669544
4.691	0.00005547908346486572
4.694	0.00005551858066536518
4.697	0.00005555770349226898
4.7	0.000055596477720512645
4.703	0.00005563493334241357
4.706	0.000055673075116839046
4.7090000000000005	0.00005571094148480117
4.712	0.00005574855050089499
4.715	0.0000557859062002845
4.718	0.000055823041790878006
4.721	0.000055860721315110394
4.724	0.000055898519971265954
4.727	0.00005593611094286763
4.73	0.000055973502576472546
4.733	0.000056010702868681233
4.736	0.0000560477194897441
4.739	0.00005608455980528763
4.742	0.00005612123089634502
4.745	0.00005615773957785457
4.748	0.00005619409241577168
4.751	0.00005623029574292409
4.7540000000000004	0.000056266355673726304
4.757	0.000056302278117857084
4.76	0.00005633806879299293
4.763	0.000056373733236681296
4.766	0.000056409276817428756
4.769	0.000056444704745072165
4.772	0.00005648002208049405
4.775	0.000056515233744737904
4.7780000000000005	0.00005655034452757374
4.781	0.00005658535909555979
4.784	0.00005662028199964193
4.787	0.00005665511768232896
4.79	0.000056689870484478464
4.793	0.00005672454465172506
4.796	0.00005675914434058024
4.799	0.00005679367362423063
4.8020000000000005	0.000056828136498059334
4.805	0.00005686253688491324
4.808	0.000056896978328457036
4.811	0.000056931642478376924
4.814	0.00005696625075353828
4.817	0.0000570008045685946
4.82	0.00005703530528385834
4.823	0.00005706975432091403
4.8260000000000005	0.00005710415302010911
4.829	0.00005713850272046061
4.832	0.000057172804743515865
4.835	0.00005720706039396264
4.838	0.00005724127096022129
4.841	0.00005727543771501969
4.844	0.000057309561915951794
4.847	0.00005734364480602055
4.8500000000000005	0.00005737768761416585
4.853	0.000057411691555778297
4.856	0.000057445657833199314
4.859	0.00005747958763620831
4.862	0.000057513482142497533
4.865	0.00005754734251813504
4.868	0.00005758116991801652
4.871	0.000057614965486306376
4.874	0.00005764873035686855
4.877	0.00005768246565368778
4.88	0.00005771617249128148
4.883	0.00005774985197510285
4.886	0.000057783505201935745
4.889	0.0000578171332602815
4.892	0.000057850737230738246
4.8950000000000005	0.00005788431818637315
4.898	0.000057917877193087835
4.901	0.000057951447332251605
4.904	0.00005798507176932572
4.907	0.00005801867639378501
4.91	0.000058052261612399806
4.913	0.000058085827829690116
4.916	0.00005811937544727397
4.9190000000000005	0.000058152904866080504
4.922	0.00005818641648406279
4.925	0.00005821991069731465
4.928	0.00005825338789994775
4.931	0.00005828684848414241
4.934	0.00005832029284019775
4.937	0.00005835372135658121
4.94	0.00005838713441997745
4.9430000000000005	0.00005842053241533677
4.946	0.00005845391572592283
4.949	0.00005848728473335995
4.952	0.00005852063981767978
4.955	0.00005855398135736759
4.958	0.000058587309729407906
4.961	0.000058620625309329806
4.964	0.00005865392847125171
4.9670000000000005	0.0000586872195879257
4.97	0.000058720499030781427
4.973	0.00005875376716996965
4.976	0.0000587870243744053
4.979	0.000058820271011810184
4.982	0.00005885350744875539
4.985	0.00005888673405070322
4.988	0.00005891995118204886
4.991	0.00005895315920616168
4.994	0.0000589863584854263
4.997	0.00005901957533115193