0.	-7.846510594238042e-6
0.0005	-7.842540822224151e-6
0.001	-7.838571008694651e-6
0.0015	-7.83460115518003e-6
0.002	-7.830631263210934e-6
0.0025	-7.82666133431769e-6
0.003	-7.822691370032185e-6
0.0035	-7.818721371885009e-6
0.004	-7.814751341407367e-6
0.0045000000000000005	-7.810781280130583e-6
0.005	-7.806811189586107e-6
0.0055	-7.802841071305496e-6
0.006	-7.798870926820417e-6
0.006500000000000001	-7.794900712615855e-6
0.007	-7.790930308512214e-6
0.0075	-7.786959884990098e-6
0.008	-7.782989445391738e-6
0.0085	-7.779018993059514e-6
0.009000000000000001	-7.775048531335908e-6
0.0095	-7.77107806356348e-6
0.01	-7.767107593084848e-6
0.0105	-7.763137123242643e-6
0.011	-7.759166657379496e-6
0.0115	-7.755196198838009e-6
0.012	-7.75122575096071e-6
0.0125	-7.747255317090048e-6
0.013000000000000001	-7.743284900568354e-6
0.0135	-7.739314504737806e-6
0.014	-7.73534413294041e-6
0.0145	-7.731373788517975e-6
0.015	-7.727403474812074e-6
0.0155	-7.723433195164275e-6
0.016	-7.719462952915117e-6
0.0165	-7.715492751405544e-6
0.017	-7.711522593975933e-6
0.0175	-7.707552483966278e-6
0.018000000000000002	-7.703582424716182e-6
0.0185	-7.699612419564817e-6
0.019	-7.6956424718509e-6
0.0195	-7.691672584912669e-6
0.02	-7.687702840547246e-6
0.0205	-7.683733200201122e-6
0.021	-7.67976362898102e-6
0.021500000000000002	-7.67579412923675e-6
0.022	-7.671824703317706e-6
0.0225	-7.667855353572838e-6
0.023	-7.663886082350648e-6
0.0235	-7.659916891999173e-6
0.024	-7.655947784865966e-6
0.0245	-7.651978763298095e-6
0.025	-7.648009829642112e-6
0.025500000000000002	-7.644040986244058e-6
0.026000000000000002	-7.64007223544943e-6
0.0265	-7.636103579603185e-6
0.027	-7.632135021049714e-6
0.0275	-7.6281665621328306e-6
0.028	-7.624198205195761e-6
0.0285	-7.6202299525797345e-6
0.029	-7.61626180662928e-6
0.029500000000000002	-7.6122937696846395e-6
0.03	-7.608325844086548e-6
0.0305	-7.604358032175077e-6
0.031	-7.600390336289639e-6
0.0315	-7.596422758768954e-6
0.032	-7.592455301951042e-6
0.0325	-7.588487968173212e-6
0.033	-7.5845207953039875e-6
0.0335	-7.580553981759559e-6
0.034	-7.5765872956571245e-6
0.0345	-7.572620737054205e-6
0.035	-7.568654306008294e-6
0.035500000000000004	-7.56468800257687e-6
0.036000000000000004	-7.560721826817388e-6
0.0365	-7.556755778787286e-6
0.037	-7.552789858543979e-6
0.0375	-7.548824066144859e-6
0.038	-7.54485840164731e-6
0.0385	-7.54089286510868e-6
0.039	-7.536927456586305e-6
0.0395	-7.532962176137504e-6
0.04	-7.528997023819564e-6
0.0405	-7.525031999689766e-6
0.041	-7.52106710380536e-6
0.0415	-7.51710233622358e-6
0.042	-7.513137697005935e-6
0.0425	-7.509173186201155e-6
0.043000000000000003	-7.505208803870537e-6
0.043500000000000004	-7.501244550071227e-6
0.044	-7.497280424860356e-6
0.0445	-7.493316428295029e-6
0.045	-7.48935256043233e-6
0.0455	-7.485388821329329e-6
0.046	-7.48142521104307e-6
0.0465	-7.4774620370343466e-6
0.047	-7.473499226421111e-6
0.0475	-7.469536537509124e-6
0.048	-7.465573965733821e-6
0.0485	-7.461611506531998e-6
0.049	-7.45764915534174e-6
0.0495	-7.453686907602367e-6
0.05	-7.4497247587543974e-6
0.0505	-7.4457627042394776e-6
0.051000000000000004	-7.44180073950034e-6
0.051500000000000004	-7.437838859980741e-6
0.052000000000000005	-7.433877061125425e-6
0.0525	-7.4299153383800545e-6
0.053	-7.425953687191164e-6
0.0535	-7.421992103006113e-6
0.054	-7.418030581273025e-6
0.0545	-7.414069117440741e-6
0.055	-7.41010770696359e-6
0.0555	-7.406146345281635e-6
0.056	-7.402185027850728e-6
0.0565	-7.398223750122062e-6
0.057	-7.3942625075472884e-6
0.0575	-7.3903012955784595e-6
0.058	-7.386340109667974e-6
0.0585	-7.382378945268535e-6
0.059000000000000004	-7.378417797833093e-6
0.059500000000000004	-7.374456677636808e-6
0.06	-7.370494992617419e-6
0.0605	-7.366533315537354e-6
0.061	-7.362571646587874e-6
0.0615	-7.35860998596024e-6
0.062	-7.354648333845705e-6
0.0625	-7.350686690435519e-6
0.063	-7.346725055920933e-6
0.0635	-7.342763430493182e-6
0.064	-7.338801814343508e-6
0.0645	-7.334840207663145e-6
0.065	-7.330878610643319e-6
0.0655	-7.326917023475252e-6
0.066	-7.322955446350166e-6
0.0665	-7.318993879459274e-6
0.067	-7.315032322993784e-6
0.0675	-7.311070777144902e-6
0.068	-7.3071092421048705e-6
0.0685	-7.303147718062756e-6
0.069	-7.299186205210813e-6
0.0695	-7.2952247037402284e-6
0.07	-7.291263213842176e-6
0.07050000000000001	-7.287301735707832e-6
0.07100000000000001	-7.283340269528363e-6
0.07150000000000001	-7.279378815494928e-6
0.07200000000000001	-7.2754173737986835e-6
0.0725	-7.2714559446307795e-6
0.073	-7.267494540807123e-6
0.0735	-7.263533170294189e-6
0.074	-7.259571812494354e-6
0.0745	-7.2556104673175505e-6
0.075	-7.2516491346737155e-6
0.0755	-7.247687814472789e-6
0.076	-7.243726506624709e-6
0.0765	-7.2397652110394224e-6
0.077	-7.235803927626876e-6
0.0775	-7.2318426562970186e-6
0.078	-7.227881396959804e-6
0.0785	-7.223920149525185e-6
0.079	-7.219958913903122e-6
0.0795	-7.215997690003573e-6
0.08	-7.212036477736501e-6
0.0805	-7.208075277011877e-6
0.081	-7.204114087739697e-6
0.0815	-7.200152909829864e-6
0.082	-7.196191743192384e-6
0.0825	-7.192230587737233e-6
0.083	-7.18826944337439e-6
0.0835	-7.1843083100138344e-6
0.084	-7.180347187565546e-6
0.0845	-7.1763860759395146e-6
0.085	-7.172424975045727e-6
0.0855	-7.168463884794173e-6
0.08600000000000001	-7.164502805094845e-6
0.08650000000000001	-7.160541743320707e-6
0.08700000000000001	-7.156580693886886e-6
0.08750000000000001	-7.152619654591263e-6
0.088	-7.148658625263249e-6
0.0885	-7.1446976057322634e-6
0.089	-7.140736595827733e-6
0.0895	-7.136775595379081e-6
0.09	-7.132814604215738e-6
0.0905	-7.128853622167142e-6
0.091	-7.124892649062733e-6
0.0915	-7.1209316847319475e-6
0.092	-7.11697072900424e-6
0.0925	-7.113009781709058e-6
0.093	-7.1090488426758535e-6
0.0935	-7.105087911734086e-6
0.094	-7.101126988713217e-6
0.0945	-7.0971660734427175e-6
0.095	-7.093205165752041e-6
0.0955	-7.0892442654706655e-6
0.096	-7.085283372428065e-6
0.0965	-7.081322486453718e-6
0.097	-7.077361607377106e-6
0.0975	-7.073400735027708e-6
0.098	-7.069439869235016e-6
0.0985	-7.065479009828515e-6
0.099	-7.0615181566376975e-6
0.0995	-7.057557331137783e-6
0.1	-7.053596603822657e-6
0.1005	-7.049635881058906e-6
0.101	-7.0456751617073404e-6
0.1015	-7.041714444628771e-6
0.10200000000000001	-7.0377537286840185e-6
0.10250000000000001	-7.0337930127339066e-6
0.10300000000000001	-7.029832295639259e-6
0.10350000000000001	-7.025871576260897e-6
0.10400000000000001	-7.021910853459635e-6
0.1045	-7.017950126096276e-6
0.105	-7.013989393031609e-6
0.1055	-7.0100286531264115e-6
0.106	-7.006067905241439e-6
0.1065	-7.002107148237419e-6
0.107	-6.998146380975063e-6
0.1075	-6.994185602315037e-6
0.108	-6.990224811117997e-6
0.1085	-6.986264006244545e-6
0.109	-6.982303186555249e-6
0.1095	-6.978342350910632e-6
0.11	-6.974381498171176e-6
0.1105	-6.970420627197313e-6
0.111	-6.966459736849417e-6
0.1115	-6.962498825987814e-6
0.112	-6.958537893472763e-6
0.1125	-6.954576938164466e-6
0.113	-6.950615928314843e-6
0.1135	-6.94665487253268e-6
0.114	-6.942693791235153e-6
0.1145	-6.9387326837211175e-6
0.115	-6.934771549289388e-6
0.1155	-6.930810387238726e-6
0.116	-6.926849196867851e-6
0.1165	-6.922887977475422e-6
0.117	-6.918926728360055e-6
0.11750000000000001	-6.914965448820313e-6
0.11800000000000001	-6.911004138154703e-6
0.11850000000000001	-6.907042795661672e-6
0.11900000000000001	-6.9030814206396225e-6
0.11950000000000001	-6.899120012386887e-6
0.12	-6.895158570201751e-6
0.1205	-6.891197093382509e-6
0.121	-6.887235581227174e-6
0.1215	-6.883274033033912e-6
0.122	-6.879312448100747e-6
0.1225	-6.875350825725651e-6
0.123	-6.871389165206523e-6
0.1235	-6.867427465841196e-6
0.124	-6.863465726927432e-6
0.1245	-6.8595039477629244e-6
0.125	-6.855542127645298e-6
0.1255	-6.851580265872101e-6
0.126	-6.847618361740809e-6
0.1265	-6.843656530047444e-6
0.127	-6.839694653794407e-6
0.1275	-6.835732731114574e-6
0.128	-6.831770760321949e-6
0.1285	-6.827808739730325e-6
0.129	-6.823846667653292e-6
0.1295	-6.819884542404214e-6
0.13	-6.815922362296235e-6
0.1305	-6.811960125642258e-6
0.131	-6.807997830754953e-6
0.1315	-6.804035475946735e-6
0.132	-6.800073059529769e-6
0.1325	-6.796110579815959e-6
0.133	-6.792148035116932e-6
0.1335	-6.788185423743775e-6
0.134	-6.784222744008086e-6
0.1345	-6.780259994220391e-6
0.135	-6.776297172691173e-6
0.1355	-6.77233427773061e-6
0.136	-6.768371307648564e-6
0.1365	-6.76440826075458e-6
0.137	-6.760445135357879e-6
0.1375	-6.756481929767337e-6
0.138	-6.752518642291499e-6
0.1385	-6.748555271238558e-6
0.139	-6.744591814916347e-6
0.1395	-6.740628234433166e-6
0.14	-6.736664512696637e-6
0.1405	-6.732700701687782e-6
0.14100000000000001	-6.728736800478775e-6
0.14150000000000001	-6.724772808141572e-6
0.14200000000000002	-6.720808723747923e-6
0.14250000000000002	-6.716844546369358e-6
0.14300000000000002	-6.712880275077192e-6
0.14350000000000002	-6.708915908942523e-6
0.14400000000000002	-6.704951447036221e-6
0.1445	-6.7009868884289415e-6
0.145	-6.697022232191105e-6
0.1455	-6.693057477392911e-6
0.146	-6.689092623104327e-6
0.1465	-6.6851276683950855e-6
0.147	-6.681162612336439e-6
0.1475	-6.677197453994225e-6
0.148	-6.6732321924391245e-6
0.1485	-6.669266826739921e-6
0.149	-6.665301355965151e-6
0.1495	-6.661335779183103e-6
0.15	-6.657370095461822e-6
0.1505	-6.653404303869099e-6
0.151	-6.649438403472478e-6
0.1515	-6.645472393339242e-6
0.152	-6.6415062725364215e-6
0.1525	-6.6375400401307835e-6
0.153	-6.6335737571339615e-6
0.1535	-6.6296073717138385e-6
0.154	-6.625640870742688e-6
0.1545	-6.621674252660156e-6
0.155	-6.617707515905431e-6
0.1555	-6.613740658917239e-6
0.156	-6.6097736801338245e-6
0.1565	-6.605806577992971e-6
0.157	-6.601839350931958e-6
0.1575	-6.597871997387593e-6
0.158	-6.593904515796173e-6
0.1585	-6.589936904593501e-6
0.159	-6.585969162214864e-6
0.1595	-6.582001287095043e-6
0.16	-6.578033277665553e-6
0.1605	-6.574065132365497e-6
0.161	-6.570096849625449e-6
0.1615	-6.5661284278780644e-6
0.162	-6.562159865555454e-6
0.1625	-6.558191161089168e-6
0.163	-6.554222312910202e-6
0.1635	-6.550253319448989e-6
0.164	-6.546284179135385e-6
0.1645	-6.542314890398674e-6
0.165	-6.538345451667549e-6
0.1655	-6.534375861370118e-6
0.166	-6.530406146745227e-6
0.1665	-6.5264363467135e-6
0.167	-6.522466389323741e-6
0.1675	-6.518496272162851e-6
0.168	-6.514525992816764e-6
0.1685	-6.5105555488704315e-6
0.169	-6.506584937907812e-6
0.1695	-6.502614157511846e-6
0.17	-6.498643205264454e-6
0.1705	-6.494672078746507e-6
0.171	-6.4907007755378264e-6
0.1715	-6.486729293217158e-6
0.17200000000000001	-6.482757629362162e-6
0.17250000000000001	-6.478785781549398e-6
0.17300000000000001	-6.474813747358169e-6
0.17350000000000002	-6.4708415243552255e-6
0.17400000000000002	-6.4668691101174e-6
0.17450000000000002	-6.462896502216696e-6
0.17500000000000002	-6.458923698223929e-6
0.17550000000000002	-6.4549506957087375e-6
0.176	-6.450977492239538e-6
0.1765	-6.447004085383536e-6
0.177	-6.443030472706694e-6
0.1775	-6.4390566517737225e-6
0.178	-6.435082620148066e-6
0.1785	-6.431108375391882e-6
0.179	-6.427133915066034e-6
0.1795	-6.423159186648588e-6
0.18	-6.419184223245684e-6
0.1805	-6.4152090379211116e-6
0.181	-6.411233628786724e-6
0.1815	-6.407257993953323e-6
0.182	-6.403282131530648e-6
0.1825	-6.399306039627365e-6
0.183	-6.395329716351066e-6
0.1835	-6.391353159808247e-6
0.184	-6.387376368104309e-6
0.1845	-6.38339933934354e-6
0.185	-6.379422071629118e-6
0.1855	-6.375444563063088e-6
0.186	-6.37146681175552e-6
0.1865	-6.367488815788228e-6
0.187	-6.363510573268534e-6
0.1875	-6.359532082293885e-6
0.188	-6.355553340960536e-6
0.1885	-6.351574347363576e-6
0.189	-6.34759509959689e-6
0.1895	-6.343615595753163e-6
0.19	-6.339635833923866e-6
0.1905	-6.335655812199254e-6
0.191	-6.331675528668348e-6
0.1915	-6.327694981418923e-6
0.192	-6.323714168537518e-6
0.1925	-6.31973279058808e-6
0.193	-6.3157504042474935e-6
0.1935	-6.31176775778349e-6
0.194	-6.307784858199323e-6
0.1945	-6.303801712502725e-6
0.195	-6.2998183277057685e-6
0.1955	-6.295834710824757e-6
0.196	-6.291850868880093e-6
0.1965	-6.2878668088961645e-6
0.197	-6.2838825379012165e-6
0.1975	-6.279898062927229e-6
0.198	-6.275913391009793e-6
0.1985	-6.2719285291879935e-6
0.199	-6.26794348450428e-6
0.1995	-6.263958263998509e-6
0.2	-6.259972874731294e-6
0.2005	-6.255987323748533e-6
0.201	-6.252001618104901e-6
0.2015	-6.248015764857813e-6
0.202	-6.244029771067316e-6
0.2025	-6.240043643795939e-6
0.203	-6.236057390108595e-6
0.20350000000000001	-6.2320710170724385e-6
0.20400000000000001	-6.228084531756751e-6
0.20450000000000002	-6.224097941232808e-6
0.20500000000000002	-6.220111252573757e-6
0.20550000000000002	-6.2161244728544906e-6
0.20600000000000002	-6.2121379637433976e-6
0.20650000000000002	-6.208151437529569e-6
0.20700000000000002	-6.204164834870621e-6
0.20750000000000002	-6.200178159253774e-6
0.20800000000000002	-6.196191414166898e-6
0.2085	-6.192204603098463e-6
0.209	-6.188217729537523e-6
0.2095	-6.184230796973669e-6
0.21	-6.180243808897025e-6
0.2105	-6.1762567687981875e-6
0.211	-6.172269680168211e-6
0.2115	-6.16828254649858e-6
0.212	-6.1642953712811665e-6
0.2125	-6.1603081579943455e-6
0.213	-6.156320910160057e-6
0.2135	-6.152333631255712e-6
0.214	-6.1483463247744e-6
0.2145	-6.1443589942094485e-6
0.215	-6.140371643054397e-6
0.2155	-6.13638427480297e-6
0.216	-6.132396892949039e-6
0.2165	-6.1284095009865924e-6
0.217	-6.124422102409715e-6
0.2175	-6.120434700712545e-6
0.218	-6.11644729938925e-6
0.2185	-6.112459901933997e-6
0.219	-6.108472543085675e-6
0.2195	-6.104485236663126e-6
0.22	-6.100497943692894e-6
0.2205	-6.096510667040221e-6
0.221	-6.0925234095702355e-6
0.2215	-6.088536174147926e-6
0.222	-6.0845489636381264e-6
0.2225	-6.080561780905489e-6
0.223	-6.076574628814476e-6
0.2235	-6.072587510229319e-6
0.224	-6.068600428014018e-6
0.2245	-6.064613385032311e-6
0.225	-6.060626384147654e-6
0.2255	-6.056639428222259e-6
0.226	-6.052652520120924e-6
0.2265	-6.048665662705145e-6
0.227	-6.04467885883704e-6
0.2275	-6.040692111378349e-6
0.228	-6.036705423190408e-6
0.2285	-6.032718797134129e-6
0.229	-6.0287322360699726e-6
0.2295	-6.0247457428579345e-6
0.23	-6.0207593203575265e-6
0.2305	-6.016772971427753e-6
0.231	-6.0127866989270836e-6
0.2315	-6.008800505713448e-6
0.232	-6.004814396586456e-6
0.2325	-6.000828895314545e-6
0.233	-5.996843477335869e-6
0.2335	-5.992858140993063e-6
0.234	-5.988872884629114e-6
0.23450000000000001	-5.984887706587328e-6
0.23500000000000001	-5.980902605211343e-6
0.23550000000000001	-5.976917578845114e-6
0.23600000000000002	-5.972932625832907e-6
0.23650000000000002	-5.968947744519295e-6
0.23700000000000002	-5.9649629332491435e-6
0.23750000000000002	-5.9609781903676115e-6
0.23800000000000002	-5.956993514220144e-6
0.23850000000000002	-5.953008903152951e-6
0.23900000000000002	-5.949024355511056e-6
0.23950000000000002	-5.9450398696411755e-6
0.24	-5.941055443889817e-6
0.2405	-5.937071076603733e-6
0.241	-5.933086766129924e-6
0.2415	-5.929102510815622e-6
0.242	-5.925118309008291e-6
0.2425	-5.921134159055612e-6
0.243	-5.917150059305481e-6
0.2435	-5.913166008106008e-6
0.244	-5.909182003805495e-6
0.2445	-5.905198044752442e-6
0.245	-5.901214129295543e-6
0.2455	-5.897229990557026e-6
0.246	-5.893245690184233e-6
0.2465	-5.889261434776146e-6
0.247	-5.885277226711502e-6
0.2475	-5.881293068368755e-6
0.248	-5.877308962126051e-6
0.2485	-5.873324910361238e-6
0.249	-5.8693409154518296e-6
0.2495	-5.865356979775009e-6
0.25	-5.861373105707595e-6
0.2505	-5.857389295626048e-6
0.251	-5.853405551906438e-6
0.2515	-5.849421876924443e-6
0.252	-5.845438273060509e-6
0.2525	-5.841454742679235e-6
0.253	-5.837471288160033e-6
0.2535	-5.833487911876847e-6
0.254	-5.829504616203162e-6
0.2545	-5.825521403511975e-6
0.255	-5.821538276175794e-6
0.2555	-5.817555236566617e-6
0.256	-5.813572287055914e-6
0.2565	-5.809589430014623e-6
0.257	-5.8056066678131335e-6
0.2575	-5.80162400282126e-6
0.258	-5.7976414374082475e-6
0.2585	-5.7936590485157116e-6
0.259	-5.789677314122267e-6
0.2595	-5.785695680357682e-6
0.26	-5.781714144224246e-6
0.2605	-5.77773270272499e-6
0.261	-5.7737513528636435e-6
0.2615	-5.769770091644638e-6
0.262	-5.7657889160730625e-6
0.2625	-5.761807823154651e-6
0.263	-5.757826809895765e-6
0.2635	-5.753845873303356e-6
0.264	-5.7498650103849575e-6
0.2645	-5.745884218148651e-6
0.265	-5.7419034935990606e-6
0.2655	-5.737922833753293e-6
0.266	-5.7339422356170214e-6
0.2665	-5.729961696200314e-6
0.267	-5.725981212513687e-6
0.2675	-5.722000781568076e-6
0.268	-5.7180204003748015e-6
0.2685	-5.714040065945567e-6
0.269	-5.71005977529242e-6
0.2695	-5.70607952542774e-6
0.27	-5.702099313364212e-6
0.2705	-5.698119136114799e-6
0.271	-5.6941389906927286e-6
0.2715	-5.690158874111468e-6
0.272	-5.686178645111144e-6
0.2725	-5.68219836728329e-6
0.273	-5.6782181123352384e-6
0.2735	-5.674237879089871e-6
0.274	-5.670257666370143e-6
0.2745	-5.666277472999068e-6
0.275	-5.66229729779971e-6
0.2755	-5.658317139595195e-6
0.276	-5.654336997208695e-6
0.2765	-5.650356869463429e-6
0.277	-5.646376755182659e-6
0.2775	-5.64239665318969e-6
0.278	-5.638416562308755e-6
0.2785	-5.6344364813613115e-6
0.279	-5.630456409171774e-6
0.2795	-5.626476344563576e-6
0.28	-5.622496286360172e-6
0.2805	-5.61851623338503e-6
0.281	-5.614536184461646e-6
0.28150000000000003	-5.610556138413513e-6
0.28200000000000003	-5.60657609406414e-6
0.28250000000000003	-5.602596050237042e-6
0.28300000000000003	-5.598616005755735e-6
0.28350000000000003	-5.59463595944373e-6
0.28400000000000003	-5.590655910124536e-6
0.28450000000000003	-5.586675856621651e-6
0.28500000000000003	-5.58269589299423e-6
0.28550000000000003	-5.578716337380291e-6
0.28600000000000003	-5.574736768866281e-6
0.28650000000000003	-5.570757181901484e-6
0.28700000000000003	-5.5667775709349376e-6
0.28750000000000003	-5.562797930415327e-6
0.28800000000000003	-5.558818254790942e-6
0.2885	-5.554838538509568e-6
0.289	-5.550858776018433e-6
0.2895	-5.546878961764115e-6
0.29	-5.542899090192474e-6
0.2905	-5.538919155748567e-6
0.291	-5.534939152876878e-6
0.2915	-5.53095907602002e-6
0.292	-5.526978919620483e-6
0.2925	-5.522998678119352e-6
0.293	-5.51901834595652e-6
0.2935	-5.515037917570614e-6
0.294	-5.51105738739892e-6
0.2945	-5.5070767498773055e-6
0.295	-5.5030959994401305e-6
0.2955	-5.499115130520184e-6
0.296	-5.495134137548603e-6
0.2965	-5.491153014954783e-6
0.297	-5.487171757166317e-6
0.2975	-5.483190358608904e-6
0.298	-5.479208813706274e-6
0.2985	-5.475227164181538e-6
0.299	-5.471245375257437e-6
0.2995	-5.467263422284671e-6
0.3	-5.463281299113883e-6
0.3005	-5.4592989995931e-6
0.301	-5.455316517567634e-6
0.3015	-5.451333846879976e-6
0.302	-5.447350981369717e-6
0.3025	-5.443367914873443e-6
0.303	-5.439384641224638e-6
0.3035	-5.435401154253591e-6
0.304	-5.4314174477873015e-6
0.3045	-5.427433515663872e-6
0.305	-5.423449351676239e-6
0.3055	-5.419464949653631e-6
0.306	-5.415480303408874e-6
0.3065	-5.411495406751019e-6
0.307	-5.407510253485236e-6
0.3075	-5.403524837412723e-6
0.308	-5.399539152330607e-6
0.3085	-5.395553192031844e-6
0.309	-5.391566950305126e-6
0.3095	-5.387580420934774e-6
0.31	-5.383593597700653e-6
0.3105	-5.379606474378059e-6
0.311	-5.375619044737628e-6
0.3115	-5.37163157066344e-6
0.312	-5.367644469868778e-6
0.3125	-5.363657033694904e-6
0.313	-5.359669247614367e-6
0.3135	-5.3556810970870095e-6
0.314	-5.3516925675594345e-6
0.3145	-5.347703644464469e-6
0.315	-5.343714313220632e-6
0.3155	-5.339724559231584e-6
0.316	-5.335734367885592e-6
0.3165	-5.331743724554998e-6
0.317	-5.3277526145956584e-6
0.3175	-5.323761023359157e-6
0.318	-5.3197689361422095e-6
0.3185	-5.3157763382596956e-6
0.319	-5.311783214996082e-6
0.3195	-5.307789551616603e-6
0.32	-5.303795333366726e-6
0.3205	-5.29980054547158e-6
0.321	-5.295805173135407e-6
0.3215	-5.291809201540997e-6
0.322	-5.287812615849127e-6
0.3225	-5.283815401198002e-6
0.323	-5.279817542702676e-6
0.3235	-5.275819025454493e-6
0.324	-5.271819834520516e-6
0.3245	-5.2678199549429475e-6
0.325	-5.263815740067603e-6
0.3255	-5.259810402708612e-6
0.326	-5.255804396362186e-6
0.3265	-5.2517977413532445e-6
0.327	-5.247790458039866e-6
0.3275	-5.243782566812281e-6
0.328	-5.2397740880918576e-6
0.3285	-5.235765042330099e-6
0.329	-5.231755450007616e-6
0.3295	-5.227745331633112e-6
0.33	-5.223734707742358e-6
0.3305	-5.219723599309363e-6
0.331	-5.215712026098034e-6
0.3315	-5.2117000091246315e-6
0.332	-5.207687569022963e-6
0.3325	-5.203674726448819e-6
0.333	-5.199661502078928e-6
0.3335	-5.1956479166099014e-6
0.334	-5.1916339907572e-6
0.3345	-5.187619745254059e-6
0.335	-5.183605200850438e-6
0.3355	-5.179590378311954e-6
0.336	-5.1755752984188205e-6
0.3365	-5.171559981964768e-6
0.337	-5.167544449755968e-6
0.3375	-5.163528722609969e-6
0.338	-5.159513552032457e-6
0.3385	-5.155498649740085e-6
0.339	-5.151483598657398e-6
0.3395	-5.147468409509051e-6
0.34	-5.14345309302345e-6
0.3405	-5.139437659932448e-6
0.341	-5.1354221209710544e-6
0.3415	-5.131406486877132e-6
0.342	-5.127390768391104e-6
0.3425	-5.123374976255649e-6
0.343	-5.119359121215408e-6
0.3435	-5.115343213859226e-6
0.34400000000000003	-5.111327265291183e-6
0.34450000000000003	-5.107311286060802e-6
0.34500000000000003	-5.103295286916118e-6
0.34550000000000003	-5.099279278605712e-6
0.34600000000000003	-5.095263271878414e-6
0.34650000000000003	-5.091247277483029e-6
0.34700000000000003	-5.0872313061680395e-6
0.34750000000000003	-5.083215368681326e-6
0.34800000000000003	-5.079199475769881e-6
0.34850000000000003	-5.075183638179521e-6
0.34900000000000003	-5.0711678666546e-6
0.34950000000000003	-5.067152171937725e-6
0.35000000000000003	-5.063136564769469e-6
0.35050000000000003	-5.059121055888089e-6
0.35100000000000003	-5.0551058449878925e-6
0.35150000000000003	-5.051091039548287e-6
0.352	-5.04707635874678e-6
0.3525	-5.043061809154689e-6
0.353	-5.039047397341208e-6
0.3535	-5.035033129873291e-6
0.354	-5.031019013315551e-6
0.3545	-5.027005054230148e-6
0.355	-5.022991259176691e-6
0.3555	-5.018977634712122e-6
0.356	-5.014964187390617e-6
0.3565	-5.010950923763469e-6
0.357	-5.006937850384815e-6
0.3575	-5.002924973793198e-6
0.358	-4.998912300531662e-6
0.3585	-4.9948998371387766e-6
0.359	-4.99088759014968e-6
0.3595	-4.986875566095991e-6
0.36	-4.982863771505688e-6
0.3605	-4.978852212903008e-6
0.361	-4.97484089680835e-6
0.3615	-4.970829829738161e-6
0.362	-4.96681901820483e-6
0.3625	-4.962808468716598e-6
0.363	-4.958798187777433e-6
0.3635	-4.9547881818869415e-6
0.364	-4.950778376926804e-6
0.3645	-4.946768376679038e-6
0.365	-4.9427586766902e-6
0.3655	-4.93874928835384e-6
0.366	-4.934740223054639e-6
0.3665	-4.93073149216807e-6
0.367	-4.926723107060099e-6
0.3675	-4.922715079086852e-6
0.368	-4.9187074195943045e-6
0.3685	-4.914700139917963e-6
0.369	-4.910693251382545e-6
0.3695	-4.906686765301669e-6
0.37	-4.902680693049488e-6
0.3705	-4.898675045778155e-6
0.371	-4.894669834832008e-6
0.3715	-4.890665071476991e-6
0.372	-4.886660766966372e-6
0.3725	-4.882656932540433e-6
0.373	-4.878653579426163e-6
0.3735	-4.8746507188369484e-6
0.374	-4.87064836197227e-6
0.3745	-4.866646520017383e-6
0.375	-4.862645204143034e-6
0.3755	-4.8586444255051426e-6
0.376	-4.854644195244498e-6
0.3765	-4.850644524486466e-6
0.377	-4.846645424340685e-6
0.3775	-4.842650661549723e-6
0.378	-4.838657177620307e-6
0.3785	-4.834664224593647e-6
0.379	-4.830671774990031e-6
0.3795	-4.826679801364251e-6
0.38	-4.822688276303678e-6
0.3805	-4.818697172426363e-6
0.381	-4.814706462379113e-6
0.3815	-4.810716118835612e-6
0.382	-4.806726114494513e-6
0.3825	-4.8027364220775475e-6
0.383	-4.798747014209334e-6
0.3835	-4.794757863896359e-6
0.384	-4.7907689437944886e-6
0.3845	-4.786780226698706e-6
0.385	-4.782791685417642e-6
0.3855	-4.778803292771715e-6
0.386	-4.774815021591259e-6
0.3865	-4.770826844714688e-6
0.387	-4.76683873498663e-6
0.3875	-4.762850665256096e-6
0.388	-4.75886260837463e-6
0.3885	-4.754874537194475e-6
0.389	-4.750886424566733e-6
0.3895	-4.746898243339541e-6
0.39	-4.742909966356229e-6
0.3905	-4.738918940042207e-6
0.391	-4.734924368351816e-6
0.3915	-4.730929693483675e-6
0.392	-4.7269349403481734e-6
0.3925	-4.722940133860374e-6
0.393	-4.718945298938446e-6
0.3935	-4.714950460502103e-6
0.394	-4.710955643471023e-6
0.3945	-4.7069608727632795e-6
0.395	-4.70296617329378e-6
0.3955	-4.698971569972693e-6
0.396	-4.694977087703884e-6
0.3965	-4.690982751717266e-6
0.397	-4.6869885862408395e-6
0.3975	-4.682994616460728e-6
0.398	-4.679000867240025e-6
0.3985	-4.675007363428385e-6
0.399	-4.671014129860512e-6
0.3995	-4.667021191354606e-6
0.4	-4.663028572710838e-6
0.4005	-4.659036298709813e-6
0.401	-4.655044394111027e-6
0.4015	-4.6510528836513375e-6
0.402	-4.64706179204341e-6
0.4025	-4.643071143974177e-6
0.403	-4.6390809641032975e-6
0.4035	-4.635091528755095e-6
0.404	-4.63110701169697e-6
0.4045	-4.627122992619277e-6
0.405	-4.623139456053873e-6
0.4055	-4.619156386551047e-6
0.406	-4.615173768678936e-6
0.40650000000000003	-4.611191587022944e-6
0.40700000000000003	-4.607209826185167e-6
0.40750000000000003	-4.603228470783805e-6
0.40800000000000003	-4.599247505452599e-6
0.40850000000000003	-4.5952669148402574e-6
0.40900000000000003	-4.591286683609882e-6
0.40950000000000003	-4.587306796127634e-6
0.41000000000000003	-4.583327237634348e-6
0.41050000000000003	-4.579347992600705e-6
0.41100000000000003	-4.57536904574398e-6
0.41150000000000003	-4.571390381792746e-6
0.41200000000000003	-4.567411985486286e-6
0.41250000000000003	-4.563433841573971e-6
0.41300000000000003	-4.5594559348146845e-6
0.41350000000000003	-4.555478249976209e-6
0.41400000000000003	-4.55150077183464e-6
0.41450000000000004	-4.547523485173796e-6
0.41500000000000004	-4.543546374784632e-6
0.41550000000000004	-4.539569425464644e-6
0.41600000000000004	-4.535592622017299e-6
0.4165	-4.5316159492514435e-6
0.417	-4.527639158652873e-6
0.4175	-4.523662303645808e-6
0.418	-4.519685539213092e-6
0.4185	-4.515708853594582e-6
0.419	-4.511732235032363e-6
0.4195	-4.507755671770392e-6
0.42	-4.503779152054188e-6
0.4205	-4.49980266413048e-6
0.421	-4.49582619624689e-6
0.4215	-4.491849736651595e-6
0.422	-4.487873273593017e-6
0.4225	-4.483896795223347e-6
0.423	-4.479920289944244e-6
0.4235	-4.475943745948517e-6
0.424	-4.471967151483636e-6
0.4245	-4.467990494795563e-6
0.425	-4.464013764128422e-6
0.4255	-4.46003694772415e-6
0.426	-4.456060033822132e-6
0.4265	-4.452083010658871e-6
0.427	-4.448105866467635e-6
0.4275	-4.4441285894780965e-6
0.428	-4.440151167916e-6
0.4285	-4.436173590002796e-6
0.429	-4.432195843955308e-6
0.4295	-4.428217917985371e-6
0.43	-4.424239972414905e-6
0.4305	-4.420263492878692e-6
0.431	-4.416286781086644e-6
0.4315	-4.412309809470977e-6
0.432	-4.408332550445896e-6
0.4325	-4.404354976405681e-6
0.433	-4.4003770597227615e-6
0.4335	-4.3963987727458025e-6
0.434	-4.392420087797765e-6
0.4345	-4.388440977173978e-6
0.435	-4.3844614131402015e-6
0.4355	-4.380481367921827e-6
0.436	-4.376500813732692e-6
0.4365	-4.372519722733431e-6
0.437	-4.368538067052102e-6
0.4375	-4.364555818777434e-6
0.438	-4.360572949956848e-6
0.4385	-4.356589432594469e-6
0.439	-4.352605238649146e-6
0.4395	-4.348620340032444e-6
0.44	-4.344634708606628e-6
0.4405	-4.3406483161826634e-6
0.441	-4.336661134518175e-6
0.4415	-4.332673135315414e-6
0.442	-4.328684290219213e-6
0.4425	-4.324694570814914e-6
0.443	-4.320703948626327e-6
0.4435	-4.316714038504256e-6
0.444	-4.3127240846907705e-6
0.4445	-4.308733107888766e-6
0.445	-4.304741057191382e-6
0.4455	-4.300747881556231e-6
0.446	-4.296753529798762e-6
0.4465	-4.292757950585577e-6
0.447	-4.288761092427689e-6
0.4475	-4.28476290367374e-6
0.448	-4.280763332503174e-6
0.4485	-4.276762326919329e-6
0.449	-4.272759836996488e-6
0.4495	-4.2687558060898106e-6
0.45	-4.264750183648067e-6
0.4505	-4.260742916894707e-6
0.451	-4.2567339528408544e-6
0.4515	-4.252723238277951e-6
0.452	-4.248710719770313e-6
0.4525	-4.2446963436476085e-6
0.453	-4.240680055997261e-6
0.4535	-4.236661802656752e-6
0.454	-4.232641529205834e-6
0.4545	-4.2286191809586644e-6
0.455	-4.224594702955821e-6
0.4555	-4.220568039956236e-6
0.456	-4.2165391364290195e-6
0.4565	-4.2125026892925065e-6
0.457	-4.208454135052796e-6
0.4575	-4.204403325176536e-6
0.458	-4.200350336967876e-6
0.4585	-4.19629524815548e-6
0.459	-4.1922381368790115e-6
0.4595	-4.188179081675379e-6
0.46	-4.184118161464841e-6
0.4605	-4.180055455536901e-6
0.461	-4.175991043536011e-6
0.4615	-4.171925005447115e-6
0.462	-4.167857431992439e-6
0.4625	-4.16378838291463e-6
0.463	-4.159717949453058e-6
0.4635	-4.155646212811013e-6
0.464	-4.15157325446052e-6
0.4645	-4.14749915612689e-6
0.465	-4.1434239997731026e-6
0.4655	-4.139347867583969e-6
0.466	-4.135270841950124e-6
0.4665	-4.131193005451821e-6
0.467	-4.127114440842538e-6
0.4675	-4.123035231032402e-6
0.468	-4.11895545907141e-6
0.4685	-4.114875208132503e-6
0.46900000000000003	-4.11079456149442e-6
0.46950000000000003	-4.106715179905995e-6
0.47000000000000003	-4.102637452250824e-6
0.47050000000000003	-4.098559534132741e-6
0.47100000000000003	-4.094481477553149e-6
0.47150000000000003	-4.090403334533232e-6
0.47200000000000003	-4.086325157106686e-6
0.47250000000000003	-4.082246997312365e-6
0.47300000000000003	-4.0781689071868124e-6
0.47350000000000003	-4.07409093875675e-6
0.47400000000000003	-4.070013144031441e-6
0.47450000000000003	-4.065935574994984e-6
0.47500000000000003	-4.06185829596273e-6
0.47550000000000003	-4.0577813358431e-6
0.47600000000000003	-4.0537047568410865e-6
0.47650000000000003	-4.049628610703256e-6
0.47700000000000004	-4.045552949121524e-6
0.47750000000000004	-4.041477823726753e-6
0.47800000000000004	-4.037403286082364e-6
0.47850000000000004	-4.03332938767795e-6
0.47900000000000004	-4.0292561799229475e-6
0.47950000000000004	-4.025183714140308e-6
0.48	-4.021112041560213e-6
0.4805	-4.0170412133137894e-6
0.481	-4.012971280426907e-6
0.4815	-4.008902293813962e-6
0.482	-4.004834304271713e-6
0.4825	-4.000768819729911e-6
0.483	-3.996705378752192e-6
0.4835	-3.992643049828164e-6
0.484	-3.988581861650724e-6
0.4845	-3.984521842832522e-6
0.485	-3.980463021904089e-6
0.4855	-3.976405427311974e-6
0.486	-3.972349087416902e-6
0.4865	-3.9682940304919215e-6
0.487	-3.964240284720581e-6
0.4875	-3.960187878195088e-6
0.488	-3.956136842853442e-6
0.4885	-3.952087199326857e-6
0.489	-3.948038978741651e-6
0.4895	-3.943992208790424e-6
0.49	-3.939946917064471e-6
0.4905	-3.935903131052101e-6
0.491	-3.931860878136973e-6
0.4915	-3.927820185596435e-6
0.492	-3.9237810805998895e-6
0.4925	-3.919743590207187e-6
0.493	-3.915707741367025e-6
0.4935	-3.911673560915362e-6
0.494	-3.907641075573877e-6
0.4945	-3.9036103119484076e-6
0.495	-3.899581296527454e-6
0.4955	-3.895554793229728e-6
0.496	-3.891530627048539e-6
0.4965	-3.887508268452558e-6
0.497	-3.8834877322860415e-6
0.4975	-3.879469033321268e-6
0.498	-3.875452186258132e-6
0.4985	-3.871437205723736e-6
0.499	-3.867424106272015e-6
0.4995	-3.863412902383335e-6
0.5	-3.859403608464115e-6
0.5005000000000001	-3.855396238846437e-6
0.501	-3.851390807787687e-6
0.5015000000000001	-3.8473873418911036e-6
0.502	-3.843385830936747e-6
0.5025000000000001	-3.839386300749317e-6
0.503	-3.835388765271093e-6
0.5035000000000001	-3.831393238367773e-6
0.504	-3.827399733828186e-6
0.5045000000000001	-3.823408265364001e-6
0.505	-3.819418846609438e-6
0.5055000000000001	-3.815431491121009e-6
0.506	-3.811446212377241e-6
0.5065000000000001	-3.8074630237784133e-6
0.507	-3.8034819386463137e-6
0.5075000000000001	-3.7995029702239786e-6
0.508	-3.7955261316754706e-6
0.5085000000000001	-3.7915516118330948e-6
0.509	-3.787579787660198e-6
0.5095000000000001	-3.7836101236141273e-6
0.51	-3.7796426264633715e-6
0.5105000000000001	-3.7756773029301177e-6
0.511	-3.7717141596902557e-6
0.5115000000000001	-3.7677532033733873e-6
0.512	-3.763794440562844e-6
0.5125	-3.7598378777956854e-6
0.513	-3.7558835215627286e-6
0.5135	-3.7519313783085607e-6
0.514	-3.747981454431543e-6
0.5145	-3.7440337665738127e-6
0.515	-3.740088300737855e-6
0.5155	-3.7361450731040966e-6
0.516	-3.7322040898808142e-6
0.5165	-3.728265357230227e-6
0.517	-3.7243288812685367e-6
0.5175	-3.720394668065968e-6
0.518	-3.7164627236468214e-6
0.5185	-3.7125330539895098e-6
0.519	-3.70860566502662e-6
0.5195	-3.7046805626449566e-6
0.52	-3.7007577526855887e-6
0.5205	-3.696837240943919e-6
0.521	-3.6929190331697303e-6
0.5215	-3.6890031350672415e-6
0.522	-3.6850903737154487e-6
0.5225	-3.6811806432820397e-6
0.523	-3.6772732171878055e-6
0.5235	-3.673368088359021e-6
0.524	-3.6694652497515683e-6
0.5245	-3.665564694350755e-6
0.525	-3.661666415171111e-6
0.5255	-3.6577704052562157e-6
0.526	-3.6538766576785037e-6
0.5265	-3.6499851655390705e-6
0.527	-3.6460959219675023e-6
0.5275	-3.642208926737892e-6
0.528	-3.638324159925218e-6
0.5285	-3.6344416211776376e-6
0.529	-3.6305613037353634e-6
0.5295	-3.626683200866275e-6
0.53	-3.62280730586575e-6
0.5305	-3.6189336120564926e-6
0.531	-3.6150621127883654e-6
0.5315	-3.6111928014382268e-6
0.532	-3.6073256714097537e-6
0.5325	-3.603460716133292e-6
0.533	-3.5995979290656724e-6
0.5335	-3.5957373036900706e-6
0.534	-3.591878833515827e-6
0.5345	-3.588022512078298e-6
0.535	-3.584168332938687e-6
0.5355	-3.580315683979994e-6
0.536	-3.5764642346917647e-6
0.5365	-3.57261492826504e-6
0.537	-3.5687677706075575e-6
0.5375	-3.564922767584061e-6
0.538	-3.561079925016323e-6
0.5385	-3.557239248683197e-6
0.539	-3.5534007443206446e-6
0.5395	-3.5495644176217915e-6
0.54	-3.5457302742369686e-6
0.5405	-3.541898333419042e-6
0.541	-3.538068573703754e-6
0.5415	-3.5342410138731753e-6
0.542	-3.530415659404764e-6
0.5425	-3.5265925157335685e-6
0.543	-3.5227715882522615e-6
0.5435	-3.5189528823112106e-6
0.544	-3.515136403218518e-6
0.5445	-3.511322156240096e-6
0.545	-3.5075101465997146e-6
0.5455	-3.503700379479065e-6
0.546	-3.499892860017815e-6
0.5465	-3.49608759331368e-6
0.547	-3.4922845844224873e-6
0.5475	-3.488483838358233e-6
0.548	-3.484685360093153e-6
0.5485	-3.480889154557789e-6
0.549	-3.4770946382593072e-6
0.5495	-3.47330661780808e-6
0.55	-3.4695208545697428e-6
0.5505	-3.465737325392196e-6
0.551	-3.4619560072477807e-6
0.5515	-3.4581768772315962e-6
0.552	-3.4543999125598308e-6
0.5525	-3.450625090568095e-6
0.553	-3.4468523887097874e-6
0.5535	-3.443081784554482e-6
0.554	-3.439313243589693e-6
0.5545	-3.4355467679387767e-6
0.555	-3.4317823234917728e-6
0.5555	-3.4280198882666923e-6
0.556	-3.4242594403897303e-6
0.5565	-3.420500958093751e-6
0.557	-3.4167444197167645e-6
0.5575	-3.4129898037004625e-6
0.558	-3.4092370885887177e-6
0.5585	-3.40548625302615e-6
0.559	-3.4017372757566717e-6
0.5595	-3.3979901356220727e-6
0.56	-3.3942448115606105e-6
0.5605	-3.390501282605617e-6
0.561	-3.3867595278841315e-6
0.5615	-3.3830195266155227e-6
0.562	-3.379281258110155e-6
0.5625	-3.3755447017680636e-6
0.5630000000000001	-3.3718103735397026e-6
0.5635	-3.3680742254656635e-6
0.5640000000000001	-3.3643397504685995e-6
0.5645	-3.3606069504359565e-6
0.5650000000000001	-3.356875827241382e-6
0.5655	-3.353146382744757e-6
0.5660000000000001	-3.3494186187921927e-6
0.5665	-3.3456925372160827e-6
0.5670000000000001	-3.341968160116874e-6
0.5675	-3.3382454488153384e-6
0.5680000000000001	-3.334524425114578e-6
0.5685	-3.3308050907960424e-6
0.5690000000000001	-3.327087447628064e-6
0.5695	-3.3233714973658827e-6
0.5700000000000001	-3.3196572417516676e-6
0.5705	-3.3159446825145276e-6
0.5710000000000001	-3.3122338213705303e-6
0.5715	-3.308524660022719e-6
0.5720000000000001	-3.3048172001611267e-6
0.5725	-3.301111443462796e-6
0.5730000000000001	-3.29740739159178e-6
0.5735	-3.293705046199179e-6
0.5740000000000001	-3.290004408923135e-6
0.5745	-3.2863054813888564e-6
0.5750000000000001	-3.282608265208618e-6
0.5755	-3.278912761981791e-6
0.5760000000000001	-3.2752189732948417e-6
0.5765	-3.27152690072135e-6
0.577	-3.267836545822016e-6
0.5775	-3.2641486698385716e-6
0.578	-3.260463459613173e-6
0.5785	-3.2567799511646866e-6
0.579	-3.2530981335349137e-6
0.5795	-3.2494179958103246e-6
0.58	-3.245739516030792e-6
0.5805	-3.2420627054129455e-6
0.581	-3.2383875423203484e-6
0.5815	-3.234714016013679e-6
0.582	-3.2310421157964334e-6
0.5825	-3.227371831014554e-6
0.583	-3.2237031510560184e-6
0.5835	-3.2200360653504734e-6
0.584	-3.2163705633688484e-6
0.5845	-3.2127066346229803e-6
0.585	-3.209044268665231e-6
0.5855	-3.205383455088129e-6
0.586	-3.2017241835239995e-6
0.5865	-3.1980664436445856e-6
0.587	-3.1944102251607067e-6
0.5875	-3.19075551782189e-6
0.588	-3.187102311416014e-6
0.5885	-3.1834505957689536e-6
0.589	-3.179800360744247e-6
0.5895	-3.176151596242724e-6
0.59	-3.172504292202189e-6
0.5905	-3.168858438597055e-6
0.591	-3.1652140254380225e-6
0.5915	-3.1615710427717424e-6
0.592	-3.1579431136298303e-6
0.5925	-3.154322651120356e-6
0.593	-3.1507033352074325e-6
0.5935	-3.14708501024282e-6
0.594	-3.1434675320446937e-6
0.5945	-3.13985075299453e-6
0.595	-3.1362345257526382e-6
0.5955	-3.1326187031977297e-6
0.596	-3.129003138366827e-6
0.5965	-3.1253876843954005e-6
0.597	-3.1217721944577337e-6
0.5975	-3.1181565217074125e-6
0.598	-3.114540519217937e-6
0.5985	-3.110924039923343e-6
0.599	-3.1073069365588525e-6
0.5995	-3.1036890616014222e-6
0.6	-3.1000702672102196e-6
0.6005	-3.0964504051668883e-6
0.601	-3.0928293268156247e-6
0.6015	-3.0892068830029694e-6
0.602	-3.0855829240172766e-6
0.6025	-3.0819572995278024e-6
0.603	-3.0783298585233557e-6
0.6035	-3.0747004492504607e-6
0.604	-3.071068919150994e-6
0.6045	-3.067435114799186e-6
0.605	-3.063798881838003e-6
0.6055	-3.060160064914794e-6
0.606	-3.0565185076161705e-6
0.6065	-3.0528640883617358e-6
0.607	-3.0492002701168184e-6
0.6075	-3.045533384976582e-6
0.608	-3.0418633895715153e-6
0.6085	-3.0381902401877963e-6
0.609	-3.0345138927607016e-6
0.6095	-3.0308343028679377e-6
0.61	-3.0271514257228654e-6
0.6105	-3.023465216167646e-6
0.611	-3.0197756286662977e-6
0.6115	-3.0160826172976446e-6
0.612	-3.012386135748205e-6
0.6125	-3.008686137304958e-6
0.613	-3.0049825748480495e-6
0.6135	-3.001275400843373e-6
0.614	-2.997564567335096e-6
0.6145	-2.993850025938084e-6
0.615	-2.9901317278302295e-6
0.6155	-2.9864096237447065e-6
0.616	-2.9826836639621447e-6
0.6165	-2.9789537983027064e-6
0.617	-2.975219976118105e-6
0.6175	-2.971482146283528e-6
0.618	-2.9677402571895065e-6
0.6185	-2.963994256733698e-6
0.619	-2.9602440923126275e-6
0.6195	-2.956489530922596e-6
0.62	-2.952730869326438e-6
0.6205	-2.948967884506149e-6
0.621	-2.945190541501911e-6
0.6215	-2.9414105129487916e-6
0.622	-2.9376261085435837e-6
0.6225	-2.9338373374387677e-6
0.623	-2.9300442089798792e-6
0.6235	-2.9262467327066514e-6
0.624	-2.922444918354217e-6
0.6245	-2.9186387758542713e-6
0.625	-2.9148283153362458e-6
0.6255000000000001	-2.9110135471284897e-6
0.626	-2.907194481759433e-6
0.6265000000000001	-2.9033711299587708e-6
0.627	-2.8995435026586295e-6
0.6275000000000001	-2.8957116109947267e-6
0.628	-2.8918754663075665e-6
0.6285000000000001	-2.888035080143567e-6
0.629	-2.884190464256258e-6
0.6295000000000001	-2.880341630607412e-6
0.63	-2.876488591368218e-6
0.6305000000000001	-2.8726313589204236e-6
0.631	-2.868769945857482e-6
0.6315000000000001	-2.8649043649856995e-6
0.632	-2.8610346293253525e-6
0.6325000000000001	-2.8571606785946428e-6
0.633	-2.853282671302727e-6
0.6335000000000001	-2.8494005503171637e-6
0.634	-2.845514329537532e-6
0.6345000000000001	-2.8416222208885792e-6
0.635	-2.837725317776978e-6
0.6355000000000001	-2.8338243857806892e-6
0.636	-2.8299194609174973e-6
0.6365000000000001	-2.8260105796390665e-6
0.637	-2.8220977788297567e-6
0.6375000000000001	-2.818181095805303e-6
0.638	-2.8142605683113884e-6
0.6385000000000001	-2.8103362345220937e-6
0.639	-2.8064081330382657e-6
0.6395000000000001	-2.8024763028857284e-6
0.64	-2.7985407835134055e-6
0.6405	-2.794601614791319e-6
0.641	-2.7906588370084753e-6
0.6415	-2.7867124908706217e-6
0.642	-2.782762617497896e-6
0.6425	-2.778809258422357e-6
0.643	-2.774852455585386e-6
0.6435	-2.770892251334972e-6
0.644	-2.7669286884228812e-6
0.6445	-2.762961810001707e-6
0.645	-2.7589916596217803e-6
0.6455	-2.7550182695058256e-6
0.646	-2.7510417072737282e-6
0.6465	-2.747062006212417e-6
0.647	-2.743079211426017e-6
0.6475	-2.7390933683987533e-6
0.648	-2.7351042690098866e-6
0.6485	-2.731112211959715e-6
0.649	-2.727117249233815e-6
0.6495	-2.7231194300598876e-6
0.65	-2.71911880404085e-6
0.6505	-2.715115421149917e-6
0.651	-2.711109331725547e-6
0.6515	-2.707100586466288e-6
0.652	-2.7030892364254497e-6
0.6525	-2.6990753330056877e-6
0.653	-2.6950589279534504e-6
0.6535	-2.691040073353308e-6
0.654	-2.6870188216221388e-6
0.6545	-2.6829952255032218e-6
0.655	-2.6789693380601966e-6
0.6555	-2.6749412126709047e-6
0.656	-2.6709109030211097e-6
0.6565	-2.6668784630981243e-6
0.657	-2.662843947184295e-6
0.6575	-2.658807409850404e-6
0.658	-2.654768905948934e-6
0.6585	-2.650728490607256e-6
0.659	-2.6466862188008737e-6
0.6595	-2.642642147033599e-6
0.66	-2.6385963307920627e-6
0.6605	-2.6345488262323625e-6
0.661	-2.6305004085667907e-6
0.6615	-2.6264506018865987e-6
0.662	-2.6223992632770074e-6
0.6625	-2.6183464416214653e-6
0.663	-2.6142921859855635e-6
0.6635	-2.610236545611402e-6
0.664	-2.6061795699118653e-6
0.6645	-2.602121308464894e-6
0.665	-2.598061811007648e-6
0.6655	-2.5940011274306367e-6
0.666	-2.5899393077718083e-6
0.6665	-2.585876402210566e-6
0.667	-2.581812461061751e-6
0.6675	-2.5777475347695732e-6
0.668	-2.5736816739014992e-6
0.6685	-2.5696149291420887e-6
0.669	-2.5655473512868017e-6
0.6695	-2.561478991235773e-6
0.67	-2.5574098999875183e-6
0.6705	-2.55334012863265e-6
0.671	-2.5492697283475166e-6
0.6715	-2.545198750387849e-6
0.672	-2.541127246258698e-6
0.6725	-2.5370552669823803e-6
0.673	-2.5329828642096316e-6
0.6735	-2.5289100894502015e-6
0.674	-2.5248386263770475e-6
0.6745	-2.5207671411459207e-6
0.675	-2.5166954073481877e-6
0.6755	-2.512623459557182e-6
0.676	-2.5085513323643805e-6
0.6765	-2.5044790603764763e-6
0.677	-2.5004066782124453e-6
0.6775	-2.496334220500626e-6
0.678	-2.492261721875769e-6
0.6785	-2.4881892169761204e-6
0.679	-2.4841167404404713e-6
0.6795	-2.480044326905225e-6
0.68	-2.475972011001464e-6
0.6805	-2.4718998273520166e-6
0.681	-2.4678278105685075e-6
0.6815	-2.463755995248451e-6
0.682	-2.459684415972303e-6
0.6825	-2.45561310730054e-6
0.683	-2.451542103770746e-6
0.6835	-2.4474714398946867e-6
0.684	-2.4434011501554093e-6
0.6845	-2.439331269004328e-6
0.685	-2.435261830871412e-6
0.6855	-2.431192870124742e-6
0.686	-2.4271244211040423e-6
0.6865	-2.4230565181049306e-6
0.687	-2.418991460613787e-6
0.6875	-2.4149270275561553e-6
0.6880000000000001	-2.410863201240928e-6
0.6885	-2.406799995225027e-6
0.6890000000000001	-2.402737423044511e-6
0.6895	-2.398675498214162e-6
0.6900000000000001	-2.3946142342270354e-6
0.6905	-2.390553644554053e-6
0.6910000000000001	-2.386493742643557e-6
0.6915	-2.3824345419208892e-6
0.6920000000000001	-2.3783760557879723e-6
0.6925	-2.3743182976228844e-6
0.6930000000000001	-2.370261280779432e-6
0.6935	-2.3662050185867453e-6
0.6940000000000001	-2.36214952434885e-6
0.6945	-2.3580948113442586e-6
0.6950000000000001	-2.354040892825546e-6
0.6955	-2.349987782018957e-6
0.6960000000000001	-2.3459354921239864e-6
0.6965	-2.341884036312962e-6
0.6970000000000001	-2.33783342773066e-6
0.6975	-2.3337836794938848e-6
0.6980000000000001	-2.32973480469107e-6
0.6985	-2.325686817021412e-6
0.6990000000000001	-2.3216397282787662e-6
0.6995	-2.3175935633249495e-6
0.7000000000000001	-2.3135490736067763e-6
0.7005	-2.309505514951831e-6
0.7010000000000001	-2.305462893540066e-6
0.7015	-2.301421215536388e-6
0.7020000000000001	-2.297380487090559e-6
0.7025	-2.293340714337147e-6
0.7030000000000001	-2.2893019033954217e-6
0.7035	-2.2852640603693072e-6
0.704	-2.2812271913472796e-6
0.7045	-2.27719130240231e-6
0.705	-2.273156399591792e-6
0.7055	-2.2691224889574478e-6
0.706	-2.2650895765252896e-6
0.7065	-2.2610576683055146e-6
0.707	-2.257026770292457e-6
0.7075	-2.2529968884644964e-6
0.708	-2.248968028784012e-6
0.7085	-2.2449401971972917e-6
0.709	-2.2409133996344798e-6
0.7095	-2.236887642009494e-6
0.71	-2.2328629302199667e-6
0.7105	-2.228839270147176e-6
0.711	-2.224816667655987e-6
0.7115	-2.2207951289260163e-6
0.712	-2.2167746591414005e-6
0.7125	-2.2127552644308727e-6
0.713	-2.2087396732793357e-6
0.7135	-2.204725486233057e-6
0.714	-2.200712338731286e-6
0.7145	-2.1967002099265646e-6
0.715	-2.1926890790233024e-6
0.7155	-2.1886789252766325e-6
0.716	-2.184669727991272e-6
0.7165	-2.180661466520407e-6
0.717	-2.1766541202645698e-6
0.7175	-2.1726476686705247e-6
0.718	-2.1686420912301645e-6
0.7185	-2.164637367479413e-6
0.719	-2.1606334769971407e-6
0.7195	-2.15663039940406e-6
0.72	-2.152628114361665e-6
0.7205	-2.1486266015711512e-6
0.721	-2.1446258407723516e-6
0.7215	-2.1406258117426633e-6
0.722	-2.1366264942960107e-6
0.7225	-2.132627868281783e-6
0.723	-2.1286299135837986e-6
0.7235	-2.124632610119261e-6
0.724	-2.1206359378377244e-6
0.7245	-2.1166398774933043e-6
0.725	-2.112644407537512e-6
0.7255	-2.108649508788454e-6
0.726	-2.104655157033154e-6
0.7265	-2.100661333542881e-6
0.727	-2.096668021652913e-6
0.7275	-2.0926752015756347e-6
0.728	-2.0886828535476686e-6
0.7285	-2.0846909578288906e-6
0.729	-2.080699494701453e-6
0.7295	-2.0767084444687735e-6
0.73	-2.072717787454586e-6
0.7305	-2.068727504001928e-6
0.731	-2.064737574472198e-6
0.7315	-2.0607479792441476e-6
0.732	-2.056758698712938e-6
0.7325	-2.052769713289153e-6
0.733	-2.048781003397844e-6
0.7335	-2.0447925494775587e-6
0.734	-2.040804331979372e-6
0.7345	-2.036816331365937e-6
0.735	-2.0328285281105158e-6
0.7355	-2.0288409026960246e-6
0.736	-2.0248534356140786e-6
0.7365	-2.020866107364027e-6
0.737	-2.016878898452013e-6
0.7375	-2.0128917893899104e-6
0.738	-2.0089047606947795e-6
0.7385	-2.0049177928872757e-6
0.739	-2.000930222481645e-6
0.7395	-1.996939544230772e-6
0.74	-1.9929489065779913e-6
0.7405	-1.9889583225710397e-6
0.741	-1.9849678052559023e-6
0.7415	-1.9809773676763875e-6
0.742	-1.9769870228737187e-6
0.7425	-1.9729967838860954e-6
0.743	-1.9690066637482857e-6
0.7435	-1.9650166754911875e-6
0.744	-1.961026832141428e-6
0.7445	-1.9570371467209203e-6
0.745	-1.953047632246459e-6
0.7455	-1.949058301729282e-6
0.746	-1.945069168174662e-6
0.7465	-1.9410802445814706e-6
0.747	-1.9370915439417625e-6
0.7475	-1.933103079240354e-6
0.748	-1.9291148634543947e-6
0.7485	-1.925126909552937e-6
0.749	-1.9211392304965323e-6
0.7495	-1.9171518392367812e-6
0.75	-1.913164748715929e-6
0.7505000000000001	-1.909177971866425e-6
0.751	-1.905191521626413e-6
0.7515000000000001	-1.9012054108722345e-6
0.752	-1.8972196525222326e-6
0.7525000000000001	-1.8932358907570337e-6
0.753	-1.8892530090712947e-6
0.7535000000000001	-1.8852704853779319e-6
0.754	-1.881288314113329e-6
0.7545000000000001	-1.8773064897187563e-6
0.755	-1.873325006640293e-6
0.7555000000000001	-1.8693438593287356e-6
0.756	-1.865363042239534e-6
0.7565000000000001	-1.861382549832701e-6
0.757	-1.8574023765727338e-6
0.7575000000000001	-1.853422516928535e-6
0.758	-1.8494429653733358e-6
0.7585000000000001	-1.8454637163846093e-6
0.759	-1.8414847644440027e-6
0.7595000000000001	-1.8375061040372475e-6
0.76	-1.8335277296540882e-6
0.7605000000000001	-1.8295496357881919e-6
0.761	-1.825571816937096e-6
0.7615000000000001	-1.8215942676020949e-6
0.762	-1.8176169822881915e-6
0.7625000000000001	-1.8136399555039978e-6
0.763	-1.8096631817616785e-6
0.7635000000000001	-1.8056866555768518e-6
0.764	-1.801710371553123e-6
0.7645000000000001	-1.7977343240437378e-6
0.765	-1.7937585076577012e-6
0.7655000000000001	-1.7897827566250365e-6
0.766	-1.785806824312094e-6
0.7665000000000001	-1.7818311129934625e-6
0.767	-1.7778556220162653e-6
0.7675000000000001	-1.7738803507279744e-6
0.768	-1.7699052984764193e-6
0.7685	-1.7659304646097736e-6
0.769	-1.7619558484765636e-6
0.7695	-1.7579814494256583e-6
0.77	-1.7540072668062804e-6
0.7705	-1.750033299967992e-6
0.771	-1.7460595482606984e-6
0.7715	-1.7420860110346536e-6
0.772	-1.7381126876404453e-6
0.7725	-1.7341395774290096e-6
0.773	-1.7301666797516154e-6
0.7735	-1.7261939939598715e-6
0.774	-1.722221519405728e-6
0.7745	-1.7182492554414627e-6
0.775	-1.7142772014196934e-6
0.7755	-1.7103053566933682e-6
0.776	-1.7063337206157724e-6
0.7765	-1.7023622925405159e-6
0.777	-1.698391071812944e-6
0.7775	-1.69442005780433e-6
0.778	-1.690449249860936e-6
0.7785	-1.6864786473376894e-6
0.779	-1.6825074373672923e-6
0.7795	-1.6785361960241624e-6
0.78	-1.674565174259783e-6
0.7805	-1.6705943804221937e-6
0.781	-1.6666238228546269e-6
0.7815	-1.662653509895344e-6
0.782	-1.6586834498774456e-6
0.7825	-1.6547136511287216e-6
0.783	-1.6507441219714604e-6
0.7835	-1.6467748707222825e-6
0.784	-1.6428059056919676e-6
0.7845	-1.6388372351852818e-6
0.785	-1.6348688675008032e-6
0.7855	-1.6309008109307606e-6
0.786	-1.626933073760843e-6
0.7865	-1.622965664270055e-6
0.787	-1.618998590730514e-6
0.7875	-1.6150318614073134e-6
0.788	-1.6110654845583282e-6
0.7885	-1.607099468434055e-6
0.789	-1.603133821277444e-6
0.7895	-1.5991685513237303e-6
0.79	-1.5952036667661235e-6
0.7905	-1.591239175889105e-6
0.791	-1.5872750868727904e-6
0.7915	-1.5833114079199076e-6
0.792	-1.5793484904838877e-6
0.7925	-1.5753872156079226e-6
0.793	-1.5714263586713551e-6
0.7935	-1.5674659145910355e-6
0.794	-1.5635058782890484e-6
0.7945	-1.559546244692637e-6
0.795	-1.5555870087341413e-6
0.7955	-1.5516281653509347e-6
0.796	-1.5476697094853422e-6
0.7965	-1.5437116360845887e-6
0.797	-1.5397539401007267e-6
0.7975	-1.5357966164905642e-6
0.798	-1.5318396602155989e-6
0.7985	-1.527883066241961e-6
0.799	-1.5239268295403384e-6
0.7995	-1.5199709450859078e-6
0.8	-1.5160154078582755e-6
0.8005	-1.512060212841409e-6
0.801	-1.5081053550235658e-6
0.8015	-1.5041508293972398e-6
0.802	-1.5001966309590843e-6
0.8025	-1.4962427547098482e-6
0.803	-1.4922891956543223e-6
0.8035	-1.488335948881642e-6
0.804	-1.4843830092442515e-6
0.8045	-1.480430371837564e-6
0.805	-1.4764780316818706e-6
0.8055	-1.47252510456454e-6
0.806	-1.4685718693311835e-6
0.8065	-1.4646189367079205e-6
0.807	-1.460666314239316e-6
0.8075	-1.4567140094639916e-6
0.808	-1.4527620299144797e-6
0.8085	-1.448810383117087e-6
0.809	-1.4448590765917524e-6
0.8095	-1.4409081178519057e-6
0.81	-1.4369575144043263e-6
0.8105	-1.4330072737490028e-6
0.811	-1.4290574033790013e-6
0.8115	-1.4251079107803139e-6
0.812	-1.421158803431726e-6
0.8125	-1.417210088804679e-6
0.8130000000000001	-1.4132617743631308e-6
0.8135	-1.409313867563409e-6
0.8140000000000001	-1.405366375854088e-6
0.8145	-1.4014193066758378e-6
0.8150000000000001	-1.3974726674612978e-6
0.8155	-1.393526465634928e-6
0.8160000000000001	-1.3895807086128808e-6
0.8165	-1.3856354037360423e-6
0.8170000000000001	-1.3816905585325869e-6
0.8175	-1.3777461803309938e-6
0.8180000000000001	-1.3738022765128796e-6
0.8185	-1.3698588544508852e-6
0.8190000000000001	-1.3659162278471427e-6
0.8195	-1.3619741236267098e-6
0.8200000000000001	-1.3580325177061136e-6
0.8205	-1.354091414608703e-6
0.8210000000000001	-1.3501508188519325e-6
0.8215	-1.3462107349473256e-6
0.8220000000000001	-1.3422711674004208e-6
0.8225	-1.338332120710722e-6
0.8230000000000001	-1.3343935993716504e-6
0.8235	-1.3304556078705045e-6
0.8240000000000001	-1.3265181506884022e-6
0.8245	-1.3225812323002428e-6
0.8250000000000001	-1.3186448571746499e-6
0.8255	-1.3147090297739377e-6
0.8260000000000001	-1.3107737545540532e-6
0.8265	-1.306839035964537e-6
0.8270000000000001	-1.3029048784484677e-6
0.8275	-1.298971286442432e-6
0.8280000000000001	-1.2950382643764614e-6
0.8285	-1.2911058166739987e-6
0.8290000000000001	-1.2871739477518442e-6
0.8295	-1.2832426620550368e-6
0.8300000000000001	-1.279311963919018e-6
0.8305	-1.2753818577731474e-6
0.8310000000000001	-1.27145234800719e-6
0.8315	-1.2675234390040543e-6
0.8320000000000001	-1.2635950466227607e-6
0.8325	-1.2596667535842844e-6
0.833	-1.255739080439258e-6
0.8335	-1.251812036540663e-6
0.834	-1.2478856312262707e-6
0.8345	-1.2439598738184194e-6
0.835	-1.2400347736238127e-6
0.8355	-1.2361103399333018e-6
0.836	-1.23218658202169e-6
0.8365	-1.2282635091475189e-6
0.837	-1.224341130552856e-6
0.8375	-1.2204194554631103e-6
0.838	-1.2164984930868072e-6
0.8385	-1.212578252615395e-6
0.839	-1.2086587432230495e-6
0.8395	-1.2047399740664631e-6
0.84	-1.2008219542846592e-6
0.8405	-1.1969046929987694e-6
0.841	-1.1929881993118728e-6
0.8415	-1.1890724823087665e-6
0.842	-1.1851575510557968e-6
0.8425	-1.1812434145054321e-6
0.843	-1.1773300818707786e-6
0.8435	-1.1734175620732546e-6
0.844	-1.1695058641035238e-6
0.8445	-1.1655949969328397e-6
0.845	-1.161684969512861e-6
0.8455	-1.1579038041865958e-6
0.846	-1.1544397470621032e-6
0.8465	-1.1509265100719964e-6
0.847	-1.1473641940345847e-6
0.8475	-1.1437531763297933e-6
0.848	-1.1400941283931933e-6
0.8485	-1.1363880306572595e-6
0.849	-1.1326361843840514e-6
0.8495	-1.128840219853188e-6
0.85	-1.125002100409696e-6
0.8505	-1.1211241219392072e-6
0.851	-1.1172089074228847e-6
0.8515	-1.1132593963305077e-6
0.852	-1.10927882873456e-6
0.8525	-1.105270724167373e-6
0.853	-1.1012388553924951e-6
0.8535	-1.0971872174142063e-6
0.854	-1.093119992199175e-6
0.8545	-1.0890415097243931e-6
0.855	-1.0849562060890403e-6
0.8555	-1.0808685795283867e-6
0.856	-1.0767822417303854e-6
0.8565	-1.0726951916970257e-6
0.857	-1.068621772276933e-6
0.8575	-1.0645661772776603e-6
0.858	-1.0605323400022896e-6
0.8585	-1.05652389560897e-6
0.859	-1.052544155830292e-6
0.8595	-1.048537526460468e-6
0.86	-1.0446615966148466e-6
0.8605	-1.0408230225285705e-6
0.861	-1.0370020854958861e-6
0.8615	-1.0331804874637662e-6
0.862	-1.0292998168823424e-6
0.8625	-1.0254015713750836e-6
0.863	-1.0215237228077638e-6
0.8635	-1.0177308081692191e-6
0.864	-1.013944880279619e-6
0.8645	-1.0101061411431272e-6
0.865	-1.006179719471464e-6
0.8655	-1.0022248902521636e-6
0.866	-9.983475928784641e-7
0.8665	-9.944868621393697e-7
0.867	-9.906333267606033e-7
0.8675	-9.867630893096819e-7
0.868	-9.828938573687075e-7
0.8685	-9.790305774070272e-7
0.869	-9.751786345612601e-7
0.8695	-9.713266344251506e-7
0.87	-9.674613091584788e-7
0.8705	-9.63584484650105e-7
0.871	-9.597222973133463e-7
0.8715	-9.55925539817553e-7
0.872	-9.521539205517721e-7
0.8725	-9.483688255720697e-7
0.873	-9.444657110159723e-7
0.8735	-9.405379400923944e-7
0.874	-9.366367460727967e-7
0.8745	-9.328063010746261e-7
0.875	-9.289863790680809e-7
0.8755000000000001	-9.25135963376851e-7
0.876	-9.212554336620186e-7
0.8765000000000001	-9.17377870211139e-7
0.877	-9.135355255648073e-7
0.8775000000000001	-9.097135933486033e-7
0.878	-9.059000514184296e-7
0.8785000000000001	-9.020867560364693e-7
0.879	-8.98271437300448e-7
0.8795000000000001	-8.944473972191404e-7
0.88	-8.906078168486377e-7
0.8805000000000001	-8.867625681054108e-7
0.881	-8.829237713244695e-7
0.8815000000000001	-8.790867048134591e-7
0.882	-8.752453449752498e-7
0.8825000000000001	-8.713050219535505e-7
0.883	-8.673627220914695e-7
0.8835000000000001	-8.634610642590138e-7
0.884	-8.597197640989037e-7
0.8845000000000001	-8.559858846276286e-7
0.885	-8.521977469866313e-7
0.8855000000000001	-8.482922017815549e-7
0.886	-8.443858949152978e-7
0.8865000000000001	-8.405720291165889e-7
0.887	-8.368334929791757e-7
0.8875000000000001	-8.33103950334086e-7
0.888	-8.293193441003275e-7
0.8885000000000001	-8.255037241529765e-7
0.889	-8.216776701406822e-7
0.8895000000000001	-8.1784744925259e-7
0.89	-8.140291042933561e-7
0.8905000000000001	-8.102497560840361e-7
0.891	-8.065372272303957e-7
0.8915000000000001	-8.02883989436491e-7
0.892	-7.990071530029965e-7
0.8925000000000001	-7.950811275188103e-7
0.893	-7.911486735883643e-7
0.8935000000000001	-7.87302211570142e-7
0.894	-7.835080091530127e-7
0.8945000000000001	-7.797315936165158e-7
0.895	-7.759392587431261e-7
0.8955000000000001	-7.72146837847082e-7
0.896	-7.683533064517675e-7
0.8965	-7.645488099842767e-7
0.897	-7.607507809755412e-7
0.8975	-7.569717060453683e-7
0.898	-7.532140324474902e-7
0.8985	-7.494547856002053e-7
0.899	-7.456680031993667e-7
0.8995	-7.418586634499293e-7
0.9	-7.380496401186834e-7
0.9005	-7.342507411096426e-7
0.901	-7.304711620628947e-7
0.9015	-7.267319711550166e-7
0.902	-7.230872806836218e-7
0.9025	-7.194338141118832e-7
0.903	-7.157134129397541e-7
0.9035	-7.118184914391689e-7
0.904	-7.078902581568828e-7
0.9045	-7.040227624854884e-7
0.905	-7.002379102298847e-7
0.9055	-6.96474422286743e-7
0.906	-6.927028051647947e-7
0.9065	-6.889253434144384e-7
0.907	-6.851487971282081e-7
0.9075	-6.813746238239714e-7
0.908	-6.776009885437986e-7
0.9085	-6.73826163841864e-7
0.909	-6.700454166328908e-7
0.9095	-6.662668940420459e-7
0.91	-6.624951832438139e-7
0.9105	-6.587391832590359e-7
0.911	-6.549923583333114e-7
0.9115	-6.512693364265787e-7
0.912	-6.475624995300263e-7
0.9125	-6.438398859374655e-7
0.913	-6.400666222784347e-7
0.9135	-6.362597713808267e-7
0.914	-6.324513399036018e-7
0.9145	-6.286863872470635e-7
0.915	-6.249357481995041e-7
0.9155	-6.211876012101276e-7
0.916	-6.174270249014417e-7
0.9165	-6.136649198049272e-7
0.917	-6.099021453003567e-7
0.9175	-6.061398764171063e-7
0.918	-6.023824398908846e-7
0.9185	-5.986395504653172e-7
0.919	-5.949090286112763e-7
0.9195	-5.911762360830404e-7
0.92	-5.874173181154506e-7
0.9205	-5.836449831990374e-7
0.921	-5.798757571470977e-7
0.9215	-5.761485659160929e-7
0.922	-5.724334561541579e-7
0.9225	-5.687239151105444e-7
0.923	-5.650075942116117e-7
0.9235	-5.612901791937103e-7
0.924	-5.575706681332412e-7
0.9245	-5.538478723361965e-7
0.925	-5.501225990391523e-7
0.9255	-5.463948742889782e-7
0.926	-5.426647261050962e-7
0.9265	-5.389321623452035e-7
0.927	-5.352008926069793e-7
0.9275	-5.3146729768391e-7
0.928	-5.277229921966653e-7
0.9285	-5.239389625283754e-7
0.929	-5.201440017235417e-7
0.9295	-5.163688165120335e-7
0.93	-5.126798039981022e-7
0.9305	-5.090129261298122e-7
0.931	-5.053426368435795e-7
0.9315	-5.016235770142951e-7
0.932	-4.978947769018314e-7
0.9325	-4.941647878554247e-7
0.933	-4.904421621143979e-7
0.9335	-4.867332210977963e-7
0.934	-4.830627854462124e-7
0.9345	-4.794306930527041e-7
0.935	-4.7578876588061084e-7
0.9355	-4.720726403171943e-7
0.936	-4.682885596720646e-7
0.9365	-4.6449612359906196e-7
0.937	-4.6075421855727123e-7
0.9375	-4.5704313162836795e-7
0.9380000000000001	-4.533441228713383e-7
0.9385	-4.4964247263579316e-7
0.9390000000000001	-4.459441073275085e-7
0.9395	-4.422502645592955e-7
0.9400000000000001	-4.3856772392917517e-7
0.9405	-4.3488177566824655e-7
0.9410000000000001	-4.3117821940418954e-7
0.9415	-4.2743674964233513e-7
0.9420000000000001	-4.237006644316778e-7
0.9425	-4.200023245127213e-7
0.9430000000000001	-4.163544712838131e-7
0.9435	-4.1273065025636235e-7
0.9440000000000001	-4.091409444983834e-7
0.9445	-4.0556831234600964e-7
0.9450000000000001	-4.0196328541263505e-7
0.9455	-3.9823087987076464e-7
0.9460000000000001	-3.9438596635262686e-7
0.9465	-3.905302916177689e-7
0.9470000000000001	-3.867799194557305e-7
0.9475	-3.830866801361941e-7
0.9480000000000001	-3.7942183845436556e-7
0.9485	-3.757802307743496e-7
0.9490000000000001	-3.7214182531455447e-7
0.9495	-3.6849046679322474e-7
0.9500000000000001	-3.647659684953214e-7
0.9505	-3.610351056767327e-7
0.9510000000000001	-3.573228328695825e-7
0.9515	-3.5366135479141035e-7
0.9520000000000001	-3.5000601814339776e-7
0.9525	-3.4633750424799416e-7
0.9530000000000001	-3.426437779835647e-7
0.9535	-3.389461161762733e-7
0.9540000000000001	-3.3525198239570465e-7
0.9545	-3.3156668765181424e-7
0.9550000000000001	-3.27893563577737e-7
0.9555	-3.242553163689054e-7
0.9560000000000001	-3.206343008939125e-7
0.9565	-3.17003064698611e-7
0.9570000000000001	-3.1330879296072526e-7
0.9575	-3.0958214932765173e-7
0.9580000000000001	-3.0585682997843746e-7
0.9585	-3.021847120334338e-7
0.9590000000000001	-2.985309161754996e-7
0.9595	-2.94883089270903e-7
0.96	-2.9124832934137476e-7
0.9605	-2.875890830086513e-7
0.961	-2.8386472283809196e-7
0.9615	-2.7998276996987065e-7
0.962	-2.7611749508762247e-7
0.9625	-2.7241342036021496e-7
0.963	-2.688989981853442e-7
0.9635	-2.654183629145942e-7
0.964	-2.618770092297872e-7
0.9645	-2.582345442546821e-7
0.965	-2.5454237858117074e-7
0.9655	-2.509540128983589e-7
0.966	-2.473689894706145e-7
0.9665	-2.4376936829772303e-7
0.967	-2.4009151479818817e-7
0.9675	-2.3635109834957577e-7
0.968	-2.3260816851755853e-7
0.9685	-2.289331605735155e-7
0.969	-2.2529137177337885e-7
0.9695	-2.216547604547121e-7
0.97	-2.1798276727318242e-7
0.9705	-2.1430396752263907e-7
0.971	-2.1063157001336613e-7
0.9715	-2.0699140153032558e-7
0.972	-2.0336008020446368e-7
0.9725	-1.9973157793242753e-7
0.973	-1.9609714880163552e-7
0.9735	-1.9245972067501885e-7
0.974	-1.8881629812007892e-7
0.9745	-1.8516306993870162e-7
0.975	-1.8150814076632253e-7
0.9755	-1.7787213611873116e-7
0.976	-1.7426121853593458e-7
0.9765	-1.706089322675402e-7
0.977	-1.6677536344302642e-7
0.9775	-1.627710631978978e-7
0.978	-1.5886884523963267e-7
0.9785	-1.5543697253484376e-7
0.979	-1.5218265708076595e-7
0.9795	-1.490745780353599e-7
0.98	-1.4546000577665515e-7
0.9805	-1.4170696831604216e-7
0.981	-1.3790300078371693e-7
0.9815	-1.3418153808385594e-7
0.982	-1.305185720193023e-7
0.9825	-1.2687525461461587e-7
0.983	-1.2326508020554164e-7
0.9835	-1.1966079096767395e-7
0.984	-1.1604408034258518e-7
0.9845	-1.123489893859754e-7
0.985	-1.0864445953763295e-7
0.9855	-1.0496582119722745e-7
0.986	-1.0137882126970087e-7
0.9865	-9.780459039367703e-8
0.987	-9.41806248486497e-8
0.9875	-9.065633176338212e-8
0.988	-8.706097090485033e-8
0.9885	-8.32536297813327e-8
0.989	-7.952932538751815e-8
0.9895	-7.576462190960067e-8
0.99	-7.205779244402143e-8
0.9905	-6.842208627585181e-8
0.991	-6.501949904360906e-8
0.9915	-6.152006299753091e-8
0.992	-5.7976860528147845e-8
0.9925	-5.427558872779811e-8
0.993	-5.064312040800886e-8
0.9935	-4.70482754227113e-8
0.994	-4.344880915632548e-8
0.9945	-3.984465792636181e-8
0.995	-3.623444688164429e-8
0.9955	-3.261202195604333e-8
0.996	-2.897422634268972e-8
0.9965	-2.528376730760834e-8
0.997	-2.1620941691749636e-8
0.9975	-2.140115952201885e-8
0.998	-1.2765419493568674e-8
0.9985	-1.0834458734725082e-8
0.999	-8.023388938454374e-9
0.9995	-4.011694469227187e-9