0.	-0.00036437063769256416
0.001	-0.0003641884979200447
0.002	-0.00036400644924014486
0.003	-0.00036382449165276213
0.004	-0.0003636426251577256
0.005	-0.0003634608497547963
0.006	-0.00036327916544366684
0.007	-0.00036309757222396125
0.008	-0.0003629160700952356
0.009000000000000001	-0.00036273465905697753
0.01	-0.00036255333910860637
0.011	-0.00036237211024947304
0.012	-0.00036219097247886016
0.013000000000000001	-0.0003620099257959823
0.014	-0.00036182897019998564
0.015	-0.0003616481056899476
0.016	-0.00036146733226487797
0.017	-0.0003612866499237178
0.018000000000000002	-0.00036110605866534025
0.019	-0.00036092555848854963
0.02	-0.0003607451493920826
0.021	-0.00036056483137460703
0.022	-0.00036038460443472286
0.023	-0.00036020446857096164
0.024	-0.0003600244237817865
0.025	-0.00035984447006559274
0.026000000000000002	-0.0003596646074207071
0.027	-0.0003594848358453879
0.028	-0.00035930515533782575
0.029	-0.0003591255658961427
0.03	-0.00035894606751839253
0.031	-0.0003587666602025609
0.032	-0.00035858734394656546
0.033	-0.0003584081187482553
0.034	-0.00035822898460541173
0.035	-0.00035804994151574735
0.036000000000000004	-0.000357870989476907
0.037	-0.0003576921284864674
0.038	-0.0003575133585419368
0.039	-0.00035733467964075546
0.04	-0.00035715609178029573
0.041	-0.0003569775949578613
0.042	-0.0003567991891706884
0.043000000000000003	-0.0003566208744159446
0.044	-0.00035644265069072954
0.045	-0.00035626451799207503
0.046	-0.0003560864763169444
0.047	-0.0003559085256622335
0.048	-0.00035573066602476936
0.049	-0.0003555528974013116
0.05	-0.0003553752197885516
0.051000000000000004	-0.00035519763318311257
0.052000000000000005	-0.00035502013758154994
0.053	-0.00035484273298035123
0.054	-0.00035466541937593566
0.055	-0.00035448819676465467
0.056	-0.0003543110651427918
0.057	-0.00035413402450656256
0.058	-0.0003539570748521148
0.059000000000000004	-0.00035378021617552804
0.06	-0.000353603448472814
0.061	-0.0003534267717399171
0.062	-0.0003532501859727131
0.063	-0.00035307369116701037
0.064	-0.0003528972873185493
0.065	-0.00035272097442300257
0.066	-0.0003525447524759751
0.067	-0.0003523686214730038
0.068	-0.00035219258140955785
0.069	-0.0003520166322810391
0.07	-0.0003518407740827812
0.07100000000000001	-0.00035166500681005017
0.07200000000000001	-0.0003514893304580446
0.073	-0.00035131374502189505
0.074	-0.0003511382504966648
0.075	-0.000350962846877349
0.076	-0.0003507875341588757
0.077	-0.00035061231233610504
0.078	-0.0003504371814038296
0.079	-0.00035026214135677454
0.08	-0.00035008719218959726
0.081	-0.00034991233389688786
0.082	-0.0003497375664731688
0.083	-0.0003495628899128951
0.084	-0.0003493883042104543
0.085	-0.0003492138093601664
0.08600000000000001	-0.0003490394053562844
0.08700000000000001	-0.00034886509219299327
0.088	-0.00034869086986441105
0.089	-0.00034851673836458827
0.09	-0.0003483426976875082
0.091	-0.0003481687478270867
0.092	-0.0003479948887771724
0.093	-0.0003478211205315467
0.094	-0.00034764744308392375
0.095	-0.0003474738564279504
0.096	-0.00034730036055720636
0.097	-0.00034712695546520414
0.098	-0.00034695364114538906
0.099	-0.0003467804175911395
0.1	-0.00034660728479576664
0.101	-0.0003464342427525145
0.10200000000000001	-0.0003462612914545601
0.10300000000000001	-0.0003460884308950136
0.10400000000000001	-0.000345915661066918
0.105	-0.0003457429819632493
0.106	-0.00034557039357691646
0.107	-0.0003453978959007619
0.108	-0.0003452254889275608
0.109	-0.0003450531726500219
0.11	-0.00034488094706078634
0.111	-0.0003447088121524291
0.112	-0.0003445367679174583
0.113	-0.00034436481434831496
0.114	-0.00034419295143737377
0.115	-0.0003440211791769426
0.116	-0.0003438494975592624
0.117	-0.0003436779065765079
0.11800000000000001	-0.00034350640622078687
0.11900000000000001	-0.00034333499648414064
0.12	-0.000343163677358544
0.121	-0.00034299244883590515
0.122	-0.00034282131090806583
0.123	-0.0003426502635668015
0.124	-0.0003424793068038207
0.125	-0.00034230844061076596
0.126	-0.00034213766497921363
0.127	-0.00034196697990067305
0.128	-0.000341796385366588
0.129	-0.0003416258813683354
0.13	-0.00034145546789722607
0.131	-0.0003412851449445049
0.132	-0.00034111491250135025
0.133	-0.00034094477055887477
0.134	-0.00034077471910812424
0.135	-0.0003406047581400792
0.136	-0.00034043488764565357
0.137	-0.00034026510761569546
0.138	-0.000340095418040987
0.139	-0.0003399258189122445
0.14	-0.00033975631022011796
0.14100000000000001	-0.0003395868919551919
0.14200000000000002	-0.0003394175641079849
0.14300000000000002	-0.0003392483266689495
0.14400000000000002	-0.0003390791796284727
0.145	-0.00033891012297687585
0.146	-0.00033874115670441435
0.147	-0.0003385722808012781
0.148	-0.0003384034952575911
0.149	-0.0003382348000634122
0.15	-0.00033806619520873425
0.151	-0.00033789768068348503
0.152	-0.00033772925647752633
0.153	-0.000337560922580655
0.154	-0.0003373926789826019
0.155	-0.00033722452567303316
0.156	-0.00033705646264154917
0.157	-0.0003368884898776851
0.158	-0.00033672060737091093
0.159	-0.0003365528151106313
0.16	-0.00033638511308618584
0.161	-0.0003362175012868488
0.162	-0.0003360499797018298
0.163	-0.00033588254832027256
0.164	-0.00033571520713125686
0.165	-0.0003355479561237965
0.166	-0.0003353807952868409
0.167	-0.0003352137246092746
0.168	-0.00033504674407991707
0.169	-0.0003348798536875229
0.17	-0.00033471305342078217
0.171	-0.00033454634326832004
0.17200000000000001	-0.0003343797232186969
0.17300000000000001	-0.00033421319326040885
0.17400000000000002	-0.0003340467533818869
0.17500000000000002	-0.00033388040357149794
0.176	-0.000333714143817544
0.177	-0.0003335479741082626
0.178	-0.0003333818944318272
0.179	-0.0003332159047763466
0.18	-0.0003330500051298652
0.181	-0.0003328841954803634
0.182	-0.0003327184758157567
0.183	-0.00033255284612389714
0.184	-0.0003323873063925721
0.185	-0.0003322218566095049
0.186	-0.00033205649676235484
0.187	-0.00033189122683871736
0.188	-0.00033172604682612345
0.189	-0.00033156095671204054
0.19	-0.000331395956483872
0.191	-0.00033123104612895724
0.192	-0.0003310662256345722
0.193	-0.0003309014949879287
0.194	-0.000330736854176175
0.195	-0.0003305723031863955
0.196	-0.00033040784200561124
0.197	-0.0003302434706207796
0.198	-0.00033007918901879437
0.199	-0.0003299149971864858
0.2	-0.0003297508951106209
0.201	-0.000329586882777903
0.202	-0.00032942296017497236
0.203	-0.00032925912728840577
0.20400000000000001	-0.0003290953841047169
0.20500000000000002	-0.00032893173061035615
0.20600000000000002	-0.0003287681667917108
0.20700000000000002	-0.000328604692635105
0.20800000000000002	-0.00032844130812679985
0.209	-0.0003282780132529936
0.21	-0.0003281148079998212
0.211	-0.0003279516923533552
0.212	-0.00032778866629960476
0.213	-0.0003276257298245167
0.214	-0.00032746288291397483
0.215	-0.0003273001255538004
0.216	-0.00032713745772975196
0.217	-0.0003269748794275253
0.218	-0.000326812390632754
0.219	-0.0003266499913310091
0.22	-0.00032648768150779874
0.221	-0.00032632546114856934
0.222	-0.0003261633302387045
0.223	-0.0003260012887635258
0.224	-0.0003258393367082925
0.225	-0.0003256774740582014
0.226	-0.00032551570079838787
0.227	-0.0003253540169139247
0.228	-0.0003251924223898226
0.229	-0.0003250309172110307
0.23	-0.0003248695013624359
0.231	-0.00032470817482886335
0.232	-0.0003245469375950765
0.233	-0.0003243857896457769
0.234	-0.0003242247309656046
0.23500000000000001	-0.00032406376153913777
0.23600000000000002	-0.00032390288135089324
0.23700000000000002	-0.0003237420903853262
0.23800000000000002	-0.00032358138862683024
0.23900000000000002	-0.000323420776059738
0.24	-0.00032326025266832015
0.241	-0.00032309981843678653
0.242	-0.00032293947334928556
0.243	-0.00032277921738990434
0.244	-0.00032261905054266923
0.245	-0.00032245897279154515
0.246	-0.0003222989841204361
0.247	-0.00032213908451318523
0.248	-0.0003219792739535747
0.249	-0.0003218195524253259
0.25	-0.0003216599199120993
0.251	-0.0003215003763974948
0.252	-0.00032134092186505156
0.253	-0.00032118155629824805
0.254	-0.00032102227968050235
0.255	-0.00032086309199517207
0.256	-0.00032070399322555403
0.257	-0.00032054498335488523
0.258	-0.000320386062366342
0.259	-0.0003202272302430404
0.26	-0.00032006848696803633
0.261	-0.00031990983252432585
0.262	-0.00031975126689484456
0.263	-0.0003195927900624682
0.264	-0.0003194344020100127
0.265	-0.00031927610272023375
0.266	-0.0003191178921758276
0.267	-0.0003189597703594304
0.268	-0.0003188017372536189
0.269	-0.00031864379284090997
0.27	-0.000318485937103761
0.271	-0.00031832817002456983
0.272	-0.00031817049158567467
0.273	-0.000318012901769355
0.274	-0.00031785540055783004
0.275	-0.00031769798793326035
0.276	-0.00031754066387774705
0.277	-0.0003173834283733321
0.278	-0.0003172262814019987
0.279	-0.00031706922294567045
0.28	-0.00031691225298621263
0.281	-0.0003167553715054312
0.28200000000000003	-0.0003165985784850734
0.28300000000000003	-0.0003164418739068277
0.28400000000000003	-0.0003162852577523239
0.28500000000000003	-0.00031612873000313324
0.28600000000000003	-0.00031597229064076826
0.28700000000000003	-0.000315815939646683
0.28800000000000003	-0.00031565967700227323
0.289	-0.0003155035026888761
0.29	-0.0003153474166877705
0.291	-0.00031519141898017736
0.292	-0.00031503550954725906
0.293	-0.00031487968837012
0.294	-0.00031472395542980666
0.295	-0.0003145683107073073
0.296	-0.0003144127541835526
0.297	-0.00031425728583941504
0.298	-0.0003141019056557094
0.299	-0.0003139466136131929
0.3	-0.0003137914096925651
0.301	-0.00031363629387446784
0.302	-0.00031348126613948556
0.303	-0.0003133263264681451
0.304	-0.00031317147484091626
0.305	-0.00031301671123821096
0.306	-0.00031286203564038443
0.307	-0.00031270744802773455
0.308	-0.00031255294838050196
0.309	-0.0003123985366788704
0.31	-0.0003122442129029666
0.311	-0.0003120899770328605
0.312	-0.00031193582904856493
0.313	-0.0003117817689300363
0.314	-0.00031162779665717407
0.315	-0.0003114739122098212
0.316	-0.0003113201155677641
0.317	-0.0003111664067107325
0.318	-0.00031101278561840014
0.319	-0.00031085925227038413
0.32	-0.0003107058066462452
0.321	-0.00031055244872548794
0.322	-0.0003103991784875612
0.323	-0.00031024599591185717
0.324	-0.0003100929009777126
0.325	-0.0003099398936644079
0.326	-0.00030978697395116775
0.327	-0.0003096341418171611
0.328	-0.0003094813972415013
0.329	-0.00030932874020324586
0.33	-0.000309176170681397
0.331	-0.0003090236886549012
0.332	-0.0003088712941026494
0.333	-0.0003087189870034776
0.334	-0.0003085667673361664
0.335	-0.00030841463507944093
0.336	-0.00030826259021197143
0.337	-0.0003081106327123731
0.338	-0.00030795876255920615
0.339	-0.0003078069797309758
0.34	-0.0003076552842061324
0.341	-0.00030750367596307185
0.342	-0.0003073521549801348
0.343	-0.00030720072123560774
0.34400000000000003	-0.00030704937470772247
0.34500000000000003	-0.0003068981153746565
0.34600000000000003	-0.0003067469432145326
0.34700000000000003	-0.00030659585820541965
0.34800000000000003	-0.00030644486032533176
0.34900000000000003	-0.00030629394955222934
0.35000000000000003	-0.00030614312586401847
0.35100000000000003	-0.0003059923892385513
0.352	-0.0003058417396536261
0.353	-0.0003056911770869871
0.354	-0.0003055407015163248
0.355	-0.00030539031291927594
0.356	-0.00030524001127342384
0.357	-0.000305089796556298
0.358	-0.00030493966874537456
0.359	-0.00030478962781807614
0.36	-0.0003046396737517722
0.361	-0.00030448980652377866
0.362	-0.0003043400261113586
0.363	-0.00030419033249172174
0.364	-0.0003040407256420248
0.365	-0.0003038912055393717
0.366	-0.0003037417721608132
0.367	-0.00030359242548334765
0.368	-0.0003034431654839202
0.369	-0.00030329399213942373
0.37	-0.00030314490542669844
0.371	-0.0003029959053225319
0.372	-0.00030284699180365955
0.373	-0.00030269816484676423
0.374	-0.0003025494244284767
0.375	-0.0003024007705253753
0.376	-0.00030225220311398655
0.377	-0.0003021037221707848
0.378	-0.00030195532767219246
0.379	-0.0003018070195945801
0.38	-0.00030165879791426646
0.381	-0.00030151066260751866
0.382	-0.0003013626136505521
0.383	-0.0003012146510195306
0.384	-0.00030106677469056675
0.385	-0.0003009189846397212
0.386	-0.00030077128084300404
0.387	-0.0003006236632763735
0.388	-0.000300476131915737
0.389	-0.00030032868673695066
0.39	-0.0003001813277158198
0.391	-0.00030003405482809884
0.392	-0.00029988686804949103
0.393	-0.0002997397673556492
0.394	-0.0002995927527221756
0.395	-0.0002994458241246214
0.396	-0.0002992989815384876
0.397	-0.00029915222493922503
0.398	-0.00029900555430223354
0.399	-0.00029885896960286305
0.4	-0.0002987124708164135
0.401	-0.00029856605791813416
0.402	-0.00029841973088322484
0.403	-0.000298273489686835
0.404	-0.0002981273343040646
0.405	-0.0002979812647099635
0.406	-0.00029783528087953196
0.40700000000000003	-0.0002976893827877207
0.40800000000000003	-0.0002975435704094309
0.40900000000000003	-0.00029739784371951404
0.41000000000000003	-0.00029725220269277236
0.41100000000000003	-0.0002971066473039592
0.41200000000000003	-0.0002969611775277781
0.41300000000000003	-0.0002968157933388838
0.41400000000000003	-0.0002966704947118819
0.41500000000000004	-0.00029652528162132913
0.41600000000000004	-0.0002963801540417331
0.417	-0.00029623511194755295
0.418	-0.000296090155313199
0.419	-0.0002959452841130327
0.42	-0.0002958004983213672
0.421	-0.00029565579791246735
0.422	-0.00029551118286054917
0.423	-0.0002953666531397808
0.424	-0.0002952222087242817
0.425	-0.00029507784958812385
0.426	-0.0002949335757053305
0.427	-0.00029478938704987745
0.428	-0.00029464528359569235
0.429	-0.0002945012653166553
0.43	-0.00029435733218659824
0.431	-0.00029421348417930606
0.432	-0.00029406972126851566
0.433	-0.00029392604342791666
0.434	-0.00029378245063115145
0.435	-0.0002936389428518148
0.436	-0.0002934955200634545
0.437	-0.0002933521822395712
0.438	-0.0002932089293536185
0.439	-0.000293065761379003
0.44	-0.0002929226782890845
0.441	-0.0002927796800571761
0.442	-0.000292636766656544
0.443	-0.0002924939380604079
0.444	-0.000292351194241941
0.445	-0.00029220853517427015
0.446	-0.0002920659608304756
0.447	-0.0002919234711835915
0.448	-0.0002917810662066058
0.449	-0.00029163874587246046
0.45	-0.0002914965101540513
0.451	-0.0002913543590242282
0.452	-0.0002912122924557951
0.453	-0.00029107031042151064
0.454	-0.0002909284128940872
0.455	-0.0002907865998461922
0.456	-0.00029064487125044695
0.457	-0.00029050322707942775
0.458	-0.0002903616673056655
0.459	-0.00029022019190164594
0.46	-0.00029007880083980944
0.461	-0.00028993749409255147
0.462	-0.00028979627163222256
0.463	-0.0002896551334311282
0.464	-0.00028951407946152926
0.465	-0.00028937310969564194
0.466	-0.0002892322241056375
0.467	-0.0002890914226636429
0.468	-0.0002889507053417407
0.46900000000000003	-0.000288810072111969
0.47000000000000003	-0.0002886695229463216
0.47100000000000003	-0.0002885290578167482
0.47200000000000003	-0.0002883886766951542
0.47300000000000003	-0.00028824837955340136
0.47400000000000003	-0.00028810816636330727
0.47500000000000003	-0.0002879680370966455
0.47600000000000003	-0.00028782799172514633
0.47700000000000004	-0.00028768803022049595
0.47800000000000004	-0.0002875481525543373
0.47900000000000004	-0.0002874083586982697
0.48	-0.000287268648623849
0.481	-0.00028712902230258774
0.482	-0.00028698947970595543
0.483	-0.00028685002080537837
0.484	-0.0002867106455722397
0.485	-0.0002865713539778796
0.486	-0.0002864321459935956
0.487	-0.00028629302159064243
0.488	-0.0002861539807402317
0.489	-0.00028601502341353286
0.49	-0.0002858761495816729
0.491	-0.0002857373592157361
0.492	-0.0002855986522867644
0.493	-0.00028546002876575776
0.494	-0.00028532148862367375
0.495	-0.000285183031831428
0.496	-0.00028504465835989414
0.497	-0.00028490636817990385
0.498	-0.0002847681612622472
0.499	-0.00028463003757767206
0.5	-0.00028449199709688536
0.503	-0.00028407837458369837
0.506	-0.0002836654998460661
0.509	-0.000283253372086377
0.512	-0.0002828419905037056
0.515	-0.0002824313542938353
0.518	-0.0002820214626492794
0.521	-0.0002816123147593036
0.524	-0.00028120390980994765
0.527	-0.0002807962469840471
0.53	-0.0002803893254612555
0.533	-0.0002799831444180666
0.536	-0.00027957770302783596
0.539	-0.00027917300046080324
0.542	-0.00027876903588411393
0.545	-0.00027836580846184205
0.548	-0.0002779633173550118
0.551	-0.0002775615617216198
0.554	-0.00027716054071665736
0.557	-0.0002767602534921325
0.56	-0.0002763606991970923
0.563	-0.0002759618769776448
0.5660000000000001	-0.0002755637859769816
0.569	-0.0002751664253354001
0.5720000000000001	-0.00027476979419032533
0.575	-0.0002743738916763324
0.578	-0.00027397871692516905
0.581	-0.0002735842690657777
0.584	-0.00027319054722431754
0.587	-0.0002727975505241871
0.59	-0.0002724052780860465
0.593	-0.0002720137290278398
0.596	-0.0002716229024648171
0.599	-0.0002712327975095569
0.602	-0.0002708434132719886
0.605	-0.0002704547488594147
0.608	-0.00027006680337653285
0.611	-0.0002696795759254587
0.614	-0.00026929306560574754
0.617	-0.0002689072715144172
0.62	-0.00026852219274597005
0.623	-0.0002681378283924151
0.626	-0.0002677541775432906
0.629	-0.00026737123928568634
0.632	-0.0002669890127042653
0.635	-0.00026660749688128674
0.638	-0.00026622669089662794
0.641	-0.00026584659382780646
0.644	-0.0002654672047500023
0.647	-0.0002650885227360803
0.65	-0.0002647105468566121
0.653	-0.0002643332761798984
0.656	-0.00026395670977199127
0.659	-0.0002635808466967158
0.662	-0.0002632056860156925
0.665	-0.0002628312267883596
0.668	-0.0002624574680719947
0.671	-0.0002620844089217368
0.674	-0.0002617120483906087
0.677	-0.0002613403855295386
0.6799999999999999	-0.00026096941938738246
0.683	-0.00026059914901094527
0.6859999999999999	-0.00026022957344500367
0.6890000000000001	-0.00025986069173232745
0.692	-0.0002594925029137013
0.6950000000000001	-0.00025912500602794694
0.698	-0.0002587582001119447
0.7010000000000001	-0.0002583920842006552
0.704	-0.00025802665732714146
0.7070000000000001	-0.00025766191852258987
0.71	-0.00025729786681633266
0.713	-0.000256934501235869
0.716	-0.0002565718208068864
0.719	-0.000256209824553283
0.722	-0.0002558485114971882
0.725	-0.00025548788065898485
0.728	-0.00025512793105733026
0.731	-0.0002547686617091774
0.734	-0.0002544100716297969
0.737	-0.0002540521598327977
0.74	-0.00025369492533014866
0.743	-0.00025333836713219957
0.746	-0.0002529824842477025
0.749	-0.00025262727568383286
0.752	-0.00025227274044621015
0.755	-0.0002519188775389197
0.758	-0.0002515656859645329
0.761	-0.0002512131647241285
0.764	-0.0002508613128173137
0.767	-0.00025051012924224425
0.77	-0.00025015961299564607
0.773	-0.00024980976307283553
0.776	-0.00024946057846774
0.779	-0.0002491120581729191
0.782	-0.00024876420117958423
0.785	-0.0002484170064776204
0.788	-0.00024807047305560546
0.7909999999999999	-0.0002477245999008312
0.794	-0.00024737938599932375
0.7969999999999999	-0.0002470348303358633
0.8	-0.00024669093189400504
0.8029999999999999	-0.00024634768965609867
0.806	-0.00024600510260330924
0.8089999999999999	-0.00024566316971563653
0.812	-0.0002453218899719353
0.815	-0.00024498126234993547
0.8180000000000001	-0.00024464128582626183
0.821	-0.00024430195937645365
0.8240000000000001	-0.0002439632819749848
0.827	-0.00024362525259528296
0.8300000000000001	-0.00024328787020974998
0.833	-0.00024295113378978078
0.8360000000000001	-0.0002426150423057831
0.839	-0.00024227959472719707
0.8420000000000001	-0.00024194479002251427
0.845	-0.0002416106271592973
0.8480000000000001	-0.00024127710510419916
0.851	-0.00024094422282298184
0.854	-0.00024061197928053598
0.857	-0.00024028037344089978
0.86	-0.00023994940426727793
0.863	-0.00023961907072206037
0.866	-0.0002392893717668413
0.869	-0.0002389603063624381
0.872	-0.00023863187346890956
0.875	-0.00023830407204557494
0.878	-0.00023797690105103236
0.881	-0.0002376503594431773
0.884	-0.00023732444617922092
0.887	-0.00023699916021570865
0.89	-0.0002366745005085379
0.893	-0.0002363504660129773
0.896	-0.00023602705568368348
0.899	-0.00023570426847472023
0.902	-0.00023538210333957598
0.905	-0.0002350605592311817
0.908	-0.00023473963510192887
0.911	-0.00023441932990368703
0.914	-0.00023409964258782183
0.917	-0.00023378057210521208
0.9199999999999999	-0.0002334621174062679
0.923	-0.0002331442774409475
0.9259999999999999	-0.0002328270511587753
0.929	-0.00023251043750885855
0.9319999999999999	-0.00023219443543990497
0.935	-0.00023187904390023953
0.938	-0.00023156426183782198
0.9410000000000001	-0.0002312500882002635
0.944	-0.0002309365219348437
0.9470000000000001	-0.00023062356198852733
0.95	-0.00023031120730798138
0.9530000000000001	-0.00022999945683959138
0.956	-0.00022968830952947806
0.9590000000000001	-0.00022937776432351408
0.962	-0.00022906782016734014
0.9650000000000001	-0.00022875847600638166
0.968	-0.0002284497307858649
0.9710000000000001	-0.00022814158345083307
0.974	-0.00022783403294616264
0.9770000000000001	-0.00022752707821657912
0.98	-0.00022722071820667326
0.983	-0.00022691495186091693
0.986	-0.00022660977812367846
0.989	-0.00022630519593923903
0.992	-0.00022600120425180786
0.995	-0.00022569780200553763
0.998	-0.0002253949881445405
1.001	-0.00022509276161290304
1.004	-0.00022479112135470147
1.0070000000000001	-0.0002244900663140174
1.01	-0.0002241895954349523
1.013	-0.00022388970766164316
1.016	-0.00022359040193827684
1.0190000000000001	-0.00022329167720910566
1.022	-0.00022299353241846175
1.025	-0.00022269596651077172
1.028	-0.00022239897843057157
1.0310000000000001	-0.00022210256712252118
1.034	-0.00022180673153141868
1.037	-0.00022151147060221486
1.04	-0.00022121678328002763
1.0430000000000001	-0.00022092266851015616
1.046	-0.00022062912523809487
1.049	-0.0002203361524095478
1.052	-0.00022004374897044215
1.0550000000000002	-0.0002197519138669427
1.058	-0.0002194606460454654
1.061	-0.00021916994445269077
1.064	-0.000218879808035578
1.0670000000000002	-0.00021859023574137846
1.07	-0.00021830122651764897
1.073	-0.00021801277931226515
1.076	-0.00021772489307343514
1.079	-0.00021743756674971233
1.0819999999999999	-0.00021715079929000893
1.085	-0.00021686458964360867
1.088	-0.0002165789367601801
1.091	-0.00021629383958978918
1.0939999999999999	-0.0002160092970829124
1.097	-0.00021572530819044934
1.1	-0.00021544187186373515
1.103	-0.00021515898705455356
1.1059999999999999	-0.000214876652715149
1.109	-0.00021459486779823895
1.112	-0.0002143136312570267
1.115	-0.000214032942045213
1.1179999999999999	-0.00021375279911700873
1.121	-0.00021347320142714652
1.124	-0.00021319414793089317
1.127	-0.0002129156375840611
1.13	-0.00021263766934302066
1.133	-0.0002123602421647114
1.1360000000000001	-0.00021208335500665402
1.139	-0.0002118070068269619
1.142	-0.00021153119658435244
1.145	-0.00021125592323815868
1.1480000000000001	-0.00021098118574834054
1.151	-0.000210706983075496
1.154	-0.0002104333141808723
1.157	-0.0002101601780263771
1.1600000000000001	-0.0002098875735745896
1.163	-0.0002096154997887709
1.166	-0.00020934395563287556
1.169	-0.00020907294007156192
1.1720000000000002	-0.00020880245207020284
1.175	-0.00020853249059489643
1.178	-0.00020826305461247666
1.181	-0.00020799414309052324
1.1840000000000002	-0.00020772575499737253
1.187	-0.00020745788930212793
1.19	-0.00020719054497466948
1.193	-0.0002069237209856643
1.1960000000000002	-0.00020665741630657681
1.199	-0.00020639162990967853
1.202	-0.0002061263607680578
1.205	-0.00020586160785562982
1.208	-0.00020559737014714616
1.2109999999999999	-0.00020533364661820482
1.214	-0.0002050704362452591
1.217	-0.00020480773800562793
1.22	-0.00020454555087750454
1.2229999999999999	-0.00020428387383996616
1.226	-0.00020402270587298337
1.229	-0.000203762045957429
1.232	-0.00020350189307508738
1.2349999999999999	-0.0002032422462086633
1.238	-0.00020298310434179113
1.241	-0.00020272446645904345
1.244	-0.00020246633154594
1.2469999999999999	-0.00020220869858895646
1.25	-0.0002019515665755328
1.2530000000000001	-0.00020169493449408214
1.256	-0.00020143880133399934
1.259	-0.0002011831660856688
1.262	-0.00020092802774047364
1.2650000000000001	-0.00020067338529080337
1.268	-0.0002004192377300623
1.271	-0.0002001655840526776
1.274	-0.00019991242325410741
1.2770000000000001	-0.0001996597543308487
1.28	-0.00019940757628044537
1.283	-0.000199155888101496
1.286	-0.00019890468879366131
1.2890000000000001	-0.0001986539773576723
1.292	-0.00019840375279533753
1.295	-0.0001981540141095509
1.298	-0.00019790476030429882
1.3010000000000002	-0.00019765599038466778
1.304	-0.0001974077033568518
1.307	-0.00019715989822815933
1.31	-0.00019691257400702086
1.3130000000000002	-0.00019666572970299557
1.316	-0.0001964193643267787
1.319	-0.00019617347689020837
1.322	-0.00019592806640627257
1.3250000000000002	-0.00019568313188911583
1.328	-0.00019543867235404625
1.331	-0.00019519468681754182
1.334	-0.0001949511742972573
1.337	-0.00019470813381203088
1.3399999999999999	-0.00019446556438189016
1.343	-0.0001942234650280592
1.346	-0.00019398183477296443
1.349	-0.00019374067264024098
1.3519999999999999	-0.00019349997765473915
1.355	-0.00019325974884253026
1.358	-0.0001930199852309129
1.361	-0.00019278068584841897
1.3639999999999999	-0.00019254184972481927
1.367	-0.00019230347589112995
1.37	-0.00019206556337961797
1.373	-0.00019182811122380686
1.376	-0.00019159111845848243
1.379	-0.00019135458411969854
1.3820000000000001	-0.00019111850724478247
1.385	-0.0001908828868723405
1.388	-0.0001906477220422633
1.391	-0.00019041301179573134
1.3940000000000001	-0.0001901787551752201
1.397	-0.00018994495122450554
1.4	-0.00018971159898866904
1.403	-0.0001894786975141025
1.4060000000000001	-0.0001892462458485136
1.409	-0.0001890142430409306
1.412	-0.00018878268814170746
1.415	-0.00018855158020252843
1.4180000000000001	-0.00018832091827641317
1.421	-0.00018809070141772132
1.424	-0.00018786092868215714
1.427	-0.0001876315991267743
1.4300000000000002	-0.00018740271180998038
1.433	-0.0001871742657915413
1.436	-0.00018694626013258584
1.439	-0.00018671869389561
1.4420000000000002	-0.0001864915661444815
1.445	-0.0001862648759444438
1.448	-0.00018603862236212036
1.451	-0.000185812804465519
1.4540000000000002	-0.00018558742132403588
1.457	-0.0001853624720084594
1.46	-0.00018513795559097445
1.463	-0.00018491387114516613
1.466	-0.0001846902177460239
1.4689999999999999	-0.00018446699446994486
1.472	-0.00018424420039473823
1.475	-0.0001840218345996286
1.478	-0.00018379989616525955
1.4809999999999999	-0.00018357838417369754
1.484	-0.00018335729770843528
1.487	-0.00018313663585439515
1.49	-0.00018291639769793294
1.4929999999999999	-0.00018269658232684076
1.496	-0.00018247718883035097
1.499	-0.0001822582162991389
1.502	-0.00018203966382532638
1.5050000000000001	-0.00018182153050248488
1.508	-0.00018160381542563873
1.5110000000000001	-0.00018138651769126777
1.514	-0.00018116963639731108
1.5170000000000001	-0.00018095317064316908
1.52	-0.00018073711952970735
1.5230000000000001	-0.00018052148215925886
1.526	-0.00018030625763562703
1.529	-0.00018009144506408843
1.532	-0.00017987704355139567
1.535	-0.00017966305220577978
1.538	-0.00017944947013695325
1.541	-0.00017923629645611204
1.544	-0.00017902353027593863
1.547	-0.00017881117071060434
1.55	-0.0001785992168757715
1.553	-0.00017838766788859622
1.556	-0.00017817652286773053
1.559	-0.0001779657809333247
1.562	-0.0001777554412070294
1.565	-0.0001775455028119981
1.568	-0.00017733596487288914
1.571	-0.0001771268265158676
1.574	-0.0001769180868686077
1.577	-0.00017670974506029473
1.58	-0.00017650180022162686
1.583	-0.00017629425148481725
1.586	-0.00017608709798359588
1.589	-0.00017588033885321134
1.592	-0.00017567397323043266
1.595	-0.00017546800025355122
1.598	-0.00017526241906238202
1.601	-0.00017505722879826582
1.604	-0.00017485242860407064
1.607	-0.00017464801762419313
1.61	-0.00017444399500456044
1.613	-0.00017424035989263142
1.616	-0.00017403711143739814
1.619	-0.0001738342487893878
1.622	-0.00017363177110066313
1.625	-0.0001734296775248246
1.6280000000000001	-0.00017322796721701143
1.631	-0.00017302663933390272
1.6340000000000001	-0.00017282569303371861
1.637	-0.00017262512747622205
1.6400000000000001	-0.0001724249418227191
1.643	-0.00017222513523606068
1.6460000000000001	-0.0001720257068806433
1.649	-0.0001718266559224102
1.6520000000000001	-0.00017162798152885235
1.655	-0.00017142968286900926
1.658	-0.00017123175911347018
1.661	-0.00017103420943437466
1.664	-0.00017083703300541352
1.667	-0.00017064022900182977
1.67	-0.00017044379660041909
1.673	-0.00017024773497953096
1.676	-0.000170052043319069
1.679	-0.00016985672080049158
1.682	-0.00016966176660681296
1.685	-0.00016946717992260342
1.688	-0.0001692729599339899
1.691	-0.00016907910582865642
1.694	-0.000168885616795845
1.697	-0.00016869249202635555
1.7	-0.00016849973071254666
1.703	-0.00016830733204833593
1.706	-0.00016811529522920018
1.709	-0.00016792361945217589
1.712	-0.00016773230391585952
1.715	-0.0001675413478204076
1.718	-0.00016735075036753712
1.721	-0.00016716051076052564
1.724	-0.00016697062820421142
1.727	-0.00016678110190499365
1.73	-0.0001665919310708325
1.733	-0.00016640311491124916
1.736	-0.0001662146526373258
1.739	-0.0001660265434617059
1.742	-0.00016583878659859376
1.745	-0.00016565138126375473
1.748	-0.0001654643266745152
1.7510000000000001	-0.00016527762204976215
1.754	-0.00016509126660994345
1.7570000000000001	-0.00016490525957706733
1.76	-0.00016471960017470233
1.7630000000000001	-0.00016453428762797705
1.766	-0.0001643493211635799
1.7690000000000001	-0.00016416470000975888
1.772	-0.0001639804233963211
1.7750000000000001	-0.00016379649055463252
1.778	-0.00016361290071761772
1.781	-0.00016342965311975935
1.784	-0.00016324674699709775
1.787	-0.00016306418158723042
1.79	-0.00016288195612931182
1.793	-0.00016270006986405256
1.796	-0.00016251852203371894
1.799	-0.0001623373118821327
1.802	-0.0001621564386546699
1.805	-0.0001619759015982609
1.808	-0.0001617956999613893
1.811	-0.00016161583299409155
1.814	-0.0001614362999479561
1.817	-0.00016125710007612286
1.82	-0.00016107823263328229
1.823	-0.00016089969687567478
1.826	-0.00016072149206109007
1.829	-0.00016054361744886601
1.832	-0.0001603660722998881
1.835	-0.00016018885587658845
1.838	-0.00016001196744294511
1.841	-0.00015983540626448098
1.844	-0.00015965917160826304
1.847	-0.00015948326274290147
1.85	-0.0001593076789385485
1.853	-0.0001591324194668976
1.856	-0.0001589574836011824
1.859	-0.00015878287061617578
1.862	-0.0001586085797881887
1.865	-0.00015843461039506934
1.868	-0.00015826096171620165
1.871	-0.00015808763303250473
1.874	-0.0001579146236264314
1.877	-0.00015774193278196707
1.8800000000000001	-0.00015756955978462873
1.883	-0.00015739750392146368
1.8860000000000001	-0.0001572257644810484
1.889	-0.00015705434075348723
1.8920000000000001	-0.00015688323203041105
1.895	-0.00015671243760497633
1.8980000000000001	-0.00015654195677186375
1.901	-0.0001563717888272766
1.9040000000000001	-0.00015620193306893997
1.907	-0.00015603238879609903
1.91	-0.00015586315530951783
1.913	-0.00015569423191147793
1.916	-0.0001555256179057771
1.919	-0.0001553573125977277
1.922	-0.00015518931529415555
1.925	-0.00015502162530339826
1.928	-0.00015485424193530385
1.931	-0.00015468716450122935
1.934	-0.0001545203923140393
1.937	-0.00015435392468810414
1.94	-0.00015418776093929887
1.943	-0.00015402190038500137
1.946	-0.00015385634234409083
1.949	-0.00015369108613694655
1.952	-0.0001535261310854457
1.955	-0.00015336147651296225
1.958	-0.00015319712174436545
1.961	-0.0001530330661060176
1.964	-0.00015286930892577304
1.967	-0.00015270584953297608
1.97	-0.00015254268725845967
1.973	-0.00015237982143454342
1.976	-0.00015221725139503194
1.979	-0.00015205497647521348
1.982	-0.0001518929960118577
1.985	-0.00015173130934321427
1.988	-0.000151569915809011
1.991	-0.00015140881475045223
1.994	-0.0001512480055102167
1.997	-0.00015108748743245613
2.	-0.00015092725986279334
2.003	-0.00015076732214832017
2.0060000000000002	-0.00015060767363759596
2.0090000000000003	-0.0001504483136806457
2.012	-0.00015028924162895785
2.015	-0.00015013045683548288
2.018	-0.00014997195865463117
2.021	-0.00014981374644227105
2.024	-0.00014965581955572721
2.027	-0.00014949817735377852
2.0300000000000002	-0.0001493408191966561
2.0330000000000004	-0.00014918374444604165
2.036	-0.00014902695246506504
2.0389999999999997	-0.0001488704426183029
2.042	-0.00014871421427177633
2.045	-0.00014855826679294884
2.048	-0.00014840259955072467
2.051	-0.00014824721191544657
2.0540000000000003	-0.0001480921032588939
2.057	-0.00014793727295428038
2.06	-0.00014778272037625244
2.0629999999999997	-0.00014762844490088693
2.066	-0.00014747444590568906
2.069	-0.00014732072276959045
2.072	-0.00014716727487294704
2.075	-0.0001470141015975369
2.0780000000000003	-0.00014686120232655842
2.081	-0.00014670857644462793
2.084	-0.00014655622333777758
2.0869999999999997	-0.00014640414239345354
2.09	-0.00014625233300051354
2.093	-0.00014610079454922508
2.096	-0.00014594952643126287
2.099	-0.0001457985280397071
2.1020000000000003	-0.00014564779876904095
2.105	-0.00014549733801514877
2.108	-0.00014534714517531346
2.1109999999999998	-0.00014519721964821486
2.114	-0.00014504756083392697
2.117	-0.00014489816813391615
2.12	-0.0001447490409510389
2.123	-0.00014460017868953947
2.1260000000000003	-0.0001444515807550478
2.129	-0.0001443032465545772
2.132	-0.00014415517549652197
2.135	-0.00014400736699065583
2.138	-0.00014385982044812874
2.141	-0.00014371253528146536
2.144	-0.00014356551090456248
2.1470000000000002	-0.00014341874673268678
2.1500000000000004	-0.00014327224218247262
2.153	-0.00014312599667191993
2.156	-0.00014298000962039147
2.159	-0.00014283428044861094
2.162	-0.00014268880857866062
2.165	-0.0001425435934339791
2.168	-0.00014239863443935868
2.1710000000000003	-0.0001422539310209434
2.174	-0.00014210948260622667
2.177	-0.00014196528862404881
2.1799999999999997	-0.00014182134850459482
2.183	-0.000141677661679392
2.186	-0.00014153422758130763
2.189	-0.00014139104564454672
2.192	-0.00014124811530464966
2.1950000000000003	-0.0001411054359984896
2.198	-0.00014096300716427042
2.201	-0.00014082082824152416
2.2039999999999997	-0.00014067889867110892
2.207	-0.00014053721789520604
2.21	-0.00014039578535731827
2.213	-0.000140254600502267
2.216	-0.00014011366277619003
2.2190000000000003	-0.00013997297162653905
2.222	-0.0001398325265020776
2.225	-0.00013969232685287822
2.2279999999999998	-0.00013955237213032035
2.231	-0.00013941266178708786
2.234	-0.00013927319527716668
2.237	-0.00013913397205584215
2.24	-0.0001389949915796972
2.2430000000000003	-0.00013885625330660917
2.246	-0.00013871775669574792
2.249	-0.00013857950120757333
2.252	-0.0001384414863038327
2.255	-0.0001383037114475585
2.258	-0.00013816617610306584
2.261	-0.00013802887973595005
2.2640000000000002	-0.00013789182181308437
2.2670000000000003	-0.00013775500180261734
2.27	-0.00013761841917397043
2.273	-0.00013748207339783566
2.276	-0.00013734596394617297
2.279	-0.00013721009029220803
2.282	-0.0001370744519104296
2.285	-0.0001369390482765872
2.2880000000000003	-0.00013680387886768846
2.2910000000000004	-0.000136668943161997
2.294	-0.00013653424063902968
2.2969999999999997	-0.00013639977077955416
2.3	-0.00013626553306558654
2.303	-0.00013613152698038904
2.306	-0.00013599775200846714
2.309	-0.0001358642076355675
2.3120000000000003	-0.00013573089334867528
2.315	-0.00013559780863601174
2.318	-0.00013546495298703173
2.3209999999999997	-0.00013533232589242123
2.324	-0.00013519992684409503
2.327	-0.0001350677553351939
2.33	-0.00013493581086008246
2.333	-0.00013480409291434655
2.3360000000000003	-0.00013467260099479092
2.339	-0.00013454133459943639
2.342	-0.0001344102932275177
2.3449999999999998	-0.0001342794763794809
2.348	-0.00013414888355698087
2.351	-0.00013401851426287902
2.354	-0.00013388836800124038
2.357	-0.00013375844427733166
2.3600000000000003	-0.0001336287425976183
2.363	-0.0001334992624697624
2.366	-0.00013337000340261966
2.3689999999999998	-0.00013324096490623756
2.372	-0.00013311214649185254
2.375	-0.00013298354767188743
2.378	-0.00013285516795994923
2.3810000000000002	-0.00013272700687082622
2.3840000000000003	-0.0001325990639204861
2.387	-0.0001324713386260728
2.39	-0.00013234383050590457
2.393	-0.00013221653907947116
2.396	-0.00013208946386743145
2.399	-0.00013196260439161088
2.402	-0.00013183596017499923
2.4050000000000002	-0.00013170953074174776
2.4080000000000004	-0.00013158331561716704
2.411	-0.00013145731432772425
2.414	-0.00013133152640104083
2.417	-0.00013120595136589
2.42	-0.00013108058875219413
2.423	-0.00013095543809102248
2.426	-0.0001308304989145886
2.4290000000000003	-0.00013070577075624778
2.432	-0.0001305812531504947
2.435	-0.000130456945632961
2.4379999999999997	-0.00013033284774041255
2.441	-0.00013020895901074718
2.444	-0.0001300852789829923
2.447	-0.00012996180719730208
2.45	-0.0001298385431949553
2.4530000000000003	-0.0001297154865183529
2.456	-0.00012959263671101514
2.459	-0.0001294699933175795
2.4619999999999997	-0.00012934755588379796
2.465	-0.00012922532395653487
2.468	-0.00012910329708376407
2.471	-0.00012898147481456678
2.474	-0.00012885985669912895
2.4770000000000003	-0.0001287384422887387
2.48	-0.00012861723113578424
2.483	-0.00012849622279375103
2.4859999999999998	-0.0001283754168172194
2.489	-0.00012825481276186232
2.492	-0.00012813441018444274
2.495	-0.00012801420864281112
2.498	-0.00012789420769590315
2.501	-0.00012777440690373725
2.504	-0.0001276548058274118
2.507	-0.00012753540402910332
2.5100000000000002	-0.0001274162010720635
2.513	-0.00012729719652061707
2.516	-0.00012717838994015908
2.519	-0.00012705978089715272
2.5220000000000002	-0.00012694136895912678
2.525	-0.00012682315369467326
2.528	-0.00012670513467344483
2.531	-0.0001265873114661526
2.5340000000000003	-0.00012646968364456347
2.537	-0.00012635225078149793
2.54	-0.00012623501245082736
2.543	-0.00012611796822747194
2.5460000000000003	-0.00012600111768739804
2.549	-0.00012588446040761575
2.552	-0.00012576799596617663
2.555	-0.00012565172394217122
2.558	-0.00012553564391572667
2.561	-0.00012541975546800428
2.564	-0.00012530405818119705
2.567	-0.00012518855163852748
2.57	-0.00012507323542424505
2.573	-0.00012495810912362373
2.576	-0.00012484317232295975
2.579	-0.00012472842460956913
2.582	-0.00012461386557178537
2.585	-0.0001244994947989569
2.588	-0.00012438531188144493
2.591	-0.0001242713164106209
2.594	-0.00012415750797886406
2.597	-0.00012404388617955937
2.6	-0.00012393045060709478
2.603	-0.00012381720085685922
2.606	-0.00012370413652523993
2.609	-0.00012359125720962024
2.612	-0.0001234785625083772
2.615	-0.0001233660520208792
2.618	-0.00012325372534748372
2.621	-0.0001231415820895348
2.624	-0.00012302962184936085
2.6270000000000002	-0.0001229178442302723
2.63	-0.00012280624883655907
2.633	-0.0001226948352734885
2.636	-0.00012258360314730275
2.6390000000000002	-0.0001224725520652168
2.642	-0.0001223616816354158
2.645	-0.00012225099146705287
2.648	-0.00012214048117024684
2.6510000000000002	-0.00012203015035607989
2.654	-0.00012191999863659515
2.657	-0.00012181002562479451
2.66	-0.00012170023093463625
2.6630000000000003	-0.00012159061418103277
2.666	-0.00012148117497984825
2.669	-0.00012137191294789632
2.672	-0.00012126282770293786
2.6750000000000003	-0.00012115391886367869
2.678	-0.00012104518604976722
2.681	-0.00012093662888179212
2.684	-0.00012082824698128027
2.687	-0.00012072003997069424
2.69	-0.00012061200747343004
2.693	-0.00012050414911381506
2.696	-0.00012039646451710552
2.699	-0.00012028895330948437
2.702	-0.00012018161511805903
2.705	-0.00012007444957085914
2.708	-0.00011996745629683418
2.711	-0.00011986063492585132
2.714	-0.00011975398508869322
2.717	-0.00011964750641705562
2.72	-0.00011954119854354535
2.723	-0.00011943506110167785
2.726	-0.00011932909372587504
2.729	-0.00011922329605146314
2.732	-0.00011911766771467037
2.735	-0.00011901220835262472
2.738	-0.00011890691760335184
2.741	-0.00011880179510577267
2.744	-0.00011869684049970139
2.747	-0.00011859205342584306
2.75	-0.00011848743352579163
2.753	-0.00011838298044202453
2.7560000000000002	-0.0001182786938179151
2.759	-0.00011817457329770175
2.762	-0.00011807061852651425
2.765	-0.00011796682915035728
2.7680000000000002	-0.00011786320481611115
2.771	-0.00011775974517152965
2.774	-0.00011765644986523777
2.777	-0.00011755331854672962
2.7800000000000002	-0.00011745035086636624
2.783	-0.0001173475464753735
2.786	-0.00011724490502583981
2.789	-0.00011714242617071402
2.7920000000000003	-0.00011704010956380337
2.795	-0.00011693795485977123
2.798	-0.00011683596171413499
2.801	-0.00011673412978326389
2.8040000000000003	-0.00011663245872437701
2.807	-0.00011653094819554092
2.81	-0.0001164295978556678
2.813	-0.00011632840736451322
2.816	-0.00011622737638267383
2.819	-0.00011612650457158566
2.822	-0.00011602579159352154
2.825	-0.00011592523711158945
2.828	-0.00011582484078972997
2.831	-0.00011572460229271454
2.834	-0.00011562452128614319
2.837	-0.00011552459743644252
2.84	-0.00011542483041086351
2.843	-0.0001153252198774796
2.846	-0.00011522576550518446
2.849	-0.00011512646696368995
2.852	-0.00011502732392352411
2.855	-0.00011492833605602918
2.858	-0.00011482950303335916
2.861	-0.00011473082452847822
2.864	-0.00011463230021515841
2.867	-0.00011453392976797752
2.87	-0.00011443571286231723
2.873	-0.00011433764917436095
2.876	-0.00011423973838109198
2.879	-0.00011414198016029102
2.882	-0.00011404437419053469
2.8850000000000002	-0.00011394692015119312
2.888	-0.0001138496177224281
2.891	-0.00011375246658519099
2.894	-0.00011365546642122079
2.8970000000000002	-0.00011355861691304203
2.9	-0.00011346191774396279
2.903	-0.00011336536859807284
2.906	-0.00011326896916024137
2.9090000000000003	-0.00011317271911611527
2.912	-0.00011307661815211694
2.915	-0.00011298066595544241
2.918	-0.00011288486221405938
2.9210000000000003	-0.00011278920661670513
2.924	-0.00011269369885288467
2.927	-0.00011259833861286871
2.93	-0.00011250312558769166
2.933	-0.00011240805946914979
2.936	-0.00011231313994979911
2.939	-0.00011221836672295361
2.942	-0.0001121237394826831
2.945	-0.00011202925792381147
2.948	-0.00011193492174191462
2.951	-0.00011184073063331855
2.954	-0.00011174668429509738
2.957	-0.0001116527824250717
2.96	-0.00011155902472180617
2.963	-0.00011146541088460796
2.966	-0.00011137194061352479
2.969	-0.00011127861360934296
2.972	-0.00011118542957358535
2.975	-0.00011109238820850973
2.978	-0.00011099948921710667
2.981	-0.00011090673230309784
2.984	-0.00011081411717093379
2.987	-0.00011072164352579256
2.99	-0.0001106293110735773
2.993	-0.00011053711952091472
2.996	-0.00011044506857515309
2.999	-0.00011035315794436034
3.0020000000000002	-0.00011026138733732233
3.005	-0.0001101697564635409
3.008	-0.00011007826503323195
3.011	-0.00010998691275732361
3.0140000000000002	-0.00010989569934745467
3.017	-0.00010980462451597224
3.02	-0.00010971368797593032
3.023	-0.0001096228894410878
3.0260000000000002	-0.00010953222862590661
3.029	-0.00010944170524554996
3.032	-0.00010935131901588046
3.035	-0.00010926106965345837
3.0380000000000003	-0.0001091709568755397
3.041	-0.0001090809804000745
3.044	-0.00010899113994570486
3.047	-0.00010890143523176342
3.0500000000000003	-0.00010881186597827124
3.053	-0.00010872243190593625
3.056	-0.00010863313273615132
3.059	-0.00010854396819099257
3.062	-0.00010845493799321748
3.065	-0.00010836604186626315
3.068	-0.00010827727953424469
3.071	-0.00010818865072195316
3.074	-0.00010810015515485401
3.077	-0.00010801179255908525
3.08	-0.0001079235626614557
3.083	-0.00010783546518944327
3.086	-0.0001077474998711931
3.089	-0.00010765966643551602
3.092	-0.00010757196461188657
3.095	-0.00010748439413044143
3.098	-0.00010739695472197762
3.101	-0.00010730964611795081
3.104	-0.00010722246805047346
3.107	-0.00010713542025231339
3.11	-0.00010704850245689176
3.113	-0.00010696171439828149
3.116	-0.00010687505581120557
3.119	-0.00010678852643103536
3.122	-0.00010670212599378876
3.125	-0.00010661585423612863
3.128	-0.0001065297108953612
3.1310000000000002	-0.00010644369570943412
3.134	-0.00010635780841693496
3.137	-0.00010627204875708953
3.14	-0.00010618641646976008
3.1430000000000002	-0.0001061009112954438
3.146	-0.000106015532975271
3.149	-0.00010593028125100345
3.152	-0.00010584515586503293
3.1550000000000002	-0.00010576015656037926
3.158	-0.00010567528308068893
3.161	-0.00010559053517023323
3.164	-0.00010550591257390676
3.1670000000000003	-0.00010542141503722576
3.17	-0.0001053370423063264
3.173	-0.00010525279412796319
3.176	-0.0001051686702495074
3.1790000000000003	-0.00010508467041894539
3.182	-0.00010500079438487702
3.185	-0.00010491704189651387
3.188	-0.00010483341270367799
3.191	-0.0001047499065567999
3.194	-0.0001046665232069172
3.197	-0.00010458326240567293
3.2	-0.00010450012390531395
3.203	-0.00010441710745868945
3.206	-0.00010433421281924917
3.209	-0.00010425143974104198
3.212	-0.00010416878797871422
3.215	-0.00010408625728750816
3.218	-0.00010400384742326042
3.221	-0.00010392155814240036
3.224	-0.0001038393892019486
3.227	-0.00010375734035951538
3.23	-0.00010367541137329903
3.233	-0.0001035936020020844
3.236	-0.00010351191200524139
3.239	-0.00010343034114272329
3.242	-0.00010334888917506531
3.245	-0.00010326755586338296
3.248	-0.00010318634096937078
3.251	-0.00010310524425530036
3.254	-0.00010302426548401918
3.257	-0.00010294340441894902
3.2600000000000002	-0.00010286266082408431
3.263	-0.00010278203446399076
3.266	-0.0001027015251038037
3.269	-0.00010262113250922681
3.2720000000000002	-0.00010254085644653028
3.275	-0.00010246069668254967
3.278	-0.00010238065298468412
3.281	-0.00010230072512089507
3.2840000000000003	-0.00010222091285970466
3.287	-0.00010214121597019419
3.29	-0.00010206163422200282
3.293	-0.00010198216738532598
3.2960000000000003	-0.00010190281523091382
3.299	-0.00010182357753006995
3.302	-0.00010174445405464978
3.305	-0.00010166544457705916
3.3080000000000003	-0.00010158654887025285
3.311	-0.00010150776670773322
3.314	-0.00010142909786354854
3.317	-0.00010135054211229184
3.32	-0.00010127209922909916
3.323	-0.0001011937689896484
3.326	-0.0001011155511701576
3.329	-0.00010103744554738389
3.332	-0.00010095945189862156
3.335	-0.00010088157000170103
3.338	-0.00010080379963498731
3.341	-0.00010072614057737854
3.344	-0.00010064859260830463
3.347	-0.00010057115550772587
3.35	-0.00010049382905613138
3.353	-0.00010041661303453788
3.356	-0.00010033950722448827
3.359	-0.00010026251140805009
3.362	-0.00010018562536781429
3.365	-0.00010010884888689375
3.368	-0.00010003218174892196
3.371	-0.00009995562373805154
3.374	-0.00009987917463895305
3.3770000000000002	-0.00009980283423681334
3.38	-0.00009972660231733445
3.383	-0.00009965047866673207
3.386	-0.00009957446307173427
3.3890000000000002	-0.00009949855531958002
3.392	-0.0000994227551980181
3.395	-0.00009934706249530531
3.398	-0.00009927147700020566
3.4010000000000002	-0.00009919599850198849
3.404	-0.0000991206267904276
3.407	-0.0000990453616557995
3.41	-0.00009897020288888242
3.4130000000000003	-0.00009889515028095479
3.416	-0.00009882020362379388
3.419	-0.00009874536270967466
3.422	-0.00009867062733136829
3.4250000000000003	-0.00009859599728214089
3.428	-0.00009852147235575226
3.431	-0.00009844705234645448
3.434	-0.00009837273704899067
3.4370000000000003	-0.0000982985262585937
3.44	-0.00009822441977098476
3.443	-0.00009815041738237228
3.446	-0.00009807651888945045
3.449	-0.00009800272408939806
3.452	-0.00009792903277987704
3.455	-0.00009785544475903145
3.458	-0.0000977819598254859
3.461	-0.00009770857777834448
3.464	-0.00009763529841718946
3.467	-0.0000975621215420799
3.47	-0.00009748904695355059
3.473	-0.00009741607445261053
3.476	-0.00009734320384074189
3.479	-0.00009727043491989872
3.482	-0.00009719776749250554
3.485	-0.00009712520136145628
3.488	-0.00009705273633011294
3.491	-0.00009698037220230437
3.494	-0.00009690810878232499
3.497	-0.00009683594587493373
3.5	-0.00009676388328535249
3.503	-0.0000966919208192651
3.5060000000000002	-0.00009662005828281624
3.509	-0.00009654829548260987
3.512	-0.0000964766322257083
3.515	-0.00009640506831963086
3.5180000000000002	-0.00009633360357235261
3.521	-0.00009626223779230339
3.524	-0.00009619097078836624
3.527	-0.00009611980236987655
3.5300000000000002	-0.0000960487323466207
3.533	-0.00009597776052883475
3.536	-0.00009590688672720352
3.539	-0.00009583611075285919
3.5420000000000003	-0.00009576543241738017
3.545	-0.00009569485153278995
3.548	-0.00009562436791155587
3.551	-0.00009555398136658797
3.5540000000000003	-0.00009548369171123777
3.557	-0.00009541349875929728
3.56	-0.00009534340232499756
3.563	-0.0000952734022230077
3.5660000000000003	-0.00009520349826843375
3.569	-0.00009513369027681735
3.572	-0.00009506397806413474
3.575	-0.00009499436144679555
3.578	-0.00009492484024164169
3.581	-0.0000948554142659461
3.584	-0.0000947860833374117
3.587	-0.0000947168472741703
3.59	-0.00009464770589478132
3.593	-0.00009457865901823078
3.596	-0.00009450970646393001
3.599	-0.00009444084805171483
3.602	-0.00009437208360184407
3.605	-0.00009430341293499868
3.608	-0.00009423483587228051
3.611	-0.00009416635223521127
3.614	-0.00009409796184573136
3.617	-0.00009402966452619873
3.62	-0.0000939614600993879
3.623	-0.00009389334838848874
3.626	-0.00009382532921710543
3.629	-0.0000937574024092553
3.632	-0.00009368956778936784
3.6350000000000002	-0.00009362182518228351
3.638	-0.00009355417441325271
3.641	-0.00009348661530793471
3.644	-0.00009341914769239647
3.6470000000000002	-0.00009335177139311168
3.65	-0.00009328448623695964
3.653	-0.00009321729205122412
3.656	-0.00009315018866359241
3.6590000000000003	-0.00009308317590215419
3.662	-0.00009301625359540046
3.665	-0.00009294942157222245
3.668	-0.0000928826796619107
3.6710000000000003	-0.0000928160276941538
3.674	-0.00009274946549903751
3.677	-0.00009268299290704359
3.68	-0.0000926166097490489
3.6830000000000003	-0.00009255031585632417
3.686	-0.00009248411106053313
3.689	-0.00009241799519373133
3.692	-0.00009235196808836523
3.6950000000000003	-0.00009228602957727106
3.698	-0.00009222017949367385
3.701	-0.00009215441767118645
3.704	-0.0000920887439438084
3.707	-0.00009202315814592497
3.71	-0.00009195766011230611
3.713	-0.00009189224967810547
3.716	-0.0000918269266788594
3.719	-0.00009176169095048592
3.722	-0.00009169654232928362
3.725	-0.00009163148065193086
3.728	-0.00009156650575548457
3.731	-0.00009150161747737937
3.734	-0.00009143681565542655
3.737	-0.00009137210012781303
3.74	-0.00009130747073310043
3.743	-0.00009124292731022403
3.746	-0.00009117846969849185
3.749	-0.00009111409773758359
3.7520000000000002	-0.00009104981126754979
3.755	-0.00009098561012881059
3.758	-0.00009092149416215506
3.761	-0.00009085746320874003
3.7640000000000002	-0.00009079351711008917
3.767	-0.00009072965570809212
3.77	-0.00009066587884500331
3.773	-0.00009060218636344126
3.7760000000000002	-0.00009053857810638738
3.779	-0.00009047505391718524
3.782	-0.00009041161363953941
3.785	-0.00009034825711751465
3.7880000000000003	-0.00009028498419553494
3.791	-0.00009022179471838248
3.794	-0.00009015868853119682
3.797	-0.00009009566547947381
3.8000000000000003	-0.0000900327254090648
3.803	-0.00008996986816617566
3.806	-0.00008990709359736576
3.809	-0.00008984440154954717
3.8120000000000003	-0.00008978179186998363
3.815	-0.00008971926440628974
3.818	-0.00008965681900642984
3.821	-0.00008959445551871739
3.8240000000000003	-0.00008953217379181377
3.827	-0.00008946997367472752
3.83	-0.00008940785501681337
3.833	-0.00008934581766777139
3.836	-0.00008928386147764602
3.839	-0.00008922198629682514
3.842	-0.00008916019197603936
3.845	-0.00008909847836636084
3.848	-0.00008903684531920262
3.851	-0.00008897529268631761
3.854	-0.00008891382031979779
3.857	-0.00008885242807207316
3.86	-0.00008879111579591104
3.863	-0.00008872988334441505
3.866	-0.00008866873057102436
3.869	-0.00008860765732951267
3.872	-0.00008854666347398742
3.875	-0.00008848574885888888
3.878	-0.0000884249133389893
3.8810000000000002	-0.00008836415676939209
3.884	-0.0000883034790055308
3.887	-0.00008824287990316842
3.89	-0.00008818235931839642
3.8930000000000002	-0.000088121917107634
3.896	-0.00008806155312762704
3.899	-0.00008800126723544743
3.902	-0.00008794105928849216
3.9050000000000002	-0.00008788092914448237
3.908	-0.00008782087666146278
3.911	-0.00008776090169780046
3.914	-0.00008770100411218427
3.9170000000000003	-0.00008764118376362393
3.92	-0.00008758144051144927
3.923	-0.00008752177421530914
3.926	-0.00008746218473517086
3.9290000000000003	-0.00008740267193131925
3.932	-0.00008734323566435588
3.935	-0.00008728387579519815
3.938	-0.00008722459218507846
3.9410000000000003	-0.00008716538469554355
3.944	-0.00008710625318845347
3.947	-0.00008704719752598088
3.95	-0.0000869882175706103
3.9530000000000003	-0.0000869293131851371
3.956	-0.00008687048423266685
3.959	-0.0000868117305766145
3.962	-0.00008675305208070348
3.965	-0.00008669444860896505
3.968	-0.00008663592002573721
3.971	-0.00008657746619566436
3.974	-0.00008651908698369607
3.977	-0.00008646078225508643
3.98	-0.00008640255187539345
3.983	-0.00008634439571047792
3.986	-0.00008628631362650294
3.989	-0.00008622830548993291
3.992	-0.0000861703711675329
3.995	-0.00008611251052636775
3.998	-0.0000860547234338014
4.0009999999999994	-0.00008599700975749608
4.004	-0.00008593936936541135
4.007	-0.00008588180212580373
4.01	-0.00008582430790722544
4.013	-0.00008576688657852414
4.016	-0.00008570953800884173
4.019	-0.00008565226206761381
4.022	-0.00008559505862456894
4.025	-0.00008553792754972769
4.0280000000000005	-0.00008548086871340208
4.031000000000001	-0.00008542388198619476
4.034000000000001	-0.00008536696723899819
4.037	-0.00008531012434299401
4.04	-0.00008525335316965217
4.043	-0.0000851966535907303
4.046	-0.00008514002547827277
4.0489999999999995	-0.00008508346870461032
4.052	-0.00008502698314235883
4.055	-0.000084970568664419
4.058	-0.00008491422514397537
4.061	-0.00008485795245449566
4.064	-0.00008480175046973008
4.067	-0.00008474561906371053
4.07	-0.00008468955811074995
4.073	-0.00008463356748544141
4.0760000000000005	-0.00008457764706265769
4.079000000000001	-0.00008452179671755025
4.082000000000001	-0.00008446601632554874
4.085	-0.00008441030576236017
4.088	-0.00008435466490396817
4.091	-0.00008429909362663234
4.093999999999999	-0.00008424359180688755
4.0969999999999995	-0.00008418815932154311
4.1	-0.0000841327960476823
4.103	-0.00008407750186266132
4.106	-0.00008402227664410891
4.109	-0.00008396712026992553
4.112	-0.00008391203261828255
4.115	-0.00008385701356762172
4.118	-0.00008380206299665436
4.121	-0.00008374718078436072
4.1240000000000006	-0.0000836923668099893
4.127000000000001	-0.00008363762095305606
4.13	-0.00008358294309334391
4.133	-0.00008352833311090185
4.136	-0.00008347379088604435
4.139	-0.00008341931629935072
4.1419999999999995	-0.0000833649092316643
4.145	-0.00008331056956409194
4.148	-0.00008325629717800322
4.151	-0.00008320209195502975
4.154	-0.0000831479537770646
4.157	-0.00008309388252626164
4.16	-0.00008303987808503459
4.163	-0.00008298594033605683
4.166	-0.00008293206916226024
4.1690000000000005	-0.00008287826444683494
4.172000000000001	-0.00008282452607322835
4.175000000000001	-0.00008277085392514469
4.178	-0.00008271724788654422
4.181	-0.0000826637078416427
4.184	-0.00008261023367491064
4.187	-0.00008255682527107255
4.1899999999999995	-0.00008250348251510665
4.193	-0.00008245020529224375
4.196	-0.00008239699348796699
4.199	-0.00008234384698801093
4.202	-0.00008229076567836115
4.205	-0.00008223774944525335
4.208	-0.00008218479817517289
4.211	-0.00008213191175485409
4.214	-0.00008207909007127955
4.2170000000000005	-0.00008202633301167965
4.220000000000001	-0.00008197364046353184
4.223	-0.00008192101231455986
4.226	-0.00008186844845273339
4.229	-0.0000818159487662672
4.232	-0.00008176351314362072
4.234999999999999	-0.00008171114147349713
4.2379999999999995	-0.00008165883364484307
4.241	-0.00008160658954684773
4.244	-0.00008155440906894252
4.247	-0.00008150229210080011
4.25	-0.00008145023853233416
4.253	-0.00008139824825369841
4.256	-0.0000813463211552863
4.259	-0.0000812944571277302
4.2620000000000005	-0.00008124265606190094
4.265000000000001	-0.00008119091784890707
4.268000000000001	-0.00008113924238009425
4.271	-0.00008108762954704484
4.274	-0.00008103607924157709
4.277	-0.00008098459135574461
4.28	-0.00008093316578183584
4.2829999999999995	-0.00008088180241237334
4.286	-0.0000808305011401132
4.289	-0.00008077926185804456
4.292	-0.00008072808445938899
4.295	-0.00008067696883759972
4.298	-0.00008062591488636131
4.301	-0.00008057492249958897
4.304	-0.00008052399157142779
4.307	-0.00008047312199625248
4.3100000000000005	-0.00008042231366866653
4.313000000000001	-0.00008037156648350178
4.316000000000001	-0.00008032088033581777
4.319	-0.00008027025512090109
4.322	-0.0000802196907342651
4.325	-0.00008016918707164887
4.328	-0.0000801187440290171
4.3309999999999995	-0.00008006836150255934
4.334	-0.0000800180393886892
4.337	-0.00007996777758404425
4.34	-0.00007991757598548507
4.343	-0.00007986743449009478
4.346	-0.00007981735299517873
4.349	-0.0000797673313982634
4.352	-0.00007971736959709648
4.355	-0.0000796674674896458
4.3580000000000005	-0.00007961762497409906
4.361000000000001	-0.0000795678419488631
4.364	-0.00007951811831256354
4.367	-0.0000794684539640441
4.37	-0.00007941884880236594
4.373	-0.0000793693027268074
4.3759999999999994	-0.00007931981563686327
4.379	-0.00007927038743224416
4.382	-0.00007922101801287616
4.385	-0.00007917170727890019
4.388	-0.00007912245513067149
4.391	-0.00007907326146875899
4.394	-0.00007902412619394492
4.397	-0.00007897504920722413
4.4	-0.00007892603040980363
4.4030000000000005	-0.00007887706970310216
4.406000000000001	-0.00007882816698874932
4.409000000000001	-0.00007877932216858554
4.412	-0.00007873053514466105
4.415	-0.00007868180581923567
4.418	-0.0000786331340947782
4.421	-0.00007858451987396586
4.4239999999999995	-0.00007853596305968383
4.427	-0.0000784874635550246
4.43	-0.00007843902126328768
4.433	-0.00007839063608797884
4.436	-0.00007834230793280969
4.439	-0.00007829403670169724
4.442	-0.00007824582229876328
4.445	-0.00007819766462833384
4.448	-0.00007814956359493884
4.4510000000000005	-0.00007810151910331145
4.454000000000001	-0.00007805353105838752
4.457000000000001	-0.00007800559936530532
4.46	-0.00007795772392940473
4.463	-0.00007790990465622694
4.466	-0.0000778621414515139
4.468999999999999	-0.00007781443422120783
4.4719999999999995	-0.00007776678287145056
4.475	-0.00007771918730858336
4.478	-0.00007767164743914613
4.481	-0.00007762416316987702
4.484	-0.00007757673440771196
4.487	-0.00007752936105978416
4.49	-0.0000774820430334236
4.493	-0.0000774347802361565
4.496	-0.00007738757257570496
4.4990000000000006	-0.00007734041995998622
4.502	-0.00007729332229711253
4.505	-0.00007724627949539032
4.508	-0.00007719929146331991
4.511	-0.00007715235810959505
4.514	-0.0000771054793431023
4.517	-0.00007705865507292062
4.5200000000000005	-0.00007701188520832092
4.523	-0.0000769651696587656
4.526	-0.00007691850833390792
4.529	-0.0000768719011435917
4.532	-0.00007682534799785079
4.535	-0.00007677884880690857
4.538	-0.00007673240348117754
4.541	-0.00007668601193125875
4.5440000000000005	-0.0000766396740679414
4.547	-0.00007659338980220241
4.55	-0.00007654715904520585
4.553	-0.00007650098170830257
4.556	-0.00007645485770302968
4.559	-0.00007640878694111015
4.562	-0.00007636276933445225
4.565	-0.00007631680479514922
4.5680000000000005	-0.00007627089323547865
4.571	-0.00007622503456790222
4.574	-0.00007617922870506502
4.577	-0.00007613347555979534
4.58	-0.00007608777504510397
4.583	-0.000076042127074184
4.586	-0.00007599653156041015
4.589	-0.00007595098841733838
4.5920000000000005	-0.0000759054975587056
4.595	-0.00007586005889842898
4.598	-0.00007581467235060572
4.601	-0.00007576933782951236
4.604	-0.00007572405524960462
4.607	-0.00007567882452551678
4.61	-0.00007563364557206128
4.613	-0.00007558851830422827
4.616	-0.00007554344263718521
4.619	-0.00007549841848627635
4.622	-0.0000754534457670224
4.625	-0.00007540852439512005
4.628	-0.00007536365428644153
4.631	-0.00007531883535703418
4.634	-0.00007527406752311996
4.6370000000000005	-0.00007522935070109517
4.64	-0.0000751846848075299
4.643	-0.0000751400697591676
4.646	-0.00007509550547292475
4.649	-0.00007505099186589029
4.652	-0.00007500652885532538
4.655	-0.00007496211635866278
4.658	-0.00007491775429350662
4.6610000000000005	-0.00007487344257763181
4.664	-0.00007482918112898374
4.667	-0.00007478496986567777
4.67	-0.00007474080870599892
4.673	-0.00007469669756840133
4.676	-0.00007465263637150796
4.679	-0.00007460862503411012
4.682	-0.00007456466347516709
4.6850000000000005	-0.00007452075161380556
4.688	-0.00007447688936931953
4.691	-0.00007443307666116956
4.694	-0.00007438931340898257
4.697	-0.00007434559953255142
4.7	-0.0000743019349518344
4.703	-0.00007425831958695493
4.706	-0.0000742147533582011
4.7090000000000005	-0.00007417123618602528
4.712	-0.00007412776799104377
4.715	-0.00007408434869403624
4.718	-0.00007404097821594556
4.721	-0.00007399765647787726
4.724	-0.0000739543834010991
4.727	-0.00007391115890704081
4.73	-0.00007386798291729357
4.733	-0.00007382485535360968
4.736	-0.00007378177613790216
4.739	-0.00007373874519224434
4.742	-0.00007369576243886948
4.745	-0.0000736528278001704
4.748	-0.00007360994119869905
4.751	-0.00007356710255716618
4.7540000000000004	-0.00007352431179844086
4.757	-0.00007348156884555025
4.76	-0.00007343887362167904
4.763	-0.00007339622605016916
4.766	-0.00007335362605451938
4.769	-0.00007331107355838504
4.772	-0.00007326856848557746
4.775	-0.00007322611076006367
4.7780000000000005	-0.00007318370030596603
4.781	-0.00007314133704756198
4.784	-0.00007309902090928334
4.787	-0.00007305675181571624
4.79	-0.00007301452969160068
4.793	-0.00007297235446183004
4.796	-0.00007293022605145077
4.799	-0.00007288814438566216
4.8020000000000005	-0.00007284610938981569
4.805	-0.00007280412098941497
4.808	-0.00007276217911011508
4.811	-0.00007272028367772243
4.814	-0.00007267843461819428
4.817	-0.00007263663185763837
4.82	-0.00007259487532231268
4.823	-0.00007255316493862494
4.8260000000000005	-0.00007251150063313218
4.829	-0.00007246988233254072
4.832	-0.00007242830996370542
4.835	-0.00007238678345362955
4.838	-0.00007234530272946437
4.841	-0.00007230386771850869
4.844	-0.00007226247834820877
4.847	-0.00007222113454615762
4.8500000000000005	-0.00007217983624009491
4.853	-0.00007213858335790652
4.856	-0.00007209737582762413
4.859	-0.00007205621357742504
4.862	-0.00007201509653563161
4.865	-0.0000719740246307111
4.868	-0.00007193299779127521
4.871	-0.00007189201594607966
4.874	-0.00007185107902402415
4.877	-0.0000718101869541516
4.88	-0.00007176933966564813
4.883	-0.00007172853708784259
4.886	-0.0000716877791502062
4.889	-0.00007164706578235225
4.892	-0.00007160639691403573
4.8950000000000005	-0.00007156577247515305
4.898	-0.00007152519239574165
4.901	-0.0000714846566059796
4.904	-0.0000714441650361854
4.907	-0.00007140371761681758
4.91	-0.00007136331427847434
4.913	-0.00007132295495189322
4.916	-0.00007128263956795086
4.9190000000000005	-0.00007124236805766249
4.922	-0.00007120214035218178
4.925	-0.00007116195638280042
4.928	-0.00007112181608094779
4.931	-0.00007108171937819058
4.934	-0.00007104166620623265
4.937	-0.00007100165649691445
4.94	-0.00007096169018221299
4.9430000000000005	-0.00007092176719424115
4.946	-0.00007088188746524768
4.949	-0.0000708420509276167
4.952	-0.00007080225751386744
4.955	-0.00007076250715665394
4.958	-0.00007072279978876461
4.961	-0.00007068313534312205
4.964	-0.00007064351375278266
4.9670000000000005	-0.00007060393495093646
4.97	-0.00007056439887090637
4.973	-0.00007052490544614841
4.976	-0.00007048545461025111
4.979	-0.00007044604629693513
4.982	-0.00007040668044005316
4.985	-0.00007036735697358944
4.988	-0.00007032807583165947
4.991	-0.00007028883694850987
4.994	-0.00007024964025851775
4.997	-0.00007021048569619071