0.	-7.561371305880972e-6
0.0005	-7.55765497122466e-6
0.001	-7.55393851304052e-6
0.0015	-7.550221931463497e-6
0.002	-7.54650522662858e-6
0.0025	-7.542788398750376e-6
0.003	-7.539071447804331e-6
0.0035	-7.535354374004955e-6
0.004	-7.531637177487427e-6
0.0045000000000000005	-7.527919858386973e-6
0.005	-7.524202416838866e-6
0.0055	-7.520484852978426e-6
0.006	-7.516767166941018e-6
0.006500000000000001	-7.5130493588620555e-6
0.007	-7.509331428876997e-6
0.0075	-7.50561337712135e-6
0.008	-7.501895203730663e-6
0.0085	-7.498176908840535e-6
0.009000000000000001	-7.494458492586612e-6
0.0095	-7.490739955104584e-6
0.01	-7.487021296530187e-6
0.0105	-7.483302516999207e-6
0.011	-7.479583616647469e-6
0.0115	-7.4758645864851745e-6
0.012	-7.472145436116942e-6
0.0125	-7.468426165469481e-6
0.013000000000000001	-7.464706774745103e-6
0.0135	-7.460987264146188e-6
0.014	-7.457267633875185e-6
0.0145	-7.4535478841346074e-6
0.015	-7.449828015127037e-6
0.0155	-7.4461080270160176e-6
0.016	-7.442387920082678e-6
0.0165	-7.438667694490831e-6
0.017	-7.4349473504433216e-6
0.0175	-7.43122688814306e-6
0.018000000000000002	-7.4275063077930275e-6
0.0185	-7.423785609596267e-6
0.019	-7.4200647937558905e-6
0.0195	-7.4163438604750744e-6
0.02	-7.41262280995706e-6
0.0205	-7.408901642405158e-6
0.021	-7.405180358022742e-6
0.021500000000000002	-7.401458957013251e-6
0.022	-7.397737439580192e-6
0.0225	-7.394015805927133e-6
0.023	-7.390294056257711e-6
0.0235	-7.38657219077563e-6
0.024	-7.382850209684653e-6
0.0245	-7.379128113188611e-6
0.025	-7.375405901491401e-6
0.025500000000000002	-7.371683586234061e-6
0.026000000000000002	-7.367961160622189e-6
0.0265	-7.364238620217315e-6
0.027	-7.36051596510393e-6
0.0275	-7.356793195366556e-6
0.028	-7.353070311089738e-6
0.0285	-7.3493473123617235e-6
0.029	-7.3456241992597645e-6
0.029500000000000002	-7.341900971872136e-6
0.03	-7.338177630283497e-6
0.0305	-7.334454174578533e-6
0.031	-7.3307306048419554e-6
0.0315	-7.3270069211585065e-6
0.032	-7.323283123612952e-6
0.0325	-7.319559212290088e-6
0.033	-7.315835187274738e-6
0.0335	-7.312111048651752e-6
0.034	-7.308386796506007e-6
0.0345	-7.3046624309224096e-6
0.035	-7.300937951985892e-6
0.035500000000000004	-7.297213359781414e-6
0.036000000000000004	-7.293488654393963e-6
0.0365	-7.289763835908554e-6
0.037	-7.28603890441023e-6
0.0375	-7.28231385998406e-6
0.038	-7.278588702715142e-6
0.0385	-7.274863432688597e-6
0.039	-7.271138049989581e-6
0.0395	-7.267412551145135e-6
0.04	-7.263686935052004e-6
0.0405	-7.259961206630523e-6
0.041	-7.256235366028508e-6
0.0415	-7.252509413393823e-6
0.042	-7.248783348880791e-6
0.0425	-7.245057172624485e-6
0.043000000000000003	-7.241330884779317e-6
0.043500000000000004	-7.237604485493336e-6
0.044	-7.233877974914632e-6
0.0445	-7.230151353191346e-6
0.045	-7.226424620471662e-6
0.0455	-7.222697776903807e-6
0.046	-7.2189708226360574e-6
0.0465	-7.215243757816736e-6
0.047	-7.211516582594207e-6
0.0475	-7.207789297116882e-6
0.048	-7.204061901533217e-6
0.0485	-7.200334395991718e-6
0.049	-7.196606780640931e-6
0.0495	-7.1928790556294456e-6
0.05	-7.189151221105903e-6
0.0505	-7.1854232772189854e-6
0.051000000000000004	-7.1816952241174215e-6
0.051500000000000004	-7.177967061949983e-6
0.052000000000000005	-7.174238790865488e-6
0.0525	-7.170510411012801e-6
0.053	-7.166781922540826e-6
0.0535	-7.16305332559852e-6
0.054	-7.159324641278243e-6
0.0545	-7.15559584571191e-6
0.055	-7.151866941831376e-6
0.0555	-7.148137929648079e-6
0.056	-7.144408809176258e-6
0.0565	-7.140679580429228e-6
0.057	-7.136950243420312e-6
0.0575	-7.1332207981628345e-6
0.058	-7.129491244670128e-6
0.0585	-7.12576158295553e-6
0.059000000000000004	-7.122031813032382e-6
0.059500000000000004	-7.118301934914031e-6
0.06	-7.1145719486138295e-6
0.0605	-7.1108418541451376e-6
0.061	-7.107111651521317e-6
0.0615	-7.103381340755735e-6
0.062	-7.099650921861766e-6
0.0625	-7.095920394852789e-6
0.063	-7.0921897597421875e-6
0.0635	-7.088459016543352e-6
0.064	-7.0847281652696755e-6
0.0645	-7.080997205934557e-6
0.065	-7.077266138551405e-6
0.0655	-7.073534963133625e-6
0.066	-7.0698036796946364e-6
0.0665	-7.066072288247859e-6
0.067	-7.062340788806717e-6
0.0675	-7.058609181384642e-6
0.068	-7.054877414197446e-6
0.0685	-7.051145534893297e-6
0.069	-7.047413548458851e-6
0.0695	-7.043681455332411e-6
0.07	-7.0399492559524045e-6
0.07050000000000001	-7.036216950757388e-6
0.07100000000000001	-7.032484540186038e-6
0.07150000000000001	-7.028752024677164e-6
0.07200000000000001	-7.025019404669695e-6
0.0725	-7.021286680602684e-6
0.073	-7.01755385291531e-6
0.0735	-7.013820922046875e-6
0.074	-7.010087888436801e-6
0.0745	-7.006354752524636e-6
0.075	-7.002621514750046e-6
0.0755	-6.998888175552822e-6
0.076	-6.995154735372871e-6
0.0765	-6.991421194650225e-6
0.077	-6.987687553825031e-6
0.0775	-6.983953813337561e-6
0.078	-6.9802199736281995e-6
0.0785	-6.976486035137451e-6
0.079	-6.972751998305941e-6
0.0795	-6.969017863574408e-6
0.08	-6.96528363138371e-6
0.0805	-6.961549302174817e-6
0.081	-6.957814876397323e-6
0.0815	-6.9540803544753885e-6
0.082	-6.950345796094152e-6
0.0825	-6.946611167417519e-6
0.083	-6.942876442850126e-6
0.0835	-6.939141622194912e-6
0.084	-6.935406705254765e-6
0.0845	-6.931671691832522e-6
0.085	-6.927936581730972e-6
0.0855	-6.924201374752853e-6
0.08600000000000001	-6.920466070700853e-6
0.08650000000000001	-6.916730669377609e-6
0.08700000000000001	-6.912995170585708e-6
0.08750000000000001	-6.909259574127688e-6
0.088	-6.9055238798060324e-6
0.0885	-6.901788087423179e-6
0.089	-6.8980521967815114e-6
0.0895	-6.8943162076833636e-6
0.09	-6.890580119931016e-6
0.0905	-6.886843933326701e-6
0.091	-6.8831076476726e-6
0.0915	-6.879371262770839e-6
0.092	-6.875634778423497e-6
0.0925	-6.871898194432597e-6
0.093	-6.8681615106001145e-6
0.0935	-6.86442472672797e-6
0.094	-6.860687842618035e-6
0.0945	-6.856950858067879e-6
0.095	-6.853213772887779e-6
0.0955	-6.849476586875222e-6
0.096	-6.8457391997110655e-6
0.0965	-6.842001612385501e-6
0.097	-6.838263925882249e-6
0.0975	-6.8345261415127914e-6
0.098	-6.8307882605889616e-6
0.0985	-6.827050284422924e-6
0.099	-6.8233122143271885e-6
0.0995	-6.8195740516145875e-6
0.1	-6.815835797598285e-6
0.1005	-6.812097453591767e-6
0.101	-6.808359020908834e-6
0.1015	-6.8046205008636e-6
0.10200000000000001	-6.800881894770489e-6
0.10250000000000001	-6.797143203944228e-6
0.10300000000000001	-6.793404429699841e-6
0.10350000000000001	-6.789665573352648e-6
0.10400000000000001	-6.785926636218258e-6
0.1045	-6.782187619612567e-6
0.105	-6.778448524851749e-6
0.1055	-6.774709353252256e-6
0.106	-6.77097010613081e-6
0.1065	-6.767230784804399e-6
0.107	-6.763491390590277e-6
0.1075	-6.759751924811856e-6
0.108	-6.7560123887749545e-6
0.1085	-6.7522727838035715e-6
0.109	-6.748533111215963e-6
0.1095	-6.744793372330625e-6
0.11	-6.741053761531198e-6
0.1105	-6.737314488773546e-6
0.111	-6.733575147736253e-6
0.1115	-6.7298357352289615e-6
0.112	-6.726096248060703e-6
0.1125	-6.7223566830398765e-6
0.113	-6.718617036974217e-6
0.1135	-6.714877306670771e-6
0.114	-6.7111374889358685e-6
0.1145	-6.707397580575094e-6
0.115	-6.7036575783932595e-6
0.1155	-6.699917479194381e-6
0.116	-6.696177279781642e-6
0.1165	-6.692436976957379e-6
0.117	-6.688696567523042e-6
0.11750000000000001	-6.684956048279172e-6
0.11800000000000001	-6.681215416025376e-6
0.11850000000000001	-6.677474667560295e-6
0.11900000000000001	-6.673733799681577e-6
0.11950000000000001	-6.6699928091858544e-6
0.12	-6.666251692868709e-6
0.1205	-6.662510447494679e-6
0.121	-6.658769069916492e-6
0.1215	-6.655027556897351e-6
0.122	-6.651285905228386e-6
0.1225	-6.64754411169955e-6
0.123	-6.6438021730995806e-6
0.1235	-6.640060086215971e-6
0.124	-6.636317711166294e-6
0.1245	-6.6325744651426554e-6
0.125	-6.628831068593229e-6
0.1255	-6.6250875247756894e-6
0.126	-6.621343836949003e-6
0.1265	-6.6176000083733865e-6
0.127	-6.613856042310297e-6
0.1275	-6.610111942022387e-6
0.128	-6.6063677107734876e-6
0.1285	-6.6026233518285725e-6
0.129	-6.5988788684537365e-6
0.1295	-6.59513426391616e-6
0.13	-6.59138954148409e-6
0.1305	-6.587644704426795e-6
0.131	-6.583899756014562e-6
0.1315	-6.580154699518643e-6
0.132	-6.576409538211237e-6
0.1325	-6.572664275365468e-6
0.133	-6.5689189142553446e-6
0.1335	-6.565173458185223e-6
0.134	-6.561427910370919e-6
0.1345	-6.5576822741190985e-6
0.135	-6.553936552707072e-6
0.1355	-6.550190749412899e-6
0.136	-6.546444867515351e-6
0.1365	-6.5426989102939e-6
0.137	-6.538952881028672e-6
0.1375	-6.5352067830004306e-6
0.138	-6.53146061949054e-6
0.1385	-6.527714903327866e-6
0.139	-6.523969110119938e-6
0.1395	-6.520223253667343e-6
0.14	-6.516477333489343e-6
0.1405	-6.512731349105115e-6
0.14100000000000001	-6.508985300033755e-6
0.14150000000000001	-6.505239185794277e-6
0.14200000000000002	-6.501493005905613e-6
0.14250000000000002	-6.497746759886606e-6
0.14300000000000002	-6.49400044725602e-6
0.14350000000000002	-6.49025406753253e-6
0.14400000000000002	-6.4865076202347295e-6
0.1445	-6.4827611048811205e-6
0.145	-6.47901452099012e-6
0.1455	-6.475267868080056e-6
0.146	-6.471521145669175e-6
0.1465	-6.467774353275625e-6
0.147	-6.464027490367158e-6
0.1475	-6.460280556562311e-6
0.148	-6.456533551329163e-6
0.1485	-6.452786474185506e-6
0.149	-6.4490393246490495e-6
0.1495	-6.445292102237407e-6
0.15	-6.441544806468099e-6
0.1505	-6.437797436858557e-6
0.151	-6.434049992926112e-6
0.1515	-6.430302474188001e-6
0.152	-6.426554880161367e-6
0.1525	-6.422807217200936e-6
0.153	-6.419059478604722e-6
0.1535	-6.415311663162253e-6
0.154	-6.411563770333197e-6
0.1545	-6.407815799577119e-6
0.155	-6.404067750353473e-6
0.1555	-6.400319622121597e-6
0.156	-6.396571414340718e-6
0.1565	-6.392823126469945e-6
0.157	-6.389074757968285e-6
0.1575	-6.385326308294615e-6
0.158	-6.381577776907702e-6
0.1585	-6.377829163266202e-6
0.159	-6.374080466828644e-6
0.1595	-6.370331687053447e-6
0.16	-6.366582823583372e-6
0.1605	-6.362833875509698e-6
0.161	-6.359084842471235e-6
0.1615	-6.355335723925854e-6
0.162	-6.3515865193312985e-6
0.1625	-6.347837228145195e-6
0.163	-6.344087849825043e-6
0.1635	-6.340338383828221e-6
0.164	-6.336588829611988e-6
0.1645	-6.332839186633466e-6
0.165	-6.329089454349661e-6
0.1655	-6.325339632217454e-6
0.166	-6.321589719693594e-6
0.1665	-6.317839607527289e-6
0.167	-6.314089378982739e-6
0.1675	-6.31033906025653e-6
0.168	-6.306588651828105e-6
0.1685	-6.302838154177021e-6
0.169	-6.2990875677829505e-6
0.1695	-6.29533689312569e-6
0.17	-6.291586130685147e-6
0.1705	-6.287835280941345e-6
0.171	-6.28408434437443e-6
0.1715	-6.280333321464654e-6
0.17200000000000001	-6.276582212692387e-6
0.17250000000000001	-6.272831018538115e-6
0.17300000000000001	-6.269079739258333e-6
0.17350000000000002	-6.265328375786517e-6
0.17400000000000002	-6.261576928376712e-6
0.17450000000000002	-6.257825397509731e-6
0.17500000000000002	-6.254073783666501e-6
0.17550000000000002	-6.250322087328051e-6
0.176	-6.246570308975522e-6
0.1765	-6.242818449090162e-6
0.177	-6.2390665081533275e-6
0.1775	-6.235314486646478e-6
0.178	-6.231562385051185e-6
0.1785	-6.227810203849119e-6
0.179	-6.2240579435220584e-6
0.1795	-6.220305604551887e-6
0.18	-6.216553187420588e-6
0.1805	-6.212800751682608e-6
0.181	-6.209048260613363e-6
0.1815	-6.205295691764531e-6
0.182	-6.201543044998409e-6
0.1825	-6.197790320177261e-6
0.183	-6.194037517163326e-6
0.1835	-6.190284635818816e-6
0.184	-6.186531676005921e-6
0.1845	-6.1827786375868005e-6
0.185	-6.179025520423587e-6
0.1855	-6.175272324378393e-6
0.186	-6.171519049401575e-6
0.1865	-6.167765695179513e-6
0.187	-6.164012261660904e-6
0.1875	-6.160258748707737e-6
0.188	-6.156505156181965e-6
0.1885	-6.152751483945517e-6
0.189	-6.14899773186029e-6
0.1895	-6.145243899788154e-6
0.19	-6.14148998759095e-6
0.1905	-6.137735995130491e-6
0.191	-6.133981922268557e-6
0.1915	-6.130227768866904e-6
0.192	-6.126473534787254e-6
0.1925	-6.122719219891306e-6
0.193	-6.118964824040724e-6
0.1935	-6.115210347097145e-6
0.194	-6.111455788922178e-6
0.1945	-6.107701133579588e-6
0.195	-6.103946388684827e-6
0.1955	-6.100191562444958e-6
0.196	-6.09643665490424e-6
0.1965	-6.0926816661069365e-6
0.197	-6.088926596097324e-6
0.1975	-6.085171444919691e-6
0.198	-6.081416212618332e-6
0.1985	-6.077660899237555e-6
0.199	-6.073905504821677e-6
0.1995	-6.070150029416549e-6
0.2	-6.0663944730634595e-6
0.2005	-6.062638835808268e-6
0.201	-6.058883117695335e-6
0.2015	-6.055127318769023e-6
0.202	-6.051371439073714e-6
0.2025	-6.047615478653796e-6
0.203	-6.043859437553666e-6
0.20350000000000001	-6.04010331581773e-6
0.20400000000000001	-6.0363471134904145e-6
0.20450000000000002	-6.032590830616141e-6
0.20500000000000002	-6.028834467239348e-6
0.20550000000000002	-6.025078023404492e-6
0.20600000000000002	-6.021321499156026e-6
0.20650000000000002	-6.017564894538422e-6
0.20700000000000002	-6.013808209596157e-6
0.20750000000000002	-6.0100514443737235e-6
0.20800000000000002	-6.006294598915619e-6
0.2085	-6.002537629893841e-6
0.209	-5.998780553306162e-6
0.2095	-5.995023397486013e-6
0.21	-5.991266163021072e-6
0.2105	-5.987508850499134e-6
0.211	-5.983751460508122e-6
0.2115	-5.979993993636081e-6
0.212	-5.976236450471171e-6
0.2125	-5.972478831578359e-6
0.213	-5.968721137592937e-6
0.2135	-5.9649633690800565e-6
0.214	-5.961205526628351e-6
0.2145	-5.95744761082657e-6
0.215	-5.953689622263576e-6
0.2155	-5.949931561528352e-6
0.216	-5.946173429209989e-6
0.2165	-5.942415225897694e-6
0.217	-5.938656952180782e-6
0.2175	-5.934898608648683e-6
0.218	-5.931140195890934e-6
0.2185	-5.927381714497186e-6
0.219	-5.923623165057187e-6
0.2195	-5.9198645481608045e-6
0.22	-5.9161058643980065e-6
0.2205	-5.912347114358866e-6
0.221	-5.908588298633561e-6
0.2215	-5.904829417812374e-6
0.222	-5.9010704724856884e-6
0.2225	-5.897311542951666e-6
0.223	-5.893552607882695e-6
0.2235	-5.8897936084223616e-6
0.224	-5.886034544105816e-6
0.2245	-5.882275414468142e-6
0.225	-5.878516219044337e-6
0.2255	-5.874756957380532e-6
0.226	-5.870997628989234e-6
0.2265	-5.867238233416214e-6
0.227	-5.863478770196136e-6
0.2275	-5.859719238863595e-6
0.228	-5.855959638953082e-6
0.2285	-5.852199969999019e-6
0.229	-5.8484402315357396e-6
0.2295	-5.844680423097484e-6
0.23	-5.840920544218416e-6
0.2305	-5.837160594432606e-6
0.231	-5.833400573274039e-6
0.2315	-5.829640480276612e-6
0.232	-5.825880314974135e-6
0.2325	-5.822120076900326e-6
0.233	-5.8183597655888155e-6
0.2335	-5.81459938057314e-6
0.234	-5.81083892138675e-6
0.23450000000000001	-5.807078387563001e-6
0.23500000000000001	-5.803317778635158e-6
0.23550000000000001	-5.799557094136389e-6
0.23600000000000002	-5.795796333599777e-6
0.23650000000000002	-5.79203542903782e-6
0.23700000000000002	-5.78827439448293e-6
0.23750000000000002	-5.7845132839241725e-6
0.23800000000000002	-5.780752097820569e-6
0.23850000000000002	-5.776990836627857e-6
0.23900000000000002	-5.773229500812013e-6
0.23950000000000002	-5.769468090828974e-6
0.24	-5.765706607138129e-6
0.2405	-5.761945050198954e-6
0.241	-5.758183420471022e-6
0.2415	-5.754421718413989e-6
0.242	-5.750659944487604e-6
0.2425	-5.746898099151702e-6
0.243	-5.743136182866204e-6
0.2435	-5.7393741960911234e-6
0.244	-5.735612139286556e-6
0.2445	-5.731850012912683e-6
0.245	-5.728087817429775e-6
0.2455	-5.7243255532981855e-6
0.246	-5.720563220978353e-6
0.2465	-5.716800820930798e-6
0.247	-5.713038353616123e-6
0.2475	-5.70927581949502e-6
0.248	-5.705513219028255e-6
0.2485	-5.701750552676681e-6
0.249	-5.697987820901232e-6
0.2495	-5.694225024162919e-6
0.25	-5.690462162922831e-6
0.2505	-5.68669932027531e-6
0.251	-5.68293647984213e-6
0.2515	-5.679173574524159e-6
0.252	-5.675410603633382e-6
0.2525	-5.6716475665048155e-6
0.253	-5.667884462450308e-6
0.2535	-5.6641212907892175e-6
0.254	-5.660358050840776e-6
0.2545	-5.656594741924096e-6
0.255	-5.652831363358164e-6
0.2555	-5.649067914461839e-6
0.256	-5.645304394553855e-6
0.2565	-5.641540802952817e-6
0.257	-5.637777138977204e-6
0.2575	-5.634013401945358e-6
0.258	-5.630249591175496e-6
0.2585	-5.626485705985695e-6
0.259	-5.622721745693903e-6
0.2595	-5.6189577096179306e-6
0.26	-5.615193597075452e-6
0.2605	-5.611429407384003e-6
0.261	-5.60766513986098e-6
0.2615	-5.603900793823638e-6
0.262	-5.6001363685890925e-6
0.2625	-5.5963718634743135e-6
0.263	-5.5926072777961285e-6
0.2635	-5.588842610871217e-6
0.264	-5.585077862016117e-6
0.2645	-5.581312889983915e-6
0.265	-5.577547727196364e-6
0.2655	-5.573782483381489e-6
0.266	-5.570017159782675e-6
0.2665	-5.566251757626584e-6
0.267	-5.562486278140128e-6
0.2675	-5.558720722550479e-6
0.268	-5.554955092085055e-6
0.2685	-5.551189387971519e-6
0.269	-5.547423611437772e-6
0.2695	-5.543657763711956e-6
0.27	-5.539891846022447e-6
0.2705	-5.536125859597839e-6
0.271	-5.532359805666967e-6
0.2715	-5.528593685458874e-6
0.272	-5.524827500202823e-6
0.2725	-5.521061251128294e-6
0.273	-5.5172949394649695e-6
0.2735	-5.513528566442742e-6
0.274	-5.509762133291704e-6
0.2745	-5.5059956412421405e-6
0.275	-5.502229091524535e-6
0.2755	-5.498462485369557e-6
0.276	-5.494695824008059e-6
0.2765	-5.490929108671079e-6
0.277	-5.487162340589828e-6
0.2775	-5.4833955209956895e-6
0.278	-5.479628651111446e-6
0.2785	-5.475861883782807e-6
0.279	-5.472095172217028e-6
0.2795	-5.468328410944748e-6
0.28	-5.464561599230646e-6
0.2805	-5.460794736339297e-6
0.281	-5.457027821535184e-6
0.28150000000000003	-5.453260854082678e-6
0.28200000000000003	-5.449493833246057e-6
0.28250000000000003	-5.445726758289491e-6
0.28300000000000003	-5.441959628477043e-6
0.28350000000000003	-5.438192443072675e-6
0.28400000000000003	-5.434425201340231e-6
0.28450000000000003	-5.430657902543455e-6
0.28500000000000003	-5.4268905459459744e-6
0.28550000000000003	-5.423123130811301e-6
0.28600000000000003	-5.419355656402839e-6
0.28650000000000003	-5.415588121983873e-6
0.28700000000000003	-5.411820526817574e-6
0.28750000000000003	-5.4080528701669894e-6
0.28800000000000003	-5.4042851512950505e-6
0.2885	-5.400517369464565e-6
0.289	-5.396749523938221e-6
0.2895	-5.3929816139785754e-6
0.29	-5.389213638848068e-6
0.2905	-5.385445597809005e-6
0.291	-5.381677490136881e-6
0.2915	-5.377909315067351e-6
0.292	-5.374141071875291e-6
0.2925	-5.37037272149702e-6
0.293	-5.366604279167916e-6
0.2935	-5.362835767260537e-6
0.294	-5.359067185504643e-6
0.2945	-5.355298533629941e-6
0.295	-5.351529811366085e-6
0.2955	-5.347761018442686e-6
0.296	-5.343992154589298e-6
0.2965	-5.3402232195354245e-6
0.297	-5.336454213010526e-6
0.2975	-5.3326851347440035e-6
0.298	-5.328915984465213e-6
0.2985	-5.325146761903454e-6
0.299	-5.3213774667879784e-6
0.2995	-5.317608098847986e-6
0.3	-5.313838657812623e-6
0.3005	-5.310069143410986e-6
0.301	-5.306299555372118e-6
0.3015	-5.3025298934250085e-6
0.302	-5.298760157298595e-6
0.3025	-5.294990346721764e-6
0.303	-5.291220461423349e-6
0.3035	-5.287450501132126e-6
0.304	-5.283680465576822e-6
0.3045	-5.279910354464652e-6
0.305	-5.276140167567248e-6
0.3055	-5.272369904591802e-6
0.306	-5.268599565266825e-6
0.3065	-5.264828973751901e-6
0.307	-5.261058224116173e-6
0.3075	-5.2572874006363924e-6
0.308	-5.253516505026759e-6
0.3085	-5.2497455390018084e-6
0.309	-5.245974504276397e-6
0.3095	-5.2422034025656865e-6
0.31	-5.238432235585155e-6
0.3105	-5.2346610050505695e-6
0.311	-5.230889712677989e-6
0.3115	-5.227118360183759e-6
0.312	-5.2233469492844925e-6
0.3125	-5.219575481697073e-6
0.313	-5.21580395913864e-6
0.3135	-5.212032383326584e-6
0.314	-5.208260755978542e-6
0.3145	-5.20448907881238e-6
0.315	-5.200717353546198e-6
0.3155	-5.196945581898307e-6
0.316	-5.193173765587235e-6
0.3165	-5.189401906331716e-6
0.317	-5.185630005850672e-6
0.3175	-5.181858065873522e-6
0.318	-5.178086088098584e-6
0.3185	-5.174314074255907e-6
0.319	-5.170542026065131e-6
0.3195	-5.166769945246057e-6
0.32	-5.16299783351863e-6
0.3205	-5.159226010727445e-6
0.321	-5.155454265448042e-6
0.3215	-5.15168248870667e-6
0.322	-5.147910678948256e-6
0.3225	-5.144138834617587e-6
0.323	-5.140366954159303e-6
0.3235	-5.136595036017905e-6
0.324	-5.13282307863773e-6
0.3245	-5.129051080462956e-6
0.325	-5.125279039937596e-6
0.3255	-5.121506955505484e-6
0.326	-5.117734825610278e-6
0.3265	-5.113962648695442e-6
0.327	-5.1101904232042555e-6
0.3275	-5.106418147579788e-6
0.328	-5.102645820264909e-6
0.3285	-5.098873439702271e-6
0.329	-5.0951010043343124e-6
0.3295	-5.09132851260324e-6
0.33	-5.087555962951031e-6
0.3305	-5.083783353815531e-6
0.331	-5.08001068364592e-6
0.3315	-5.076237950879684e-6
0.332	-5.072465153957802e-6
0.3325	-5.068692291321001e-6
0.333	-5.064919361409725e-6
0.3335	-5.0611463626641475e-6
0.334	-5.057373293524159e-6
0.3345	-5.0535999226097686e-6
0.335	-5.0498264298150324e-6
0.3355	-5.046052865854904e-6
0.336	-5.042279231325129e-6
0.3365	-5.038505526821574e-6
0.337	-5.034731752940205e-6
0.3375	-5.030957910277112e-6
0.338	-5.027183999428481e-6
0.3385	-5.0234100209906164e-6
0.339	-5.01963597555992e-6
0.3395	-5.015861863732908e-6
0.34	-5.0120876861062e-6
0.3405	-5.008313443276516e-6
0.341	-5.004539135840683e-6
0.3415	-5.00076476439563e-6
0.342	-4.9969903295383866e-6
0.3425	-4.993215831866086e-6
0.343	-4.989441271975958e-6
0.3435	-4.985666650453508e-6
0.34400000000000003	-4.981891967919981e-6
0.34450000000000003	-4.9781172249610025e-6
0.34500000000000003	-4.974342422174188e-6
0.34550000000000003	-4.970567560157248e-6
0.34600000000000003	-4.9667926395079814e-6
0.34650000000000003	-4.96301766082429e-6
0.34700000000000003	-4.959242624704161e-6
0.34750000000000003	-4.955467531745675e-6
0.34800000000000003	-4.951692382547002e-6
0.34850000000000003	-4.9479161277757105e-6
0.34900000000000003	-4.944139721301309e-6
0.34950000000000003	-4.9403632773530135e-6
0.35000000000000003	-4.936586805445705e-6
0.35050000000000003	-4.93281031509497e-6
0.35100000000000003	-4.929033815816864e-6
0.35150000000000003	-4.925257317127668e-6
0.352	-4.92148082854365e-6
0.3525	-4.917704359580826e-6
0.353	-4.9139279197547206e-6
0.3535	-4.9101515185801215e-6
0.354	-4.9063751655708525e-6
0.3545	-4.902598870239518e-6
0.355	-4.898822642097277e-6
0.3555	-4.8950464906535965e-6
0.356	-4.891270425416015e-6
0.3565	-4.887494455889901e-6
0.357	-4.883718591539198e-6
0.3575	-4.8799428419384815e-6
0.358	-4.876167216550314e-6
0.3585	-4.872391724869122e-6
0.359	-4.868616376385973e-6
0.3595	-4.864841180588337e-6
0.36	-4.861066146959849e-6
0.3605	-4.857291284980067e-6
0.361	-4.853516604124236e-6
0.3615	-4.849742113863049e-6
0.362	-4.8459678236624066e-6
0.3625	-4.842198680585534e-6
0.363	-4.838429672747217e-6
0.3635	-4.834660816945186e-6
0.364	-4.830892085036822e-6
0.3645	-4.827123448888848e-6
0.365	-4.823354880375213e-6
0.3655	-4.819586351375001e-6
0.366	-4.815817833770309e-6
0.3665	-4.8120492994441545e-6
0.367	-4.8082807202783635e-6
0.3675	-4.804512068151462e-6
0.368	-4.800743314936578e-6
0.3685	-4.79697443249932e-6
0.369	-4.793205392695673e-6
0.3695	-4.789436167369883e-6
0.37	-4.785666728342318e-6
0.3705	-4.781897047449738e-6
0.371	-4.778127096476894e-6
0.3715	-4.7743568471997755e-6
0.372	-4.7705862713719825e-6
0.3725	-4.766815340722603e-6
0.373	-4.7630440269540685e-6
0.3735	-4.759272301740014e-6
0.374	-4.755500136723152e-6
0.3745	-4.7517275035131e-6
0.375	-4.747954373684247e-6
0.3755	-4.74418071877358e-6
0.376	-4.740406019503508e-6
0.3765	-4.73662377107199e-6
0.377	-4.7328409699478854e-6
0.3775	-4.729057645266647e-6
0.378	-4.725273826204172e-6
0.3785	-4.721489541974578e-6
0.379	-4.717704821827949e-6
0.3795	-4.71391969504811e-6
0.38	-4.710134190950353e-6
0.3805	-4.7063483388791964e-6
0.381	-4.702562168206115e-6
0.3815	-4.698775708327279e-6
0.382	-4.694988988661285e-6
0.3825	-4.691202038646869e-6
0.383	-4.687414887766263e-6
0.3835	-4.683627565430009e-6
0.384	-4.679840101161724e-6
0.3845	-4.676052524458417e-6
0.385	-4.672264864825678e-6
0.3855	-4.6684771517753825e-6
0.386	-4.66468941482336e-6
0.3865	-4.660901683487096e-6
0.387	-4.657113987283418e-6
0.3875	-4.653326355726195e-6
0.388	-4.6495388183240275e-6
0.3885	-4.64575140457795e-6
0.389	-4.64196414397913e-6
0.3895	-4.6381770660065776e-6
0.39	-4.634391496710082e-6
0.3905	-4.630610216254393e-6
0.391	-4.626829154233425e-6
0.3915	-4.623048298579175e-6
0.392	-4.619267637230255e-6
0.3925	-4.6154871581315505e-6
0.393	-4.611706849233817e-6
0.3935	-4.607926698493316e-6
0.394	-4.604146693871436e-6
0.3945	-4.600366823334326e-6
0.395	-4.596587074852517e-6
0.3955	-4.592807436400547e-6
0.396	-4.589027895956601e-6
0.3965	-4.585248440640339e-6
0.397	-4.581469060261678e-6
0.3975	-4.5776897418629455e-6
0.398	-4.573910473429422e-6
0.3985	-4.57013124294748e-6
0.399	-4.5663520384042735e-6
0.3995	-4.562572847787399e-6
0.4	-4.558793659084554e-6
0.4005	-4.5550144602832274e-6
0.401	-4.551235239370364e-6
0.4015	-4.5474559843320425e-6
0.402	-4.543676683153152e-6
0.4025	-4.53989732381707e-6
0.403	-4.536117894305352e-6
0.4035	-4.5323383825973966e-6
0.404	-4.528558013145054e-6
0.4045	-4.524776245816182e-6
0.405	-4.520994381889142e-6
0.4055	-4.517212425265667e-6
0.406	-4.513430379848508e-6
0.40650000000000003	-4.5096482495413565e-6
0.40700000000000003	-4.505866038248801e-6
0.40750000000000003	-4.50208374987625e-6
0.40800000000000003	-4.4983013883298754e-6
0.40850000000000003	-4.494518957516537e-6
0.40900000000000003	-4.490736461343723e-6
0.40950000000000003	-4.486953903143996e-6
0.41000000000000003	-4.4831712880840085e-6
0.41050000000000003	-4.479388619384873e-6
0.41100000000000003	-4.47560590095318e-6
0.41150000000000003	-4.47182313669625e-6
0.41200000000000003	-4.468040330522095e-6
0.41250000000000003	-4.464257486339377e-6
0.41300000000000003	-4.460474608057353e-6
0.41350000000000003	-4.456691699585825e-6
0.41400000000000003	-4.452908764835098e-6
0.41450000000000004	-4.449125807715924e-6
0.41500000000000004	-4.44534283213945e-6
0.41550000000000004	-4.441559842017176e-6
0.41600000000000004	-4.4377768412608856e-6
0.4165	-4.433993833782605e-6
0.417	-4.430210823494548e-6
0.4175	-4.426427814309054e-6
0.418	-4.4226452469534294e-6
0.4185	-4.418863088816732e-6
0.419	-4.415080933632459e-6
0.4195	-4.411298778808178e-6
0.42	-4.407516621751425e-6
0.4205	-4.403734459869719e-6
0.421	-4.399952290570539e-6
0.4215	-4.396170111261338e-6
0.422	-4.392387919349526e-6
0.4225	-4.3886057121653935e-6
0.423	-4.3848234872662785e-6
0.4235	-4.3810412419896556e-6
0.424	-4.3772589737429815e-6
0.4245	-4.3734766799335315e-6
0.425	-4.36969435796839e-6
0.4255	-4.365912005254428e-6
0.426	-4.362129619198286e-6
0.4265	-4.358347197206361e-6
0.427	-4.354564736684786e-6
0.4275	-4.350782235039416e-6
0.428	-4.346999689675814e-6
0.4285	-4.343217097999221e-6
0.429	-4.3394344574145585e-6
0.4295	-4.3356517653264e-6
0.43	-4.331869019138955e-6
0.4305	-4.3280862162560615e-6
0.431	-4.3243033540811554e-6
0.4315	-4.320520430017267e-6
0.432	-4.316737139670269e-6
0.4325	-4.312953634239951e-6
0.433	-4.309170064940092e-6
0.4335	-4.305386432672762e-6
0.434	-4.3016027383401905e-6
0.4345	-4.297818982844765e-6
0.435	-4.294035167089031e-6
0.4355	-4.290251291909047e-6
0.436	-4.2864673583433515e-6
0.4365	-4.282683367226598e-6
0.437	-4.278899319461856e-6
0.4375	-4.275115215952319e-6
0.438	-4.2713310576013235e-6
0.4385	-4.267546845312336e-6
0.439	-4.263762579988952e-6
0.4395	-4.2599782625349005e-6
0.44	-4.256193893854028e-6
0.4405	-4.2524094748503105e-6
0.441	-4.2486250064278395e-6
0.4415	-4.2448404894908355e-6
0.442	-4.241055924943627e-6
0.4425	-4.2372713136906585e-6
0.443	-4.2334866566364945e-6
0.4435	-4.229701954685801e-6
0.444	-4.225917208743356e-6
0.4445	-4.2221324197140434e-6
0.445	-4.218347588502853e-6
0.4455	-4.214562716014873e-6
0.446	-4.210777934641523e-6
0.4465	-4.2069931399486315e-6
0.447	-4.203208304450845e-6
0.4475	-4.199423427823756e-6
0.448	-4.195638509742931e-6
0.4485	-4.191853549883892e-6
0.449	-4.188068547930927e-6
0.4495	-4.184283503542473e-6
0.45	-4.180498416402117e-6
0.4505	-4.176713286185231e-6
0.451	-4.172928112567151e-6
0.4515	-4.169142895223172e-6
0.452	-4.165357633828554e-6
0.4525	-4.1615723280585195e-6
0.453	-4.157786977588253e-6
0.4535	-4.1540015820929e-6
0.454	-4.150216141247568e-6
0.4545	-4.146430654727326e-6
0.455	-4.142645122207202e-6
0.4555	-4.13885954336219e-6
0.456	-4.135073917867238e-6
0.4565	-4.131288245397257e-6
0.457	-4.127502525627118e-6
0.4575	-4.123716758231656e-6
0.458	-4.119930942885653e-6
0.4585	-4.116145079263864e-6
0.459	-4.112359167040997e-6
0.4595	-4.108573205891716e-6
0.46	-4.104787099269641e-6
0.4605	-4.101000943662632e-6
0.461	-4.097214739643782e-6
0.4615	-4.093428487635604e-6
0.462	-4.0896421880516545e-6
0.4625	-4.085855841332719e-6
0.463	-4.082069447892411e-6
0.4635	-4.078283008153458e-6
0.464	-4.074496522538643e-6
0.4645	-4.070709991470786e-6
0.465	-4.066923415372772e-6
0.4655	-4.063136794667533e-6
0.466	-4.0593501297780475e-6
0.4665	-4.055563421127342e-6
0.467	-4.051776669138501e-6
0.4675	-4.047989874234648e-6
0.468	-4.04420303683896e-6
0.4685	-4.040416157374659e-6
0.46900000000000003	-4.036629236265017e-6
0.46950000000000003	-4.032842273933349e-6
0.47000000000000003	-4.0290552708030176e-6
0.47050000000000003	-4.025268227297434e-6
0.47100000000000003	-4.02148114384005e-6
0.47150000000000003	-4.017694020854367e-6
0.47200000000000003	-4.013906858763924e-6
0.47250000000000003	-4.010119657992309e-6
0.47300000000000003	-4.0063324189631516e-6
0.47350000000000003	-4.002545153163088e-6
0.47400000000000003	-3.998757900901565e-6
0.47450000000000003	-3.994970611087779e-6
0.47500000000000003	-3.991183283665388e-6
0.47550000000000003	-3.9873959185726145e-6
0.47600000000000003	-3.9836085157530664e-6
0.47650000000000003	-3.979821075148563e-6
0.47700000000000004	-3.976033596700921e-6
0.47750000000000004	-3.972246080351949e-6
0.47800000000000004	-3.968458526043456e-6
0.47850000000000004	-3.964670933717237e-6
0.47900000000000004	-3.960883303315084e-6
0.47950000000000004	-3.957095634778786e-6
0.48	-3.953307928050125e-6
0.4805	-3.949520183070875e-6
0.481	-3.945732399782804e-6
0.4815	-3.9419445781276775e-6
0.482	-3.938156718047254e-6
0.4825	-3.9343688194832844e-6
0.483	-3.930580882377515e-6
0.4835	-3.926792906671687e-6
0.484	-3.923004892307534e-6
0.4845	-3.9192168392267874e-6
0.485	-3.9154287473711665e-6
0.4855	-3.9116406166823874e-6
0.486	-3.907852447102165e-6
0.4865	-3.904064238572202e-6
0.487	-3.900275991034197e-6
0.4875	-3.8964877040352825e-6
0.488	-3.892699377228379e-6
0.4885	-3.888911011250945e-6
0.489	-3.8851226060520116e-6
0.4895	-3.881334161581629e-6
0.49	-3.877545677789848e-6
0.4905	-3.8737571546267115e-6
0.491	-3.869968592042256e-6
0.4915	-3.866179989986514e-6
0.492	-3.862391348409519e-6
0.4925	-3.8586026672612845e-6
0.493	-3.854813946491836e-6
0.4935	-3.851025186051181e-6
0.494	-3.847236385889329e-6
0.4945	-3.843447545956281e-6
0.495	-3.839658666202034e-6
0.4955	-3.835869746576579e-6
0.496	-3.832080787029901e-6
0.4965	-3.828291787511986e-6
0.497	-3.824502747972806e-6
0.4975	-3.820713668362331e-6
0.498	-3.81692454863053e-6
0.4985	-3.813135388727361e-6
0.499	-3.8093461886027787e-6
0.4995	-3.8055569482067346e-6
0.5	-3.8017676674891724e-6
0.5005000000000001	-3.797978346400031e-6
0.501	-3.7941889848892464e-6
0.5015000000000001	-3.79039957473032e-6
0.502	-3.7866101177001897e-6
0.5025000000000001	-3.7828206202745296e-6
0.503	-3.779031082516572e-6
0.5035000000000001	-3.775241504489552e-6
0.504	-3.7714518862567217e-6
0.5045000000000001	-3.76766222788133e-6
0.505	-3.7638725294266406e-6
0.5055000000000001	-3.7600827909559146e-6
0.506	-3.756293012532428e-6
0.5065000000000001	-3.752503194219463e-6
0.507	-3.7487133360803037e-6
0.5075000000000001	-3.7449234381782437e-6
0.508	-3.7411335005765855e-6
0.5085000000000001	-3.73734352333863e-6
0.509	-3.7335535065276967e-6
0.5095000000000001	-3.7297634502071034e-6
0.51	-3.725973354440178e-6
0.5105000000000001	-3.7221832192902523e-6
0.511	-3.71839304482067e-6
0.5115000000000001	-3.714602831094772e-6
0.512	-3.7108125781759163e-6
0.5125	-3.7070222861274624e-6
0.513	-3.7032319550127745e-6
0.5135	-3.6994415848952297e-6
0.514	-3.695651175838205e-6
0.5145	-3.691860727905078e-6
0.515	-3.6880702411592602e-6
0.5155	-3.6842797025752034e-6
0.516	-3.680489121361179e-6
0.5165	-3.6766985017590947e-6
0.517	-3.672907843965576e-6
0.5175	-3.669117148177268e-6
0.518	-3.6653264145908353e-6
0.5185	-3.6615356434029643e-6
0.519	-3.6577448348103593e-6
0.5195	-3.653953989009741e-6
0.52	-3.6501631061978546e-6
0.5205	-3.6463721865714652e-6
0.521	-3.6425812303273473e-6
0.5215	-3.638790237662308e-6
0.522	-3.634999208773164e-6
0.5225	-3.6312081438567565e-6
0.523	-3.627417043109936e-6
0.5235	-3.6236259067295843e-6
0.524	-3.6198347349125963e-6
0.5245	-3.6160435278558804e-6
0.525	-3.6122522857563705e-6
0.5255	-3.608461008811014e-6
0.526	-3.604669697216782e-6
0.5265	-3.600878351170659e-6
0.527	-3.597086970869644e-6
0.5275	-3.593295556510668e-6
0.528	-3.5895041082909594e-6
0.5285	-3.585712626407481e-6
0.529	-3.581921111057307e-6
0.5295	-3.5781295860273796e-6
0.53	-3.574338028337298e-6
0.5305	-3.5705464374006984e-6
0.531	-3.5667548132264917e-6
0.5315	-3.562963155823591e-6
0.532	-3.55917146520091e-6
0.5325	-3.5553797413673637e-6
0.533	-3.5515879843318676e-6
0.5335	-3.5477961941033407e-6
0.534	-3.544004370690695e-6
0.5345	-3.540212514102855e-6
0.535	-3.536420624348733e-6
0.5355	-3.532628701437254e-6
0.536	-3.5288367453773377e-6
0.5365	-3.525044756177904e-6
0.537	-3.5212527338478745e-6
0.5375	-3.517460678396173e-6
0.538	-3.5136685898317247e-6
0.5385	-3.5098764681634543e-6
0.539	-3.5060843134002853e-6
0.5395	-3.502292125551145e-6
0.54	-3.4984999046249618e-6
0.5405	-3.4947076506305696e-6
0.541	-3.490915363577083e-6
0.5415	-3.4871230434733367e-6
0.542	-3.483330690328265e-6
0.5425	-3.479538304150798e-6
0.543	-3.4757458852618136e-6
0.5435	-3.4719534346543938e-6
0.544	-3.4681609510264584e-6
0.5445	-3.464368434374415e-6
0.545	-3.4605758846946616e-6
0.5455	-3.456783301983604e-6
0.546	-3.4529906862376348e-6
0.5465	-3.449198037453162e-6
0.547	-3.4454053556265856e-6
0.5475	-3.441612640754303e-6
0.548	-3.4378198928327144e-6
0.5485	-3.434027111858223e-6
0.549	-3.4302342978272242e-6
0.5495	-3.426441450736119e-6
0.55	-3.4226485705813046e-6
0.5505	-3.4188556573591805e-6
0.551	-3.4150627110661457e-6
0.5515	-3.4112697316985987e-6
0.552	-3.407476719252936e-6
0.5525	-3.4036836737255545e-6
0.553	-3.3998905951128508e-6
0.5535	-3.3960974834112233e-6
0.554	-3.3923043386171782e-6
0.5545	-3.388511160726895e-6
0.555	-3.384717949736873e-6
0.5555	-3.380924705643512e-6
0.556	-3.3771314284432073e-6
0.5565	-3.373338118132351e-6
0.557	-3.3695447666347225e-6
0.5575	-3.365751370865518e-6
0.558	-3.3619579421873796e-6
0.5585	-3.358164480746839e-6
0.559	-3.354370986690434e-6
0.5595	-3.3505774601647226e-6
0.56	-3.346783901316266e-6
0.5605	-3.3429903102916485e-6
0.561	-3.3391966872374543e-6
0.5615	-3.3354030323002976e-6
0.562	-3.331609345626786e-6
0.5625	-3.3278156273635497e-6
0.5630000000000001	-3.3240218776572314e-6
0.5635	-3.3202280966544836e-6
0.5640000000000001	-3.3164342845019703e-6
0.5645	-3.31264044134637e-6
0.5650000000000001	-3.3088465673343684e-6
0.5655	-3.305052662612672e-6
0.5660000000000001	-3.3012587273279885e-6
0.5665	-3.297464761627047e-6
0.5670000000000001	-3.293670765656589e-6
0.5675	-3.2898767395633485e-6
0.5680000000000001	-3.286082683494093e-6
0.5685	-3.282288597595597e-6
0.5690000000000001	-3.2784944820146364e-6
0.5695	-3.2747003368980156e-6
0.5700000000000001	-3.2709061623925316e-6
0.5705	-3.267111958645011e-6
0.5710000000000001	-3.263317752785853e-6
0.5715	-3.2595235322995364e-6
0.5720000000000001	-3.255729282479262e-6
0.5725	-3.2519350031486083e-6
0.5730000000000001	-3.248140694131141e-6
0.5735	-3.244346355250412e-6
0.5740000000000001	-3.2405519863299583e-6
0.5745	-3.2367575871933027e-6
0.5750000000000001	-3.232963157663955e-6
0.5755	-3.2291686975654138e-6
0.5760000000000001	-3.225374206721155e-6
0.5765	-3.2215796849546474e-6
0.577	-3.2177851320893435e-6
0.5775	-3.2139905479486834e-6
0.578	-3.210195932356088e-6
0.5785	-3.206401285134968e-6
0.579	-3.202606606108716e-6
0.5795	-3.198811895100713e-6
0.58	-3.195017151934257e-6
0.5805	-3.1912223764328295e-6
0.581	-3.1874275684196996e-6
0.5815	-3.183632727718188e-6
0.582	-3.1798378541515972e-6
0.5825	-3.176042947543219e-6
0.583	-3.1722480077163257e-6
0.5835	-3.168453034494175e-6
0.584	-3.1646580277000133e-6
0.5845	-3.160862987157062e-6
0.585	-3.157067877647541e-6
0.5855	-3.153272729865456e-6
0.586	-3.1494775483839964e-6
0.5865	-3.1456823333341032e-6
0.587	-3.14188708484673e-6
0.5875	-3.138091803052841e-6
0.588	-3.134296488083413e-6
0.5885	-3.1305011400694332e-6
0.589	-3.1267057591419e-6
0.5895	-3.122910345431822e-6
0.59	-3.119114899070227e-6
0.5905	-3.1153194201881423e-6
0.591	-3.1115239089166155e-6
0.5915	-3.107728365386702e-6
0.592	-3.1039327897294668e-6
0.5925	-3.10013718207599e-6
0.593	-3.096341542557486e-6
0.5935	-3.0925458713048045e-6
0.594	-3.0887501684491787e-6
0.5945	-3.084954434121728e-6
0.595	-3.0811586684535953e-6
0.5955	-3.0773628715759126e-6
0.596	-3.0735670436198406e-6
0.5965	-3.0697711847165428e-6
0.597	-3.0659752949971982e-6
0.5975	-3.062179374592992e-6
0.598	-3.0583834236351188e-6
0.5985	-3.054587441393468e-6
0.599	-3.0507914232086327e-6
0.5995	-3.04699537492118e-6
0.6	-3.0431992967131915e-6
0.6005	-3.039403188766764e-6
0.601	-3.035607051264011e-6
0.6015	-3.0318108843870526e-6
0.602	-3.028014688318033e-6
0.6025	-3.0242184632391004e-6
0.603	-3.0204222093324226e-6
0.6035	-3.016625926780182e-6
0.604	-3.012829615764571e-6
0.6045	-3.0090332764678e-6
0.605	-3.0052369090720893e-6
0.6055	-3.001440513759673e-6
0.606	-2.9976440907128053e-6
0.6065	-2.99384764011364e-6
0.607	-2.9900511621446606e-6
0.6075	-2.9862546569880516e-6
0.608	-2.9824581248261137e-6
0.6085	-2.9786615658411674e-6
0.609	-2.974864980215532e-6
0.6095	-2.971068368131555e-6
0.61	-2.9672717297715862e-6
0.6105	-2.963475065317989e-6
0.611	-2.9596783749531458e-6
0.6115	-2.955881658859444e-6
0.612	-2.952084917219289e-6
0.6125	-2.948288165900606e-6
0.613	-2.944491414587425e-6
0.6135	-2.9406946378339954e-6
0.614	-2.936897835503131e-6
0.6145	-2.9331010074576285e-6
0.615	-2.9293041535602795e-6
0.6155	-2.9255072736738615e-6
0.616	-2.92171036766115e-6
0.6165	-2.917913435384906e-6
0.617	-2.9141164767078796e-6
0.6175	-2.910319491492813e-6
0.618	-2.9065224796024424e-6
0.6185	-2.9027254408994886e-6
0.619	-2.8989283752466687e-6
0.6195	-2.8951312825066703e-6
0.62	-2.8913341625422173e-6
0.6205	-2.887537015215978e-6
0.621	-2.883739840390629e-6
0.6215	-2.8799426379288344e-6
0.622	-2.87614540769325e-6
0.6225	-2.8723481495465197e-6
0.623	-2.868550863351278e-6
0.6235	-2.8647535489701523e-6
0.624	-2.860956206265753e-6
0.6245	-2.857158835100684e-6
0.625	-2.853361435337545e-6
0.6255000000000001	-2.849564006838916e-6
0.626	-2.8457665494673674e-6
0.6265000000000001	-2.8419690381329335e-6
0.627	-2.8381714836957213e-6
0.6275000000000001	-2.834373900471996e-6
0.628	-2.8305762886293154e-6
0.6285000000000001	-2.8267786483352406e-6
0.629	-2.8229809797573517e-6
0.6295000000000001	-2.8191832830632366e-6
0.63	-2.815385558420502e-6
0.6305000000000001	-2.8115878059967613e-6
0.631	-2.80779002595964e-6
0.6315000000000001	-2.8039922184767793e-6
0.632	-2.8001943837158305e-6
0.6325000000000001	-2.7963965218445253e-6
0.633	-2.792598633030407e-6
0.6335000000000001	-2.7888007174412256e-6
0.634	-2.785002775244686e-6
0.6345000000000001	-2.7812048066084954e-6
0.635	-2.777406811700376e-6
0.6355000000000001	-2.7736087906880647e-6
0.636	-2.76981074373931e-6
0.6365000000000001	-2.766012671021865e-6
0.637	-2.762214572703503e-6
0.6375000000000001	-2.7584164489519986e-6
0.638	-2.7546182999351505e-6
0.6385000000000001	-2.7508201258207568e-6
0.639	-2.747021926776632e-6
0.6395000000000001	-2.743223702970603e-6
0.64	-2.739425454570505e-6
0.6405	-2.735627195749215e-6
0.641	-2.731828914121711e-6
0.6415	-2.7280306081731247e-6
0.642	-2.7242322779497863e-6
0.6425	-2.7204339234980377e-6
0.643	-2.7166355448642224e-6
0.6435	-2.7128371420946804e-6
0.644	-2.7090387152357587e-6
0.6445	-2.705240264333809e-6
0.645	-2.7014417894351847e-6
0.6455	-2.69764329058619e-6
0.646	-2.693844767833288e-6
0.6465	-2.6900462212227857e-6
0.647	-2.6862476508010522e-6
0.6475	-2.682449056614453e-6
0.648	-2.6786504387093573e-6
0.6485	-2.674851797132145e-6
0.649	-2.6710531319291846e-6
0.6495	-2.66725444314686e-6
0.65	-2.6634557308315523e-6
0.6505	-2.6596569950296462e-6
0.651	-2.655858235787529e-6
0.6515	-2.6520594531515945e-6
0.652	-2.648260647168235e-6
0.6525	-2.644461817883846e-6
0.653	-2.640662965344828e-6
0.6535	-2.636864089597582e-6
0.654	-2.633065193305731e-6
0.6545	-2.629266286986644e-6
0.655	-2.6254673574556272e-6
0.6555	-2.6216684046362983e-6
0.656	-2.617869428452262e-6
0.6565	-2.6140704288271276e-6
0.657	-2.6102714056844934e-6
0.6575	-2.606472358947954e-6
0.658	-2.6026732885411018e-6
0.6585	-2.598874194387524e-6
0.659	-2.595075076410814e-6
0.6595	-2.591275934534519e-6
0.66	-2.587476768682227e-6
0.6605	-2.5836775787775056e-6
0.661	-2.5798783647439147e-6
0.6615	-2.5760791265050113e-6
0.662	-2.5722798639843504e-6
0.6625	-2.568480577105477e-6
0.663	-2.564681265791935e-6
0.6635	-2.560881929967261e-6
0.664	-2.5570825695549915e-6
0.6645	-2.5532831844786504e-6
0.665	-2.549483774661761e-6
0.6655	-2.5456843400278436e-6
0.666	-2.5418848805004084e-6
0.6665	-2.538085396002967e-6
0.667	-2.5342858864590168e-6
0.6675	-2.530486351792061e-6
0.668	-2.5266867735358878e-6
0.6685	-2.5228871465066716e-6
0.669	-2.519087494595819e-6
0.6695	-2.5152878180550075e-6
0.67	-2.5114881171359255e-6
0.6705	-2.507688392090279e-6
0.671	-2.5038886431697957e-6
0.6715	-2.500088870626209e-6
0.672	-2.496289074711288e-6
0.6725	-2.4924892556767776e-6
0.673	-2.488689413774476e-6
0.6735	-2.4848895492561815e-6
0.674	-2.4810896623737108e-6
0.6745	-2.477289753378894e-6
0.675	-2.4734898225235746e-6
0.6755	-2.4696898700596143e-6
0.676	-2.465889896238885e-6
0.6765	-2.462089901313277e-6
0.677	-2.4582898855346886e-6
0.6775	-2.4544898491550374e-6
0.678	-2.450689792426253e-6
0.6785	-2.4468897156002803e-6
0.679	-2.443089618929069e-6
0.6795	-2.4392895026645942e-6
0.68	-2.4354893670588365e-6
0.6805	-2.4316892123637924e-6
0.681	-2.427889038831467e-6
0.6815	-2.4240888467138825e-6
0.682	-2.4202886489332688e-6
0.6825	-2.416488438055694e-6
0.683	-2.412688209111569e-6
0.6835	-2.408887962214268e-6
0.684	-2.405087697477168e-6
0.6845	-2.401287415013659e-6
0.685	-2.3974871149370988e-6
0.6855	-2.3936867973609384e-6
0.686	-2.3898864623985468e-6
0.6865	-2.3860861101633348e-6
0.687	-2.3822857407687095e-6
0.6875	-2.378485354328089e-6
0.6880000000000001	-2.374684950954891e-6
0.6885	-2.370884530762545e-6
0.6890000000000001	-2.3670840938644805e-6
0.6895	-2.363283640374131e-6
0.6900000000000001	-2.3594831704049374e-6
0.6905	-2.3556826840703487e-6
0.6910000000000001	-2.351882181483815e-6
0.6915	-2.3480816627587893e-6
0.6920000000000001	-2.3442811280087324e-6
0.6925	-2.3404805773471133e-6
0.6930000000000001	-2.336680010887394e-6
0.6935	-2.332879428743054e-6
0.6940000000000001	-2.329078831027571e-6
0.6945	-2.3252782178544344e-6
0.6950000000000001	-2.3214775893371225e-6
0.6955	-2.317676945589136e-6
0.6960000000000001	-2.3138763461022694e-6
0.6965	-2.3100757315196114e-6
0.6970000000000001	-2.3062751011159847e-6
0.6975	-2.3024744545376676e-6
0.6980000000000001	-2.2986737914309196e-6
0.6985	-2.2948731114419947e-6
0.6990000000000001	-2.29107241421711e-6
0.6995	-2.2872716994024872e-6
0.7000000000000001	-2.2834709666443275e-6
0.7005	-2.2796702155888073e-6
0.7010000000000001	-2.275869445882093e-6
0.7015	-2.2720686571703323e-6
0.7020000000000001	-2.2682678490996557e-6
0.7025	-2.2644670213161735e-6
0.7030000000000001	-2.2606661734659793e-6
0.7035	-2.256865305195148e-6
0.704	-2.2530644161497344e-6
0.7045	-2.2492635059757738e-6
0.705	-2.2454625743192843e-6
0.7055	-2.241661620826263e-6
0.706	-2.2378606451426836e-6
0.7065	-2.234059646914501e-6
0.707	-2.230258625787655e-6
0.7075	-2.2264575814080547e-6
0.708	-2.222656513421591e-6
0.7085	-2.2188554214741373e-6
0.709	-2.2150543052115367e-6
0.7095	-2.211253017376194e-6
0.71	-2.207451322137717e-6
0.7105	-2.203649606806384e-6
0.711	-2.199847875175409e-6
0.7115	-2.1960461310381817e-6
0.712	-2.1922443781881787e-6
0.7125	-2.1884426204189998e-6
0.713	-2.184640861524291e-6
0.7135	-2.1808391052976946e-6
0.714	-2.1770373555328402e-6
0.7145	-2.1732356160232835e-6
0.715	-2.169433890562482e-6
0.7155	-2.1656321829437545e-6
0.716	-2.161830496960239e-6
0.7165	-2.1580288364048605e-6
0.717	-2.1542272050702846e-6
0.7175	-2.150425606748893e-6
0.718	-2.146624045232734e-6
0.7185	-2.142822524313489e-6
0.719	-2.1390210477824374e-6
0.7195	-2.135219619430411e-6
0.72	-2.1314182430477615e-6
0.7205	-2.1276169224243266e-6
0.721	-2.1238156613493882e-6
0.7215	-2.1200144636116286e-6
0.722	-2.1162133329990998e-6
0.7225	-2.11241227329919e-6
0.723	-2.108611288298572e-6
0.7235	-2.1048113871546124e-6
0.724	-2.101012334768238e-6
0.7245	-2.097213346585129e-6
0.725	-2.093414412501001e-6
0.7255	-2.089615522412803e-6
0.726	-2.085816666218643e-6
0.7265	-2.08201783381752e-6
0.727	-2.078219015109072e-6
0.7275	-2.0744201999932894e-6
0.728	-2.0706213783702597e-6
0.7285	-2.066822540139887e-6
0.729	-2.0630236752016345e-6
0.7295	-2.0592247734542503e-6
0.73	-2.055425824795495e-6
0.7305	-2.051626819121879e-6
0.731	-2.047827746328388e-6
0.7315	-2.044028596308222e-6
0.732	-2.0402293589525215e-6
0.7325	-2.0364300241500944e-6
0.733	-2.0326305817871605e-6
0.7335	-2.0288310217470675e-6
0.734	-2.0250313339100337e-6
0.7345	-2.0212315081528714e-6
0.735	-2.017431534348725e-6
0.7355	-2.0136314023667922e-6
0.736	-2.0098311020720683e-6
0.7365	-2.0060306233250635e-6
0.737	-2.002229955981546e-6
0.7375	-1.9984269051742443e-6
0.738	-1.994623235774092e-6
0.7385	-1.99081938442976e-6
0.739	-1.9870153614216364e-6
0.7395	-1.9832111770347513e-6
0.74	-1.97940684155851e-6
0.7405	-1.9756023652864125e-6
0.741	-1.9717977585157715e-6
0.7415	-1.9679930315474525e-6
0.742	-1.964188194685581e-6
0.7425	-1.9603832582372717e-6
0.743	-1.956578232512353e-6
0.7435	-1.9527731278230905e-6
0.744	-1.9489679544838992e-6
0.7445	-1.9451627228110727e-6
0.745	-1.94135744312251e-6
0.7455	-1.937552125737416e-6
0.746	-1.933746780976052e-6
0.7465	-1.929941419159421e-6
0.747	-1.9261360506090177e-6
0.7475	-1.9223306856465284e-6
0.748	-1.91852533459356e-6
0.7485	-1.91472000777135e-6
0.749	-1.9109147155004956e-6
0.7495	-1.9071094681006575e-6
0.75	-1.9033042758902922e-6
0.7505000000000001	-1.899499149186356e-6
0.751	-1.8956943614850503e-6
0.7515000000000001	-1.8918911569116545e-6
0.752	-1.8880880328024453e-6
0.7525000000000001	-1.8842849856656819e-6
0.753	-1.880482012010337e-6
0.7535000000000001	-1.8766791083460547e-6
0.754	-1.8728762711831235e-6
0.7545000000000001	-1.8690734970324406e-6
0.755	-1.8652707824054809e-6
0.7555000000000001	-1.8614681238142623e-6
0.756	-1.8576655177713154e-6
0.7565000000000001	-1.8538629607896556e-6
0.757	-1.8500604493827387e-6
0.7575000000000001	-1.8462579800644398e-6
0.758	-1.8424555493490207e-6
0.7585000000000001	-1.8386531537510839e-6
0.759	-1.8348507897855651e-6
0.7595000000000001	-1.831048453967672e-6
0.76	-1.8272461428128822e-6
0.7605000000000001	-1.8234438528368821e-6
0.761	-1.8196415805555568e-6
0.7615000000000001	-1.8158393224849486e-6
0.762	-1.8120370751412323e-6
0.7625000000000001	-1.808234835040665e-6
0.763	-1.804432598699582e-6
0.7635000000000001	-1.8006303626343436e-6
0.764	-1.7968281233604538e-6
0.7645000000000001	-1.793025877395497e-6
0.765	-1.7892234011073799e-6
0.7655000000000001	-1.785420637860162e-6
0.766	-1.7816178630576303e-6
0.7665000000000001	-1.777815077087195e-6
0.767	-1.774012280336276e-6
0.7675000000000001	-1.7702094731923048e-6
0.768	-1.7664066560427196e-6
0.7685	-1.7626038292749745e-6
0.769	-1.7588009932765297e-6
0.7695	-1.7549981484348563e-6
0.77	-1.7511952951374337e-6
0.7705	-1.7473924337717482e-6
0.771	-1.743589564725301e-6
0.7715	-1.739786688385592e-6
0.772	-1.7359838051401352e-6
0.7725	-1.7321809153764503e-6
0.773	-1.7283780194820603e-6
0.7735	-1.7245751178444984e-6
0.774	-1.7207722108513032e-6
0.7745	-1.7169692988900176e-6
0.775	-1.7131663823481873e-6
0.7755	-1.709363461613368e-6
0.776	-1.705560537073119e-6
0.7765	-1.7017576091149955e-6
0.777	-1.6979546781265472e-6
0.7775	-1.6941517444953824e-6
0.778	-1.6903488086090499e-6
0.7785	-1.686545870855123e-6
0.779	-1.6827429785577463e-6
0.7795	-1.6789401011008808e-6
0.78	-1.6751372220772513e-6
0.7805	-1.6713343413797286e-6
0.781	-1.6675314589011792e-6
0.7815	-1.663728574534469e-6
0.782	-1.6599256881724553e-6
0.7825	-1.656122799708009e-6
0.783	-1.6523199090339907e-6
0.7835	-1.6485170160432633e-6
0.784	-1.644714120628689e-6
0.7845	-1.640911222683132e-6
0.785	-1.6371083220994473e-6
0.7855	-1.6333054187705008e-6
0.786	-1.6295025125891474e-6
0.7865	-1.6256996034482478e-6
0.787	-1.6218966912406571e-6
0.7875	-1.6180937758592355e-6
0.788	-1.6142908571968356e-6
0.7885	-1.6104879351463167e-6
0.789	-1.6066850096005256e-6
0.7895	-1.6028820804523219e-6
0.79	-1.5990791475945523e-6
0.7905	-1.5952762109200723e-6
0.791	-1.5914732703217274e-6
0.7915	-1.5876703256923714e-6
0.792	-1.583867376924845e-6
0.7925	-1.5800643858634084e-6
0.793	-1.5762604888606074e-6
0.7935	-1.5724565950556962e-6
0.794	-1.5686527117044758e-6
0.7945	-1.5648488460625606e-6
0.795	-1.561045005385224e-6
0.7955	-1.55724119692726e-6
0.796	-1.5534374279428503e-6
0.7965	-1.5496337056854275e-6
0.797	-1.5458300374075297e-6
0.7975	-1.5420264303606655e-6
0.798	-1.5382228917951772e-6
0.7985	-1.5344194289601085e-6
0.799	-1.530616049103047e-6
0.7995	-1.5268127594700094e-6
0.8	-1.5230095673052888e-6
0.8005	-1.5192064798513252e-6
0.801	-1.5154035043485563e-6
0.8015	-1.5116006480352947e-6
0.802	-1.5077979181475765e-6
0.8025	-1.5039953219190365e-6
0.803	-1.5001928665807571e-6
0.8035	-1.496390559360792e-6
0.804	-1.4925884074850942e-6
0.8045	-1.488786418176213e-6
0.805	-1.4849845986536799e-6
0.8055	-1.481182956133803e-6
0.806	-1.4773814978295247e-6
0.8065	-1.4735813888859607e-6
0.807	-1.4697837221528502e-6
0.8075	-1.4659862250950849e-6
0.808	-1.4621888783232969e-6
0.8085	-1.4583916624557746e-6
0.809	-1.454594558117479e-6
0.8095	-1.4507975459390542e-6
0.81	-1.447000606555814e-6
0.8105	-1.443203720606781e-6
0.811	-1.439406868733669e-6
0.8115	-1.4356100315799174e-6
0.812	-1.4318131897896798e-6
0.8125	-1.428016324006863e-6
0.8130000000000001	-1.424219414874113e-6
0.8135	-1.4204224430318467e-6
0.8140000000000001	-1.4166253891172592e-6
0.8145	-1.4128282337633377e-6
0.8150000000000001	-1.409030957597881e-6
0.8155	-1.4052335412425004e-6
0.8160000000000001	-1.401435965311657e-6
0.8165	-1.397638210368369e-6
0.8170000000000001	-1.393840257093091e-6
0.8175	-1.3900420860340272e-6
0.8180000000000001	-1.3862436777673406e-6
0.8185	-1.382445012857073e-6
0.8190000000000001	-1.3786460718541382e-6
0.8195	-1.3748468352953387e-6
0.8200000000000001	-1.3710472837023436e-6
0.8205	-1.367244279179417e-6
0.8210000000000001	-1.363438853132562e-6
0.8215	-1.3596331172782732e-6
0.8220000000000001	-1.3558270928787632e-6
0.8225	-1.3520208012123983e-6
0.8230000000000001	-1.3482142635725244e-6
0.8235	-1.3444075012662995e-6
0.8240000000000001	-1.3406005356135035e-6
0.8245	-1.3367933879453643e-6
0.8250000000000001	-1.3329860796033689e-6
0.8255	-1.3291786319380822e-6
0.8260000000000001	-1.3253710663079476e-6
0.8265	-1.3215634040781047e-6
0.8270000000000001	-1.3177556666191885e-6
0.8275	-1.3139478753061359e-6
0.8280000000000001	-1.3101400515169782e-6
0.8285	-1.3063322166316516e-6
0.8290000000000001	-1.302524392030779e-6
0.8295	-1.2987165991234283e-6
0.8300000000000001	-1.2949088592429125e-6
0.8305	-1.2911011937805777e-6
0.8310000000000001	-1.2872936241071189e-6
0.8315	-1.2834861715878637e-6
0.8320000000000001	-1.279678857581567e-6
0.8325	-1.2758717034392134e-6
0.833	-1.2720647305028244e-6
0.8335	-1.2682579601042596e-6
0.834	-1.2644514135640267e-6
0.8345	-1.2606477791070915e-6
0.835	-1.2568445990797326e-6
0.8355	-1.2530416627653813e-6
0.836	-1.249238968897196e-6
0.8365	-1.245436516209127e-6
0.837	-1.2416343034359246e-6
0.8375	-1.2378323293131276e-6
0.838	-1.2340305925770628e-6
0.8385	-1.2302290919648295e-6
0.839	-1.2264278262143099e-6
0.8395	-1.222626794064149e-6
0.84	-1.2188259942537615e-6
0.8405	-1.2150254255233124e-6
0.841	-1.2112250866137244e-6
0.8415	-1.2074249762666676e-6
0.842	-1.2036250932245498e-6
0.8425	-1.1998254362745902e-6
0.843	-1.1960260040753361e-6
0.8435	-1.1922267954120914e-6
0.844	-1.1884278090301132e-6
0.8445	-1.1846290436753907e-6
0.845	-1.1808304980946262e-6
0.8455	-1.1770321710352347e-6
0.846	-1.1732340612453453e-6
0.8465	-1.1694361674737866e-6
0.847	-1.1656384884700946e-6
0.8475	-1.161841022984498e-6
0.848	-1.158043757699573e-6
0.8485	-1.1542466571062265e-6
0.849	-1.1504497668456819e-6
0.8495	-1.146653086126736e-6
0.85	-1.1428566141586055e-6
0.8505	-1.1390603501509362e-6
0.851	-1.1352642933137979e-6
0.8515	-1.1314684428576752e-6
0.852	-1.1276727979934844e-6
0.8525	-1.1238773579325518e-6
0.853	-1.1200821218866196e-6
0.8535	-1.1162870890678495e-6
0.854	-1.1124922586888148e-6
0.8545	-1.108697629962498e-6
0.855	-1.1049032021022938e-6
0.8555	-1.101108974322e-6
0.856	-1.0973149458355202e-6
0.8565	-1.0935211158580724e-6
0.857	-1.0897274836043732e-6
0.8575	-1.085934048289839e-6
0.858	-1.0821408091302863e-6
0.8585	-1.078347765341926e-6
0.859	-1.074554916141366e-6
0.8595	-1.0707622607456087e-6
0.86	-1.06696979837205e-6
0.8605	-1.063177528238473e-6
0.861	-1.0593854495630525e-6
0.8615	-1.0555935615643515e-6
0.862	-1.0518045403582238e-6
0.8625	-1.0480190621402725e-6
0.863	-1.0442337038358642e-6
0.8635	-1.0404484178708056e-6
0.864	-1.0366631566799529e-6
0.8645	-1.0328778727012182e-6
0.865	-1.029092518369577e-6
0.8655	-1.0253070461110692e-6
0.866	-1.0215214083368263e-6
0.8665	-1.0177355574370607e-6
0.867	-1.0139494457750733e-6
0.8675	-1.0101630256812522e-6
0.868	-1.006376249447064e-6
0.8685	-1.0025890693190303e-6
0.869	-9.988014373774676e-7
0.8695	-9.950133059799763e-7
0.87	-9.912246271014237e-7
0.8705	-9.874353527490477e-7
0.871	-9.836454348548128e-7
0.8715	-9.798548252692498e-7
0.872	-9.760634757552703e-7
0.8725	-9.722713379819559e-7
0.873	-9.684783635183144e-7
0.8735	-9.64684503826982e-7
0.874	-9.608897102579168e-7
0.8745	-9.570939340420231e-7
0.875	-9.532971262847532e-7
0.8755000000000001	-9.494992379596551e-7
0.876	-9.456907135401979e-7
0.8765000000000001	-9.418757194295776e-7
0.877	-9.38059674903734e-7
0.8775000000000001	-9.342426476235235e-7
0.878	-9.304247054252913e-7
0.8785000000000001	-9.266059163092216e-7
0.879	-9.227863484275955e-7
0.8795000000000001	-9.189660700729606e-7
0.88	-9.151451496662288e-7
0.8805000000000001	-9.113236557446776e-7
0.881	-9.075016569498625e-7
0.8815000000000001	-9.036792220154821e-7
0.882	-8.998564191401282e-7
0.8825000000000001	-8.960333185378692e-7
0.883	-8.922099884541524e-7
0.8835000000000001	-8.88386497862508e-7
0.884	-8.845629157654575e-7
0.8845000000000001	-8.807393111820654e-7
0.885	-8.769157531354878e-7
0.8855000000000001	-8.730923106404957e-7
0.886	-8.692690526910371e-7
0.8865000000000001	-8.654460482477808e-7
0.887	-8.616233662256959e-7
0.8875000000000001	-8.578010754816402e-7
0.888	-8.539792448019862e-7
0.8885000000000001	-8.501579428902876e-7
0.889	-8.463372383549689e-7
0.8895000000000001	-8.425181256226655e-7
0.89	-8.387121002270722e-7
0.8905000000000001	-8.349067577735398e-7
0.891	-8.311020618963133e-7
0.8915000000000001	-8.272979762911925e-7
0.892	-8.234944647119503e-7
0.8925000000000001	-8.196914909667095e-7
0.893	-8.158890189143853e-7
0.8935000000000001	-8.1208701246113e-7
0.894	-8.082854355567904e-7
0.8945000000000001	-8.044842521913989e-7
0.895	-8.006834267476907e-7
0.8955000000000001	-7.968829225719937e-7
0.896	-7.930827040989227e-7
0.8965	-7.892827354451357e-7
0.897	-7.854829807508501e-7
0.8975	-7.816834041764607e-7
0.898	-7.778839698991469e-7
0.8985	-7.740846421094942e-7
0.899	-7.702853850081181e-7
0.8995	-7.664861628022946e-7
0.9	-7.62686939702583e-7
0.9005	-7.588876799194506e-7
0.901	-7.550883476599139e-7
0.9015	-7.512889071241539e-7
0.902	-7.474893225021435e-7
0.9025	-7.436895579702792e-7
0.903	-7.398895776879894e-7
0.9035	-7.360874447057301e-7
0.904	-7.322815723587749e-7
0.9045	-7.284754322013476e-7
0.905	-7.246690302478992e-7
0.9055	-7.208623725170218e-7
0.906	-7.170554650313603e-7
0.9065	-7.132483138175273e-7
0.907	-7.094409249059982e-7
0.9075	-7.056333043310345e-7
0.908	-7.018254581305819e-7
0.9085	-6.980173923143001e-7
0.909	-6.942091129875777e-7
0.9095	-6.904006261709698e-7
0.91	-6.865919379163657e-7
0.9105	-6.827830542788658e-7
0.911	-6.789739813166822e-7
0.9115	-6.751647250910504e-7
0.912	-6.713552916661249e-7
0.9125	-6.675456871088954e-7
0.913	-6.637359174890669e-7
0.9135	-6.599259888789991e-7
0.914	-6.56115907353573e-7
0.9145	-6.523056789901271e-7
0.915	-6.484953098683316e-7
0.9155	-6.446848060701178e-7
0.916	-6.408741736795631e-7
0.9165	-6.370634187828011e-7
0.917	-6.33252547467924e-7
0.9175	-6.2944230153245e-7
0.918	-6.256322698593801e-7
0.9185	-6.218221260245624e-7
0.919	-6.180118677922371e-7
0.9195	-6.142014929259764e-7
0.92	-6.103909991886674e-7
0.9205	-6.065803843425024e-7
0.921	-6.027696461489608e-7
0.9215	-5.989587823687403e-7
0.922	-5.951477907619373e-7
0.9225	-5.913366690878056e-7
0.923	-5.875254151048612e-7
0.9235	-5.837140265708355e-7
0.924	-5.79902501242677e-7
0.9245	-5.760908368765309e-7
0.925	-5.722790312277238e-7
0.9255	-5.684670820507579e-7
0.926	-5.646549870992857e-7
0.9265	-5.608427441261119e-7
0.927	-5.570303508831634e-7
0.9275	-5.532178051214907e-7
0.928	-5.494051045912471e-7
0.9285	-5.455922470416732e-7
0.929	-5.417792302210895e-7
0.9295	-5.379660518768793e-7
0.93	-5.341527097554726e-7
0.9305	-5.30339201602343e-7
0.931	-5.265254137711901e-7
0.9315	-5.227095833901931e-7
0.932	-5.188935964616311e-7
0.9325	-5.15077466375955e-7
0.933	-5.112612065286415e-7
0.9335	-5.074448303197303e-7
0.934	-5.036283511533456e-7
0.9345	-4.998117824364889e-7
0.935	-4.959951375815455e-7
0.9355	-4.921784300013971e-7
0.936	-4.883616731118187e-7
0.9365	-4.845448803303303e-7
0.937	-4.807280650757056e-7
0.9375	-4.769112407675183e-7
0.9380000000000001	-4.730944208256463e-7
0.9385	-4.692776186698264e-7
0.9390000000000001	-4.6546084771916426e-7
0.9395	-4.6164412139166953e-7
0.9400000000000001	-4.578274531037835e-7
0.9405	-4.5401085626991013e-7
0.9410000000000001	-4.5019434430193396e-7
0.9415	-4.463779306087642e-7
0.9420000000000001	-4.4256162859585135e-7
0.9425	-4.387454516647311e-7
0.9430000000000001	-4.349294132125355e-7
0.9435	-4.31113526631538e-7
0.9440000000000001	-4.272978053086762e-7
0.9445	-4.234822626250941e-7
0.9450000000000001	-4.196687769674453e-7
0.9455	-4.158577421823193e-7
0.9460000000000001	-4.1204687842014204e-7
0.9465	-4.082361666337104e-7
0.9470000000000001	-4.044255877834109e-7
0.9475	-4.0061512283826715e-7
0.9480000000000001	-3.9680475276708107e-7
0.9485	-3.9299445854892965e-7
0.9490000000000001	-3.8918422116496364e-7
0.9495	-3.8537402159918406e-7
0.9500000000000001	-3.815638408374632e-7
0.9505	-3.777536598666235e-7
0.9510000000000001	-3.7394345967347264e-7
0.9515	-3.701332212438598e-7
0.9520000000000001	-3.66322925561723e-7
0.9525	-3.6251255360814766e-7
0.9530000000000001	-3.587020863604093e-7
0.9535	-3.5489150479102504e-7
0.9540000000000001	-3.510807898668095e-7
0.9545	-3.4726992254791093e-7
0.9550000000000001	-3.434588837868675e-7
0.9555	-3.396476545276586e-7
0.9560000000000001	-3.358362157047351e-7
0.9565	-3.3202454824207223e-7
0.9570000000000001	-3.282126330522125e-7
0.9575	-3.244004510353083e-7
0.9580000000000001	-3.205879830781527e-7
0.9585	-3.167752100532241e-7
0.9590000000000001	-3.1295866679087503e-7
0.9595	-3.091409874992227e-7
0.96	-3.0532300530743985e-7
0.9605	-3.015047346579643e-7
0.961	-2.976861899995782e-7
0.9615	-2.9386738580387176e-7
0.962	-2.9004833654129575e-7
0.9625	-2.862290566948581e-7
0.963	-2.824095607563355e-7
0.9635	-2.785898632257074e-7
0.964	-2.747699786106268e-7
0.9645	-2.709499214258487e-7
0.965	-2.671297061927027e-7
0.9655	-2.633093474385245e-7
0.966	-2.5948885969611475e-7
0.9665	-2.5566825750318394e-7
0.967	-2.518475554017984e-7
0.9675	-2.480267679378282e-7
0.968	-2.442059096603938e-7
0.9685	-2.4038499512131587e-7
0.969	-2.3656403887455702e-7
0.9695	-2.327430554756661e-7
0.97	-2.2892205948122927e-7
0.9705	-2.2510106544831026e-7
0.971	-2.212800879339019e-7
0.9715	-2.1745914149436268e-7
0.972	-2.1363824068486944e-7
0.9725	-2.0973767416845662e-7
0.973	-2.0560231563676485e-7
0.9735	-2.021756687015079e-7
0.974	-1.9747583709670253e-7
0.9745	-1.9347611860691828e-7
0.975	-1.895139016885387e-7
0.9755	-1.855858660877629e-7
0.976	-1.8168893054025102e-7
0.9765	-1.7782022113503232e-7
0.977	-1.7397704408401696e-7
0.9775	-1.7006561380615522e-7
0.978	-1.6627777393340752e-7
0.9785	-1.6250759671247044e-7
0.979	-1.5875283392010145e-7
0.9795	-1.550113447465695e-7
0.98	-1.51281080404709e-7
0.9805	-1.4756007002694075e-7
0.981	-1.4384640763516915e-7
0.9815	-1.4013823999373286e-7
0.982	-1.3643375517604455e-7
0.9825	-1.3273117169176438e-7
0.983	-1.2902872803403948e-7
0.9835	-1.2532467251572077e-7
0.984	-1.2161725327012663e-7
0.9845	-1.1790470829577911e-7
0.985	-1.1418525542604074e-7
0.9855	-1.1045708210352437e-7
0.986	-1.0671833483567202e-7
0.9865	-1.0296710820184665e-7
0.987	-9.922971713888695e-8
0.9875	-9.54289123344837e-8
0.988	-9.16091555494341e-8
0.9885	-8.777751128381698e-8
0.989	-8.39413717917888e-8
0.9895	-8.011850955884671e-8
0.99	-7.629971044195951e-8
0.9905	-7.24828268803818e-8
0.991	-6.86691802528165e-8
0.9915	-6.485654535248048e-8
0.992	-6.10445535182625e-8
0.9925	-5.723132805903456e-8
0.993	-5.3419497531544865e-8
0.9935	-4.961005075183726e-8
0.994	-4.5801322267666115e-8
0.9945	-4.199172210618533e-8
0.995	-3.817923177647393e-8
0.9955	-3.436463482228723e-8
0.996	-3.0547667690515856e-8
0.9965	-2.6727217578192043e-8
0.997	-2.290490715676393e-8
0.9975	-2.100820154792498e-8
0.998	-1.3214934198120821e-8
0.9985	-1.1209662816179869e-8
0.999	-8.365808726957324e-9
0.9995	-3.886519250833289e-9