0.	7.688059999321273e-6
0.0005	7.692015667663757e-6
0.001	7.69597128421409e-6
0.0015	7.699926919015803e-6
0.002	7.703882572269755e-6
0.0025	7.707838244176813e-6
0.003	7.711793934937834e-6
0.0035	7.715749644753682e-6
0.004	7.719705373825212e-6
0.0045000000000000005	7.723661122353288e-6
0.005	7.72761689053876e-6
0.0055	7.731572678582491e-6
0.006	7.73552848668533e-6
0.006500000000000001	7.739484315048132e-6
0.007	7.743440163871748e-6
0.0075	7.747396033357027e-6
0.008	7.751351923704815e-6
0.0085	7.755307835115962e-6
0.009000000000000001	7.759263767791313e-6
0.0095	7.763219721931711e-6
0.01	7.767175697737999e-6
0.0105	7.771131695411018e-6
0.011	7.775087715151605e-6
0.0115	7.779043757212956e-6
0.012	7.782999821684115e-6
0.0125	7.786955908825065e-6
0.013000000000000001	7.790912018836832e-6
0.0135	7.794868151920453e-6
0.014	7.798823707541691e-6
0.0145	7.80277912099411e-6
0.015	7.806734569720497e-6
0.0155	7.810690060451065e-6
0.016	7.81464559991677e-6
0.0165	7.818601194849419e-6
0.017	7.822556851981776e-6
0.0175	7.826512578047689e-6
0.018000000000000002	7.830468379782184e-6
0.0185	7.834424263921595e-6
0.019	7.83838023720366e-6
0.0195	7.842336306367648e-6
0.02	7.846292478154457e-6
0.0205	7.850248759306742e-6
0.021	7.854205156569021e-6
0.021500000000000002	7.858161676687788e-6
0.022	7.862118326411627e-6
0.0225	7.866075112491331e-6
0.023	7.870032041680011e-6
0.0235	7.873989120733211e-6
0.024	7.87794635640903e-6
0.0245	7.881903755541849e-6
0.025	7.885861324749462e-6
0.025500000000000002	7.889819070869536e-6
0.026000000000000002	7.893777000671444e-6
0.0265	7.897735120927699e-6
0.027	7.901693909844974e-6
0.0275	7.90565552239769e-6
0.028	7.909617315932093e-6
0.0285	7.913579270934773e-6
0.029	7.91754136788437e-6
0.029500000000000002	7.921503587252518e-6
0.03	7.925465909504812e-6
0.0305	7.929428315101771e-6
0.031	7.933390784499783e-6
0.0315	7.93735329815209e-6
0.032	7.941315836509726e-6
0.0325	7.9452783800225e-6
0.033	7.949240909139942e-6
0.0335	7.95320340431227e-6
0.034	7.957165845991358e-6
0.0345	7.961128214631688e-6
0.035	7.965090490691328e-6
0.035500000000000004	7.969052654632871e-6
0.036000000000000004	7.973014686924416e-6
0.0365	7.976976568040521e-6
0.037	7.980938278463163e-6
0.0375	7.984899798665891e-6
0.038	7.98886110918052e-6
0.0385	7.992822190501956e-6
0.039	7.996783023151504e-6
0.0395	8.000743587662674e-6
0.04	8.004703864582136e-6
0.0405	8.008661281031104e-6
0.041	8.01261640215609e-6
0.0415	8.016571238601813e-6
0.042	8.02052580941729e-6
0.0425	8.02448013363873e-6
0.043000000000000003	8.028434230290464e-6
0.043500000000000004	8.032388118385848e-6
0.044	8.036341816928194e-6
0.0445	8.040295344911675e-6
0.045	8.044248721322253e-6
0.0455	8.04820196513858e-6
0.046	8.052155095332917e-6
0.0465	8.056108130872056e-6
0.047	8.060061090718219e-6
0.0475	8.064013993829974e-6
0.048	8.067966859163155e-6
0.0485	8.07191970567176e-6
0.049	8.075872552308874e-6
0.0495	8.079825418027566e-6
0.05	8.083778321781825e-6
0.0505	8.087731282534831e-6
0.051000000000000004	8.091684319231602e-6
0.051500000000000004	8.095637450840129e-6
0.052000000000000005	8.099590696327118e-6
0.0525	8.103544074664741e-6
0.053	8.107497604831559e-6
0.0535	8.111451305813427e-6
0.054	8.11540790237134e-6
0.0545	8.119364936359333e-6
0.055	8.123322150671614e-6
0.0555	8.12727953928626e-6
0.056	8.131237096178694e-6
0.0565	8.135194815321763e-6
0.057	8.139152690685841e-6
0.0575	8.143110716238914e-6
0.058	8.147068885946677e-6
0.0585	8.151027193772621e-6
0.059000000000000004	8.154985633678133e-6
0.059500000000000004	8.158944199622573e-6
0.06	8.162902885563388e-6
0.0605	8.166861685456186e-6
0.061	8.170820593254833e-6
0.0615	8.174779602911553e-6
0.062	8.178738708377007e-6
0.0625	8.1826979036004e-6
0.063	8.186657182529562e-6
0.0635	8.190616539111043e-6
0.064	8.194575967249607e-6
0.0645	8.198535460974551e-6
0.065	8.20249501418507e-6
0.0655	8.206454620823416e-6
0.066	8.210414274831012e-6
0.0665	8.214373970148558e-6
0.067	8.21833350070525e-6
0.0675	8.222292601920768e-6
0.068	8.226251733546501e-6
0.0685	8.230210895122564e-6
0.069	8.234170086189046e-6
0.0695	8.238129306285997e-6
0.07	8.242088554953428e-6
0.07050000000000001	8.246047831731325e-6
0.07100000000000001	8.250007136159633e-6
0.07150000000000001	8.253966467778275e-6
0.07200000000000001	8.257925826127128e-6
0.0725	8.26188521074605e-6
0.073	8.265844621174865e-6
0.0735	8.269804056953363e-6
0.074	8.27376351762131e-6
0.0745	8.277723002718442e-6
0.075	8.281682511784466e-6
0.0755	8.285642044359064e-6
0.076	8.289601599981885e-6
0.0765	8.29356117819256e-6
0.077	8.297520778537495e-6
0.0775	8.301480400541395e-6
0.078	8.305440043751936e-6
0.0785	8.309399707708676e-6
0.079	8.313359391951137e-6
0.0795	8.31731909601882e-6
0.08	8.321278819451194e-6
0.0805	8.325238509252624e-6
0.081	8.329198194986215e-6
0.0815	8.333157899787627e-6
0.082	8.337117623836559e-6
0.0825	8.341077367312716e-6
0.083	8.345037130395816e-6
0.0835	8.348996913265582e-6
0.084	8.352956716101744e-6
0.0845	8.356916539084043e-6
0.085	8.360876382392227e-6
0.0855	8.364836246206052e-6
0.08600000000000001	8.368796130705284e-6
0.08650000000000001	8.372756036069699e-6
0.08700000000000001	8.376715962479072e-6
0.08750000000000001	8.3806759101132e-6
0.088	8.384635879151881e-6
0.0885	8.388595869774922e-6
0.089	8.392555882162145e-6
0.0895	8.396515916493372e-6
0.09	8.400475972946137e-6
0.0905	8.404436051704459e-6
0.091	8.408396152946352e-6
0.0915	8.412356276851696e-6
0.092	8.416316423600375e-6
0.0925	8.420276593372291e-6
0.093	8.424236786347351e-6
0.0935	8.428196987280676e-6
0.094	8.432157060900735e-6
0.0945	8.436117159803969e-6
0.095	8.4400772855829e-6
0.0955	8.44403743983016e-6
0.096	8.447997624138493e-6
0.0965	8.45195784010076e-6
0.097	8.455918089309959e-6
0.0975	8.459878373359211e-6
0.098	8.463838693841785e-6
0.0985	8.467799052351094e-6
0.099	8.471759450480704e-6
0.0995	8.47571988982434e-6
0.1	8.47968037197589e-6
0.1005	8.48364089852942e-6
0.101	8.487601471079167e-6
0.1015	8.49156209121956e-6
0.10200000000000001	8.495522760545214e-6
0.10250000000000001	8.499483480650944e-6
0.10300000000000001	8.503444253137356e-6
0.10350000000000001	8.507405079588565e-6
0.10400000000000001	8.511365961605485e-6
0.1045	8.515326900783782e-6
0.105	8.519287898719353e-6
0.1055	8.52324895700833e-6
0.106	8.527210077247087e-6
0.1065	8.531171261032249e-6
0.107	8.535132886482361e-6
0.1075	8.53909496217393e-6
0.108	8.54305709656478e-6
0.1085	8.54701928477149e-6
0.109	8.55098152190997e-6
0.1095	8.554943803095535e-6
0.11	8.558906123442957e-6
0.1105	8.56286847806651e-6
0.111	8.56683086208006e-6
0.1115	8.570793270597106e-6
0.112	8.574755698730839e-6
0.1125	8.578718141594214e-6
0.113	8.582680594300002e-6
0.1135	8.58664305196085e-6
0.114	8.59060550968934e-6
0.1145	8.594567962598064e-6
0.115	8.598530405799663e-6
0.1155	8.602492834406897e-6
0.116	8.606455243532708e-6
0.1165	8.610417628289812e-6
0.117	8.61437998379255e-6
0.11750000000000001	8.618342305154377e-6
0.11800000000000001	8.622304587489556e-6
0.11850000000000001	8.62626682591283e-6
0.11900000000000001	8.630229015539484e-6
0.11950000000000001	8.634191151485402e-6
0.12	8.638153228867126e-6
0.1205	8.64211419342693e-6
0.121	8.646074989478363e-6
0.1215	8.65003573112611e-6
0.122	8.653996423325764e-6
0.1225	8.657957071032301e-6
0.123	8.661917679200139e-6
0.1235	8.665878252783198e-6
0.124	8.669838796734969e-6
0.1245	8.673799316008566e-6
0.125	8.677759815556796e-6
0.1255	8.681720300332225e-6
0.126	8.685680775287221e-6
0.1265	8.68964124537404e-6
0.127	8.693601715544869e-6
0.1275	8.697562190751902e-6
0.128	8.701522675947386e-6
0.1285	8.705483176083701e-6
0.129	8.70944369611341e-6
0.1295	8.713404240988464e-6
0.13	8.717364815663592e-6
0.1305	8.721325425091561e-6
0.131	8.7252860742263e-6
0.1315	8.729246768022234e-6
0.132	8.733207511434349e-6
0.1325	8.737168309418248e-6
0.133	8.741129166930222e-6
0.1335	8.74509033054342e-6
0.134	8.749052106627825e-6
0.1345	8.753013948427719e-6
0.135	8.756975854224722e-6
0.1355	8.760937822300182e-6
0.136	8.764899850935178e-6
0.1365	8.76886193841052e-6
0.137	8.772824083006765e-6
0.1375	8.776786283004227e-6
0.138	8.78074853668297e-6
0.1385	8.784710842322832e-6
0.139	8.788673198203422e-6
0.1395	8.79263560260413e-6
0.14	8.79659805380414e-6
0.1405	8.800560550082424e-6
0.14100000000000001	8.80452308971777e-6
0.14150000000000001	8.808485670988765e-6
0.14200000000000002	8.812448292173824e-6
0.14250000000000002	8.816410951552249e-6
0.14300000000000002	8.820373647399905e-6
0.14350000000000002	8.824336377995844e-6
0.14400000000000002	8.828299141617826e-6
0.1445	8.832261936543474e-6
0.145	8.83622476105027e-6
0.1455	8.84018761341557e-6
0.146	8.84415049191661e-6
0.1465	8.848113394830507e-6
0.147	8.852076182082821e-6
0.1475	8.85603893771485e-6
0.148	8.860001715395092e-6
0.1485	8.86396451503258e-6
0.149	8.867927336536347e-6
0.1495	8.87189017981541e-6
0.15	8.875853044778789e-6
0.1505	8.879815931335499e-6
0.151	8.883778839394544e-6
0.1515	8.887741768864929e-6
0.152	8.891704719655654e-6
0.1525	8.895667691675709e-6
0.153	8.899630684834082e-6
0.1535	8.903593699039757e-6
0.154	8.907556734201715e-6
0.1545	8.911519790228925e-6
0.155	8.91548286703036e-6
0.1555	8.919445964514917e-6
0.156	8.923409082591687e-6
0.1565	8.927372221169563e-6
0.157	8.931335380157485e-6
0.1575	8.935298559464406e-6
0.158	8.939261758999266e-6
0.1585	8.943224978670997e-6
0.159	8.947188218388533e-6
0.1595	8.9511514780608e-6
0.16	8.955114753936025e-6
0.1605	8.95907802667849e-6
0.161	8.9630413193592e-6
0.1615	8.967004632113146e-6
0.162	8.970967965075326e-6
0.1625	8.974931318380743e-6
0.163	8.97889469216441e-6
0.1635	8.982858086561345e-6
0.164	8.986821501706575e-6
0.1645	8.990784937735134e-6
0.165	8.994748394782062e-6
0.1655	8.998711872982407e-6
0.166	9.002675372471218e-6
0.1665	9.006638893383563e-6
0.167	9.010602435854507e-6
0.1675	9.014566000019126e-6
0.168	9.018529586012509e-6
0.1685	9.02249319396974e-6
0.169	9.026456824025515e-6
0.1695	9.030420476315758e-6
0.17	9.034384150975177e-6
0.1705	9.038347848138887e-6
0.171	9.042311567942025e-6
0.1715	9.04627531051972e-6
0.17200000000000001	9.050239076007124e-6
0.17250000000000001	9.054202864539383e-6
0.17300000000000001	9.05816667625166e-6
0.17350000000000002	9.062130541887125e-6
0.17400000000000002	9.066094454936334e-6
0.17450000000000002	9.070058390845977e-6
0.17500000000000002	9.07402234928526e-6
0.17550000000000002	9.077986329923368e-6
0.176	9.081950332429465e-6
0.1765	9.085914356472703e-6
0.177	9.089878401722208e-6
0.1775	9.093842467847094e-6
0.178	9.097806554516456e-6
0.1785	9.101770661399373e-6
0.179	9.105734788164902e-6
0.1795	9.109698934482094e-6
0.18	9.113663100019972e-6
0.1805	9.11762728444755e-6
0.181	9.121591487433822e-6
0.1815	9.125555708647769e-6
0.182	9.129519947758937e-6
0.1825	9.133484204435098e-6
0.183	9.13744847834578e-6
0.1835	9.141412769159906e-6
0.184	9.145377076546385e-6
0.1845	9.149341400174112e-6
0.185	9.153305739711967e-6
0.1855	9.15727009482881e-6
0.186	9.161234465193503e-6
0.1865	9.165198850474882e-6
0.187	9.169163183183513e-6
0.1875	9.173127529567066e-6
0.188	9.17709189102561e-6
0.1885	9.181056267809162e-6
0.189	9.185020660167742e-6
0.1895	9.188985068351385e-6
0.19	9.192949492610139e-6
0.1905	9.196913933194052e-6
0.191	9.200878390353196e-6
0.1915	9.204842864337641e-6
0.192	9.208807355397477e-6
0.1925	9.212771863782797e-6
0.193	9.216736389743708e-6
0.1935	9.22070093353033e-6
0.194	9.224665495392795e-6
0.1945	9.228630075581243e-6
0.195	9.232594674343679e-6
0.1955	9.236559291934557e-6
0.196	9.240523928601932e-6
0.1965	9.244488584595996e-6
0.197	9.248453260166942e-6
0.1975	9.252417955564994e-6
0.198	9.256382671040369e-6
0.1985	9.260347406843313e-6
0.199	9.264312163224072e-6
0.1995	9.268276940432914e-6
0.2	9.272241741885253e-6
0.2005	9.276206569179797e-6
0.201	9.280171417960998e-6
0.2015	9.284136288413661e-6
0.202	9.288101180722598e-6
0.2025	9.29206609507263e-6
0.203	9.29603103164859e-6
0.20350000000000001	9.299995990635322e-6
0.20400000000000001	9.303960972217673e-6
0.20450000000000002	9.307925976580514e-6
0.20500000000000002	9.311891003908713e-6
0.20550000000000002	9.315856054387157e-6
0.20600000000000002	9.319821128200743e-6
0.20650000000000002	9.323786225534374e-6
0.20700000000000002	9.32775134657297e-6
0.20750000000000002	9.331716491501457e-6
0.20800000000000002	9.335681660507675e-6
0.2085	9.339646853770685e-6
0.209	9.343612071478413e-6
0.2095	9.347577313815836e-6
0.21	9.35154258096794e-6
0.2105	9.355507873119718e-6
0.211	9.359473190456185e-6
0.2115	9.363438533162356e-6
0.212	9.367403901423267e-6
0.2125	9.371369295423962e-6
0.213	9.375334715349496e-6
0.2135	9.379300194092641e-6
0.214	9.383265704996775e-6
0.2145	9.387231241772819e-6
0.215	9.391196804275264e-6
0.2155	9.395162392358587e-6
0.216	9.399128005877258e-6
0.2165	9.403093644685738e-6
0.217	9.407059308638482e-6
0.2175	9.41102499758993e-6
0.218	9.414990711394517e-6
0.2185	9.418956449906661e-6
0.219	9.42292221298078e-6
0.2195	9.426888000471279e-6
0.22	9.430853812232557e-6
0.2205	9.434819648119e-6
0.221	9.438785507984985e-6
0.2215	9.442751391683447e-6
0.222	9.446717299071649e-6
0.2225	9.450683230002492e-6
0.223	9.454649184330317e-6
0.2235	9.458615161909459e-6
0.224	9.462581162594247e-6
0.2245	9.466547186238996e-6
0.225	9.470513232698019e-6
0.2255	9.474479301825616e-6
0.226	9.47844539347608e-6
0.2265	9.482411489719706e-6
0.227	9.486377562174493e-6
0.2275	9.49034365740934e-6
0.228	9.494309775822733e-6
0.2285	9.498275917813184e-6
0.229	9.502242083779221e-6
0.2295	9.506208274119402e-6
0.23	9.510174489232307e-6
0.2305	9.514140729516538e-6
0.231	9.51810699537073e-6
0.2315	9.522073287193534e-6
0.232	9.526039605383634e-6
0.2325	9.530005950339739e-6
0.233	9.533972322460583e-6
0.2335	9.53793872214493e-6
0.234	9.541905149791571e-6
0.23450000000000001	9.545871605799968e-6
0.23500000000000001	9.54983809056767e-6
0.23550000000000001	9.553804604494203e-6
0.23600000000000002	9.557771147978466e-6
0.23650000000000002	9.561737721419398e-6
0.23700000000000002	9.565704325215959e-6
0.23750000000000002	9.56967095976715e-6
0.23800000000000002	9.573637625471992e-6
0.23850000000000002	9.577604322729548e-6
0.23900000000000002	9.581571051938904e-6
0.23950000000000002	9.58553781349918e-6
0.24	9.589504738675105e-6
0.2405	9.593471747357232e-6
0.241	9.5974387869259e-6
0.2415	9.601405856227993e-6
0.242	9.605372954110298e-6
0.2425	9.609340079419531e-6
0.243	9.613307231002318e-6
0.2435	9.617274407705215e-6
0.244	9.621241608374702e-6
0.2445	9.625208831857187e-6
0.245	9.62917607699902e-6
0.2455	9.633143342646476e-6
0.246	9.637110627645781e-6
0.2465	9.641077930843097e-6
0.247	9.64504525108454e-6
0.2475	9.649012587215867e-6
0.248	9.652979938083729e-6
0.2485	9.656947302533771e-6
0.249	9.660914679411926e-6
0.2495	9.664882067564093e-6
0.25	9.668849465836134e-6
0.2505	9.672816873073883e-6
0.251	9.676784288123154e-6
0.2515	9.680751709829729e-6
0.252	9.684719137039376e-6
0.2525	9.688686568597847e-6
0.253	9.692653963536455e-6
0.2535	9.6966211575083e-6
0.254	9.700588354775442e-6
0.2545	9.704555556254502e-6
0.255	9.708522762862095e-6
0.2555	9.71248997551486e-6
0.256	9.71645719512944e-6
0.2565	9.720424422622501e-6
0.257	9.724391658910728e-6
0.2575	9.728358904910817e-6
0.258	9.732326161539498e-6
0.2585	9.73629342971352e-6
0.259	9.740260710349657e-6
0.2595	9.744228004364716e-6
0.26	9.74819531267553e-6
0.2605	9.752162636199747e-6
0.261	9.756129975852734e-6
0.2615	9.76009733255218e-6
0.262	9.764064707215069e-6
0.2625	9.768032100758418e-6
0.263	9.771999514099291e-6
0.2635	9.775966948154805e-6
0.264	9.77993440384211e-6
0.2645	9.783901882078421e-6
0.265	9.787869383780996e-6
0.2655	9.791836909867147e-6
0.266	9.795804461254252e-6
0.2665	9.799772132221749e-6
0.267	9.803739889303033e-6
0.2675	9.807707672341987e-6
0.268	9.811675480952293e-6
0.2685	9.815643314747606e-6
0.269	9.819611173341559e-6
0.2695	9.823579056347765e-6
0.27	9.827546963379805e-6
0.2705	9.831514894051245e-6
0.271	9.835482847975622e-6
0.2715	9.839450824766453e-6
0.272	9.843418824037228e-6
0.2725	9.847386845401425e-6
0.273	9.851354888472492e-6
0.2735	9.855322952863858e-6
0.274	9.859291038186411e-6
0.2745	9.863259144058643e-6
0.275	9.867227270091365e-6
0.2755	9.871195415897921e-6
0.276	9.875163581091641e-6
0.2765	9.879131765285836e-6
0.277	9.883099968093792e-6
0.2775	9.887068189128787e-6
0.278	9.891036428004074e-6
0.2785	9.895004684332885e-6
0.279	9.898972957728447e-6
0.2795	9.902941244647523e-6
0.28	9.906909499040333e-6
0.2805	9.910877769808946e-6
0.281	9.914846057009787e-6
0.28150000000000003	9.918814360699293e-6
0.28200000000000003	9.922782680933898e-6
0.28250000000000003	9.926751017770035e-6
0.28300000000000003	9.930719371264146e-6
0.28350000000000003	9.934687741472672e-6
0.28400000000000003	9.938656128452058e-6
0.28450000000000003	9.942624532258749e-6
0.28500000000000003	9.94659295294919e-6
0.28550000000000003	9.950561390579836e-6
0.28600000000000003	9.95452984520714e-6
0.28650000000000003	9.958498316887552e-6
0.28700000000000003	9.962466805679722e-6
0.28750000000000003	9.966435311635604e-6
0.28800000000000003	9.970403834813965e-6
0.2885	9.974372375271275e-6
0.289	9.978340933064007e-6
0.2895	9.982309508248626e-6
0.29	9.986278100881608e-6
0.2905	9.990246711019433e-6
0.291	9.994215338718578e-6
0.2915	9.998183984035523e-6
0.292	0.000010002152647026751
0.2925	0.00001000612132774875
0.293	0.000010010090050123078
0.2935	0.00001001405881266855
0.294	0.00001001802759251635
0.2945	0.000010021996389327727
0.295	0.000010025965202763907
0.2955	0.000010029934032486107
0.296	0.000010033902878155527
0.2965	0.00001003787173943336
0.297	0.00001004184061598077
0.2975	0.00001004580950745893
0.298	0.00001004977841352898
0.2985	0.000010053747333852058
0.299	0.000010057716268089291
0.2995	0.00001006168521590179
0.3	0.000010065654176951974
0.3005	0.000010069623150898449
0.301	0.00001007359213740347
0.3015	0.000010077561136128108
0.302	0.000010081530146733415
0.3025	0.000010085499168880446
0.303	0.000010089468202230229
0.3035	0.000010093437246443799
0.304	0.000010097406301182174
0.3045	0.000010101375366106362
0.305	0.000010105344407728311
0.3055	0.000010109313506023167
0.306	0.000010113282609793104
0.3065	0.000010117251587336911
0.307	0.000010121220566914307
0.3075	0.000010125189552093013
0.308	0.000010129158541203006
0.3085	0.000010133127532292785
0.309	0.000010137096587376041
0.3095	0.000010141065624610931
0.31	0.000010145034676318407
0.3105	0.000010149003743309532
0.311	0.00001015297282639539
0.3115	0.000010156941926387115
0.312	0.000010160911044095857
0.3125	0.000010164880180332817
0.313	0.000010168849335909225
0.3135	0.000010172818511636307
0.314	0.000010176787708325476
0.3145	0.000010180756926788037
0.315	0.00001018472616783539
0.3155	0.000010188695432278985
0.316	0.000010192664720930314
0.3165	0.000010196634034600921
0.317	0.000010200603374102401
0.3175	0.000010204572740246406
0.318	0.000010208542133844637
0.3185	0.00001021251155570885
0.319	0.000010216481006650865
0.3195	0.00001022045060517995
0.32	0.000010224420389509752
0.3205	0.000010228390202022795
0.321	0.00001023236004119735
0.3215	0.000010236329905511561
0.322	0.000010240299793443493
0.3225	0.000010244269703471054
0.323	0.000010248239634072248
0.3235	0.000010252209583724822
0.324	0.000010256179550906501
0.3245	0.00001026014953409495
0.325	0.000010264119531767773
0.3255	0.000010268089542402517
0.326	0.000010272059564476679
0.3265	0.000010276029596467714
0.327	0.000010279999636853036
0.3275	0.000010283969684110031
0.328	0.000010287939736716056
0.3285	0.000010291909793148445
0.329	0.000010295879851884522
0.3295	0.000010299849911401598
0.33	0.00001030381997017699
0.3305	0.000010307790026688005
0.331	0.000010311760079411965
0.3315	0.000010315730126826208
0.332	0.00001031970016740809
0.3325	0.000010323670199634995
0.333	0.000010327639807635952
0.3335	0.000010331609358439213
0.334	0.000010335578903811612
0.3345	0.000010339548446184845
0.335	0.00001034351798799059
0.3355	0.00001034748753166052
0.336	0.000010351457079626323
0.3365	0.000010355426634319708
0.337	0.000010359396198172428
0.3375	0.000010363365773616291
0.338	0.000010367335363083177
0.3385	0.000010371304969005056
0.339	0.000010375274593813987
0.3395	0.000010379244239942156
0.34	0.000010383213909821875
0.3405	0.000010387183605885604
0.341	0.00001039115333056596
0.3415	0.00001039512308629574
0.342	0.000010399092875507923
0.3425	0.000010403062700635704
0.343	0.000010407032564112489
0.3435	0.000010411002468371925
0.34400000000000003	0.000010414972415847904
0.34450000000000003	0.000010418942408974588
0.34500000000000003	0.000010422912450186413
0.34550000000000003	0.000010426882541918118
0.34600000000000003	0.000010430942010859567
0.34650000000000003	0.000010435162278625986
0.34700000000000003	0.000010439379171470996
0.34750000000000003	0.000010443590171298367
0.34800000000000003	0.00001044779279148337
0.34850000000000003	0.00001045198458991798
0.34900000000000003	0.000010456163181563229
0.34950000000000003	0.000010460326250375963
0.35000000000000003	0.000010464471560489025
0.35050000000000003	0.000010468596966537452
0.35100000000000003	0.000010472700423038641
0.35150000000000003	0.000010476779992751027
0.352	0.000010480833853953098
0.3525	0.000010484856144392515
0.353	0.000010488853651056588
0.3535	0.000010492820999890854
0.354	0.000010496756907689016
0.3545	0.00001050066021005402
0.355	0.000010504529859354185
0.3555	0.000010508364922388313
0.356	0.000010512164577859354
0.3565	0.00001051592811370188
0.357	0.00001051965492425846
0.3575	0.000010523344507259267
0.358	0.000010526996460531893
0.3585	0.000010530610478356481
0.359	0.00001053426200259778
0.3595	0.000010537311720444146
0.36	0.000010540338928299301
0.3605	0.000010543345330852012
0.361	0.000010546332549644723
0.3615	0.000010549302134903532
0.362	0.00001055225557543463
0.3625	0.000010555184490347046
0.363	0.000010558109542340928
0.3635	0.000010561023016616944
0.364	0.00001056392621721913
0.3645	0.00001056682040763288
0.365	0.000010569706815984278
0.3655	0.000010572586640029221
0.366	0.000010575461051955077
0.3665	0.000010578360360780115
0.367	0.00001058121407916322
0.3675	0.000010584070412141003
0.368	0.000010586929484167402
0.3685	0.00001058979146546404
0.369	0.000010592656572388624
0.3695	0.000010595525068343969
0.37	0.000010598397265231142
0.3705	0.00001060127352546208
0.371	0.00001060415426455944
0.3715	0.000010607039954384123
0.372	0.000010609931127044996
0.3725	0.000010612828379560718
0.373	0.00001061573237936133
0.3735	0.000010618643870737692
0.374	0.000010621563682370976
0.3745	0.000010624492736103122
0.375	0.000010627576123347512
0.3755	0.000010630565308171788
0.376	0.00001063357997075413
0.3765	0.000010636615957449276
0.377	0.000010639674949428048
0.3775	0.000010643239446869685
0.378	0.000010646929736211389
0.3785	0.000010650661754234199
0.379	0.00001065443483440729
0.3795	0.000010658248155349478
0.38	0.000010662100732326239
0.3805	0.000010665991409671376
0.381	0.000010669918854399176
0.3815	0.000010673881551285142
0.382	0.000010677877790485096
0.3825	0.000010681905706234257
0.383	0.000010685963213004056
0.3835	0.000010690048056526177
0.384	0.000010694157807119856
0.3845	0.00001069828986880352
0.385	0.000010702441491245269
0.3855	0.000010706609784508033
0.386	0.00001071079173645275
0.3865	0.000010714984232568187
0.387	0.00001071918407790441
0.3875	0.000010723388020703672
0.388	0.000010727592777253272
0.3885	0.000010731795057433985
0.389	0.000010736726490866321
0.3895	0.000010740607080189298
0.39	0.000010744474894140467
0.3905	0.00001074832999211056
0.391	0.00001075217243352394
0.3915	0.000010756002277825816
0.392	0.000010759819584469971
0.3925	0.00001076362441290698
0.393	0.000010767416822572921
0.3935	0.000010771196872878554
0.394	0.000010774964623198939
0.3945	0.000010778720132863508
0.395	0.000010782463461146555
0.3955	0.000010786194667258124
0.396	0.000010789913810335313
0.3965	0.00001079362094943394
0.397	0.0000107973161435206
0.3975	0.00001080099945146507
0.398	0.000010804670932033052
0.3985	0.000010808330643879267
0.399	0.000010811978645540866
0.3995	0.000010815614995431146
0.4	0.00001081923975183359
0.4005	0.000010822852972896161
0.401	0.000010826454716625935
0.4015	0.000010830045040883945
0.402	0.00001083362400338034
0.4025	0.000010837191661669764
0.403	0.000010840748073146996
0.4035	0.000010844293295042839
0.404	0.00001084784787714567
0.4045	0.000010851346282356742
0.405	0.000010854833925614103
0.4055	0.000010858311017711795
0.406	0.000010861777764709116
0.40650000000000003	0.000010865234368090021
0.40700000000000003	0.000010868681024916155
0.40750000000000003	0.000010872117927973825
0.40800000000000003	0.000010875545265915198
0.40850000000000003	0.000010878963223393995
0.40900000000000003	0.000010882371981195932
0.40950000000000003	0.000010885771716364169
0.41000000000000003	0.00001088916260231998
0.41050000000000003	0.00001089254480897887
0.41100000000000003	0.000010895918502862337
0.41150000000000003	0.000010899283847205499
0.41200000000000003	0.000010902641002060747
0.41250000000000003	0.0000109059901243976
0.41300000000000003	0.000010909331368198965
0.41350000000000003	0.000010912664884553916
0.41400000000000003	0.000010915990821747175
0.41450000000000004	0.000010919309325345418
0.41500000000000004	0.000010922620538280572
0.41550000000000004	0.000010925924600930195
0.41600000000000004	0.000010929221651195094
0.4165	0.000010932511824574286
0.417	0.000010935795254237411
0.4175	0.00001093907207109472
0.418	0.00001094234240386472
0.4185	0.000010945606379139581
0.419	0.00001094886412144841
0.4195	0.000010952115753318456
0.42	0.000010955360283365912
0.4205	0.000010958604452660746
0.421	0.000010961842825740503
0.4215	0.00001096507549379627
0.422	0.000010968302546697634
0.4225	0.000010971524073025755
0.423	0.000010974740160105501
0.4235	0.000010977950894036685
0.424	0.000010981156359724412
0.4245	0.000010984356640908593
0.425	0.000010987551820192644
0.4255	0.000010990741979071384
0.426	0.0000109939271979582
0.4265	0.000010997107528477541
0.427	0.00001100028310717048
0.4275	0.000011003453980751867
0.428	0.0000110066202255636
0.4285	0.000011009781916992731
0.429	0.000011012939129494423
0.4295	0.000011016091936614303
0.43	0.000011019240411010277
0.4305	0.000011022384624473776
0.431	0.000011025524647950503
0.4315	0.00001102866055156066
0.432	0.000011031792404618665
0.4325	0.000011034920275652437
0.433	0.000011038044232422168
0.4335	0.000011041164341938693
0.434	0.0000110442806704814
0.4345	0.000011047393283615731
0.435	0.00001105050224621029
0.4355	0.000011053607622453528
0.436	0.000011056709475870086
0.4365	0.000011059807869336746
0.437	0.000011062904471514624
0.4375	0.000011065999727696718
0.438	0.000011069091670555617
0.4385	0.000011072180342411916
0.439	0.000011075265785195883
0.4395	0.00001107834804045476
0.44	0.000011081427149359902
0.4405	0.000011084503152713793
0.441	0.000011087576090956906
0.4415	0.00001109064600417446
0.442	0.000011093712932103027
0.4425	0.000011096776914137025
0.443	0.000011099837989335087
0.4435	0.000011102896196426313
0.444	0.00001110595157381641
0.4445	0.000011109004159593707
0.445	0.00001111205399153508
0.4455	0.000011115101107111755
0.446	0.000011118145543495019
0.4465	0.000011121187337561807
0.447	0.00001112422652590023
0.4475	0.000011127263144814963
0.448	0.000011130297230332576
0.4485	0.000011133328817417196
0.449	0.000011136357943247902
0.4495	0.000011139384642135655
0.45	0.000011142408949046169
0.4505	0.000011145430898692332
0.451	0.000011148450525538998
0.4515	0.000011151467863807704
0.452	0.000011154482947481296
0.4525	0.000011157495810308501
0.453	0.00001116050648580841
0.4535	0.000011163515007274904
0.454	0.000011166521407781002
0.4545	0.000011169527531125219
0.455	0.000011172531828027239
0.4555	0.000011175534078996783
0.456	0.00001117853430645887
0.4565	0.000011181532532701621
0.457	0.000011184528779878297
0.4575	0.000011187523070009296
0.458	0.000011190515424984133
0.4585	0.000011193505866563392
0.459	0.000011196494416380645
0.4595	0.000011199481095944353
0.46	0.000011202465926639739
0.4605	0.000011205448929730636
0.461	0.000011208430126361313
0.4615	0.000011211409537558271
0.462	0.000011214387184232031
0.4625	0.000011217363087178876
0.463	0.000011220337267082595
0.4635	0.000011223309744516188
0.464	0.000011226280539943558
0.4645	0.000011229249673721173
0.465	0.000011232217166099728
0.4655	0.00001123518303722576
0.466	0.000011238147307143264
0.4665	0.000011241109995795278
0.467	0.000011244071123025453
0.4675	0.000011247030708579606
0.468	0.000011249988772107255
0.4685	0.000011252954265123106
0.46900000000000003	0.000011255908341955844
0.46950000000000003	0.000011258861026153863
0.47000000000000003	0.000011261812334751038
0.47050000000000003	0.000011264759277608664
0.47100000000000003	0.00001126770908200261
0.47150000000000003	0.00001127065756406728
0.47200000000000003	0.000011273604735570319
0.47250000000000003	0.00001127655060824505
0.47300000000000003	0.000011279495193790809
0.47350000000000003	0.00001128243850387329
0.47400000000000003	0.00001128538055012487
0.47450000000000003	0.000011288321344144959
0.47500000000000003	0.00001129126089750031
0.47550000000000003	0.000011294199221725372
0.47600000000000003	0.000011297136328322604
0.47650000000000003	0.000011300072228762805
0.47700000000000004	0.00001130300693448545
0.47750000000000004	0.000011305940456898997
0.47800000000000004	0.000011308872807381224
0.47850000000000004	0.000011311803997279542
0.47900000000000004	0.000011314734037911323
0.47950000000000004	0.000011317662940564209
0.48	0.000011320590716496431
0.4805	0.000011323517376937131
0.481	0.000011326442933086667
0.4815	0.00001132936739611693
0.482	0.000011332290777171653
0.4825	0.000011335213087366726
0.483	0.000011338134337790495
0.4835	0.00001134105453950408
0.484	0.000011343973703541668
0.4845	0.00001134689184091083
0.485	0.000011349808962592818
0.4855	0.000011352725079542864
0.486	0.000011355640202690484
0.4865	0.000011358554342939784
0.487	0.00001136146751116974
0.4875	0.000011364379718234517
0.488	0.000011367290974963745
0.4885	0.000011370201292162832
0.489	0.000011373104203606204
0.4895	0.00001137601214827509
0.49	0.00001137891950004315
0.4905	0.000011381826319488196
0.491	0.000011384732237698923
0.4915	0.000011387637263075645
0.492	0.000011390541403994164
0.4925	0.000011393444668809425
0.493	0.000011396347065842971
0.4935	0.000011399248603401403
0.494	0.000011402149289765199
0.4945	0.00001140504913319167
0.495	0.000011407948141915226
0.4955	0.00001141084632414765
0.496	0.000011413743688078344
0.4965	0.000011416640241874594
0.497	0.000011419535993681832
0.4975	0.000011422430951623876
0.498	0.000011425325123803205
0.4985	0.000011428218518301191
0.499	0.000011431111143178366
0.4995	0.000011434003006474656
0.5	0.00001143689411620964
0.5005000000000001	0.00001143978448038279
0.501	0.000011442674106973709
0.5015000000000001	0.000011445563003942393
0.502	0.000011448451179229444
0.5025000000000001	0.000011451338640756339
0.503	0.000011454225396425639
0.5035000000000001	0.000011457111454121254
0.504	0.000011459996821708652
0.5045000000000001	0.000011462881507035111
0.505	0.000011465765517929944
0.5055000000000001	0.000011468648862204732
0.506	0.00001147153154765355
0.5065000000000001	0.000011474413582053196
0.507	0.000011477294973163427
0.5075000000000001	0.00001148017572872717
0.508	0.000011483055877951842
0.5085000000000001	0.000011485935836582365
0.509	0.000011488815180390525
0.5095000000000001	0.000011491693915040148
0.51	0.000011494572046183494
0.5105000000000001	0.000011497449579461384
0.511	0.000011500326520503315
0.5115000000000001	0.000011503202874927591
0.512	0.000011506078648341428
0.5125	0.000011508953846341092
0.513	0.000011511828474511998
0.5135	0.000011514702538428836
0.514	0.00001151757604366938
0.5145	0.00001152044899576099
0.515	0.000011523321400259393
0.5155	0.000011526193262697545
0.516	0.000011529064588598266
0.5165	0.000011531935383474339
0.517	0.000011534805652828635
0.5175	0.000011537675402154226
0.518	0.000011540544636934495
0.5185	0.000011543413362643246
0.519	0.000011546281584744822
0.5195	0.000011549149308694215
0.52	0.000011552016539937172
0.5205	0.000011554883283910311
0.521	0.000011557749546041228
0.5215	0.000011560615331748607
0.522	0.00001156348064644233
0.5225	0.000011566345495523586
0.523	0.000011569209884384976
0.5235	0.000011572073818410623
0.524	0.000011574937302976277
0.5245	0.000011577800343449425
0.525	0.000011580662945189399
0.5255	0.00001158352511354747
0.526	0.000011586386853866971
0.5265	0.000011589248283182913
0.527	0.000011592109508421476
0.5275	0.000011594970319530382
0.528	0.000011597830720386473
0.5285	0.000011600690714861155
0.529	0.000011603550306820468
0.5295	0.000011606409500125126
0.53	0.000011609268298630583
0.5305	0.000011612126706187089
0.531	0.000011614984726639734
0.5315	0.000011617842363828516
0.532	0.00001162069962158839
0.5325	0.00001162355650374932
0.533	0.000011626413014136333
0.5335	0.000011629269156569584
0.534	0.000011632124934864393
0.5345	0.000011634980352831311
0.535	0.000011637835414276169
0.5355	0.000011640690123015452
0.536	0.00001164354448281575
0.5365	0.000011646398497483631
0.537	0.000011649252170806582
0.5375	0.000011652105506567626
0.538	0.000011654958508545394
0.5385	0.000011657811180514162
0.539	0.00001166066352624391
0.5395	0.000011663515549500375
0.54	0.000011666367254045097
0.5405	0.000011669218643635477
0.541	0.000011672069722024825
0.5415	0.000011674920492962412
0.542	0.00001167777096019352
0.5425	0.000011680621127459499
0.543	0.00001168347099849781
0.5435	0.000011686320577042081
0.544	0.000011689169866822154
0.5445	0.00001169201887156414
0.545	0.000011694867676047927
0.5455	0.000011697716305757478
0.546	0.00001170056466036886
0.5465	0.00001170341274278739
0.547	0.00001170626055591565
0.5475	0.000011709108102653512
0.548	0.000011711955385898174
0.5485	0.000011714802408544186
0.549	0.000011717649173483485
0.5495	0.00001172049568360542
0.55	0.000011723341941796788
0.5505	0.000011726187950941858
0.551	0.000011729033713922408
0.5515	0.000011731879233617754
0.552	0.000011734724512904772
0.5525	0.000011737569554657936
0.553	0.00001174041436174935
0.5535	0.00001174325893704877
0.554	0.000011746103283423637
0.5545	0.000011748947403739109
0.555	0.00001175179130085809
0.5555	0.000011754634977641256
0.556	0.00001175747843694709
0.5565	0.000011760321681631904
0.557	0.000011763164714557873
0.5575	0.000011766007538561252
0.558	0.000011768850156499816
0.5585	0.000011771692571221514
0.559	0.000011774534785572266
0.5595	0.000011777376802396003
0.56	0.000011780218624534702
0.5605	0.0000117830602548284
0.561	0.00001178590169611523
0.5615	0.000011788742951231455
0.562	0.00001179158402301149
0.5625	0.000011794424914287933
0.5630000000000001	0.000011797265627891594
0.5635	0.000011800106227213763
0.5640000000000001	0.000011802946744076614
0.5645	0.000011805787090801831
0.5650000000000001	0.000011808627269558365
0.5655	0.000011811467282513892
0.5660000000000001	0.000011814307131834834
0.5665	0.000011817146819686368
0.5670000000000001	0.000011819986348232453
0.5675	0.00001182282571963584
0.5680000000000001	0.000011825664936058088
0.5685	0.000011828503999659587
0.5690000000000001	0.00001183134291259957
0.5695	0.000011834181677036132
0.5700000000000001	0.00001183702029512624
0.5705	0.000011839858769025763
0.5710000000000001	0.000011842697100889474
0.5715	0.000011845535292871075
0.5720000000000001	0.000011848373347123215
0.5725	0.000011851211265797502
0.5730000000000001	0.000011854049051044517
0.5735	0.000011856886705013838
0.5740000000000001	0.000011859724229854054
0.5745	0.000011862561627712777
0.5750000000000001	0.000011865398900736665
0.5755	0.000011868236051071434
0.5760000000000001	0.000011871073080861878
0.5765	0.000011873909992251877
0.577	0.000011876746787384423
0.5775	0.000011879583468401638
0.578	0.000011882420037448453
0.5785	0.000011885256496657947
0.579	0.000011888092848173354
0.5795	0.000011890929094133454
0.58	0.000011893765236676234
0.5805	0.000011896601277938903
0.581	0.000011899437220057907
0.5815	0.000011902273065168956
0.582	0.000011905108844748971
0.5825	0.000011907944606299996
0.583	0.0000119107802766554
0.5835	0.000011913615857495518
0.584	0.000011916451350500153
0.5845	0.000011919286757348587
0.585	0.000011922122079719596
0.5855	0.000011924957319291459
0.586	0.00001192779247774196
0.5865	0.000011930627556748411
0.587	0.00001193346255798765
0.5875	0.000011936297483136056
0.588	0.000011939132333869559
0.5885	0.000011941967111863653
0.589	0.000011944801818793401
0.5895	0.000011947636456333446
0.59	0.000011950471026158022
0.5905	0.000011953305529940963
0.591	0.000011956139969355715
0.5915	0.000011958974346075345
0.592	0.000011961808661772549
0.5925	0.000011964642918119664
0.593	0.000011967477116788675
0.5935	0.000011970311259451231
0.594	0.000011973145347778647
0.5945	0.000011975979383441921
0.595	0.000011978813368111739
0.5955	0.000011981647303458489
0.596	0.000011984481191152263
0.5965	0.00001198731503286288
0.597	0.000011990148830259882
0.5975	0.000011992982585012554
0.598	0.000011995816298789927
0.5985	0.000011998649973260792
0.599	0.000012001483610094354
0.5995	0.00001200431721095764
0.6	0.000012007150777519438
0.6005	0.000012009984320422387
0.601	0.000012012817901297589
0.6015	0.000012015651452494647
0.602	0.00001201848497534261
0.6025	0.000012021318471170402
0.603	0.000012024151941306817
0.6035	0.000012026985387080522
0.604	0.00001202981880982008
0.6045	0.000012032652210853942
0.605	0.000012035485591510454
0.6055	0.00001203831895311787
0.606	0.000012041152297004352
0.6065	0.000012043985624497984
0.607	0.000012046818936926767
0.6075	0.000012049652235618636
0.608	0.000012052485521901459
0.6085	0.000012055318797103049
0.609	0.00001205815206255116
0.6095	0.000012060985319573509
0.61	0.000012063818569497766
0.6105	0.000012066651813651575
0.611	0.000012069485053362546
0.6115	0.000012072318289958274
0.612	0.000012075151524766337
0.6125	0.0000120779847591143
0.613	0.000012080817994329733
0.6135	0.000012083651231740208
0.614	0.000012086484472673304
0.6145	0.000012089317718456622
0.615	0.000012092150970417781
0.6155	0.00001209498422988443
0.616	0.000012097817498184255
0.6165	0.000012100650776644981
0.617	0.000012103484066594384
0.6175	0.00001210631736936029
0.618	0.000012109150686270586
0.6185	0.000012111984018653227
0.619	0.000012114817367836239
0.6195	0.00001211765079780289
0.62	0.000012120484251430287
0.6205	0.000012123317725280534
0.621	0.000012126151220390475
0.6215	0.000012128984737797098
0.622	0.000012131818278537468
0.6225	0.000012134651843648739
0.623	0.000012137485434168156
0.6235	0.000012140319051133051
0.624	0.00001214315269558086
0.6245	0.000012145986368549116
0.625	0.000012148820071075454
0.6255000000000001	0.000012151653804197621
0.626	0.000012154487568953474
0.6265000000000001	0.000012157321366380986
0.627	0.00001216015519751825
0.6275000000000001	0.000012162989063403484
0.628	0.00001216582296507503
0.6285000000000001	0.000012168656903571364
0.629	0.000012171490879931092
0.6295000000000001	0.000012174324895192967
0.63	0.000012177158950395876
0.6305000000000001	0.00001217999304657886
0.631	0.0000121828271847811
0.6315000000000001	0.000012185661366041943
0.632	0.000012188495591400884
0.6325000000000001	0.000012191329861897587
0.633	0.000012194164178571873
0.6335000000000001	0.000012196998542463742
0.634	0.000012199832954613356
0.6345000000000001	0.000012202667416061066
0.635	0.000012205501927847397
0.6355000000000001	0.000012208336491013056
0.636	0.000012211171106598944
0.6365000000000001	0.000012214005775646151
0.637	0.000012216840499195966
0.6375000000000001	0.000012219675278289875
0.638	0.000012222510148475781
0.6385000000000001	0.000012225345087008413
0.639	0.000012228180083866441
0.6395000000000001	0.000012231015139894967
0.64	0.00001223385025593927
0.6405	0.000012236685432845515
0.641	0.000012239520671457973
0.6415	0.000012242355972623126
0.642	0.000012245191337186977
0.6425	0.000012248026765995726
0.643	0.00001225086225989576
0.6435	0.000012253697819733661
0.644	0.000012256533446356204
0.6445	0.000012259369140610368
0.645	0.00001226220490334333
0.6455	0.000012265040735402473
0.646	0.000012267876637635385
0.6465	0.000012270712610889862
0.647	0.000012273548656013917
0.6475	0.000012276384773855773
0.648	0.000012279220965263868
0.6485	0.000012282057231086864
0.649	0.000012284893572173642
0.6495	0.000012287729989373307
0.65	0.000012290566483535195
0.6505	0.000012293403055508867
0.651	0.00001229623970614412
0.6515	0.00001229907643629098
0.652	0.00001230191324679972
0.6525	0.000012304750138520842
0.653	0.0000123075871123051
0.6535	0.000012310424169003485
0.654	0.000012313261309467242
0.6545	0.000012316098534547865
0.655	0.000012318935845097098
0.6555	0.000012321773241966942
0.656	0.000012324610726009659
0.6565	0.000012327448317781278
0.657	0.000012330286010660782
0.6575	0.000012333123793049312
0.658	0.00001233596166566073
0.6585	0.000012338799629209128
0.659	0.00001234163768440882
0.6595	0.000012344475831974355
0.66	0.00001234731407262051
0.6605	0.000012350152407062292
0.661	0.000012352990836014952
0.6615	0.000012355829360196011
0.662	0.000012358667980317187
0.6625	0.000012361506697096394
0.663	0.000012364345511249837
0.6635	0.000012367184423493962
0.664	0.000012370023434545459
0.6645	0.00001237286254512127
0.665	0.000012375701755938582
0.6655	0.000012378541067714838
0.666	0.000012381380481167732
0.6665	0.000012384219997015212
0.667	0.000012387059615975485
0.6675	0.000012389899338767014
0.668	0.000012392739166108525
0.6685	0.000012395579098719008
0.669	0.000012398419137317714
0.6695	0.000012401259282624161
0.67	0.000012404099535358137
0.6705	0.0000124069398962397
0.671	0.000012409780365989177
0.6715	0.000012412620945327169
0.672	0.000012415461634974557
0.6725	0.000012418302435652496
0.673	0.00001242114334808242
0.6735	0.000012423984372986045
0.674	0.000012426825511085372
0.6745	0.000012429666763102683
0.675	0.0000124325081479778
0.6755	0.00001243534966541668
0.676	0.000012438191298711943
0.6765	0.000012441033048431992
0.677	0.000012443874915145464
0.6775	0.000012446716899421218
0.678	0.000012449559001828356
0.6785	0.000012452401222936206
0.679	0.000012455243563314337
0.6795	0.000012458086023532546
0.68	0.000012460928604160876
0.6805	0.0000124637713057696
0.681	0.000012466614128929238
0.6815	0.000012469457074210546
0.682	0.000012472300142187829
0.6825	0.000012475143333425813
0.683	0.000012477986648499185
0.6835	0.000012480830087979675
0.684	0.000012483673652439259
0.6845	0.000012486517342450165
0.685	0.000012489361158584865
0.6855	0.000012492205101416087
0.686	0.000012495049171516805
0.6865	0.000012497893369460249
0.687	0.0000125007376958199
0.6875	0.000012503582151169498
0.6880000000000001	0.000012506426736083038
0.6885	0.000012509271451134769
0.6890000000000001	0.0000125121162968992
0.6895	0.000012514961273951107
0.6900000000000001	0.000012517806382865518
0.6905	0.000012520651624217725
0.6910000000000001	0.000012523496998583288
0.6915	0.000012526342506538027
0.6920000000000001	0.000012529188148658034
0.6925	0.000012532033925519659
0.6930000000000001	0.000012534879837699529
0.6935	0.000012537725896483825
0.6940000000000001	0.00001254057210393341
0.6945	0.000012543418448288596
0.6950000000000001	0.000012546264930026513
0.6955	0.00001254911154962452
0.6960000000000001	0.000012551958307560195
0.6965	0.000012554805204311351
0.6970000000000001	0.000012557652240356024
0.6975	0.000012560499416172483
0.6980000000000001	0.00001256334673223922
0.6985	0.000012566194189034964
0.6990000000000001	0.000012569041787038672
0.6995	0.00001257188952672954
0.7000000000000001	0.000012574737408586986
0.7005	0.000012577585433090672
0.7010000000000001	0.00001258043360072049
0.7015	0.000012583281911956569
0.7020000000000001	0.000012586130367285702
0.7025	0.000012588978967175812
0.7030000000000001	0.000012591827712113973
0.7035	0.000012594676602581264
0.704	0.000012597525639059006
0.7045	0.000012600374822028761
0.705	0.000012603224151972328
0.7055	0.000012606073629371755
0.706	0.000012608923254709333
0.7065	0.000012611773028467593
0.707	0.000012614622951129313
0.7075	0.000012617473023177522
0.708	0.00001262032324509549
0.7085	0.000012623173617366737
0.709	0.000012626024140475032
0.7095	0.000012628874814904396
0.71	0.000012631725641139095
0.7105	0.000012634576619663653
0.711	0.000012637427750962842
0.7115	0.000012640279035521691
0.712	0.000012643130482677429
0.7125	0.000012645982093400142
0.713	0.000012648833858723008
0.7135	0.000012651685779051874
0.714	0.000012654537854792806
0.7145	0.000012657390086352083
0.715	0.000012660242474136195
0.7155	0.000012663095018551857
0.716	0.000012665947720005992
0.7165	0.00001266880057890574
0.717	0.000012671653595658464
0.7175	0.000012674506770671741
0.718	0.00001267736010435337
0.7185	0.000012680213597111368
0.719	0.000012683067249353969
0.7195	0.000012685921061489634
0.72	0.00001268877503392704
0.7205	0.000012691629167075089
0.721	0.000012694483461342904
0.7215	0.000012697337917139834
0.722	0.000012700192534875447
0.7225	0.00001270304731496609
0.723	0.000012705902257808825
0.7235	0.000012708757363820289
0.724	0.000012711612633410948
0.7245	0.000012714468066991506
0.725	0.000012717323664972887
0.7255	0.000012720179427766253
0.726	0.000012723035355782983
0.7265	0.000012725891449434694
0.727	0.00001272874770913323
0.7275	0.000012731604135290672
0.728	0.000012734460728319322
0.7285	0.000012737317488631726
0.729	0.000012740174416640652
0.7295	0.000012743031512759112
0.73	0.000012745888777400346
0.7305	0.000012748746222597151
0.731	0.000012751603845565313
0.7315	0.000012754461638160922
0.732	0.000012757319600709375
0.7325	0.000012760177733536254
0.733	0.000012763036036967326
0.7335	0.000012765894511328545
0.734	0.000012768753156946049
0.7345	0.000012771611974146165
0.735	0.0000127744709632554
0.7355	0.00001277733012460046
0.736	0.000012780189458508228
0.7365	0.000012783048965305776
0.737	0.00001278590864532037
0.7375	0.000012788768498879461
0.738	0.000012791628526310686
0.7385	0.000012794488727941882
0.739	0.000012797349104101062
0.7395	0.000012800209655116443
0.74	0.000012803070381316424
0.7405	0.000012805931283029598
0.741	0.000012808792360584753
0.7415	0.000012811653614310861
0.742	0.000012814515044537096
0.7425	0.000012817376651600183
0.743	0.000012820238435815094
0.7435	0.000012823100397518775
0.744	0.000012825962537041165
0.7445	0.000012828824854712408
0.745	0.000012831687350862831
0.7455	0.000012834550025822969
0.746	0.000012837412879923541
0.7465	0.000012840275913495475
0.747	0.000012843139126869886
0.7475	0.00001284600252037809
0.748	0.000012848866094351602
0.7485	0.000012851729849122136
0.749	0.00001285459379053081
0.7495	0.000012857457915198943
0.75	0.000012860322221604845
0.7505000000000001	0.000012863186710048467
0.751	0.000012866051380829941
0.7515000000000001	0.000012868916234249579
0.752	0.000012871781270607876
0.7525000000000001	0.000012874646490205503
0.753	0.000012877511893343317
0.7535000000000001	0.000012880377480322352
0.754	0.000012883243251443828
0.7545000000000001	0.000012886109207009143
0.755	0.000012888975347319881
0.7555000000000001	0.00001289184167267781
0.756	0.000012894708183384877
0.7565000000000001	0.000012897574879743214
0.757	0.000012900441762055139
0.7575000000000001	0.000012903308830623155
0.758	0.000012906176085749944
0.7585000000000001	0.000012909043527738384
0.759	0.000012911911156891526
0.7595000000000001	0.000012914778973512617
0.76	0.000012917646977905083
0.7605000000000001	0.000012920515170372541
0.761	0.000012923383551218795
0.7615000000000001	0.000012926252120747834
0.762	0.000012929120879263836
0.7625000000000001	0.000012931989827082042
0.763	0.000012934858964485455
0.7635000000000001	0.000012937728291789455
0.764	0.000012940597809298976
0.7645000000000001	0.000012943467517319137
0.765	0.00001294633741615525
0.7655000000000001	0.000012949207506112818
0.766	0.000012952077787497534
0.7665000000000001	0.00001295494826061528
0.767	0.00001295781892577213
0.7675000000000001	0.000012960689801483336
0.768	0.000012963560869581906
0.7685	0.000012966432130480968
0.769	0.00001296930358440689
0.7695	0.000012972175231586183
0.77	0.000012975047072245492
0.7705	0.000012977919106611606
0.771	0.000012980791334911454
0.7715	0.000012983663757372099
0.772	0.00001298653637422075
0.7725	0.000012989409185684754
0.773	0.000012992282191991605
0.7735	0.000012995155393368927
0.774	0.00001299802879004449
0.7745	0.00001300090238224621
0.775	0.00001300377617020214
0.7755	0.00001300665015414047
0.776	0.000013009524334289544
0.7765	0.00001301239871087784
0.777	0.000013015273284133977
0.7775	0.000013018148054286722
0.778	0.000013021023021564984
0.7785	0.000013023898186197812
0.779	0.000013026773548414399
0.7795	0.000013029649108444084
0.78	0.00001303252486651635
0.7805	0.00001303540082286082
0.781	0.000013038276977707266
0.7815	0.000013041153331285598
0.782	0.000013044029883825882
0.7825	0.000013046906635563401
0.783	0.000013049783586718415
0.7835	0.000013052660737526404
0.784	0.00001305553808821801
0.7845	0.000013058415639024015
0.785	0.000013061293390175352
0.7855	0.000013064171342858088
0.786	0.00001306704949804659
0.7865	0.000013069927854258471
0.787	0.000013072806411713333
0.7875	0.00001307568517063092
0.788	0.000013078564131231113
0.7885	0.00001308144329373393
0.789	0.000013084322658359538
0.7895	0.000013087202225328228
0.79	0.000013090081994860447
0.7905	0.000013092961967176771
0.791	0.00001309584214249792
0.7915	0.00001309872252104476
0.792	0.000013101603103038283
0.7925	0.000013104483888699638
0.793	0.000013107364878250108
0.7935	0.000013110246071911116
0.794	0.00001311312746990423
0.7945	0.000013116009072451155
0.795	0.000013118890879773745
0.7955	0.000013121772892093989
0.796	0.000013124655109634026
0.7965	0.000013127537532616129
0.797	0.000013130420161262722
0.7975	0.000013133302995796364
0.798	0.000013136186036439765
0.7985	0.000013139069283415774
0.799	0.000013141952736947385
0.7995	0.000013144836397257736
0.8	0.000013147720264570108
0.8005	0.000013150604339107928
0.801	0.000013153488621094767
0.8015	0.000013156373110754338
0.802	0.000013159257808325814
0.8025	0.000013162142714002832
0.803	0.000013165027828024544
0.8035	0.000013167913150615242
0.804	0.00001317079869313648
0.8045	0.000013173684447381956
0.805	0.00001317657041076045
0.8055	0.000013179456583434196
0.806	0.000013182342965565538
0.8065	0.000013185229557316915
0.807	0.000013188116358850867
0.8075	0.000013191003370330041
0.808	0.00001319389059191718
0.8085	0.000013196778023775133
0.809	0.000013199665666066848
0.8095	0.000013202553518955377
0.81	0.000013205441582603872
0.8105	0.00001320832985717559
0.811	0.000013211218342833891
0.8115	0.00001321410703974223
0.812	0.000013216995948064175
0.8125	0.00001321988506796339
0.8130000000000001	0.000013222774399603645
0.8135	0.00001322566394314881
0.8140000000000001	0.000013228553698762861
0.8145	0.000013231443666609877
0.8150000000000001	0.000013234333846854039
0.8155	0.000013237224239659632
0.8160000000000001	0.000013240114845191046
0.8165	0.00001324300566361277
0.8170000000000001	0.000013245896695089406
0.8175	0.000013248787939785649
0.8180000000000001	0.000013251679397866307
0.8185	0.000013254571069496288
0.8190000000000001	0.000013257462954840603
0.8195	0.000013260355054064373
0.8200000000000001	0.00001326324736733282
0.8205	0.000013266139894811265
0.8210000000000001	0.00001326903263666515
0.8215	0.000013271925593060002
0.8220000000000001	0.000013274818765646838
0.8225	0.00001327771215596479
0.8230000000000001	0.000013280605761295508
0.8235	0.00001328349958178523
0.8240000000000001	0.000013286393617580295
0.8245	0.000013289287868827126
0.8250000000000001	0.000013292182335672242
0.8255	0.000013295077018262245
0.8260000000000001	0.00001329797191674384
0.8265	0.000013300867031263813
0.8270000000000001	0.000013303762361969046
0.8275	0.000013306657909006516
0.8280000000000001	0.000013309553672523284
0.8285	0.000013312449652666512
0.8290000000000001	0.000013315345849583442
0.8295	0.000013318242263421421
0.8300000000000001	0.000013321138894327881
0.8305	0.000013324035742450349
0.8310000000000001	0.000013326932807936438
0.8315	0.000013329830090933862
0.8320000000000001	0.000013332727591590422
0.8325	0.000013335625310054015
0.833	0.00001333852324647263
0.8335	0.000013341421400994347
0.834	0.000013344319773767337
0.8345	0.000013347218364939874
0.835	0.000013350117174660312
0.8355	0.000013353016203077109
0.836	0.00001335591545033881
0.8365	0.000013358814916594056
0.837	0.00001336171460199158
0.8375	0.00001336461450668021
0.838	0.000013367514630808868
0.8385	0.000013370414974526571
0.839	0.000013373315537982426
0.8395	0.000013376216321325638
0.84	0.000013379117324705503
0.8405	0.000013382018550711082
0.841	0.00001338491999709619
0.8415	0.0000133878216639612
0.842	0.000013390723551411227
0.8425	0.00001339362565960108
0.843	0.000013396527988669228
0.8435	0.00001339943053875423
0.844	0.000013402333309994727
0.8445	0.000013405236302529449
0.845	0.00001340813951649721
0.8455	0.000013411042952036917
0.846	0.000013413946609287555
0.8465	0.000013416850488388203
0.847	0.00001341975458947802
0.8475	0.00001342265891269626
0.848	0.000013425563458182259
0.8485	0.000013428468226075438
0.849	0.000013431373216515312
0.8495	0.000013434278429641478
0.85	0.000013437183865593622
0.8505	0.000013440089524511517
0.851	0.000013442995406535024
0.8515	0.000013445901511804096
0.852	0.000013448807840458762
0.8525	0.000013451714392639152
0.853	0.000013454621168485477
0.8535	0.000013457528168138038
0.854	0.000013460435391737224
0.8545	0.00001346334283942351
0.855	0.000013466250511337463
0.8555	0.000013469158407619737
0.856	0.00001347206652841107
0.8565	0.0000134749748738523
0.857	0.000013477883444084341
0.8575	0.000013480792239248204
0.858	0.000013483701259484986
0.8585	0.000013486610513044832
0.859	0.000013489519995148922
0.8595	0.000013492429702663372
0.86	0.000013495339635677689
0.8605	0.00001349824979428143
0.861	0.000013501160178570225
0.8615	0.000013504070788621755
0.862	0.000013506981624531652
0.8625	0.000013509892686389668
0.863	0.000013512803974285607
0.8635	0.000013515715488309323
0.864	0.000013518627228550714
0.8645	0.000013521539195099732
0.865	0.000013524451388046378
0.8655	0.0000135273638074807
0.866	0.000013530276453492796
0.8665	0.00001353318932617282
0.867	0.000013536102425610962
0.8675	0.000013539015751897478
0.868	0.000013541929305122658
0.8685	0.000013544843085376856
0.869	0.000013547757092750465
0.8695	0.000013550671327333934
0.87	0.000013553585789217757
0.8705	0.000013556500478492483
0.871	0.000013559415395248706
0.8715	0.000013562330539577075
0.872	0.000013565245911568282
0.8725	0.00001356816151131308
0.873	0.000013571077338902261
0.8735	0.000013573993394426672
0.874	0.00001357690967797721
0.8745	0.000013579826189644823
0.875	0.000013582742929520507
0.8755000000000001	0.00001358565989769531
0.876	0.000013588577094260328
0.8765000000000001	0.000013591494520805504
0.877	0.000013594412177120653
0.8775000000000001	0.000013597330062080908
0.878	0.00001360024817576511
0.8785000000000001	0.000013603166518252148
0.879	0.000013606085089620942
0.8795000000000001	0.000013609003889950461
0.88	0.000013611922919319712
0.8805000000000001	0.00001361484217781166
0.881	0.000013617761665497597
0.8815000000000001	0.000013620681382460517
0.882	0.000013623601328779588
0.8825000000000001	0.000013626521504534025
0.883	0.000013629441909803077
0.8835000000000001	0.000013632362544666039
0.884	0.000013635283409202243
0.8845000000000001	0.00001363820450349107
0.885	0.00001364112582761193
0.8855000000000001	0.000013644047381644288
0.886	0.000013646969165667635
0.8865000000000001	0.00001364989117976152
0.887	0.000013652813424005516
0.8875000000000001	0.000013655735898479253
0.888	0.000013658658603262391
0.8885000000000001	0.000013661581538434638
0.889	0.000013664504704075738
0.8895000000000001	0.000013667428100265483
0.89	0.000013670351727083698
0.8905000000000001	0.00001367327558461026
0.891	0.000013676199672925076
0.8915000000000001	0.000013679123992108106
0.892	0.000013682048542239342
0.8925000000000001	0.000013684973323398822
0.893	0.000013687898335666625
0.8935000000000001	0.000013690823579122874
0.894	0.000013693749053847729
0.8945000000000001	0.000013696674756934382
0.895	0.000013699600688424273
0.8955000000000001	0.000013702526851463805
0.896	0.000013705453246161233
0.8965	0.000013708379872624875
0.897	0.000013711306730963121
0.8975	0.000013714233821284416
0.898	0.000013717161143697272
0.8985	0.000013720088698310267
0.899	0.000013723016485232042
0.8995	0.000013725944504591029
0.9	0.00001372887275645677
0.9005	0.000013731801240957518
0.901	0.000013734729958202171
0.9015	0.000013737658908299688
0.902	0.000013740588091359097
0.9025	0.000013743517507489488
0.903	0.000013746447156800016
0.9035	0.000013749377039399901
0.904	0.000013752307155398428
0.9045	0.000013755237504904947
0.905	0.00001375816808802887
0.9055	0.000013761098904879679
0.906	0.000013764029955566918
0.9065	0.000013766961240200196
0.907	0.000013769892758889188
0.9075	0.000013772824511743634
0.908	0.000013775756498873342
0.9085	0.000013778688720388177
0.909	0.000013781621176398078
0.9095	0.000013784553867013048
0.91	0.000013787486792343152
0.9105	0.00001379041995249852
0.911	0.000013793353347589357
0.9115	0.00001379628697772592
0.912	0.000013799220843018541
0.9125	0.000013802154948313443
0.913	0.00001380508929300927
0.9135	0.000013808023873131713
0.914	0.00001381095868875044
0.9145	0.000013813893739935146
0.915	0.000013816829026755564
0.9155	0.000013819764549281455
0.916	0.000013822700307582616
0.9165	0.000013825636301728876
0.917	0.000013828572531790102
0.9175	0.000013831508997836188
0.918	0.000013834445699937062
0.9185	0.000013837382638162691
0.919	0.000013840319812588321
0.9195	0.000013843257223273523
0.92	0.00001384619487029355
0.9205	0.000013849132753718492
0.921	0.000013852070873618486
0.9215	0.00001385500923006369
0.922	0.000013857947823124302
0.9225	0.000013860886652870554
0.923	0.00001386382571937271
0.9235	0.000013866765022701066
0.924	0.000013869704562925955
0.9245	0.00001387264434011774
0.925	0.000013875584354346822
0.9255	0.00001387852460568363
0.926	0.000013881465094198632
0.9265	0.000013884405819962326
0.927	0.000013887346783045245
0.9275	0.000013890287983517959
0.928	0.000013893229421451067
0.9285	0.0000138961710969152
0.929	0.000013899113009981032
0.9295	0.000013902055160719263
0.93	0.00001390499754920063
0.9305	0.000013907940196272164
0.931	0.000013910883090630224
0.9315	0.00001391382622271207
0.932	0.00001391676959244663
0.9325	0.000013919713199762748
0.933	0.000013922657044589189
0.9335	0.000013925601126854634
0.934	0.000013928545446487689
0.9345	0.000013931490003416876
0.935	0.000013934434797570636
0.9355	0.00001393737982887733
0.936	0.00001394032509726524
0.9365	0.000013943270602662562
0.937	0.000013946216344997418
0.9375	0.000013949162324197842
0.9380000000000001	0.000013952108540179072
0.9385	0.000013955054992894323
0.9390000000000001	0.000013958001682258827
0.9395	0.000013960948608200297
0.9400000000000001	0.000013963895770646367
0.9405	0.00001396684316952459
0.9410000000000001	0.00001396979080476244
0.9415	0.000013972738676287307
0.9420000000000001	0.000013975686784026504
0.9425	0.000013978635127907255
0.9430000000000001	0.000013981583707856713
0.9435	0.000013984532523801943
0.9440000000000001	0.000013987481575669933
0.9445	0.000013990430863387586
0.9450000000000001	0.000013993380386881729
0.9455	0.000013996330146079101
0.9460000000000001	0.000013999280140906367
0.9465	0.000014002230371290106
0.9470000000000001	0.000014005180837156817
0.9475	0.00001400813153843292
0.9480000000000001	0.000014011082475044752
0.9485	0.000014014033600704198
0.9490000000000001	0.000014016984958653957
0.9495	0.000014019936552156404
0.9500000000000001	0.00001402288838137027
0.9505	0.00001402584044645439
0.9510000000000001	0.000014028792747567703
0.9515	0.000014031745284869252
0.9520000000000001	0.000014034698058518189
0.9525	0.000014037651068673766
0.9530000000000001	0.000014040604315495338
0.9535	0.000014043557799142373
0.9540000000000001	0.000014046511519774436
0.9545	0.000014049465477551203
0.9550000000000001	0.000014052419672632451
0.9555	0.000014055374105178063
0.9560000000000001	0.00001405832877534803
0.9565	0.000014061283683302446
0.9570000000000001	0.000014064238829221576
0.9575	0.00001406719421322577
0.9580000000000001	0.000014070149835495252
0.9585	0.000014073105696190536
0.9590000000000001	0.00001407606179547225
0.9595	0.000014079018133501118
0.96	0.00001408197471043798
0.9605	0.000014084931526443782
0.961	0.000014087888581679568
0.9615	0.0000140908458763065
0.962	0.000014093803410485838
0.9625	0.000014096761184378952
0.963	0.000014099719198147326
0.9635	0.000014102677451952539
0.964	0.000014105635945956285
0.9645	0.000014108594680320367
0.965	0.000014111553655206689
0.9655	0.000014114512870777271
0.966	0.000014117472327194233
0.9665	0.000014120432069966477
0.967	0.000014123392043515443
0.9675	0.00001412635225802447
0.968	0.00001412931271348905
0.9685	0.000014132273409904644
0.969	0.000014135234347266687
0.9695	0.00001413819552557059
0.97	0.000014141156944811728
0.9705	0.000014144118604985456
0.971	0.0000141470805060871
0.9715	0.00001415004264811195
0.972	0.000014153005031055282
0.9725	0.000014155967654912337
0.973	0.000014158930519678323
0.9735	0.000014161893625348431
0.974	0.000014164856971917817
0.9745	0.00001416782055938161
0.975	0.000014170784387734913
0.9755	0.0000141737484569728
0.976	0.00001417671276716476
0.9765	0.000014179677318157414
0.977	0.000014182642110019394
0.9775	0.000014185607142745652
0.978	0.00001418857241633112
0.9785	0.000014191537930770701
0.979	0.000014194503686059265
0.9795	0.000014197469682191663
0.98	0.00001420043591916271
0.9805	0.000014203402396967194
0.981	0.00001420636911559988
0.9815	0.0000142093360750555
0.982	0.000014212303275328758
0.9825	0.000014215270716414335
0.983	0.000014218238398306879
0.9835	0.00001422120632100101
0.984	0.00001422417448113974
0.9845	0.000014227142880935134
0.985	0.00001423011152155214
0.9855	0.000014233080403006733
0.986	0.000014236049525314888
0.9865	0.000014239018888492567
0.987	0.000014241988492555718
0.9875	0.00001424495833752028
0.988	0.00001424792842340218
0.9885	0.000014250898750217338
0.989	0.000014253869317981657
0.9895	0.000014256840126711033
0.99	0.000014259811176421352
0.9905	0.000014262782467128488
0.991	0.0000142657539988483
0.9915	0.000014268725771596643
0.992	0.000014271697785389358
0.9925	0.000014274670040242273
0.993	0.000014277642536171205
0.9935	0.000014280615273191966
0.994	0.00001428358825132035
0.9945	0.000014286561470443495
0.995	0.000014289534930833248
0.9955	0.0000142925086323785
0.996	0.000014295482575095015
0.9965	0.000014298456758998543
0.997	0.000014301431184104823
0.9975	0.000014304405850429587
0.998	0.000014307380757988548
0.9985	0.000014310355906797416
0.999	0.000014313331296871886
0.9995	0.000014316306928227642