0.	0.
0.0005	12617.057056908243
0.001	25234.11404907203
0.0015	37851.17091943689
0.002	50468.22763122678
0.0025	63085.28412191071
0.003	75702.34032604021
0.0035	88319.39617785982
0.004	100936.45161128517
0.0045000000000000005	113553.50655991971
0.005	126170.56095702389
0.0055	138787.6147355499
0.006	151404.66782812227
0.006500000000000001	164021.72016704947
0.007	176638.77168431765
0.0075	189255.822311575
0.008	201872.87198016778
0.0085	214489.92062111094
0.009000000000000001	227106.96816510195
0.0095	239724.01454252112
0.01	252341.05968341464
0.0105	264958.1035175217
0.011	277575.14597425656
0.0115	290192.1869827148
0.012	302809.22647167323
0.0125	315426.2643642578
0.013000000000000001	328043.3005748687
0.0135	340660.3350308185
0.014	353277.3676599784
0.0145	365894.39839006943
0.015	378511.4270429525
0.0155	391128.4534439738
0.016	403745.47752307163
0.0165	416362.49921179394
0.017	428979.5184433049
0.0175	441596.53515238984
0.018000000000000002	454213.5492754555
0.0185	466830.5607505217
0.019	479447.56951723265
0.0195	492064.5755168407
0.02	504681.57869223214
0.0205	517298.5789879057
0.021	529915.5763499789
0.021500000000000002	542532.5707261811
0.022	555149.5620658648
0.0225	567766.5503200134
0.023	580383.5354412164
0.0235	593000.5173836899
0.024	605617.496103262
0.0245	618234.4715573869
0.025	630851.4437051316
0.025500000000000002	643468.4125068708
0.026000000000000002	656085.3778745844
0.0265	668702.3397362309
0.027	681319.298058525
0.0275	693936.2528105446
0.028	706553.2039705659
0.0285	719170.151581465
0.029	731787.0956366383
0.029500000000000002	744404.0361130701
0.03	757020.9729892819
0.0305	769637.9062453846
0.031	782254.8358630127
0.0315	794871.7618253782
0.032	807488.6841172281
0.0325	820105.6027248863
0.033	832722.517636211
0.0335	845339.4288406286
0.034	857956.3363291125
0.0345	870573.2400941851
0.035	883190.1401299343
0.035500000000000004	895807.0364319831
0.036000000000000004	908423.9289975183
0.0365	921040.8178252756
0.037	933657.7029155479
0.0375	946274.5842701623
0.038	958891.4618925124
0.0385	971508.3357875368
0.039	984125.2059621816
0.0395	996742.0724283735
0.04	1.0093589351965416e6
0.0405	1.0219757942777238e6
0.041	1.0345926496844732e6
0.0415	1.0472095014841312e6
0.042	1.05982634982461e6
0.0425	1.072443194727227e6
0.043000000000000003	1.0850600362068743e6
0.043500000000000004	1.0976768742783125e6
0.044	1.1102937089561857e6
0.0445	1.122910540255014e6
0.045	1.135527368189181e6
0.0455	1.1481441927729605e6
0.046	1.1607610140204849e6
0.0465	1.173377831945785e6
0.047	1.1859946465627463e6
0.0475	1.1986114578851394e6
0.048	1.211228265926611e6
0.0485	1.2238450707006773e6
0.049	1.2364618722207316e6
0.0495	1.249078670500065e6
0.05	1.2616954655518015e6
0.0505	1.2743122573889699e6
0.051000000000000004	1.286929046024471e6
0.051500000000000004	1.2995458314710772e6
0.052000000000000005	1.312162613741439e6
0.0525	1.3247793928630468e6
0.053	1.3373961688866068e6
0.0535	1.3500129418257507e6
0.054	1.362629711691591e6
0.0545	1.375246478495994e6
0.055	1.3878632424724225e6
0.0555	1.40048000379119e6
0.056	1.413096762455815e6
0.0565	1.4257135184659658e6
0.057	1.43833027181746e6
0.0575	1.4509470225022603e6
0.058	1.463563770508462e6
0.0585	1.47618051582031e6
0.059000000000000004	1.4887972584182117e6
0.059500000000000004	1.5014139982786889e6
0.06	1.5140307353744437e6
0.0605	1.5266474696743097e6
0.061	1.5392642011432843e6
0.0615	1.5518809297424986e6
0.062	1.5644976554292527e6
0.0625	1.577114378156993e6
0.063	1.5897310978753213e6
0.0635	1.6023478145299922e6
0.064	1.614964528062907e6
0.0645	1.6275812384121476e6
0.065	1.6401979455119262e6
0.0655	1.6528146492925049e6
0.066	1.6654313495268659e6
0.0665	1.678048046002301e6
0.067	1.6906647386414425e6
0.0675	1.7032814273655058e6
0.068	1.7158981120719546e6
0.0685	1.7285147924719797e6
0.069	1.7411314684341277e6
0.0695	1.7537481398785096e6
0.07	1.7663648067262007e6
0.07050000000000001	1.7789814688992281e6
0.07100000000000001	1.7915981263205947e6
0.07150000000000001	1.804214778914252e6
0.07200000000000001	1.8168314266051115e6
0.0725	1.8294480693190482e6
0.073	1.8420647069828976e6
0.0735	1.8546813395244286e6
0.074	1.8672979668724018e6
0.0745	1.879914588956513e6
0.075	1.892531205707431e6
0.0755	1.9051478170567565e6
0.076	1.917764422937061e6
0.0765	1.9303810232818774e6
0.077	1.9429976180256775e6
0.0775	1.9556142071039178e6
0.078	1.968230790452958e6
0.0785	1.9808473680101493e6
0.079	1.9934639397210025e6
0.0795	2.006080505638708e6
0.08	2.0186970657418377e6
0.0805	2.03131361996911e6
0.081	2.0439301682588398e6
0.0815	2.0565467105095054e6
0.082	2.0691632465488326e6
0.0825	2.081779776309009e6
0.083	2.0943962997296788e6
0.0835	2.107012816751408e6
0.084	2.119629327315667e6
0.0845	2.1322458313648705e6
0.085	2.144862328842329e6
0.0855	2.1574788196922764e6
0.08600000000000001	2.1700953038598634e6
0.08650000000000001	2.182711781291187e6
0.08700000000000001	2.1953282519332045e6
0.08750000000000001	2.207944715733853e6
0.088	2.220561172641952e6
0.0885	2.2331776226072516e6
0.089	2.245794065580417e6
0.0895	2.258410501513034e6
0.09	2.271026930357599e6
0.0905	2.2836433520675357e6
0.091	2.296259766597178e6
0.0915	2.3088761739017824e6
0.092	2.3214925739375255e6
0.0925	2.334108966651996e6
0.093	2.346725351957268e6
0.0935	2.359341729806703e6
0.094	2.371958100161219e6
0.0945	2.384574462983182e6
0.095	2.3971908182906895e6
0.0955	2.4098071660981285e6
0.096	2.422423506370806e6
0.0965	2.4350398390745805e6
0.097	2.4476561641758704e6
0.0975	2.4602724816416744e6
0.098	2.472888791439497e6
0.0985	2.4855050935374503e6
0.099	2.4981213879041728e6
0.0995	2.510737674508873e6
0.1	2.5233539533213032e6
0.1005	2.535970224311794e6
0.101	2.5485864874511976e6
0.1015	2.561202742710959e6
0.10200000000000001	2.573818990063053e6
0.10250000000000001	2.586435229480022e6
0.10300000000000001	2.599051460934957e6
0.10350000000000001	2.611667684401512e6
0.10400000000000001	2.6242838998538908e6
0.1045	2.636900107266867e6
0.105	2.6495163066157387e6
0.1055	2.662132497876392e6
0.106	2.67474868107791e6
0.1065	2.687364856305685e6
0.107	2.699981023538762e6
0.1075	2.712597182752058e6
0.108	2.7252133339211866e6
0.1085	2.737829477039279e6
0.109	2.7504456120847072e6
0.1095	2.7630617390286606e6
0.11	2.7756778578412402e6
0.1105	2.7882939684915193e6
0.111	2.8009100709474855e6
0.1115	2.813526165176088e6
0.112	2.8261422511432045e6
0.1125	2.838758328813661e6
0.113	2.8513743981512245e6
0.1135	2.86399045911859e6
0.114	2.876606511677416e6
0.1145	2.889222555788286e6
0.115	2.9018385914107254e6
0.1155	2.914454618503212e6
0.116	2.927070637023151e6
0.1165	2.9396866469269036e6
0.117	2.952302648169757e6
0.11750000000000001	2.9649186407059454e6
0.11800000000000001	2.9775346244886555e6
0.11850000000000001	2.9901505994700026e6
0.11900000000000001	3.002766565601007e6
0.11950000000000001	3.0153825227992823e6
0.12	3.0279984709861074e6
0.1205	3.040614410110155e6
0.121	3.0532303401195365e6
0.1215	3.0658462609698637e6
0.122	3.0784621726365048e6
0.1225	3.0910780750680366e6
0.123	3.1036939682096587e6
0.1235	3.116309852005682e6
0.124	3.1289257263995516e6
0.1245	3.141541591333823e6
0.125	3.154157446750162e6
0.1255	3.1667732925893557e6
0.126	3.179389128791332e6
0.1265	3.192004955295111e6
0.127	3.204620772038835e6
0.1275	3.217236578959772e6
0.128	3.229852375994303e6
0.1285	3.242468163077939e6
0.129	3.2550839401452863e6
0.1295	3.2676997071300885e6
0.13	3.2803154639651924e6
0.1305	3.2929312105825827e6
0.131	3.305546946913333e6
0.1315	3.3181626728876634e6
0.132	3.330778388434889e6
0.1325	3.3433940934849572e6
0.133	3.356009787994547e6
0.1335	3.3686254719012696e6
0.134	3.381241145130298e6
0.1345	3.393856807605569e6
0.135	3.4064724592538606e6
0.1355	3.419088100001439e6
0.136	3.4317037297684406e6
0.1365	3.4443193484736686e6
0.137	3.4569349560346454e6
0.1375	3.469550552367563e6
0.138	3.4821661373873064e6
0.1385	3.494781711007456e6
0.139	3.5073972731402777e6
0.1395	3.520012823696732e6
0.14	3.5326283625864633e6
0.1405	3.545243889717818e6
0.14100000000000001	3.557859404997807e6
0.14150000000000001	3.5704749083321663e6
0.14200000000000002	3.5830903996252883e6
0.14250000000000002	3.5957058787802784e6
0.14300000000000002	3.6083213456989145e6
0.14350000000000002	3.620936800281664e6
0.14400000000000002	3.633552242427699e6
0.1445	3.646167672034868e6
0.145	3.6587830889997063e6
0.1455	3.6713984932174473e6
0.146	3.6840138845921704e6
0.1465	3.6966292630799063e6
0.147	3.7092446285822554e6
0.1475	3.7218599809877835e6
0.148	3.7344753201830317e6
0.1485	3.747090646052362e6
0.149	3.7597059584782356e6
0.1495	3.7723212573411297e6
0.15	3.7849365425195107e6
0.1505	3.797551813889814e6
0.151	3.8101670713264653e6
0.1515	3.8227823147018696e6
0.152	3.8353975438864008e6
0.1525	3.848012758748429e6
0.153	3.8606279591542846e6
0.1535	3.873243144968295e6
0.154	3.8858583160527563e6
0.1545	3.8984734722679514e6
0.155	3.911088613472143e6
0.1555	3.9237037395215593e6
0.156	3.9363188502704273e6
0.1565	3.9489339455709374e6
0.157	3.961549025273266e6
0.1575	3.9741640892255744e6
0.158	3.9867791372739864e6
0.1585	3.999394169262618e6
0.159	4.012009185033562e6
0.1595	4.0246241844292018e6
0.16	4.0372391672942243e6
0.1605	4.049854133464973e6
0.161	4.062469082775285e6
0.1615	4.075084015060861e6
0.162	4.087698930166645e6
0.1625	4.100313827921493e6
0.163	4.112928708150471e6
0.1635	4.1255435706763635e6
0.164	4.138158415319682e6
0.1645	4.150773241898644e6
0.165	4.1633880502292123e6
0.1655	4.1760028401250625e6
0.166	4.188617611397591e6
0.1665	4.201232363855929e6
0.167	4.213847097306907e6
0.1675	4.2264618115551025e6
0.168	4.2390765064028e6
0.1685	4.251691181650021e6
0.169	4.264305837094481e6
0.1695	4.276920472531653e6
0.17	4.2895350877547115e6
0.1705	4.302149682554545e6
0.171	4.314764256719789e6
0.1715	4.32737881003678e6
0.17200000000000001	4.33999334228958e6
0.17250000000000001	4.352607853259971e6
0.17300000000000001	4.365222342259806e6
0.17350000000000002	4.377836808384961e6
0.17400000000000002	4.390451251418037e6
0.17450000000000002	4.403065671154989e6
0.17500000000000002	4.41568006741601e6
0.17550000000000002	4.428294440030129e6
0.176	4.440908788815022e6
0.1765	4.453523113595427e6
0.177	4.466137414203151e6
0.1775	4.478751690477089e6
0.178	4.491365942263192e6
0.1785	4.5039801694144895e6
0.179	4.516594371791074e6
0.1795	4.529208549260118e6
0.18	4.541822701695853e6
0.1805	4.554436828979571e6
0.181	4.567050930999664e6
0.1815	4.579665007651548e6
0.182	4.592279058837751e6
0.1825	4.604893084467836e6
0.183	4.617507084458461e6
0.1835	4.630121058733335e6
0.184	4.642735007223261e6
0.1845	4.655348929866104e6
0.185	4.6679628266068e6
0.1855	4.680576697397378e6
0.186	4.693190542209465e6
0.1865	4.705804363756542e6
0.187	4.71841816407775e6
0.1875	4.73103194309022e6
0.188	4.743645700685073e6
0.1885	4.75625943679461e6
0.189	4.768873151257172e6
0.1895	4.781486843853941e6
0.19	4.794100514331595e6
0.1905	4.8067141624023225e6
0.191	4.819327787743833e6
0.1915	4.8319413899993505e6
0.192	4.844554968777664e6
0.1925	4.8571685236530965e6
0.193	4.869782054165592e6
0.1935	4.882395559820674e6
0.194	4.895009040089542e6
0.1945	4.907622494409041e6
0.195	4.920235922181739e6
0.1955	4.932849322775946e6
0.196	4.9454626955257775e6
0.1965	4.958076039731173e6
0.197	4.970689354657943e6
0.1975	4.983302639537858e6
0.198	4.995915893568663e6
0.1985	5.008529115914146e6
0.199	5.021142305704215e6
0.1995	5.03375546177842e6
0.2	5.046368578485292e6
0.2005	5.058981653132198e6
0.201	5.071594684818138e6
0.2015	5.084207672337242e6
0.202	5.096820614142715e6
0.2025	5.109433509388824e6
0.203	5.122046357283369e6
0.20350000000000001	5.134659157065098e6
0.20400000000000001	5.147271908003664e6
0.20450000000000002	5.159884609399588e6
0.20500000000000002	5.172497260584227e6
0.20550000000000002	5.185109860919744e6
0.20600000000000002	5.197722409799062e6
0.20650000000000002	5.210334906645861e6
0.20700000000000002	5.222947350914519e6
0.20750000000000002	5.23555974209012e6
0.20800000000000002	5.248172079688391e6
0.2085	5.260784363255711e6
0.209	5.2733965923690805e6
0.2095	5.286008766636102e6
0.21	5.298620885694971e6
0.2105	5.311232949214435e6
0.211	5.323844956893815e6
0.2115	5.336456908462973e6
0.212	5.349068803682303e6
0.2125	5.3616806423427295e6
0.213	5.374292424488861e6
0.2135	5.3869041532040555e6
0.214	5.399515829403701e6
0.2145	5.412127452949462e6
0.215	5.42473902399361e6
0.2155	5.43735054248456e6
0.216	5.44996200824046e6
0.2165	5.46257342106886e6
0.217	5.475184780766756e6
0.2175	5.48779608712058e6
0.218	5.500407339906195e6
0.2185	5.5130185388889285e6
0.219	5.525629683823559e6
0.2195	5.538240774454341e6
0.22	5.550851810515005e6
0.2205	5.563462791728761e6
0.221	5.576073717808333e6
0.2215	5.5886845884559415e6
0.222	5.601295403363323e6
0.2225	5.613906162211772e6
0.223	5.626516864672092e6
0.2235	5.639127510404666e6
0.224	5.651738099059454e6
0.2245	5.664348630275988e6
0.225	5.676959103683401e6
0.2255	5.689569518900437e6
0.226	5.7021798755354965e6
0.2265	5.714790173104217e6
0.227	5.72740041015902e6
0.2275	5.740010585975103e6
0.228	5.752620700172352e6
0.2285	5.76523075241247e6
0.229	5.777840742289447e6
0.2295	5.790450669394945e6
0.23	5.803060533321177e6
0.2305	5.815670333660965e6
0.231	5.828280070007685e6
0.2315	5.840889741955293e6
0.232	5.8534993490983285e6
0.2325	5.866108891031919e6
0.233	5.878718367351759e6
0.2335	5.891327777654155e6
0.234	5.903937121535968e6
0.23450000000000001	5.916546398594666e6
0.23500000000000001	5.929155608428305e6
0.23550000000000001	5.9417647506355345e6
0.23600000000000002	5.95437382481558e6
0.23650000000000002	5.966982830568267e6
0.23700000000000002	5.979591767494035e6
0.23750000000000002	5.992200635193902e6
0.23800000000000002	6.004809433269486e6
0.23850000000000002	6.017418161323009e6
0.23900000000000002	6.030026818957294e6
0.23950000000000002	6.042635405775758e6
0.24	6.055243921392926e6
0.2405	6.067852365616375e6
0.241	6.080460738136457e6
0.2415	6.093069038740261e6
0.242	6.105677267099953e6
0.2425	6.118285422809469e6
0.243	6.130893505458728e6
0.2435	6.143501514633569e6
0.244	6.156109449915814e6
0.2445	6.168717310883254e6
0.245	6.181325097109637e6
0.2455	6.193932808164702e6
0.246	6.206540443614165e6
0.2465	6.21914800301972e6
0.247	6.231755485939087e6
0.2475	6.244362891925951e6
0.248	6.25697022053001e6
0.2485	6.26957747129699e6
0.249	6.282184643768614e6
0.2495	6.294791737482645e6
0.25	6.307398751972857e6
0.2505	6.320005686769072e6
0.251	6.332612541397138e6
0.2515	6.345219315378954e6
0.252	6.357826008232473e6
0.2525	6.370432619471707e6
0.253	6.383039148606728e6
0.2535	6.39564559514158e6
0.254	6.408251958294043e6
0.2545	6.420858237296487e6
0.255	6.43346443147865e6
0.2555	6.446070540335664e6
0.256	6.458676563373223e6
0.2565	6.471282500099168e6
0.257	6.483888350023484e6
0.2575	6.496494112658274e6
0.258	6.509099787517783e6
0.2585	6.521705374118394e6
0.259	6.534310871978628e6
0.2595	6.546916280619123e6
0.26	6.559521599562654e6
0.2605	6.572126828334133e6
0.261	6.584731966460588e6
0.2615	6.597337013471186e6
0.262	6.609941968897219e6
0.2625	6.622546832272098e6
0.263	6.635151603131363e6
0.2635	6.64775628101268e6
0.264	6.660360865455831e6
0.2645	6.672965356002724e6
0.265	6.685569752197383e6
0.2655	6.698174053585955e6
0.266	6.710778259716703e6
0.2665	6.72338237014001e6
0.267	6.735986384408369e6
0.2675	6.748590302186223e6
0.268	6.761194123538022e6
0.2685	6.773797848159934e6
0.269	6.786401475600404e6
0.2695	6.799005005403634e6
0.27	6.811608437109648e6
0.2705	6.824211770254243e6
0.271	6.836815004369041e6
0.2715	6.8494181389814345e6
0.272	6.862021173614655e6
0.2725	6.874624107787724e6
0.273	6.887226941015496e6
0.2735	6.899829672808633e6
0.274	6.912432302673618e6
0.2745	6.925034830112789e6
0.275	6.937637254624264e6
0.2755	6.950239575702057e6
0.276	6.9628417928359695e6
0.2765	6.975443905511686e6
0.277	6.988045913210713e6
0.2775	7.0006478154104175e6
0.278	7.013249611584011e6
0.2785	7.025851301200597e6
0.279	7.038452883725102e6
0.2795	7.051054358618336e6
0.28	7.063655725336984e6
0.2805	7.076256983333601e6
0.281	7.088858131998922e6
0.28150000000000003	7.101459170397628e6
0.28200000000000003	7.114060097889296e6
0.28250000000000003	7.126660913918487e6
0.28300000000000003	7.139261617929883e6
0.28350000000000003	7.151862209368282e6
0.28400000000000003	7.164462687678591e6
0.28450000000000003	7.177063052305824e6
0.28500000000000003	7.189663302695122e6
0.28550000000000003	7.202263438291708e6
0.28600000000000003	7.214863458540936e6
0.28650000000000003	7.2274633628882505e6
0.28700000000000003	7.240063150779207e6
0.28750000000000003	7.252662821659446e6
0.28800000000000003	7.265262374974728e6
0.2885	7.277861810170893e6
0.289	7.290461126693896e6
0.2895	7.303060323989756e6
0.29	7.315659401504621e6
0.2905	7.328258358684716e6
0.291	7.340857194976328e6
0.2915	7.3534559098258745e6
0.292	7.366054502679832e6
0.2925	7.378652972984766e6
0.293	7.391251320187318e6
0.2935	7.403849543734236e6
0.294	7.416447643075854e6
0.2945	7.429045617915949e6
0.295	7.441643467955328e6
0.2955	7.4542411928420905e6
0.296	7.466838792017503e6
0.2965	7.47943626491002e6
0.297	7.492033610942138e6
0.2975	7.504630829530431e6
0.298	7.517227920085515e6
0.2985	7.529824882012084e6
0.299	7.54242171470889e6
0.2995	7.55501841756874e6
0.3	7.567614989978537e6
0.3005	7.580211431319225e6
0.301	7.59280774096584e6
0.3015	7.605403918287495e6
0.302	7.617999962647351e6
0.3025	7.630595873402683e6
0.303	7.643191649904808e6
0.3035	7.655787291499147e6
0.304	7.668382797525198e6
0.3045	7.680978167316534e6
0.305	7.693573400200824e6
0.3055	7.706168495499809e6
0.306	7.7187634525293335e6
0.3065	7.731358270599299e6
0.307	7.743952949013734e6
0.3075	7.7565474870699225e6
0.308	7.769141884056638e6
0.3085	7.781736139257986e6
0.309	7.794330251665996e6
0.3095	7.806924220349164e6
0.31	7.819518044582647e6
0.3105	7.832111723639584e6
0.311	7.844705256791108e6
0.3115	7.857298643306356e6
0.312	7.869891882452409e6
0.3125	7.8824849734943565e6
0.313	7.895077915695224e6
0.3135	7.907670708316015e6
0.314	7.920263350615673e6
0.3145	7.93285584185109e6
0.315	7.945448181277088e6
0.3155	7.9580403681464195e6
0.316	7.9706324017097745e6
0.3165	7.983224281215726e6
0.317	7.995816005910784e6
0.3175	8.008407575039349e6
0.318	8.020998987843706e6
0.3185	8.0335902435640395e6
0.319	8.046181341438399e6
0.3195	8.058772280702713e6
0.32	8.071363060590764e6
0.3205	8.083953680336706e6
0.321	8.096544139626467e6
0.3215	8.109134438021096e6
0.322	8.121724574735204e6
0.3225	8.1343145489743855e6
0.323	8.146904359935234e6
0.3235	8.159494006805317e6
0.324	8.172083488763163e6
0.3245	8.184672804978248e6
0.325	8.197261954610971e6
0.3255	8.209850936812659e6
0.326	8.2224397507255105e6
0.3265	8.23502839548263e6
0.327	8.247616870207966e6
0.3275	8.26020517401632e6
0.328	8.272793306013315e6
0.3285	8.285381265295387e6
0.329	8.297969050949757e6
0.3295	8.3105566620544065e6
0.33	8.323144097678077e6
0.3305	8.335731356880238e6
0.331	8.3483184387110565e6
0.3315	8.360905342211381e6
0.332	8.373492066412753e6
0.3325	8.386078610337335e6
0.333	8.398664972997902e6
0.3335	8.411251153397847e6
0.334	8.423837149912441e6
0.3345	8.436422959215764e6
0.335	8.449008580091357e6
0.3355	8.461594011561027e6
0.336	8.474179252664367e6
0.3365	8.486764301537208e6
0.337	8.499349136560423e6
0.3375	8.511933745968256e6
0.338	8.524518125714278e6
0.3385	8.537102271678036e6
0.339	8.549686179666279e6
0.3395	8.562269845414171e6
0.34	8.574853264586555e6
0.3405	8.587436432779204e6
0.341	8.600019345520126e6
0.3415	8.612601998270834e6
0.342	8.625184386427673e6
0.3425	8.637766505323146e6
0.343	8.650348350227235e6
0.3435	8.662929916348746e6
0.34400000000000003	8.675511198836667e6
0.34450000000000003	8.688092192781541e6
0.34500000000000003	8.700672893216811e6
0.34550000000000003	8.713253295120204e6
0.34600000000000003	8.72583339341514e6
0.34650000000000003	8.738413182972083e6
0.34700000000000003	8.750992658644477e6
0.34750000000000003	8.7635718157565e6
0.34800000000000003	8.776150649216885e6
0.34850000000000003	8.788729153686106e6
0.34900000000000003	8.801307323771836e6
0.34950000000000003	8.813885154030368e6
0.35000000000000003	8.826462638967961e6
0.35050000000000003	8.839039773042273e6
0.35100000000000003	8.851616550663726e6
0.35150000000000003	8.8641929661969e6
0.352	8.876769013961919e6
0.3525	8.88934468823582e6
0.353	8.901919983253945e6
0.3535	8.914494893211273e6
0.354	8.927069412263805e6
0.3545	8.93964353452992e6
0.355	8.952217254091714e6
0.3555	8.964790564996313e6
0.356	8.977363461257245e6
0.3565	8.989935936855724e6
0.357	9.002507985741954e6
0.3575	9.015079601836475e6
0.358	9.02765077903138e6
0.3585	9.040221511191636e6
0.359	9.052791792156348e6
0.3595	9.065361615739979e6
0.36	9.077930975733614e6
0.3605	9.090499866248764e6
0.361	9.103068281372227e6
0.3615	9.115636214823237e6
0.362	9.128203660296535e6
0.3625	9.140770611463523e6
0.363	9.153337061973417e6
0.3635	9.165903005454393e6
0.364	9.178468435514713e6
0.3645	9.191033345743857e6
0.365	9.203597729713574e6
0.3655	9.216161580979025e6
0.366	9.228724893079804e6
0.3665	9.241287659541016e6
0.367	9.253849873874277e6
0.3675	9.266411529578786e6
0.368	9.27897262014228e6
0.3685	9.29153313904205e6
0.369	9.3040930797459e6
0.3695	9.316652435713107e6
0.37	9.329211200395351e6
0.3705	9.341769367237654e6
0.371	9.354326929679265e6
0.3715	9.36688388115458e6
0.372	9.37944021509397e6
0.3725	9.391995924924694e6
0.373	9.404551004071683e6
0.3735	9.417105445813475e6
0.374	9.429659243134372e6
0.3745	9.442212389433453e6
0.375	9.454764878146313e6
0.3755	9.46731670271553e6
0.376	9.479867856591413e6
0.3765	9.492418333232738e6
0.377	9.504968126107441e6
0.3775	9.517517228693329e6
0.378	9.530065634478759e6
0.3785	9.542613336963281e6
0.379	9.555160329658316e6
0.3795	9.567706605804408e6
0.38	9.580252159577569e6
0.3805	9.59279698415778e6
0.381	9.60534107311247e6
0.3815	9.617884420023695e6
0.382	9.63042701848872e6
0.3825	9.642968862120561e6
0.383	9.655509944548566e6
0.3835	9.668050259418894e6
0.384	9.680589800395047e6
0.3845	9.693128561158389e6
0.385	9.705666535408622e6
0.3855	9.718203716864238e6
0.386	9.730740099263037e6
0.3865	9.743275676472314e6
0.387	9.755810443669807e6
0.3875	9.768344395065742e6
0.388	9.780877524448035e6
0.3885	9.793409825609319e6
0.389	9.80594129234739e6
0.3895	9.81847191846558e6
0.39	9.831001697773157e6
0.3905	9.843530624085665e6
0.391	9.856058691225324e6
0.3915	9.868585893021379e6
0.392	9.881112223310387e6
0.3925	9.893637675936602e6
0.393	9.906162244752275e6
0.3935	9.918685923617946e6
0.394	9.931208706402758e6
0.3945	9.943730586984731e6
0.395	9.956251559251053e6
0.3955	9.968771617098317e6
0.396	9.98129075443281e6
0.3965	9.99380896559195e6
0.397	1.000632624374288e7
0.3975	1.0018842583170766e7
0.398	1.0031357977823498e7
0.3985	1.0043872421659768e7
0.399	1.0056385908649229e7
0.3995	1.0068898432772709e7
0.4	1.0081409987505982e7
0.4005	1.0093920566112937e7
0.401	1.0106430162618442e7
0.4015	1.0118938771076078e7
0.402	1.0131446385562267e7
0.4025	1.014395300017646e7
0.403	1.015645860904122e7
0.4035	1.0168963206302382e7
0.404	1.0181466786129188e7
0.4045	1.0193969342714354e7
0.405	1.0206470870274223e7
0.4055	1.0218971363048846e7
0.406	1.0231470815302083e7
0.40650000000000003	1.0243969221321704e7
0.40700000000000003	1.0256466575419448e7
0.40750000000000003	1.0268962871931134e7
0.40800000000000003	1.0281458105216717e7
0.40850000000000003	1.0293952269660356e7
0.40900000000000003	1.03064453596705e7
0.40950000000000003	1.031893736967991e7
0.41000000000000003	1.0331428294145744e7
0.41050000000000003	1.0343918127549607e7
0.41100000000000003	1.035640686439758e7
0.41150000000000003	1.0368894499220256e7
0.41200000000000003	1.0381381026572794e7
0.41250000000000003	1.0393866441034961e7
0.41300000000000003	1.040635073730704e7
0.41350000000000003	1.0418833910776798e7
0.41400000000000003	1.0431315956253007e7
0.41450000000000004	1.044379686839696e7
0.41500000000000004	1.0456276641885953e7
0.41550000000000004	1.0468755271413289e7
0.41600000000000004	1.0481232751688277e7
0.4165	1.0493709077436265e7
0.417	1.0506184243398625e7
0.4175	1.0518658244332759e7
0.418	1.0531131075012108e7
0.4185	1.0543602730226122e7
0.419	1.0556073204780256e7
0.4195	1.0568542493496e7
0.42	1.05810105912108e7
0.4205	1.0593477492778078e7
0.421	1.0605943193067223e7
0.4215	1.0618407686963527e7
0.422	1.063087096936819e7
0.4225	1.0643333035198292e7
0.423	1.0655793879386757e7
0.4235	1.0668253496882297e7
0.424	1.0680711882649425e7
0.4245	1.069316903166837e7
0.425	1.0705624938935077e7
0.4255	1.0718079599461129e7
0.426	1.0730533008273734e7
0.4265	1.0742985160525473e7
0.427	1.075543605142569e7
0.4275	1.0767885676045923e7
0.428	1.0780334029469928e7
0.4285	1.0792781106794603e7
0.429	1.0805226903129892e7
0.4295	1.081767141359878e7
0.43	1.0830114633337196e7
0.4305	1.0842556557493981e7
0.431	1.0854997181230806e7
0.4315	1.0867436499722125e7
0.432	1.0879874508155102e7
0.4325	1.0892311201729536e7
0.433	1.0904746575657828e7
0.4335	1.0917180625164876e7
0.434	1.0929613345488029e7
0.4345	1.0942044731877001e7
0.435	1.0954474779593809e7
0.4355	1.0966903483912699e7
0.436	1.097933084012007e7
0.4365	1.0991756843514403e7
0.437	1.1004181489406161e7
0.4375	1.1016604773117766e7
0.438	1.1029026689983454e7
0.4385	1.1041447235349242e7
0.439	1.105386640457283e7
0.4395	1.1066284193147238e7
0.44	1.1078700597710636e7
0.4405	1.1091115613971502e7
0.441	1.1103529237306338e7
0.4415	1.111594146308834e7
0.442	1.1128352286687296e7
0.4425	1.1140761703469515e7
0.443	1.1153169708797676e7
0.4435	1.116557629803079e7
0.444	1.1177981466524031e7
0.4445	1.119038520962867e7
0.445	1.1202787522691961e7
0.4455	1.1215188401057016e7
0.446	1.122758784006271e7
0.4465	1.1239985835043535e7
0.447	1.125238238132954e7
0.4475	1.1264777474246148e7
0.448	1.1277171109114077e7
0.4485	1.1289563281249208e7
0.449	1.1301953985962456e7
0.4495	1.1314343218559636e7
0.45	1.1326730974341359e7
0.4505	1.1339117248602891e7
0.451	1.135150203663399e7
0.4515	1.1363885333718834e7
0.452	1.1376267135135822e7
0.4525	1.138864743615749e7
0.453	1.1401026232765416e7
0.4535	1.1413403521328289e7
0.454	1.1425779297092706e7
0.4545	1.1438153555269977e7
0.455	1.1450526291048968e7
0.4555	1.1462897499595856e7
0.456	1.147526717605397e7
0.4565	1.148763531554356e7
0.457	1.1500001913161594e7
0.4575	1.1512366963981528e7
0.458	1.1524730463053098e7
0.4585	1.153709240540208e7
0.459	1.1549452786030056e7
0.4595	1.1561811599914173e7
0.46	1.1574168842006909e7
0.4605	1.15865245072358e7
0.461	1.1598878590503227e7
0.4615	1.1611231086686084e7
0.462	1.1623581989928588e7
0.4625	1.1635931296572182e7
0.463	1.1648279000596272e7
0.4635	1.1660625096773714e7
0.464	1.1672969579850573e7
0.4645	1.1685312444545783e7
0.465	1.1697653685550887e7
0.4655	1.1709993297529684e7
0.466	1.172233127331079e7
0.4665	1.173466759866624e7
0.467	1.1747002267078744e7
0.4675	1.1759335273292542e7
0.468	1.177166661212825e7
0.4685	1.1783996278483147e7
0.46900000000000003	1.1796324267331358e7
0.46950000000000003	1.1808650573724125e7
0.47000000000000003	1.1820975192789968e7
0.47050000000000003	1.1833298119734932e7
0.47100000000000003	1.1845619349842716e7
0.47150000000000003	1.1857938878474925e7
0.47200000000000003	1.1870256701071162e7
0.47250000000000003	1.1882572813149206e7
0.47300000000000003	1.1894887210305177e7
0.47350000000000003	1.190719988821362e7
0.47400000000000003	1.1919510842627648e7
0.47450000000000003	1.193182006937902e7
0.47500000000000003	1.194412756437826e7
0.47550000000000003	1.1956433323614715e7
0.47600000000000003	1.1968737343156608e7
0.47650000000000003	1.1981039619151127e7
0.47700000000000004	1.1993340147824401e7
0.47750000000000004	1.2005638925481603e7
0.47800000000000004	1.2017935948506894e7
0.47850000000000004	1.2030231213363433e7
0.47900000000000004	1.2042524717108674e7
0.47950000000000004	1.2054816458319299e7
0.48	1.2067106433859918e7
0.4805	1.2079394640458876e7
0.481	1.2091681074899163e7
0.4815	1.2103965734018356e7
0.482	1.2116248614708548e7
0.4825	1.2128529713916287e7
0.483	1.214080902864242e7
0.4835	1.21530865570051e7
0.484	1.216536229423565e7
0.4845	1.2177636238355706e7
0.485	1.2189908386587877e7
0.4855	1.2202178736209001e7
0.486	1.2214447284550034e7
0.4865	1.2226714028995976e7
0.487	1.2238978966985732e7
0.4875	1.225124209601199e7
0.488	1.2263503413621126e7
0.4885	1.2275762917413032e7
0.489	1.2288020605041042e7
0.4895	1.2300276474211723e7
0.49	1.2312530522684807e7
0.4905	1.2324782748272974e7
0.491	1.2337033148841744e7
0.4915	1.2349281722309321e7
0.492	1.2361528467197938e7
0.4925	1.2373773382924013e7
0.493	1.2386016467607709e7
0.4935	1.2398257719334282e7
0.494	1.2410497136222845e7
0.4945	1.2422734716426227e7
0.495	1.2434970458130876e7
0.4955	1.2447204359556695e7
0.496	1.2459436418956958e7
0.4965	1.2471666634618133e7
0.497	1.2483895004859772e7
0.4975	1.249612152803437e7
0.498	1.2508346202527255e7
0.4985	1.2520569026756408e7
0.499	1.2532789999172382e7
0.4995	1.2545009118258107e7
0.5	1.25572263825288e7
0.5005000000000001	1.2569441790531803e7
0.501	1.2581655340846438e7
0.5015000000000001	1.2593867032083891e7
0.502	1.2606076862887047e7
0.5025000000000001	1.2618284831930347e7
0.503	1.2630490937919667e7
0.5035000000000001	1.264269517959214e7
0.504	1.265489755571605e7
0.5045000000000001	1.2667098065090654e7
0.505	1.2679296706751628e7
0.5055000000000001	1.269149348018971e7
0.506	1.2703688384330457e7
0.5065000000000001	1.2715881418077616e7
0.507	1.2728072580357531e7
0.5075000000000001	1.274026187011901e7
0.508	1.275244928633322e7
0.5085000000000001	1.2764634827993592e7
0.509	1.2776818494115667e7
0.5095000000000001	1.2789000283737013e7
0.51	1.2801180195917085e7
0.5105000000000001	1.2813358229737144e7
0.511	1.2825534384300105e7
0.5115000000000001	1.2837708658730451e7
0.512	1.2849881052174091e7
0.5125	1.286205156379827e7
0.513	1.287422019279145e7
0.5135	1.2886386938363174e7
0.514	1.2898551799743976e7
0.5145	1.2910714776185248e7
0.515	1.2922875866959145e7
0.5155	1.2935035071358444e7
0.516	1.294719238869646e7
0.5165	1.2959347818306902e7
0.517	1.2971501359543772e7
0.5175	1.2983653011781264e7
0.518	1.2995802774457611e7
0.5185	1.3007950647577142e7
0.519	1.3020096630752632e7
0.5195	1.3032240723423775e7
0.52	1.3044382925042933e7
0.5205	1.3056523235075092e7
0.521	1.306866165299779e7
0.5215	1.3080798178300994e7
0.522	1.3092932810487097e7
0.5225	1.3105065549070776e7
0.523	1.3117196393578963e7
0.5235	1.3129325343550753e7
0.524	1.3141452398537334e7
0.5245	1.3153577558101917e7
0.525	1.316570082181965e7
0.5255	1.3177822189277563e7
0.526	1.3189941660074499e7
0.5265	1.3202059233821003e7
0.527	1.3214174910139311e7
0.5275	1.3226288688663226e7
0.528	1.3238400569038082e7
0.5285	1.3250510550920645e7
0.529	1.3262618633979077e7
0.5295	1.3274724817892822e7
0.53	1.3286829102352588e7
0.5305	1.329893148706023e7
0.531	1.3311031971728709e7
0.5315	1.3323130556168592e7
0.532	1.3335227240480285e7
0.5325	1.3347322024445571e7
0.533	1.3359414907811763e7
0.5335	1.3371505890332896e7
0.534	1.3383594971769702e7
0.5345	1.3395682151889537e7
0.535	1.3407767430466384e7
0.5355	1.3419850807314528e7
0.536	1.3431932282156589e7
0.5365	1.3444011854816904e7
0.537	1.345608952509545e7
0.5375	1.3468165292798556e7
0.538	1.3480239157738911e7
0.5385	1.3492311119735496e7
0.539	1.35043811786136e7
0.5395	1.3516449334204685e7
0.54	1.3528515586346427e7
0.5405	1.3540579934882633e7
0.541	1.355264237966323e7
0.5415	1.356470292054419e7
0.542	1.3576761557387527e7
0.5425	1.3588818290061232e7
0.543	1.3600873118439239e7
0.5435	1.3612926042401394e7
0.544	1.3624977061833426e7
0.5445	1.3637026176626876e7
0.545	1.3649073386747302e7
0.5455	1.3661118692633409e7
0.546	1.3673162094302256e7
0.5465	1.368520359165599e7
0.547	1.3697243184596736e7
0.5475	1.3709280873026574e7
0.548	1.3721316656847546e7
0.5485	1.373335053596163e7
0.549	1.3745382510270761e7
0.5495	1.3757412579676818e7
0.55	1.376944074408162e7
0.5505	1.3781467003386915e7
0.551	1.3793491357494375e7
0.5515	1.3805513806305623e7
0.552	1.3817534349722188e7
0.5525	1.3829552987645527e7
0.553	1.3841569719977003e7
0.5535	1.3853584546617895e7
0.554	1.3865597467469396e7
0.5545	1.3877608482432598e7
0.555	1.3889617591408484e7
0.5555	1.3901624794297962e7
0.556	1.3913630091001792e7
0.5565	1.3925633481420668e7
0.557	1.3937634965455124e7
0.5575	1.3949634543005608e7
0.558	1.3961632213972434e7
0.5585	1.397362797825578e7
0.559	1.3985621835835172e7
0.5595	1.3997613786750916e7
0.56	1.400960383090286e7
0.5605	1.402159196818624e7
0.561	1.4033578198494477e7
0.5615	1.4045562521719104e7
0.562	1.4057544937749831e7
0.5625	1.4069525446474526e7
0.5630000000000001	1.4081504046886705e7
0.5635	1.409348074096263e7
0.5640000000000001	1.4105455527298624e7
0.5645	1.4117428405793017e7
0.5650000000000001	1.4129399376340427e7
0.5655	1.4141368438831668e7
0.5660000000000001	1.4153335593153736e7
0.5665	1.4165300839189732e7
0.5670000000000001	1.4177264176818835e7
0.5675	1.4189225608574893e7
0.5680000000000001	1.4201185628223844e7
0.5685	1.4213144558560366e7
0.5690000000000001	1.4225102403402949e7
0.5695	1.4237059164585399e7
0.5700000000000001	1.4249014843934476e7
0.5705	1.4260969443269923e7
0.5710000000000001	1.4272922964404486e7
0.5715	1.4284875409143925e7
0.5720000000000001	1.4296826779287077e7
0.5725	1.4308777076625852e7
0.5730000000000001	1.4320726302720195e7
0.5735	1.4332674458945435e7
0.5740000000000001	1.4344621547072034e7
0.5745	1.4356567568876667e7
0.5750000000000001	1.4368512526133943e7
0.5755	1.4380456420616489e7
0.5760000000000001	1.4392399254094897e7
0.5765	1.440434102833775e7
0.577	1.4416281745111637e7
0.5775	1.442822140618113e7
0.578	1.4440160013308821e7
0.5785	1.4452097568255296e7
0.579	1.4464034072779147e7
0.5795	1.4475969528636996e7
0.58	1.4487903937583476e7
0.5805	1.4499837301371247e7
0.581	1.4511769621750984e7
0.5815	1.4523700900471417e7
0.582	1.4535631139279284e7
0.5825	1.4547560339919388e7
0.583	1.455948850413456e7
0.5835	1.457141563366568e7
0.584	1.4583341730251692e7
0.5845	1.4595266795629576e7
0.585	1.4607190831534386e7
0.5855	1.4619113839699246e7
0.586	1.4631035821855316e7
0.5865	1.4642956779731875e7
0.587	1.4654876715156525e7
0.5875	1.466679563056085e7
0.588	1.4678713527798023e7
0.5885	1.4690630408574766e7
0.589	1.4702546274589032e7
0.5895	1.4714461127530023e7
0.59	1.472637496907822e7
0.5905	1.4738287800905462e7
0.591	1.4750199624674924e7
0.5915	1.4762110442041181e7
0.592	1.4774020254650237e7
0.5925	1.478592906413957e7
0.593	1.4797836872138118e7
0.5935	1.4809743680266384e7
0.594	1.4821649490136402e7
0.5945	1.4833554303351812e7
0.595	1.4845458121507857e7
0.5955	1.4857360946191456e7
0.596	1.4869262778981179e7
0.5965	1.4881163621447353e7
0.597	1.4893063475152014e7
0.5975	1.4904962341648988e7
0.598	1.4916860222483892e7
0.5985	1.4928757119194202e7
0.599	1.4940653033309234e7
0.5995	1.4952547966350205e7
0.6	1.4964441919830251e7
0.6005	1.497633489525446e7
0.601	1.4988226894119892e7
0.6015	1.5000117921837812e7
0.602	1.5012007990993218e7
0.6025	1.5023897103589961e7
0.603	1.5035785260831391e7
0.6035	1.504767246380292e7
0.604	1.5059558713472309e7
0.6045	1.5071444010689925e7
0.605	1.508332835618888e7
0.6055	1.5095211750585288e7
0.606	1.5107094194378233e7
0.6065	1.5118975687949935e7
0.607	1.513085623156567e7
0.6075	1.5142735825373784e7
0.608	1.5154614469405578e7
0.6085	1.5166492163575176e7
0.609	1.5178368907679334e7
0.6095	1.5190244701397227e7
0.61	1.520211954429014e7
0.6105	1.521399343580116e7
0.611	1.5225866375254782e7
0.6115	1.5237738361856507e7
0.612	1.5249609394692339e7
0.6125	1.526147947272827e7
0.613	1.5273348594809681e7
0.6135	1.5285216759660758e7
0.614	1.5297083965883773e7
0.6145	1.5308950211958334e7
0.615	1.5320815496240659e7
0.6155	1.5332679816962661e7
0.616	1.5344543169669937e7
0.6165	1.5356405542902838e7
0.617	1.536826693370713e7
0.6175	1.5380127339973263e7
0.618	1.5391986759555995e7
0.6185	1.5403845190274155e7
0.619	1.5415702629910305e7
0.6195	1.5427559076210499e7
0.62	1.5439414526883932e7
0.6205	1.545126897960271e7
0.621	1.5463122432001473e7
0.6215	1.5474974881677127e7
0.622	1.5486826326188497e7
0.6225	1.5498676763056036e7
0.623	1.5510526189761447e7
0.6235	1.5522374603747388e7
0.624	1.5534222002417097e7
0.6245	1.5546068383134073e7
0.625	1.5557913743221665e7
0.6255000000000001	1.556975807996277e7
0.626	1.5581601390599424e7
0.6265000000000001	1.559344367233242e7
0.627	1.560528492232094e7
0.6275000000000001	1.5617125137682162e7
0.628	1.562896431549084e7
0.6285000000000001	1.5640802452778898e7
0.629	1.5652639546535032e7
0.6295000000000001	1.5664475593704272e7
0.63	1.56763105909976e7
0.6305000000000001	1.568814453063212e7
0.631	1.569997740744754e7
0.6315000000000001	1.5711809218277385e7
0.632	1.57236399599628e7
0.6325000000000001	1.573546962935278e7
0.633	1.5747298223304274e7
0.6335000000000001	1.5759125738682393e7
0.634	1.5770952172360534e7
0.6345000000000001	1.5782777521220608e7
0.635	1.5794601782153135e7
0.6355000000000001	1.5806424952057462e7
0.636	1.5818247027841909e7
0.6365000000000001	1.5830068006423974e7
0.637	1.5841887884730443e7
0.6375000000000001	1.5853706659697616e7
0.638	1.5865524328271465e7
0.6385000000000001	1.5877340887407787e7
0.639	1.5889156334072405e7
0.6395000000000001	1.5900970665241333e7
0.64	1.5912783877900947e7
0.6405	1.592459596904817e7
0.641	1.5936406935690638e7
0.6415	1.5948216774846885e7
0.642	1.5960025483546546e7
0.6425	1.597183305883047e7
0.643	1.5983639497750988e7
0.6435	1.5995444797372002e7
0.644	1.6007248954221461e7
0.6445	1.6019051964090811e7
0.645	1.6030853824038614e7
0.6455	1.604265453120677e7
0.646	1.6054454082765793e7
0.6465	1.6066252475915138e7
0.647	1.6078049707883555e7
0.6475	1.6089845775929427e7
0.648	1.6101640677341098e7
0.6485	1.6113434409437241e7
0.649	1.612522696956718e7
0.6495	1.6137018355111238e7
0.65	1.614880856348107e7
0.6505	1.616059759211999e7
0.651	1.6172385438503323e7
0.6515	1.618417210013871e7
0.652	1.6195957574566469e7
0.6525	1.6207741859359914e7
0.653	1.6219524952125661e7
0.6535	1.6231306850503976e7
0.654	1.624308755216908e7
0.6545	1.6254867054829484e7
0.655	1.6266645356228296e7
0.6555	1.627842245414352e7
0.656	1.6290198346388416e7
0.6565	1.6301973030811753e7
0.657	1.6313746505297812e7
0.6575	1.6325518767647859e7
0.658	1.6337289815723378e7
0.6585	1.6349059647520754e7
0.659	1.6360828261075301e7
0.6595	1.6372595654461553e7
0.66	1.6384361825793626e7
0.6605	1.639612677322541e7
0.661	1.6407890494950974e7
0.6615	1.6419652989204768e7
0.662	1.643141425426194e7
0.6625	1.6443174288438635e7
0.663	1.6454933090092244e7
0.6635	1.6466690657621656e7
0.664	1.6478446989467576e7
0.6645	1.6490202084112724e7
0.665	1.6501955940082172e7
0.6655	1.6513708555943508e7
0.666	1.6525459930307122e7
0.6665	1.6537210061826468e7
0.667	1.6548958949198265e7
0.6675	1.6560706591162756e7
0.668	1.6572452986503879e7
0.6685	1.6584198134049576e7
0.669	1.6595942032671915e7
0.6695	1.660768468128737e7
0.67	1.6619426078856982e7
0.6705	1.663116622466218e7
0.671	1.6642905118178535e7
0.6715	1.6654642758498933e7
0.672	1.6666379144750396e7
0.6725	1.6678114276099043e7
0.673	1.6689848151750278e7
0.6735	1.6701580770948902e7
0.674	1.671331213297927e7
0.6745	1.6725042237165403e7
0.675	1.673677108287113e7
0.6755	1.6748498669500226e7
0.676	1.6760224996496487e7
0.6765	1.6771950063343901e7
0.677	1.678367386956671e7
0.6775	1.679539641472952e7
0.678	1.680711769843743e7
0.6785	1.68188377203361e7
0.679	1.683055648011184e7
0.6795	1.6842273977491714e7
0.68	1.6853990212243598e7
0.6805	1.6865705184176244e7
0.681	1.6877418893139414e7
0.6815	1.6889131339023836e7
0.682	1.6900842521761365e7
0.6825	1.6912552441324975e7
0.683	1.6924261097728834e7
0.6835	1.6935968491766952e7
0.684	1.6947674624309234e7
0.6845	1.6959379495473754e7
0.685	1.6971083105406024e7
0.6855	1.698278545427918e7
0.686	1.6994486542293962e7
0.6865	1.7006186369678747e7
0.687	1.701788493668956e7
0.6875	1.7029582243610047e7
0.6880000000000001	1.7041278290751554e7
0.6885	1.7052973078453053e7
0.6890000000000001	1.7064666607081182e7
0.6895	1.7076358877030235e7
0.6900000000000001	1.708804988872216e7
0.6905	1.7099739642606556e7
0.6910000000000001	1.711142813916066e7
0.6915	1.7123115378889322e7
0.6920000000000001	1.713480136232502e7
0.6925	1.7146486090027817e7
0.6930000000000001	1.715816956258537e7
0.6935	1.7169851780612875e7
0.6940000000000001	1.7181532744753085e7
0.6945	1.719321245567624e7
0.6950000000000001	1.720489091408008e7
0.6955	1.7216568120689783e7
0.6960000000000001	1.7228244076280143e7
0.6965	1.7239918782920655e7
0.6970000000000001	1.7251592242157582e7
0.6975	1.726326445479422e7
0.6980000000000001	1.7274935421642605e7
0.6985	1.7286605143523518e7
0.6990000000000001	1.7298273621266495e7
0.6995	1.7309940855709773e7
0.7000000000000001	1.7321606847700324e7
0.7005	1.7333271598093778e7
0.7010000000000001	1.7344935107754476e7
0.7015	1.7356597377555404e7
0.7020000000000001	1.7368258408378206e7
0.7025	1.7379918201113164e7
0.7030000000000001	1.7391576756659165e7
0.7035	1.740323407592371e7
0.704	1.7414890159822892e7
0.7045	1.7426545009281375e7
0.705	1.7438198625232354e7
0.7055	1.7449851008617602e7
0.706	1.7461502160387393e7
0.7065	1.7473152081500508e7
0.707	1.748480077292421e7
0.7075	1.749644823563426e7
0.708	1.7508094470614832e7
0.7085	1.751973947885857e7
0.709	1.7531383261358622e7
0.7095	1.754302581889842e7
0.71	1.7554667152394343e7
0.7105	1.7566307262877934e7
0.711	1.757794615139209e7
0.7115	1.7589583818991013e7
0.712	1.7601220266740188e7
0.7125	1.7612855495716367e7
0.713	1.7624489507007513e7
0.7135	1.7636122301712826e7
0.714	1.7647753880942658e7
0.7145	1.7659384245818518e7
0.715	1.7671013397473037e7
0.7155	1.768264133704994e7
0.716	1.7694268065704003e7
0.7165	1.7705893584601052e7
0.717	1.771751789491791e7
0.7175	1.7729140997842368e7
0.718	1.7740762894573174e7
0.7185	1.775238358631997e7
0.719	1.7764003074303295e7
0.7195	1.7775621359754536e7
0.72	1.7787238443915904e7
0.7205	1.7798854328040365e7
0.721	1.7810469013391674e7
0.7215	1.782208250124429e7
0.722	1.7833694792929497e7
0.7225	1.7845305892424084e7
0.723	1.7856915802569956e7
0.7235	1.786852452461861e7
0.724	1.788013205979476e7
0.7245	1.789173840929644e7
0.725	1.7903343574295044e7
0.7255	1.7914947555935398e7
0.726	1.792655035533584e7
0.7265	1.793815197358827e7
0.727	1.7949752411758218e7
0.7275	1.796135167088489e7
0.728	1.797294975198124e7
0.7285	1.798454665603403e7
0.729	1.799614238400383e7
0.7295	1.8007736936825152e7
0.73	1.801933031540642e7
0.7305	1.8030922520630073e7
0.731	1.804251355335255e7
0.7315	1.8054103414404385e7
0.732	1.8065692104590233e7
0.7325	1.807727962468887e7
0.733	1.808886597545329e7
0.7335	1.810045115761068e7
0.734	1.811203517186248e7
0.7345	1.8123618018884417e7
0.735	1.8135199699326504e7
0.7355	1.8146780212646995e7
0.736	1.8158359557584677e7
0.7365	1.816993773472495e7
0.737	1.818151474467887e7
0.7375	1.8193090588058345e7
0.738	1.8204665265476137e7
0.7385	1.821623877754584e7
0.739	1.822781112488191e7
0.7395	1.823938230809963e7
0.74	1.825095232781513e7
0.7405	1.8262521184645385e7
0.741	1.8274088879208207e7
0.7415	1.828565541212226e7
0.742	1.829722078400701e7
0.7425	1.8308784995482795e7
0.743	1.832034804717077e7
0.7435	1.833190993969292e7
0.744	1.834347067367206e7
0.7445	1.8355030249731854e7
0.745	1.8366588668496776e7
0.7455	1.8378145930592127e7
0.746	1.838970203664404e7
0.7465	1.840125698727947e7
0.747	1.841281078312621e7
0.7475	1.8424363424812835e7
0.748	1.8435914912968785e7
0.7485	1.8447465248345863e7
0.749	1.8459014432197668e7
0.7495	1.8470562465236593e7
0.75	1.8482109348080453e7
0.7505000000000001	1.849365508134065e7
0.751	1.850519966562225e7
0.7515000000000001	1.8516743101523943e7
0.752	1.8528285389638092e7
0.7525000000000001	1.8539826530550707e7
0.753	1.8551366524841424e7
0.7535000000000001	1.856290537308359e7
0.754	1.8574443075844187e7
0.7545000000000001	1.8585979633683868e7
0.755	1.8597515047156967e7
0.7555000000000001	1.860904931681149e7
0.756	1.8620582443189148e7
0.7565000000000001	1.8632114426825296e7
0.757	1.8643645268249013e7
0.7575000000000001	1.8655174967983052e7
0.758	1.866670352654387e7
0.7585000000000001	1.867823094444162e7
0.759	1.8689757222180154e7
0.7595000000000001	1.8701282360257026e7
0.76	1.871280635916351e7
0.7605000000000001	1.872432921938458e7
0.761	1.873585094139892e7
0.7615000000000001	1.8747371525672942e7
0.762	1.8758890972303543e7
0.7625000000000001	1.8770409281535227e7
0.763	1.8781926453830015e7
0.7635000000000001	1.879344248964877e7
0.764	1.8804957389451157e7
0.7645000000000001	1.8816471153695695e7
0.765	1.8827983782839697e7
0.7655000000000001	1.883949527733933e7
0.766	1.885100563764958e7
0.7665000000000001	1.8862514864224266e7
0.767	1.8874022957516007e7
0.7675000000000001	1.8885529917976294e7
0.768	1.88970357460554e7
0.7685	1.8908540442202453e7
0.769	1.8920044006865397e7
0.7695	1.893154644049101e7
0.77	1.8943047743524883e7
0.7705	1.895454791641144e7
0.771	1.896604695959394e7
0.7715	1.897754487351446e7
0.772	1.8989041658613905e7
0.7725	1.900053731533199e7
0.773	1.9012031844107285e7
0.7735	1.902352524537717e7
0.774	1.9035017519577857e7
0.7745	1.9046508667144366e7
0.775	1.9057998688504733e7
0.7755	1.9069487584075578e7
0.776	1.9080975354287717e7
0.7765	1.909246199957192e7
0.777	1.9103947520357985e7
0.7775	1.9115431917074718e7
0.778	1.9126915190149955e7
0.7785	1.913839734001056e7
0.779	1.9149878367082402e7
0.7795	1.9161358271747954e7
0.78	1.9172837051245127e7
0.7805	1.9184314704010163e7
0.781	1.9195791230463006e7
0.7815	1.9207266631022684e7
0.782	1.921874090610747e7
0.7825	1.923021405613481e7
0.783	1.924168608152137e7
0.7835	1.9253156982683025e7
0.784	1.9264626760034867e7
0.7845	1.9276095413991172e7
0.785	1.928756294496545e7
0.7855	1.9299029353370395e7
0.786	1.931049463961793e7
0.7865	1.9321958804119177e7
0.787	1.933342184728447e7
0.7875	1.9344883769523345e7
0.788	1.9356344571244508e7
0.7885	1.9367804252855033e7
0.789	1.9379262814761754e7
0.7895	1.9390720257371064e7
0.79	1.9402176581088573e7
0.7905	1.9413631786319107e7
0.791	1.9425085873466734e7
0.7915	1.9436538842934713e7
0.792	1.944799069512553e7
0.7925	1.9459441430440918e7
0.793	1.9470891049281795e7
0.7935	1.9482339552048303e7
0.794	1.9493786939139828e7
0.7945	1.950523321095495e7
0.795	1.9516678367891487e7
0.7955	1.952812241034646e7
0.796	1.953956533871613e7
0.7965	1.955100715339596e7
0.797	1.9562447854780648e7
0.7975	1.9573887443264086e7
0.798	1.9585325919239435e7
0.7985	1.959676328309902e7
0.799	1.960819953523442e7
0.7995	1.9619634676036432e7
0.8	1.963106870589506e7
0.8005	1.9642501625199534e7
0.801	1.9653933434338316e7
0.8015	1.9665364133716438e7
0.802	1.9676793723757885e7
0.8025	1.9688222204849385e7
0.803	1.969964957737519e7
0.8035	1.971107584171826e7
0.804	1.9722500998260316e7
0.8045	1.9733925047381822e7
0.805	1.9745347989461973e7
0.8055	1.9756769824878737e7
0.806	1.976819055400878e7
0.8065	1.9779610177227546e7
0.807	1.9791028694909208e7
0.8075	1.980244610742668e7
0.808	1.981386241515162e7
0.8085	1.9825277618454438e7
0.809	1.9836691717704277e7
0.8095	1.984810471326903e7
0.81	1.9859516605515327e7
0.8105	1.987092739480854e7
0.811	1.9882337081512794e7
0.8115	1.9893745665990938e7
0.812	1.9905153148604594e7
0.8125	1.9916559529714104e7
0.8130000000000001	1.9927964809678555e7
0.8135	1.9939368988855783e7
0.8140000000000001	1.995077206760237e7
0.8145	1.9962174046268545e7
0.8150000000000001	1.9973574925128266e7
0.8155	1.9984974704507485e7
0.8160000000000001	1.9996373384759486e7
0.8165	2.0007770966237266e7
0.8170000000000001	2.0019167449293543e7
0.8175	2.0030562834280733e7
0.8180000000000001	2.0041957121550955e7
0.8185	2.005335031145604e7
0.8190000000000001	2.006474240434754e7
0.8195	2.0076133400576703e7
0.8200000000000001	2.0087523300494462e7
0.8205	2.0098912104451507e7
0.8210000000000001	2.0110299812798195e7
0.8215	2.01216864258846e7
0.8220000000000001	2.0133071944060512e7
0.8225	2.0144456367675412e7
0.8230000000000001	2.0155839697078515e7
0.8235	2.0167221932618696e7
0.8240000000000001	2.0178603074644584e7
0.8245	2.0189983123504497e7
0.8250000000000001	2.020136207954644e7
0.8255	2.0212739943118144e7
0.8260000000000001	2.0224116714567054e7
0.8265	2.023549239424029e7
0.8270000000000001	2.0246866982484706e7
0.8275	2.0258240479646843e7
0.8280000000000001	2.0269612885992266e7
0.8285	2.028098420170298e7
0.8290000000000001	2.0292354427122597e7
0.8295	2.0303723562601414e7
0.8300000000000001	2.0315091608491577e7
0.8305	2.0326458565147076e7
0.8310000000000001	2.0337824432923738e7
0.8315	2.0349189212179236e7
0.8320000000000001	2.036055290327308e7
0.8325	2.037191550656663e7
0.833	2.0383277022423074e7
0.8335	2.0394637451207455e7
0.834	2.0405996793286644e7
0.8345	2.041735504902935e7
0.835	2.0428712218806133e7
0.8355	2.044006830298938e7
0.836	2.0451423301953312e7
0.8365	2.046277721607401e7
0.837	2.047413004572936e7
0.8375	2.048548179129911e7
0.838	2.0496832453164823e7
0.8385	2.050818203170991e7
0.839	2.0519530527319614e7
0.8395	2.0530877940381013e7
0.84	2.0542224271282997e7
0.8405	2.0553569520416327e7
0.841	2.0564913688194875e7
0.8415	2.0576256775351454e7
0.842	2.0587598782396425e7
0.8425	2.0598939709720492e7
0.843	2.0610279557712086e7
0.8435	2.0621618326757427e7
0.844	2.063295601724046e7
0.8445	2.0644292629542906e7
0.845	2.0655628164044224e7
0.8455	2.066696262112165e7
0.846	2.067829600115016e7
0.8465	2.06896283045025e7
0.847	2.070095953154915e7
0.8475	2.0712289682658367e7
0.848	2.072361875819616e7
0.8485	2.0734946758526295e7
0.849	2.07462736840103e7
0.8495	2.0757599535007454e7
0.85	2.076892431187479e7
0.8505	2.078024801496711e7
0.851	2.0791570644636963e7
0.8515	2.080289220123468e7
0.852	2.081421268510831e7
0.8525	2.0825532096603706e7
0.853	2.083685043606444e7
0.8535	2.0848167703831863e7
0.854	2.0859483900245078e7
0.8545	2.0870799127850026e7
0.855	2.088211359564603e7
0.8555	2.0893427274869543e7
0.856	2.0904740132068638e7
0.8565	2.091605212262933e7
0.857	2.09273632153435e7
0.8575	2.0938673375406295e7
0.858	2.0949982569189947e7
0.8585	2.0961290764445987e7
0.859	2.0972597930513877e7
0.8595	2.0983904038533513e7
0.86	2.0995209061658207e7
0.8605	2.100651297526468e7
0.861	2.1017815757156085e7
0.8615	2.1029117387753963e7
0.862	2.1040417850274827e7
0.8625	2.1051717130887445e7
0.863	2.1063015218846653e7
0.8635	2.107431210660049e7
0.864	2.1085607789867602e7
0.8645	2.1096902267682802e7
0.865	2.110819554240958e7
0.8655	2.11194876197191e7
0.866	2.1130778508536246e7
0.8665	2.1142068220752753e7
0.867	2.115335677177855e7
0.8675	2.1164644178164214e7
0.868	2.1175930442457456e7
0.8685	2.118721561067303e7
0.869	2.119849972661467e7
0.8695	2.120978281534249e7
0.87	2.1221064884864654e7
0.8705	2.1232345906901028e7
0.871	2.124362584991858e7
0.8715	2.1254904722469173e7
0.872	2.1266182603452068e7
0.8725	2.1277459510306064e7
0.873	2.128873540291866e7
0.8735	2.130001020258991e7
0.874	2.1311283853405416e7
0.8745	2.132255640852649e7
0.875	2.1333827909670196e7
0.8755000000000001	2.1345098355600804e7
0.876	2.1356367747784298e7
0.8765000000000001	2.1367636080142025e7
0.877	2.1378903356421098e7
0.8775000000000001	2.1390169585918777e7
0.878	2.1401434768448688e7
0.8785000000000001	2.1412698890323143e7
0.879	2.1423961942227196e7
0.8795000000000001	2.143522394033824e7
0.88	2.1446484940784637e7
0.8805000000000001	2.1457744953017432e7
0.881	2.1469003938742355e7
0.8815000000000001	2.1480261819056194e7
0.882	2.1491518559135333e7
0.8825000000000001	2.1502774227719303e7
0.883	2.15140288655785e7
0.8835000000000001	2.152528246485758e7
0.884	2.15365350096507e7
0.8845000000000001	2.154778648180859e7
0.885	2.155903688980572e7
0.8855000000000001	2.1570286250518695e7
0.886	2.1581534569434043e7
0.8865000000000001	2.1592781849616565e7
0.887	2.160402809099907e7
0.8875000000000001	2.1615273292215727e7
0.888	2.1626517449973963e7
0.8885000000000001	2.16377605589913e7
0.889	2.1649002612639822e7
0.8895000000000001	2.1660243602406282e7
0.89	2.1671483513964746e7
0.8905000000000001	2.1682722307203095e7
0.891	2.1693959966579378e7
0.8915000000000001	2.170519653553869e7
0.892	2.1716432118241042e7
0.8925000000000001	2.172766671711373e7
0.893	2.1738900301073793e7
0.8935000000000001	2.175013277271585e7
0.894	2.1761364114977516e7
0.8945000000000001	2.1772594445268538e7
0.895	2.1783823790188715e7
0.8955000000000001	2.1795052158437863e7
0.896	2.1806279498745304e7
0.8965	2.1817505785576988e7
0.897	2.1828731015901353e7
0.8975	2.1839955190582536e7
0.898	2.1851178329878945e7
0.8985	2.1862400501177046e7
0.899	2.1873621722036418e7
0.8995	2.1884841960891657e7
0.9	2.1896061093625452e7
0.9005	2.1907279058103558e7
0.901	2.1918495924360108e7
0.9015	2.192971175323558e7
0.902	2.194092654673513e7
0.9025	2.1952140305735935e7
0.903	2.1963353015922245e7
0.9035	2.197456467853473e7
0.904	2.198577529783372e7
0.9045	2.199698487863039e7
0.905	2.2008193430560257e7
0.9055	2.2019400961684164e7
0.906	2.203060747079893e7
0.9065	2.2041812946140807e7
0.907	2.2053017380043536e7
0.9075	2.2064220765835714e7
0.908	2.2075423093663488e7
0.9085	2.2086624384204883e7
0.909	2.2097824718798213e7
0.9095	2.210902414779911e7
0.91	2.2120222650986686e7
0.9105	2.2131420067653712e7
0.911	2.2142616269555867e7
0.9115	2.2153811324017867e7
0.912	2.216500533791529e7
0.9125	2.217619831646375e7
0.913	2.218739025852492e7
0.9135	2.2198581126644827e7
0.914	2.220977093505134e7
0.9145	2.2220959729743715e7
0.915	2.2232147523468714e7
0.9155	2.224333430310299e7
0.916	2.2254520029384647e7
0.9165	2.2265704698311146e7
0.917	2.2276888328339797e7
0.9175	2.2288070938510478e7
0.918	2.2299252542953316e7
0.9185	2.231043316201299e7
0.919	2.2321612794387538e7
0.9195	2.233279141135122e7
0.92	2.234396896129663e7
0.9205	2.235514543686565e7
0.921	2.23663208677948e7
0.9215	2.2377495275420126e7
0.922	2.2388668660117496e7
0.9225	2.239984100198301e7
0.923	2.241101229419203e7
0.9235	2.242218254095609e7
0.924	2.243335175080177e7
0.9245	2.2444519929554462e7
0.925	2.245568708752808e7
0.9255	2.2466853228604406e7
0.926	2.2478018345734444e7
0.9265	2.2489182417549394e7
0.927	2.2500345441073053e7
0.9275	2.2511507431293514e7
0.928	2.2522668408691783e7
0.9285	2.2533828378991533e7
0.929	2.254498733747303e7
0.9295	2.2556145280689485e7
0.93	2.2567302208173197e7
0.9305	2.2578458120334674e7
0.931	2.2589613016985755e7
0.9315	2.2600766898648012e7
0.932	2.261191976518292e7
0.9325	2.262307161273065e7
0.933	2.263422243113713e7
0.9335	2.2645372214812916e7
0.934	2.2656520965290535e7
0.9345	2.266766869007876e7
0.935	2.267881539105618e7
0.9355	2.268996106609618e7
0.936	2.2701105712108452e7
0.9365	2.2712249328487713e7
0.937	2.272339191521834e7
0.9375	2.2734533473548748e7
0.9380000000000001	2.2745674004085883e7
0.9385	2.275681350638811e7
0.9390000000000001	2.276795199358002e7
0.9395	2.277908950881499e7
0.9400000000000001	2.279022608138776e7
0.9405	2.2801361693277813e7
0.9410000000000001	2.2812496253195837e7
0.9415	2.2823629715774093e7
0.9420000000000001	2.2834762096616194e7
0.9425	2.2845893450835448e7
0.9430000000000001	2.2857023797050416e7
0.9435	2.2868153132914376e7
0.9440000000000001	2.2879281453976497e7
0.9445	2.2890408764728352e7
0.9450000000000001	2.290153507865743e7
0.9455	2.2912660394246563e7
0.9460000000000001	2.292378468715266e7
0.9465	2.293490791556852e7
0.9470000000000001	2.294603008544284e7
0.9475	2.2957151256285243e7
0.9480000000000001	2.2968271470132373e7
0.9485	2.2979390720179066e7
0.9490000000000001	2.299050894955626e7
0.9495	2.30016261353867e7
0.9500000000000001	2.3012742286319703e7
0.9505	2.3023857428024657e7
0.9510000000000001	2.3034971565390028e7
0.9515	2.304608468627773e7
0.9520000000000001	2.3057196785599906e7
0.9525	2.3068307877346344e7
0.9530000000000001	2.3079417998750392e7
0.9535	2.3090527155241884e7
0.9540000000000001	2.3101635315287963e7
0.9545	2.311274242513529e7
0.9550000000000001	2.3123848485304102e7
0.9555	2.3134953549010713e7
0.9560000000000001	2.31460576486149e7
0.9565	2.3157160772466455e7
0.9570000000000001	2.316826286538927e7
0.9575	2.317936390791972e7
0.9580000000000001	2.319046390910021e7
0.9585	2.3201562891809117e7
0.9590000000000001	2.3212660866486996e7
0.9595	2.3223757846056424e7
0.96	2.323485383538982e7
0.9605	2.324594882679035e7
0.961	2.3257042796924297e7
0.9615	2.3268135741264537e7
0.962	2.3279227672833897e7
0.9625	2.3290318609832317e7
0.963	2.33014085567984e7
0.9635	2.3312497526327923e7
0.964	2.332358550270573e7
0.9645	2.333467241471496e7
0.965	2.334575810838708e7
0.9655	2.335684260222699e7
0.966	2.3367926101212088e7
0.9665	2.3379008760472313e7
0.967	2.3390090596145257e7
0.9675	2.340117150895947e7
0.968	2.3412251433143206e7
0.9685	2.3423330335680682e7
0.969	2.34344081969677e7
0.9695	2.3445485015421633e7
0.97	2.3456560821388558e7
0.9705	2.3467635646125015e7
0.971	2.347870949627716e7
0.9715	2.348978236367874e7
0.972	2.35008542401906e7
0.9725	2.35119251138871e7
0.973	2.352299496741887e7
0.9735	2.353406379933302e7
0.974	2.354513162510504e7
0.9745	2.3556198460000522e7
0.975	2.3567264308318358e7
0.9755	2.357832916842023e7
0.976	2.358939303788613e7
0.9765	2.3600455911174174e7
0.977	2.361151777994483e7
0.9775	2.3622578644098226e7
0.978	2.363363853518303e7
0.9785	2.3644697455634616e7
0.979	2.3655755324973285e7
0.9795	2.3666811898644913e7
0.98	2.3677867184550907e7
0.9805	2.3688921526204016e7
0.981	2.3699975216608148e7
0.9815	2.3711028275721468e7
0.982	2.372208049140596e7
0.9825	2.3733131622446824e7
0.983	2.3744181614388015e7
0.9835	2.37552305469413e7
0.984	2.3766278457874388e7
0.9845	2.3777325375480894e7
0.985	2.378837132508799e7
0.9855	2.379941630203304e7
0.986	2.381046025376267e7
0.9865	2.382150315074164e7
0.987	2.383254501586947e7
0.9875	2.384358591977025e7
0.988	2.38546258794423e7
0.9885	2.3865664870860845e7
0.989	2.387670284988745e7
0.9895	2.3887739794978976e7
0.99	2.389877567726215e7
0.9905	2.3909810495431263e7
0.991	2.3920844290609844e7
0.9915	2.3931877141624276e7
0.992	2.394290907281932e7
0.9925	2.3953940069955193e7
0.993	2.3964970105425265e7
0.9935	2.397599917193804e7
0.994	2.3987027270102236e7
0.9945	2.399805439825629e7
0.995	2.4009080552201543e7
0.9955	2.4020105727178693e7
0.996	2.403112991420169e7
0.9965	2.404215309226741e7
0.997	2.4053175243390042e7
0.9975	2.4064196469463952e7
0.998	2.407521342554134e7
0.9985	2.408623172194678e7
0.999	2.4097249960684605e7
0.9995	2.4108267271997474e7