0.	5.927691613237956e-6
0.0005	5.931283712567661e-6
0.001	5.934876139730603e-6
0.0015	5.938468895092556e-6
0.002	5.942061979023818e-6
0.0025	5.945655391890874e-6
0.003	5.94924913406183e-6
0.0035	5.9528432059050885e-6
0.004	5.956437607789346e-6
0.0045000000000000005	5.960032340083598e-6
0.005	5.963627403157137e-6
0.0055	5.9672227973795544e-6
0.006	5.970818523120738e-6
0.006500000000000001	5.974414580750876e-6
0.007	5.978010970640456e-6
0.0075	5.981607693160264e-6
0.008	5.985204748681389e-6
0.0085	5.988802137575217e-6
0.009000000000000001	5.992399860213441e-6
0.0095	5.99599791696805e-6
0.01	5.999596308211339e-6
0.0105	6.003195034315904e-6
0.011	6.006794244591183e-6
0.0115	6.0103939133652765e-6
0.012	6.013993915239643e-6
0.0125	6.017594248673255e-6
0.013000000000000001	6.021194912123626e-6
0.0135	6.024795904046813e-6
0.014	6.028397222897422e-6
0.0145	6.031998867128615e-6
0.015	6.035600835192121e-6
0.0155	6.039203125538228e-6
0.016	6.042805736617111e-6
0.0165	6.046408666873718e-6
0.017	6.050011914755263e-6
0.0175	6.0536154787063725e-6
0.018000000000000002	6.057219357170271e-6
0.0185	6.060823548588785e-6
0.019	6.064428051402356e-6
0.0195	6.06803286405004e-6
0.02	6.0716379849695175e-6
0.0205	6.075243412597097e-6
0.021	6.078849145367724e-6
0.021500000000000002	6.082455181714987e-6
0.022	6.086061520071122e-6
0.0225	6.089668158867021e-6
0.023	6.093275096532233e-6
0.0235	6.096882331494979e-6
0.024	6.100489862182151e-6
0.0245	6.1040976870193855e-6
0.025	6.107705804430814e-6
0.025500000000000002	6.111314256369241e-6
0.026000000000000002	6.11492309199652e-6
0.0265	6.118532214216249e-6
0.027	6.12214162047333e-6
0.0275	6.125751308210626e-6
0.028	6.1293612748689805e-6
0.0285	6.132971517887237e-6
0.029	6.1365820347022476e-6
0.029500000000000002	6.140192822748901e-6
0.03	6.1438038794601334e-6
0.0305	6.147415202267364e-6
0.031	6.15102678859888e-6
0.0315	6.154638635882251e-6
0.032	6.158250741542786e-6
0.0325	6.161863103003937e-6
0.033	6.1654757176873024e-6
0.0335	6.169088583012662e-6
0.034	6.172701696397984e-6
0.0345	6.176315055259442e-6
0.035	6.179928657011442e-6
0.035500000000000004	6.183542499066631e-6
0.036000000000000004	6.187156578835924e-6
0.0365	6.190770893728512e-6
0.037	6.194385441151886e-6
0.0375	6.198000218511864e-6
0.038	6.201615223212574e-6
0.0385	6.20523045265652e-6
0.039	6.208845904244576e-6
0.0395	6.2124615753759965e-6
0.04	6.216077524956725e-6
0.0405	6.219694029192108e-6
0.041	6.223310741947173e-6
0.0415	6.226927657764875e-6
0.042	6.230544771185103e-6
0.0425	6.234162076744744e-6
0.043000000000000003	6.237779568977782e-6
0.043500000000000004	6.241397242415366e-6
0.044	6.245015091585903e-6
0.0445	6.248633111015131e-6
0.045	6.252251295226809e-6
0.0455	6.2558696387404236e-6
0.046	6.259488136074777e-6
0.0465	6.26310678174577e-6
0.047	6.266725570267058e-6
0.0475	6.2703444961501234e-6
0.048	6.273963553904362e-6
0.0485	6.277582738037163e-6
0.049	6.2812020430540034e-6
0.0495	6.284821463458513e-6
0.05	6.288440993752576e-6
0.0505	6.292060628436377e-6
0.051000000000000004	6.295680362008582e-6
0.051500000000000004	6.299300188966288e-6
0.052000000000000005	6.302920103805186e-6
0.0525	6.306540101019639e-6
0.053	6.310160175102751e-6
0.0535	6.313780320546456e-6
0.054	6.317400531841604e-6
0.0545	6.321020761716617e-6
0.055	6.32464006824843e-6
0.0555	6.328259431585148e-6
0.056	6.331878853452304e-6
0.0565	6.335498335575712e-6
0.057	6.339117879681471e-6
0.0575	6.342737487495977e-6
0.058	6.346357160745927e-6
0.0585	6.349976901158334e-6
0.059000000000000004	6.353596710460528e-6
0.059500000000000004	6.357216590380172e-6
0.06	6.360836542645392e-6
0.0605	6.364456568984308e-6
0.061	6.36807667112571e-6
0.0615	6.371696850798651e-6
0.062	6.375317109732558e-6
0.0625	6.378937449657233e-6
0.063	6.382557872302868e-6
0.0635	6.3861783794000464e-6
0.064	6.389798972679756e-6
0.0645	6.3934196538733965e-6
0.065	6.397040424712785e-6
0.0655	6.400661286930169e-6
0.066	6.404282242258233e-6
0.0665	6.407903292430104e-6
0.067	6.411524439179362e-6
0.0675	6.41514568424005e-6
0.068	6.4187670293466796e-6
0.0685	6.42238847623424e-6
0.069	6.426010026638211e-6
0.0695	6.4296317748632304e-6
0.07	6.433253635150145e-6
0.07050000000000001	6.436875602816648e-6
0.07100000000000001	6.440497678902234e-6
0.07150000000000001	6.4441198644467115e-6
0.07200000000000001	6.447742160490197e-6
0.0725	6.451364568073127e-6
0.073	6.454987088236254e-6
0.0735	6.458609722020655e-6
0.074	6.462232470467728e-6
0.0745	6.465855334619263e-6
0.075	6.469478315517203e-6
0.0755	6.473101414203999e-6
0.076	6.476724631722379e-6
0.0765	6.480347969115414e-6
0.077	6.4839714274265166e-6
0.0775	6.487595007699447e-6
0.078	6.491218710978314e-6
0.0785	6.494842538307581e-6
0.079	6.498466490732063e-6
0.0795	6.502090569296937e-6
0.08	6.505714775047739e-6
0.0805	6.50933910903037e-6
0.081	6.512963572291101e-6
0.0815	6.516588165876571e-6
0.082	6.520212890833795e-6
0.0825	6.523837748210163e-6
0.083	6.527462739053447e-6
0.0835	6.5310878644117995e-6
0.084	6.534713134960801e-6
0.0845	6.538338543527864e-6
0.085	6.5419640896106225e-6
0.0855	6.545589774179817e-6
0.08600000000000001	6.549215598206547e-6
0.08650000000000001	6.552841562662291e-6
0.08700000000000001	6.556467668518895e-6
0.08750000000000001	6.560093916748584e-6
0.088	6.563720308323959e-6
0.0885	6.567346844218011e-6
0.089	6.570973525404094e-6
0.0895	6.574600352855968e-6
0.09	6.5782273275477784e-6
0.0905	6.5818544504540564e-6
0.091	6.5854817225497314e-6
0.0915	6.589109144810133e-6
0.092	6.592736718210986e-6
0.0925	6.596364443728421e-6
0.093	6.599992322338973e-6
0.0935	6.603620355019583e-6
0.094	6.6072485427476075e-6
0.0945	6.610876886500812e-6
0.095	6.614505387257382e-6
0.0955	6.618134045995917e-6
0.096	6.621762863695443e-6
0.0965	6.6253918413354094e-6
0.097	6.62902097989569e-6
0.0975	6.632650280356591e-6
0.098	6.63627974369885e-6
0.0985	6.63990942941619e-6
0.099	6.643539292025888e-6
0.0995	6.647169319548284e-6
0.1	6.650799512459618e-6
0.1005	6.654429871236345e-6
0.101	6.658060396355132e-6
0.1015	6.66169108829286e-6
0.10200000000000001	6.6653219475266525e-6
0.10250000000000001	6.66895297453376e-6
0.10300000000000001	6.672584169791732e-6
0.10350000000000001	6.67621553377831e-6
0.10400000000000001	6.6798470669714505e-6
0.1045	6.683478769849325e-6
0.105	6.687110642890325e-6
0.1055	6.690742686573061e-6
0.106	6.694374901376363e-6
0.1065	6.698007287779278e-6
0.107	6.701639846261078e-6
0.1075	6.705272577301252e-6
0.108	6.708905481379513e-6
0.1085	6.712538558975798e-6
0.109	6.716171810570267e-6
0.1095	6.719805236643299e-6
0.11	6.7234388376755046e-6
0.1105	6.727072614147716e-6
0.111	6.730706566540994e-6
0.1115	6.734340695336623e-6
0.112	6.737975001016116e-6
0.1125	6.741609484061216e-6
0.113	6.7452441042056665e-6
0.1135	6.748878894003445e-6
0.114	6.752513863252821e-6
0.1145	6.756149012792056e-6
0.115	6.759784343459817e-6
0.1155	6.763419856095177e-6
0.116	6.767055551537644e-6
0.1165	6.770691430627123e-6
0.117	6.774327494203935e-6
0.11750000000000001	6.777963743108827e-6
0.11800000000000001	6.7816001781829684e-6
0.11850000000000001	6.785236800267947e-6
0.11900000000000001	6.788873610205779e-6
0.11950000000000001	6.7925106088389075e-6
0.12	6.7961477970102056e-6
0.1205	6.799785175562978e-6
0.121	6.803422745340962e-6
0.1215	6.807060507188332e-6
0.122	6.810698461949699e-6
0.1225	6.814336610470116e-6
0.123	6.817974953595077e-6
0.1235	6.8216134921705165e-6
0.124	6.82525222704282e-6
0.1245	6.828891159058819e-6
0.125	6.832530289065798e-6
0.1255	6.836169617911486e-6
0.126	6.839809146444076e-6
0.1265	6.843448875512211e-6
0.127	6.847088805964997e-6
0.1275	6.850728139675959e-6
0.128	6.8543685266509e-6
0.1285	6.858009088930936e-6
0.129	6.861649872732492e-6
0.1295	6.865290862801281e-6
0.13	6.868932056644076e-6
0.1305	6.872573456833371e-6
0.131	6.876215064237e-6
0.1315	6.87985687972277e-6
0.132	6.883498904158461e-6
0.1325	6.887141138411832e-6
0.133	6.890783583350623e-6
0.1335	6.89442623984256e-6
0.134	6.89806910875536e-6
0.1345	6.901712190956733e-6
0.135	6.9053554873143864e-6
0.1355	6.908998998696031e-6
0.136	6.9126427259693805e-6
0.1365	6.916286670002164e-6
0.137	6.919930831662121e-6
0.1375	6.923575211817011e-6
0.138	6.9272198113346165e-6
0.1385	6.930864631082751e-6
0.139	6.934509671929252e-6
0.1395	6.938154934742004e-6
0.14	6.941800420388923e-6
0.1405	6.945446129737978e-6
0.14100000000000001	6.949092063657183e-6
0.14150000000000001	6.952738213787364e-6
0.14200000000000002	6.956384751019003e-6
0.14250000000000002	6.960031518364043e-6
0.14300000000000002	6.9636785093800304e-6
0.14350000000000002	6.967325726200574e-6
0.14400000000000002	6.9709731686059e-6
0.1445	6.974620836376073e-6
0.145	6.9782687292909915e-6
0.1455	6.981916847130403e-6
0.146	6.9855651896739125e-6
0.1465	6.989213756700987e-6
0.147	6.99286254799097e-6
0.1475	6.996511563323084e-6
0.148	7.0001608024764436e-6
0.1485	7.0038102652300635e-6
0.149	7.007459951362864e-6
0.1495	7.011109860653682e-6
0.15	7.0147599928812775e-6
0.1505	7.018410347824344e-6
0.151	7.022060925261516e-6
0.1515	7.025711724971379e-6
0.152	7.02936274673247e-6
0.1525	7.033013990323298e-6
0.153	7.036665455522341e-6
0.1535	7.040318088430978e-6
0.154	7.043970082473289e-6
0.1545	7.047622301756037e-6
0.155	7.051274746120308e-6
0.1555	7.054927415407095e-6
0.156	7.058580297854359e-6
0.1565	7.0622332611188304e-6
0.157	7.065886450006053e-6
0.1575	7.069539865480138e-6
0.158	7.0731935085057795e-6
0.1585	7.076847380048262e-6
0.159	7.080501481073459e-6
0.1595	7.0841558125478364e-6
0.16	7.0878103754384575e-6
0.1605	7.0914651707129835e-6
0.161	7.0951201993396765e-6
0.1615	7.098775462287403e-6
0.162	7.102430960525639e-6
0.1625	7.106086695024465e-6
0.163	7.10974266675458e-6
0.1635	7.11339887668729e-6
0.164	7.1170553257945275e-6
0.1645	7.120712015048841e-6
0.165	7.124368945423402e-6
0.1655	7.12802611789201e-6
0.166	7.1316835334290935e-6
0.1665	7.13534119300971e-6
0.167	7.138999097609556e-6
0.1675	7.14265724820487e-6
0.168	7.146315645772821e-6
0.1685	7.149974291290919e-6
0.169	7.153633185737655e-6
0.1695	7.157292330091477e-6
0.17	7.160951725332173e-6
0.1705	7.16461141082455e-6
0.171	7.168271457467474e-6
0.1715	7.1719317566272324e-6
0.17200000000000001	7.175592308220218e-6
0.17250000000000001	7.179253112162747e-6
0.17300000000000001	7.18291416837106e-6
0.17350000000000002	7.186575476761322e-6
0.17400000000000002	7.190237037249621e-6
0.17450000000000002	7.193898849751971e-6
0.17500000000000002	7.197560914184307e-6
0.17550000000000002	7.201223230462495e-6
0.176	7.2048857985023166e-6
0.1765	7.208548618219481e-6
0.177	7.212211689529624e-6
0.1775	7.215875012348301e-6
0.178	7.219538586590994e-6
0.1785	7.223202412173106e-6
0.179	7.226866489009968e-6
0.1795	7.230530817016938e-6
0.18	7.234195396108978e-6
0.1805	7.237860226201294e-6
0.181	7.241525307208909e-6
0.1815	7.24519063904677e-6
0.182	7.248856221623342e-6
0.1825	7.252522054865727e-6
0.183	7.256188138682793e-6
0.1835	7.259854472989199e-6
0.184	7.263521057699522e-6
0.1845	7.267187892728271e-6
0.185	7.270854958660994e-6
0.1855	7.274522255916678e-6
0.186	7.278189803645222e-6
0.1865	7.281857602039629e-6
0.187	7.28552565129302e-6
0.1875	7.289193951598627e-6
0.188	7.2928625031498004e-6
0.1885	7.296531306139999e-6
0.189	7.3002003607628e-6
0.1895	7.30386966722032e-6
0.19	7.30753922568913e-6
0.1905	7.311209036371859e-6
0.191	7.314879099462544e-6
0.1915	7.318549415155341e-6
0.192	7.322219983644525e-6
0.1925	7.3258908051244825e-6
0.193	7.329561879789718e-6
0.1935	7.333233207834854e-6
0.194	7.336904789454627e-6
0.1945	7.340576624843891e-6
0.195	7.344248714205421e-6
0.1955	7.347921057718789e-6
0.196	7.351593655586817e-6
0.1965	7.355266508004822e-6
0.197	7.358939615168235e-6
0.1975	7.3626129772726036e-6
0.198	7.366286594513596e-6
0.1985	7.369960467086993e-6
0.199	7.373634595188697e-6
0.1995	7.3773085758792794e-6
0.2	7.380982717532839e-6
0.2005	7.384657121802745e-6
0.201	7.388331792548053e-6
0.2015	7.392006733630597e-6
0.202	7.39568194891503e-6
0.2025	7.399357442268865e-6
0.203	7.4030332175625195e-6
0.20350000000000001	7.406709278669358e-6
0.20400000000000001	7.410385629465729e-6
0.20450000000000002	7.414062273831009e-6
0.20500000000000002	7.417739215647646e-6
0.20550000000000002	7.421416458786879e-6
0.20600000000000002	7.425094007167147e-6
0.20650000000000002	7.4287718646650246e-6
0.20700000000000002	7.432450035175652e-6
0.20750000000000002	7.436128522597446e-6
0.20800000000000002	7.439807330830798e-6
0.2085	7.443486463783595e-6
0.209	7.44716592536295e-6
0.2095	7.450845719480833e-6
0.21	7.454525850052717e-6
0.2105	7.458206320997609e-6
0.211	7.461887136238105e-6
0.2115	7.4655682997004256e-6
0.212	7.469249815314459e-6
0.2125	7.47293168701381e-6
0.213	7.476613918735843e-6
0.2135	7.480296641656948e-6
0.214	7.483980388692808e-6
0.2145	7.487664501129422e-6
0.215	7.491348977155491e-6
0.2155	7.495033814957874e-6
0.216	7.498719012721595e-6
0.2165	7.502404568629858e-6
0.217	7.5060904808640416e-6
0.2175	7.509776747603723e-6
0.218	7.513463367026677e-6
0.2185	7.517150337308885e-6
0.219	7.520837656624544e-6
0.2195	7.524525323146076e-6
0.22	7.528213335044134e-6
0.2205	7.531901690487615e-6
0.221	7.535590387643658e-6
0.2215	7.539279424677719e-6
0.222	7.54296879975335e-6
0.2225	7.546658511032554e-6
0.223	7.5503485566755536e-6
0.2235	7.554038934840863e-6
0.224	7.557729643685294e-6
0.2245	7.561420681363967e-6
0.225	7.565112046030318e-6
0.2255	7.5688028171764e-6
0.226	7.572495172168302e-6
0.2265	7.576187771546748e-6
0.227	7.579880611124356e-6
0.2275	7.5835736866925555e-6
0.228	7.5872669179752165e-6
0.2285	7.590960326582624e-6
0.229	7.59465395915935e-6
0.2295	7.598347811803183e-6
0.23	7.602041880567554e-6
0.2305	7.605736161460553e-6
0.231	7.609432461252548e-6
0.2315	7.613127804789779e-6
0.232	7.616823456376832e-6
0.2325	7.6205194150826975e-6
0.233	7.624215679975551e-6
0.2335	7.6279122501227686e-6
0.234	7.631609124590921e-6
0.23450000000000001	7.635306302445871e-6
0.23500000000000001	7.63900378275243e-6
0.23550000000000001	7.642701564574844e-6
0.23600000000000002	7.646399646976492e-6
0.23650000000000002	7.650098029019958e-6
0.23700000000000002	7.653796709767038e-6
0.23750000000000002	7.657495688278738e-6
0.23800000000000002	7.661194963615273e-6
0.23850000000000002	7.66489453483608e-6
0.23900000000000002	7.668594400999804e-6
0.23950000000000002	7.672294561164313e-6
0.24	7.675995014386694e-6
0.2405	7.67969575972326e-6
0.241	7.68339679622954e-6
0.2415	7.687098122960298e-6
0.242	7.690799776825939e-6
0.2425	7.694502027035445e-6
0.243	7.69820456186088e-6
0.2435	7.701907377783499e-6
0.244	7.705610471281863e-6
0.2445	7.709313838831864e-6
0.245	7.713017476906765e-6
0.2455	7.716721381977225e-6
0.246	7.72042555051134e-6
0.2465	7.724129978974674e-6
0.247	7.727834663830284e-6
0.2475	7.731539601536005e-6
0.248	7.735244788555292e-6
0.2485	7.738950221341383e-6
0.249	7.742655896347668e-6
0.2495	7.746361810025208e-6
0.25	7.750067958822765e-6
0.2505	7.753774339186828e-6
0.251	7.757480947561662e-6
0.2515	7.761187780389319e-6
0.252	7.764894834109697e-6
0.2525	7.768602105160556e-6
0.253	7.772309589977558e-6
0.2535	7.7760172849943e-6
0.254	7.779725186642352e-6
0.2545	7.783433291351288e-6
0.255	7.78714159554871e-6
0.2555	7.79085009566031e-6
0.256	7.794558788109868e-6
0.2565	7.798267374807913e-6
0.257	7.8019760106004e-6
0.2575	7.80568483333767e-6
0.258	7.809393842659333e-6
0.2585	7.813103038204794e-6
0.259	7.816812419613265e-6
0.2595	7.82052198652375e-6
0.26	7.824231738575056e-6
0.2605	7.827941675417618e-6
0.261	7.831651796666844e-6
0.2615	7.835362101972003e-6
0.262	7.839072590971065e-6
0.2625	7.842783263301793e-6
0.263	7.846494118601743e-6
0.2635	7.850205156508263e-6
0.264	7.853916376658486e-6
0.2645	7.857627778689341e-6
0.265	7.861339362237538e-6
0.2655	7.865051126939577e-6
0.266	7.868763072431744e-6
0.2665	7.872475198350103e-6
0.267	7.876187504330502e-6
0.2675	7.879899990008573e-6
0.268	7.883612655019719e-6
0.2685	7.887325498999123e-6
0.269	7.891038521581744e-6
0.2695	7.894751722402307e-6
0.27	7.89846510109531e-6
0.2705	7.902178677212167e-6
0.271	7.905892478392977e-6
0.2715	7.909606455704008e-6
0.272	7.913320608271507e-6
0.2725	7.917034935221256e-6
0.273	7.920749435678562e-6
0.2735	7.924464108768268e-6
0.274	7.928178953599934e-6
0.2745	7.93189396932649e-6
0.275	7.935609155057272e-6
0.2755	7.939324509915253e-6
0.276	7.943040033022934e-6
0.2765	7.946755723502342e-6
0.277	7.950471580475028e-6
0.2775	7.954187603062058e-6
0.278	7.957903790384023e-6
0.2785	7.961620141767498e-6
0.279	7.96533665592597e-6
0.2795	7.969053332177604e-6
0.28	7.972770169640878e-6
0.2805	7.976487167433752e-6
0.281	7.98020432467366e-6
0.28150000000000003	7.983921640477516e-6
0.28200000000000003	7.987639113961688e-6
0.28250000000000003	7.991356744242005e-6
0.28300000000000003	7.995074530433744e-6
0.28350000000000003	7.998792471651623e-6
0.28400000000000003	8.002510567009788e-6
0.28450000000000003	8.006228815621807e-6
0.28500000000000003	8.00994710237522e-6
0.28550000000000003	8.013665534535095e-6
0.28600000000000003	8.01738411901163e-6
0.28650000000000003	8.021102855820212e-6
0.28700000000000003	8.024821745515748e-6
0.28750000000000003	8.0285407870592e-6
0.28800000000000003	8.032259980974081e-6
0.2885	8.035979327272917e-6
0.289	8.039698825967529e-6
0.2895	8.043418477068984e-6
0.29	8.047138280587531e-6
0.2905	8.050858236532542e-6
0.291	8.054578344912433e-6
0.2915	8.058298605734604e-6
0.292	8.062019019005344e-6
0.2925	8.06573958472975e-6
0.293	8.06946030291163e-6
0.2935	8.0731811685568e-6
0.294	8.07690219151478e-6
0.2945	8.0806233670076e-6
0.295	8.084344695048523e-6
0.2955	8.08806617565095e-6
0.296	8.091787808828484e-6
0.2965	8.095509594594983e-6
0.297	8.099231532964633e-6
0.2975	8.102953623952026e-6
0.298	8.106675867572246e-6
0.2985	8.110398263840948e-6
0.299	8.114120812774475e-6
0.2995	8.117843534123821e-6
0.3	8.121566400458672e-6
0.3005	8.1252894192855e-6
0.301	8.129012590534145e-6
0.3015	8.132735914135741e-6
0.302	8.13645939002286e-6
0.3025	8.14018302503079e-6
0.303	8.143906805279852e-6
0.3035	8.1476307373855e-6
0.304	8.151354821248785e-6
0.3045	8.15507905676907e-6
0.305	8.158803443843921e-6
0.3055	8.162527982369018e-6
0.306	8.16625267223804e-6
0.3065	8.169977513342551e-6
0.307	8.173702505571887e-6
0.3075	8.17742764881302e-6
0.308	8.181152942950429e-6
0.3085	8.184878387865948e-6
0.309	8.188603984306059e-6
0.3095	8.192329730388342e-6
0.31	8.196055626826005e-6
0.3105	8.199781673480274e-6
0.311	8.203507870207877e-6
0.3115	8.207234216860732e-6
0.312	8.210960713285615e-6
0.3125	8.2146873593238e-6
0.313	8.218414154810673e-6
0.3135	8.2221412560456e-6
0.314	8.225868379012894e-6
0.3145	8.22959438398972e-6
0.315	8.233321440465165e-6
0.3155	8.237048659967407e-6
0.316	8.240776045295383e-6
0.3165	8.244503599249436e-6
0.317	8.248231324631323e-6
0.3175	8.251959224244237e-6
0.318	8.255687300892812e-6
0.3185	8.259415557383145e-6
0.319	8.2631439965228e-6
0.3195	8.266872621120831e-6
0.32	8.270601433987789e-6
0.3205	8.274330437935734e-6
0.321	8.278059635778259e-6
0.3215	8.281789030330479e-6
0.322	8.285518624409068e-6
0.3225	8.289248419343845e-6
0.323	8.292978420903799e-6
0.3235	8.296708630452643e-6
0.324	8.300439050813873e-6
0.3245	8.30416968481262e-6
0.325	8.307900535275678e-6
0.3255	8.311631605031507e-6
0.326	8.315362896910245e-6
0.3265	8.319094413743723e-6
0.327	8.322826158365473e-6
0.3275	8.32655813361075e-6
0.328	8.330290342316526e-6
0.3285	8.334022469875062e-6
0.329	8.337755053400637e-6
0.3295	8.341487882042812e-6
0.33	8.345220959422858e-6
0.3305	8.348954289164377e-6
0.331	8.352687874893347e-6
0.3315	8.356421720238127e-6
0.332	8.36015582882949e-6
0.3325	8.363890204300643e-6
0.333	8.367624850287246e-6
0.3335	8.371359770427442e-6
0.334	8.375094968361873e-6
0.3345	8.378830447733705e-6
0.335	8.382566212188652e-6
0.3355	8.386302265375e-6
0.336	8.390038610943631e-6
0.3365	8.39377525254804e-6
0.337	8.397512193844366e-6
0.3375	8.401249438491416e-6
0.338	8.404986990150685e-6
0.3385	8.40872485248638e-6
0.339	8.412463029165453e-6
0.3395	8.416201523857613e-6
0.34	8.419940307761376e-6
0.3405	8.423679449302994e-6
0.341	8.427418920231313e-6
0.3415	8.431158724254029e-6
0.342	8.43489886508204e-6
0.3425	8.438643526237886e-6
0.343	8.442385775668373e-6
0.3435	8.44612833024559e-6
0.34400000000000003	8.449871182636598e-6
0.34450000000000003	8.453614325500623e-6
0.34500000000000003	8.457357751489239e-6
0.34550000000000003	8.461101453246544e-6
0.34600000000000003	8.46484542340937e-6
0.34650000000000003	8.46858965460748e-6
0.34700000000000003	8.472334139463798e-6
0.34750000000000003	8.476078870594622e-6
0.34800000000000003	8.479823840609882e-6
0.34850000000000003	8.483569042113378e-6
0.34900000000000003	8.487314467703058e-6
0.34950000000000003	8.491060109971278e-6
0.35000000000000003	8.494805961505109e-6
0.35050000000000003	8.498552014886627e-6
0.35100000000000003	8.502298290873228e-6
0.35150000000000003	8.506044723748933e-6
0.352	8.509791335784877e-6
0.3525	8.513538119604277e-6
0.353	8.51728506782853e-6
0.3535	8.52103217307733e-6
0.354	8.524779427968785e-6
0.3545	8.52852682511952e-6
0.355	8.53227435714478e-6
0.3555	8.536022016658532e-6
0.356	8.539769796273569e-6
0.3565	8.543516914532804e-6
0.357	8.547264638107035e-6
0.3575	8.551012467842842e-6
0.358	8.554760398482119e-6
0.3585	8.558508424766196e-6
0.359	8.562256539762229e-6
0.3595	8.5660047416891e-6
0.36	8.569753023513843e-6
0.3605	8.573501379968277e-6
0.361	8.577249805783892e-6
0.3615	8.580998295691913e-6
0.362	8.584746844423339e-6
0.3625	8.588495446708988e-6
0.363	8.592244097279555e-6
0.3635	8.595992790865644e-6
0.364	8.599741522197825e-6
0.3645	8.603490286006674e-6
0.365	8.607239077022816e-6
0.3655	8.610987889976966e-6
0.366	8.614736719599977e-6
0.3665	8.618485561151787e-6
0.367	8.622234408097325e-6
0.3675	8.625983255918584e-6
0.368	8.629732099364936e-6
0.3685	8.633480933185242e-6
0.369	8.637229752127912e-6
0.3695	8.640978550940945e-6
0.37	8.64472713388645e-6
0.3705	8.64847576277165e-6
0.371	8.652224358141694e-6
0.3715	8.655972915614806e-6
0.372	8.659721430809153e-6
0.3725	8.663469899342906e-6
0.373	8.667218318548032e-6
0.3735	8.670966680694315e-6
0.374	8.674714982948942e-6
0.3745	8.67846322091589e-6
0.375	8.682211390199982e-6
0.3755	8.685959486406931e-6
0.376	8.689707505143382e-6
0.3765	8.693455442016955e-6
0.377	8.697203292636297e-6
0.3775	8.700951052611115e-6
0.378	8.704698717552226e-6
0.3785	8.708446283071601e-6
0.379	8.712193744333311e-6
0.3795	8.715941097849064e-6
0.38	8.71968833880814e-6
0.3805	8.723435462829185e-6
0.381	8.727182465532099e-6
0.3815	8.730929342538076e-6
0.382	8.734676089469651e-6
0.3825	8.738422701950748e-6
0.383	8.742169175606724e-6
0.3835	8.745915506064423e-6
0.384	8.749661388813993e-6
0.3845	8.753407227830813e-6
0.385	8.757152915267496e-6
0.3855	8.760898446356867e-6
0.386	8.76464381911965e-6
0.3865	8.768389030663559e-6
0.387	8.772134078097596e-6
0.3875	8.775878958532063e-6
0.388	8.779623669078594e-6
0.3885	8.783368206850157e-6
0.389	8.787112568961098e-6
0.3895	8.790856752527136e-6
0.39	8.794600754665397e-6
0.3905	8.798344572409152e-6
0.391	8.802088203054159e-6
0.3915	8.805831643635826e-6
0.392	8.809574891277036e-6
0.3925	8.813317943102147e-6
0.393	8.817060796237035e-6
0.3935	8.820803447809092e-6
0.394	8.824545894947266e-6
0.3945	8.82828813478207e-6
0.395	8.832030164445602e-6
0.3955	8.835771983426375e-6
0.396	8.839513584066405e-6
0.3965	8.843254965814056e-6
0.397	8.846996125813345e-6
0.3975	8.850737061211022e-6
0.398	8.854477989754933e-6
0.3985	8.858218622586103e-6
0.399	8.861959019356367e-6
0.3995	8.86569917603516e-6
0.4	8.869439088595855e-6
0.4005	8.873178753015788e-6
0.401	8.876918165742637e-6
0.4015	8.88065732178288e-6
0.402	8.884396217615024e-6
0.4025	8.888134849236793e-6
0.403	8.891873212650628e-6
0.4035	8.895611303863714e-6
0.404	8.89934911888799e-6
0.4045	8.903086653740182e-6
0.405	8.906823904441797e-6
0.4055	8.910560867019133e-6
0.406	8.914297535309431e-6
0.40650000000000003	8.918033910284831e-6
0.40700000000000003	8.921769985272307e-6
0.40750000000000003	8.925505756235472e-6
0.40800000000000003	8.929241219142948e-6
0.40850000000000003	8.932976369968579e-6
0.40900000000000003	8.936711204691631e-6
0.40950000000000003	8.940445719296953e-6
0.41000000000000003	8.94417990977514e-6
0.41050000000000003	8.947913772122655e-6
0.41100000000000003	8.95164730206931e-6
0.41150000000000003	8.955380483550392e-6
0.41200000000000003	8.959113279694558e-6
0.41250000000000003	8.96284573233308e-6
0.41300000000000003	8.966577837933112e-6
0.41350000000000003	8.970309592966403e-6
0.41400000000000003	8.974040993909313e-6
0.41450000000000004	8.977772037242816e-6
0.41500000000000004	8.981502719452517e-6
0.41550000000000004	8.985233037028637e-6
0.41600000000000004	8.988962986281167e-6
0.4165	8.992692564083672e-6
0.417	8.996421766763231e-6
0.4175	9.000150590828497e-6
0.418	9.00387903279236e-6
0.4185	9.007607089171947e-6
0.419	9.011334756488597e-6
0.4195	9.015062031267863e-6
0.42	9.018788910039484e-6
0.4205	9.02251538933738e-6
0.421	9.026241465431678e-6
0.4215	9.029967135415208e-6
0.422	9.033692395566834e-6
0.4225	9.037417242435658e-6
0.423	9.041141672574714e-6
0.4235	9.04486568254098e-6
0.424	9.048589268895388e-6
0.4245	9.05231242820284e-6
0.425	9.056035157032223e-6
0.4255	9.059757452834662e-6
0.426	9.06347929018202e-6
0.4265	9.067200686790077e-6
0.427	9.070921639535058e-6
0.4275	9.07464214515959e-6
0.428	9.078362200410196e-6
0.4285	9.082081802037307e-6
0.429	9.085800946795257e-6
0.4295	9.089519631442292e-6
0.43	9.093237852740593e-6
0.4305	9.096955607456275e-6
0.431	9.100672892337271e-6
0.4315	9.104389704203794e-6
0.432	9.10810603981079e-6
0.4325	9.111821895940003e-6
0.433	9.115537269377249e-6
0.4335	9.119252156912435e-6
0.434	9.12296655533961e-6
0.4345	9.126680461456992e-6
0.435	9.130393872067e-6
0.4355	9.134106783976305e-6
0.436	9.137819193994317e-6
0.4365	9.141531098939623e-6
0.437	9.145242495630194e-6
0.4375	9.148953380890084e-6
0.438	9.15266375154784e-6
0.4385	9.156373604436537e-6
0.439	9.160082936393847e-6
0.4395	9.163791744262074e-6
0.44	9.167500247640631e-6
0.4405	9.171208365786885e-6
0.441	9.174915945836573e-6
0.4415	9.178623770457337e-6
0.442	9.182329468126742e-6
0.4425	9.186036218954839e-6
0.443	9.18974076756328e-6
0.4435	9.193445569080951e-6
0.444	9.197149797347629e-6
0.4445	9.200853446537598e-6
0.445	9.20455651083514e-6
0.4455	9.20825898443472e-6
0.446	9.211960861541192e-6
0.4465	9.215662136441892e-6
0.447	9.21936280322649e-6
0.4475	9.223062856188498e-6
0.448	9.226762289571102e-6
0.4485	9.230461097627477e-6
0.449	9.234159274620855e-6
0.4495	9.237856814824563e-6
0.45	9.24155371252208e-6
0.4505	9.245249962007084e-6
0.451	9.2489455575835e-6
0.4515	9.252640493565566e-6
0.452	9.256334761312714e-6
0.4525	9.260028360711435e-6
0.453	9.263721283719857e-6
0.4535	9.267413524887592e-6
0.454	9.271104909749189e-6
0.4545	9.274794504400792e-6
0.455	9.278483412576307e-6
0.4555	9.282171638444058e-6
0.456	9.285859186239623e-6
0.4565	9.289546060268248e-6
0.457	9.293232264906664e-6
0.4575	9.29691792432114e-6
0.458	9.300602809121534e-6
0.4585	9.304287029418033e-6
0.459	9.307970587972322e-6
0.4595	9.311653487662095e-6
0.46	9.315335731490251e-6
0.4605	9.319017322594016e-6
0.461	9.322698264254013e-6
0.4615	9.326378559903307e-6
0.462	9.330058213136487e-6
0.4625	9.333737227718794e-6
0.463	9.337415607595357e-6
0.4635	9.341093276810022e-6
0.464	9.344770409921429e-6
0.4645	9.348446924488797e-6
0.465	9.35212282435933e-6
0.4655	9.355798113399374e-6
0.466	9.359472795494974e-6
0.4665	9.36314687455237e-6
0.467	9.366820354498463e-6
0.4675	9.37049323928125e-6
0.468	9.374165532870196e-6
0.4685	9.377842128215477e-6
0.46900000000000003	9.381522779175772e-6
0.46950000000000003	9.38520274097001e-6
0.47000000000000003	9.388881945606261e-6
0.47050000000000003	9.392560331866146e-6
0.47100000000000003	9.396237836644208e-6
0.47150000000000003	9.399914397473017e-6
0.47200000000000003	9.40358995256679e-6
0.47250000000000003	9.407264440865276e-6
0.47300000000000003	9.410937802077878e-6
0.47350000000000003	9.414609976727995e-6
0.47400000000000003	9.41828090619753e-6
0.47450000000000003	9.42195053277155e-6
0.47500000000000003	9.425618799683071e-6
0.47550000000000003	9.429285706226729e-6
0.47600000000000003	9.432951092796839e-6
0.47650000000000003	9.436614952403945e-6
0.47700000000000004	9.44027723121127e-6
0.47750000000000004	9.443937876352656e-6
0.47800000000000004	9.447596835964717e-6
0.47850000000000004	9.45125405921881e-6
0.47900000000000004	9.454909496352746e-6
0.47950000000000004	9.458563098702235e-6
0.48	9.46220574592704e-6
0.4805	9.465853987118102e-6
0.481	9.469500061084882e-6
0.4815	9.473143907327675e-6
0.482	9.476785465726942e-6
0.4825	9.48042467655583e-6
0.483	9.484044950389588e-6
0.4835	9.487657600144612e-6
0.484	9.49126803976486e-6
0.4845	9.49487636390883e-6
0.485	9.498482666691215e-6
0.4855	9.502087039982355e-6
0.486	9.505689579895894e-6
0.4865	9.509290377792646e-6
0.487	9.512889525889094e-6
0.4875	9.516487115985247e-6
0.488	9.52008323948885e-6
0.4885	9.52367798744196e-6
0.489	9.527271450533974e-6
0.4895	9.530863719141165e-6
0.49	9.534454883339174e-6
0.4905	9.53804503292867e-6
0.491	9.541634257458175e-6
0.4915	9.545222646246684e-6
0.492	9.548810288406158e-6
0.4925	9.552397272863851e-6
0.493	9.555983688384503e-6
0.4935	9.55956962359244e-6
0.494	9.563155166993564e-6
0.4945	9.566740406997253e-6
0.495	9.5703254319382e-6
0.4955	9.573910330098095e-6
0.496	9.577495189727973e-6
0.4965	9.581080099068657e-6
0.497	9.584665146373562e-6
0.4975	9.588254264611182e-6
0.498	9.591848478079939e-6
0.4985	9.595443010247637e-6
0.499	9.599037889793754e-6
0.4995	9.602633145425261e-6
0.5	9.606228805878933e-6
0.5005000000000001	9.60982489992365e-6
0.501	9.613421456362706e-6
0.5015000000000001	9.617018504036133e-6
0.502	9.620616071823006e-6
0.5025000000000001	9.624214188643787e-6
0.503	9.62781288346319e-6
0.5035000000000001	9.631412185290419e-6
0.504	9.635012123184552e-6
0.5045000000000001	9.63861272625496e-6
0.505	9.642214023664131e-6
0.5055000000000001	9.64581604463004e-6
0.506	9.64941881842852e-6
0.5065000000000001	9.653022374395657e-6
0.507	9.656626741930176e-6
0.5075000000000001	9.660231950495853e-6
0.508	9.663838029623903e-6
0.5085000000000001	9.667445008915431e-6
0.509	9.67105291804384e-6
0.5095000000000001	9.674661786757275e-6
0.51	9.678271644881075e-6
0.5105000000000001	9.681882522315715e-6
0.511	9.685494449060046e-6
0.5115000000000001	9.689107455178871e-6
0.512	9.692721318531384e-6
0.5125	9.696335303201794e-6
0.513	9.69995046751219e-6
0.5135	9.703566850878995e-6
0.514	9.707184492847015e-6
0.5145	9.710803433093713e-6
0.515	9.714423711433526e-6
0.5155	9.718045367822215e-6
0.516	9.721668442361252e-6
0.5165	9.725292975302245e-6
0.517	9.728919007051418e-6
0.5175	9.732546578174149e-6
0.518	9.736175729399554e-6
0.5185	9.739806501625169e-6
0.519	9.743438935921699e-6
0.5195	9.747073073537864e-6
0.52	9.750708955905372e-6
0.5205	9.754346624643991e-6
0.521	9.757986121566811e-6
0.5215	9.76162748868564e-6
0.522	9.765270768216619e-6
0.5225	9.768916002586043e-6
0.523	9.772563234436479e-6
0.5235	9.776212506633122e-6
0.524	9.77986386227054e-6
0.5245	9.783517344679763e-6
0.525	9.787172997435819e-6
0.5255	9.79083086436574e-6
0.526	9.79449098955712e-6
0.5265	9.79815341736725e-6
0.527	9.80181938108012e-6
0.5275	9.805487701928393e-6
0.528	9.809158276920159e-6
0.5285	9.812831314769275e-6
0.529	9.816506854071437e-6
0.5295	9.820184933676816e-6
0.53	9.823865592696086e-6
0.5305	9.827548870506536e-6
0.531	9.831234806758248e-6
0.5315	9.834923441380318e-6
0.532	9.838614814587114e-6
0.5325	9.842308966884522e-6
0.533	9.846005939076208e-6
0.5335	9.84970577226983e-6
0.534	9.8534085078832e-6
0.5345	9.857114187650389e-6
0.535	9.860822853627733e-6
0.5355	9.864534518318334e-6
0.536	9.868249123776525e-6
0.5365	9.871966772858748e-6
0.537	9.875687557479583e-6
0.5375	9.879411487422637e-6
0.538	9.883138598111004e-6
0.5385	9.886868924318943e-6
0.539	9.890602500088039e-6
0.5395	9.894339358637227e-6
0.54	9.898079532266453e-6
0.5405	9.901823052253546e-6
0.541	9.905569948744015e-6
0.5415	9.909320250633358e-6
0.542	9.913070503854604e-6
0.5425	9.916826419133299e-6
0.543	9.92058583657038e-6
0.5435	9.924363831731819e-6
0.544	9.92813275483868e-6
0.5445	9.931905593024672e-6
0.545	9.935682406163162e-6
0.5455	9.939463254694553e-6
0.546	9.943248199638362e-6
0.5465	9.947037302605523e-6
0.547	9.95083062581096e-6
0.5475	9.954628232085158e-6
0.548	9.958430184891844e-6
0.5485	9.96223654833473e-6
0.549	9.966047387175194e-6
0.5495	9.969862766845102e-6
0.55	9.97368275346086e-6
0.5505	9.977507413837696e-6
0.551	9.98133681550419e-6
0.5515	9.985171026717031e-6
0.552	9.989010116475998e-6
0.5525	9.992854154539111e-6
0.553	9.996703211438011e-6
0.5535	0.000010000557358647419
0.554	0.000010004416668002548
0.5545	0.00001000828121257544
0.555	0.00001001215217179322
0.5555	0.000010016028447266417
0.556	0.000010019910168668015
0.5565	0.000010023797403714267
0.557	0.000010027690220889143
0.5575	0.00001003158868945401
0.558	0.00001003549287945645
0.5585	0.000010039402861738037
0.559	0.000010043318707940791
0.5595	0.000010047240490512082
0.56	0.000010051168282707635
0.5605	0.000010055102158592247
0.561	0.000010059042193037822
0.5615	0.000010062988461718182
0.562	0.000010066941041100103
0.5625	0.000010070900008429884
0.5630000000000001	0.000010074865441714733
0.5635	0.000010078837419698016
0.5640000000000001	0.000010082816021827456
0.5645	0.000010086801328215075
0.5650000000000001	0.000010090793699187667
0.5655	0.000010094792767451566
0.5660000000000001	0.000010098798813306987
0.5665	0.00001010281194324059
0.5670000000000001	0.000010106832211368258
0.5675	0.000010110859725178206
0.5680000000000001	0.000010114894576603182
0.5685	0.000010118935668178084
0.5690000000000001	0.000010122984612951261
0.5695	0.000010127041192636033
0.5700000000000001	0.000010131105512517165
0.5705	0.00001013517767943075
0.5710000000000001	0.000010139257801790392
0.5715	0.000010143345989614926
0.5720000000000001	0.00001014744235455796
0.5725	0.000010151547009939658
0.5730000000000001	0.00001015566007078114
0.5735	0.000010159781653841927
0.5740000000000001	0.000010163911877660803
0.5745	0.000010168050862600442
0.5750000000000001	0.000010172198730896169
0.5755	0.000010176355606709056
0.5760000000000001	0.000010180521616183681
0.5765	0.000010184696887510599
0.577	0.000010188881550993678
0.5775	0.000010193075725643794
0.578	0.000010197279573181087
0.5785	0.000010201493217616923
0.579	0.000010205716798447664
0.5795	0.000010209950457674426
0.58	0.000010214194339896746
0.5805	0.000010218448592409609
0.581	0.000010222713607450397
0.5815	0.000010226989313455324
0.582	0.000010231275845783543
0.5825	0.000010235573360860112
0.583	0.000010239882018241807
0.5835	0.000010244201980712995
0.584	0.000010248533414378047
0.5845	0.000010252876489126315
0.585	0.000010257231377150458
0.5855	0.00001026159825543438
0.586	0.000010265977304189542
0.5865	0.000010270368707315931
0.587	0.000010274742852949975
0.5875	0.00001027918093198467
0.588	0.000010283618869963886
0.5885	0.000010288055667456793
0.589	0.00001029249032191944
0.5895	0.000010296987340843752
0.59	0.000010301470690910193
0.5905	0.000010305968004229673
0.591	0.00001031047949579298
0.5915	0.000010315005387856394
0.592	0.00001031954590496771
0.5925	0.00001032410127492349
0.593	0.000010328668922833711
0.5935	0.000010333251897721102
0.594	0.000010337850462627732
0.5945	0.000010342464889570972
0.595	0.000010347095453794072
0.5955	0.000010351742433518406
0.596	0.000010356406109674257
0.5965	0.000010361086765610545
0.597	0.000010365784686783874
0.5975	0.000010370500160427363
0.598	0.000010375233475199648
0.5985	0.000010379984920814482
0.599	0.000010384754787651262
0.5995	0.000010389543366346775
0.6	0.000010394350947368352
0.6005	0.000010399177820568537
0.601	0.00001040402427472122
0.6015	0.000010408910986099029
0.602	0.000010413804511848786
0.6025	0.000010418720012566576
0.603	0.000010423657983715232
0.6035	0.000010428618934328928
0.604	0.00001043360338700791
0.6045	0.000010438611877961605
0.605	0.000010443644957119866
0.6055	0.000010448703188332308
0.606	0.000010453787149675293
0.6065	0.000010458897433885606
0.607	0.000010464034648938771
0.6075	0.000010469199418788802
0.608	0.000010474392384284647
0.6085	0.000010479614204276893
0.609	0.000010484865556926554
0.6095	0.000010490147141225868
0.61	0.000010495459678739177
0.6105	0.00001050080391557015
0.611	0.000010506180624559852
0.6115	0.000010511590607718695
0.612	0.000010517034698893775
0.6125	0.000010522513766672104
0.613	0.00001052802871751923
0.6135	0.000010533580499152191
0.614	0.00001053908091711807
0.6145	0.000010544574612766876
0.615	0.00001055008671689912
0.6155	0.000010555616780331203
0.616	0.000010561164342792844
0.6165	0.00001056672893328009
0.617	0.000010572310070316768
0.6175	0.000010577907262125587
0.618	0.000010583520006712676
0.6185	0.00001058914779187269
0.619	0.000010594790095122908
0.6195	0.000010600446383576121
0.62	0.000010606116113765909
0.6205	0.000010611798731437008
0.621	0.000010617493671315045
0.6215	0.00001062320035687035
0.622	0.000010628918200090463
0.6225	0.000010634662341074433
0.623	0.000010640401658102948
0.6235	0.000010646149976369071
0.624	0.000010651906598690507
0.6245	0.000010657670817488012
0.625	0.000010663441915591563
0.6255000000000001	0.000010669219167079774
0.626	0.000010675001838149938
0.6265000000000001	0.000010680789188015994
0.627	0.000010686580469831448
0.6275000000000001	0.000010692374931634149
0.628	0.00001069817181730959
0.6285000000000001	0.000010703970367569394
0.629	0.000010709769820941404
0.6295000000000001	0.00001071556941476782
0.63	0.000010721368386207665
0.6305000000000001	0.000010727165973239937
0.631	0.000010732961415663721
0.6315000000000001	0.000010738753956091584
0.632	0.00001074454284093262
0.6325000000000001	0.000010750327321361613
0.633	0.000010756106654270852
0.6335000000000001	0.000010761880103201257
0.634	0.000010767646939249654
0.6345000000000001	0.000010773406441949204
0.635	0.000010779157900120108
0.6355000000000001	0.000010784900612688007
0.636	0.000010790633889467672
0.6365000000000001	0.000010796357051909784
0.637	0.00001080206943380887
0.6375000000000001	0.000010807770381970725
0.638	0.000010813459256837856
0.6385000000000001	0.000010819135433071754
0.639	0.000010824798300091078
0.6395000000000001	0.000010830447262565036
0.64	0.000010836081740861537
0.6405	0.000010841701230575939
0.641	0.000010847305173833391
0.6415	0.000010852893051696354
0.642	0.000010858464363501685
0.6425	0.00001086401862704188
0.643	0.000010869555378742946
0.6435	0.000010875074173793603
0.644	0.000010880574586219715
0.6445	0.000010886054459723376
0.645	0.00001089151589974438
0.6455	0.000010896957560912509
0.646	0.000010902379074090504
0.6465	0.000010907780089038968
0.647	0.000010913160273960435
0.6475	0.000010918519314997956
0.648	0.00001092385691570743
0.6485	0.000010929172796521356
0.649	0.000010934466694219705
0.6495	0.000010939738361399672
0.65	0.000010944987566043984
0.6505	0.000010950214091093066
0.651	0.000010955417733971286
0.6515	0.000010960598306289568
0.652	0.000010965755633536874
0.6525	0.00001097088955482452
0.653	0.000010975999922671394
0.6535	0.00001098108660282462
0.654	0.000010986149474108976
0.6545	0.000010991188428297627
0.655	0.0000109962518853845
0.6555	0.000011001209124315614
0.656	0.000011006161397765627
0.6565	0.000011011109563018184
0.657	0.00001101605436437676
0.6575	0.000011020915436327672
0.658	0.000011025785003721484
0.6585	0.000011030630239825073
0.659	0.00001103545114696044
0.6595	0.000011040247738717411
0.66	0.00001104502003963934
0.6605	0.000011049768084874913
0.661	0.000011054491919797205
0.6615	0.00001105919159957836
0.662	0.000011063867188782965
0.6625	0.000011068518760877631
0.663	0.000011073146397752398
0.6635	0.000011077750189217393
0.664	0.00001108233023248594
0.6645	0.00001108688663164804
0.665	0.000011091419497138394
0.6655	0.000011095928945202882
0.666	0.00001110041509733231
0.6665	0.000011104878079669485
0.667	0.000011109318022861495
0.6675	0.000011113735061182144
0.668	0.000011118129332165062
0.6685	0.000011122500976135745
0.669	0.00001112685013576342
0.6695	0.000011131176955634494
0.67	0.000011135481581849005
0.6705	0.000011139764161737327
0.671	0.000011144024842976635
0.6715	0.000011148263773609277
0.672	0.000011152481102592251
0.6725	0.000011156599389785734
0.673	0.000011160765086021013
0.6735	0.000011164909019742752
0.674	0.000011169031332738285
0.6745	0.000011173132168217574
0.675	0.00001117721167066942
0.6755	0.000011181269985724105
0.676	0.000011185307260021868
0.6765	0.000011189323641087399
0.677	0.000011193319277210043
0.6775	0.000011197294317329505
0.678	0.000011201248910926945
0.6785	0.000011205183207921209
0.679	0.000011209097358570049
0.6795	0.000011212991513376401
0.68	0.000011216865822998987
0.6805	0.00001122072043816763
0.681	0.000011224555509602886
0.6815	0.000011228371187939843
0.682	0.000011232167623655963
0.6825	0.000011235944967004377
0.683	0.000011239703367946218
0.6835	0.000011243442976089602
0.684	0.000011247163940634823
0.6845	0.000011250866410323125
0.685	0.000011254550533375626
0.6855	0.000011258216457451352
0.686	0.000011261864329595481
0.6865	0.000011265494296208478
0.687	0.000011269106503017592
0.6875	0.000011272701095015273
0.6880000000000001	0.000011276278216434474
0.6885	0.000011279838010716612
0.6890000000000001	0.000011283380620481786
0.6895	0.000011286906187640505
0.6900000000000001	0.00001129041485303902
0.6905	0.000011293906756555338
0.6910000000000001	0.000011297382037221642
0.6915	0.000011300840833121217
0.6920000000000001	0.000011304283281361205
0.6925	0.00001130770951804846
0.6930000000000001	0.000011311119677617075
0.6935	0.000011314513894976898
0.6940000000000001	0.000011317892303363072
0.6945	0.000011321255034996276
0.6950000000000001	0.000011324602221072962
0.6955	0.000011327933991756714
0.6960000000000001	0.000011331250476426484
0.6965	0.00001133455180301615
0.6970000000000001	0.000011337838098350828
0.6975	0.000011341109488321149
0.6980000000000001	0.000011344366097751905
0.6985	0.000011347608232735616
0.6990000000000001	0.000011350835380414025
0.6995	0.000011354048180661314
0.7000000000000001	0.000011357246741757588
0.7005	0.000011360431172103856
0.7010000000000001	0.000011363601580225092
0.7015	0.00001136675807480809
0.7020000000000001	0.00001136990076472996
0.7025	0.000011373029759088298
0.7030000000000001	0.000011376178770244204
0.7035	0.000011379254848754688
0.704	0.00001138233571834208
0.7045	0.00001138542159205919
0.705	0.000011388512698842677
0.7055	0.000011391522260288637
0.706	0.000011394558463186326
0.7065	0.000011397581854000671
0.707	0.000011400592545131706
0.7075	0.000011403590649677503
0.708	0.0000114065762815939
0.7085	0.000011409549555819055
0.709	0.000011412510588451673
0.7095	0.00001141545949699244
0.71	0.000011418396400583478
0.7105	0.000011421321420291835
0.711	0.000011424234679272276
0.7115	0.000011427136290312262
0.712	0.000011430026380588627
0.7125	0.000011432905077412549
0.713	0.000011435772508439987
0.7135	0.000011438628803427667
0.714	0.000011441474094450263
0.7145	0.000011444308515843067
0.715	0.000011447132204722642
0.7155	0.000011449945301182515
0.716	0.000011452747948619709
0.7165	0.000011455540291941188
0.717	0.000011458322482898173
0.7175	0.000011461094679315993
0.718	0.000011463857043697579
0.7185	0.000011466609745111752
0.719	0.000011469289164776425
0.7195	0.000011472013295302484
0.72	0.000011474727147818595
0.7205	0.00001147743081662721
0.721	0.000011480124397845298
0.7215	0.000011482807989644456
0.722	0.000011485481688655665
0.7225	0.000011488145591473887
0.723	0.000011490799799195112
0.7235	0.00001149344441131645
0.724	0.000011496079526881242
0.7245	0.000011498705243779622
0.725	0.00001150132165791148
0.7255	0.000011503928862208505
0.726	0.000011506526945516443
0.7265	0.000011509102185261976
0.727	0.00001151167961413811
0.7275	0.000011514247872787681
0.728	0.000011516807033567142
0.7285	0.00001151935716710357
0.729	0.000011521898341914472
0.7295	0.000011524430624038667
0.73	0.00001152695407670225
0.7305	0.000011529468760048797
0.731	0.000011531974730968134
0.7315	0.000011534472043062409
0.732	0.00001153695827047823
0.7325	0.000011539438140650675
0.733	0.000011541909533822735
0.7335	0.000011544372509929097
0.734	0.000011546827128028174
0.7345	0.00001154927344649462
0.735	0.000011551711523255955
0.7355	0.000011554141416049704
0.736	0.00001155656318266639
0.7365	0.000011558976881134592
0.737	0.000011561382569800322
0.7375	0.000011563780307258863
0.738	0.000011566242344973024
0.7385	0.000011568615721110074
0.739	0.000011570979347871094
0.7395	0.000011573334245776702
0.74	0.000011575681542661449
0.7405	0.000011578006007510915
0.741	0.000011580347793406084
0.7415	0.000011582683127800413
0.742	0.000011585011565445694
0.7425	0.000011587333112123459
0.743	0.000011593055440943703
0.7435	0.000011601111016165503
0.744	0.000011609348647550024
0.7445	0.000011617623089380545
0.745	0.000011625986980008465
0.7455	0.000011634442833759746
0.746	0.000011642992480205526
0.7465	0.000011651638059736527
0.747	0.000011660381775909819
0.7475	0.000011669225897081088
0.748	0.000011678172757997563
0.7485	0.000011687224761335904
0.749	0.000011696384379166669
0.7495	0.000011705654154324302
0.75	0.000011715036701658198
0.7505000000000001	0.00001172453470913692
0.751	0.000011734150938773258
0.7515000000000001	0.000011743888227333269
0.752	0.000011753749486786785
0.7525000000000001	0.000011763737704450985
0.753	0.000011773855942771409
0.7535000000000001	0.000011784107338677286
0.754	0.00001179449510243886
0.7545000000000001	0.000011805022515944997
0.755	0.000011815692930308081
0.7555000000000001	0.000011826509762691397
0.756	0.000011837476492240835
0.7565000000000001	0.000011848596654988534
0.757	0.000011859873837580408
0.7575000000000001	0.000011871311669663279
0.758	0.000011882913814749821
0.7585000000000001	0.000011894683959361895
0.759	0.000011906625800234455
0.7595000000000001	0.000011918743029344837
0.76	0.00001193103931651502
0.7605000000000001	0.00001194351828931964
0.761	0.000011956183510020187
0.7615000000000001	0.00001196903844923799
0.762	0.00001198208645607625
0.7625000000000001	0.000011995330724407346
0.763	0.000012008774255057284
0.7635000000000001	0.000012022419813648454
0.764	0.000012036269883906689
0.7645000000000001	0.000012050326616303363
0.765	0.00001206459177199136
0.7655000000000001	0.00001207906666210883
0.766	0.000012093752082670014
0.7665000000000001	0.000012108648245441684
0.767	0.000012123754705417576
0.7675000000000001	0.000012139070285752306
0.768	0.000012154551048391975
0.7685	0.000012170289433705971
0.769	0.000012186225826222283
0.7695	0.00001220235569087049
0.77	0.000012218673403628704
0.7705	0.00001223517218323788
0.771	0.000012251844036214725
0.7715	0.000012268679718735717
0.772	0.0000122856687187529
0.7725	0.000012302799261277552
0.773	0.000012320058339127912
0.7735	0.000012337431770598821
0.774	0.000012354904284509063
0.7745	0.000012372459631967535
0.775	0.00001239008072304038
0.7755	0.000012407749785372683
0.776	0.00001242544854079841
0.7765	0.000012443158395134607
0.777	0.00001246086063575952
0.7775	0.000012478536631261881
0.778	0.000012496168027437279
0.7785	0.000012513736934192092
0.779	0.000012531226098466832
0.7795	0.000012548619059059105
0.78	0.000012565900280151866
0.7805	0.000012583055261363317
0.781	0.000012600070623164444
0.7815	0.000012616934167493112
0.782	0.000012636488948864521
0.7825	0.000012647253282570321
0.783	0.00001265796924167996
0.7835	0.000012668637254802255
0.784	0.000012679257746418733
0.7845	0.000012689831136902171
0.785	0.000012700357842536046
0.7855	0.000012710838275534818
0.786	0.000012721272844065015
0.7865	0.000012731661952267076
0.787	0.000012742006000277926
0.7875	0.0000127523053842542
0.788	0.000012762560496396113
0.7885	0.000012772771724971933
0.789	0.000012782939454343026
0.7895	0.000012793064064989382
0.79	0.000012803145933535688
0.7905	0.000012813185432777837
0.791	0.000012823182931709849
0.7915	0.000012833138795551203
0.792	0.000012843053385774563
0.7925	0.00001285292706013379
0.793	0.000012862760172692322
0.7935	0.000012872553073851784
0.794	0.000012882306110380926
0.7945	0.000012892019625444742
0.795	0.000012901693958633822
0.7955	0.000012911329445993915
0.796	0.000012920931415020203
0.7965	0.000012930486036705737
0.797	0.00001294002244728982
0.7975	0.000012949489535657897
0.798	0.000012958935712577673
0.7985	0.000012968344987174758
0.799	0.00001297771767152015
0.7995	0.0000129870540743809
0.8	0.000012996354501250524
0.8005	0.000013005619254379435
0.801	0.000013014848632805371
0.8015	0.000013024042932383806
0.802	0.000013033202445818332
0.8025	0.000013042327462691008
0.803	0.00001305141826949268
0.8035	0.000013060475149653171
0.804	0.000013069498383571503
0.8045	0.000013078488248645931
0.805	0.000013087445019303978
0.8055	0.000013096368967032298
0.806	0.000013105260360406468
0.8065	0.000013114119465120663
0.807	0.00001312294654401719
0.8075	0.000013131741857115884
0.808	0.000013140505661643404
0.8085	0.00001314923821206234
0.809	0.000013157939760100187
0.8095	0.00001316661055477815
0.81	0.000013175250842439817
0.8105	0.0000131838608667796
0.811	0.000013192440868871087
0.8115	0.000013200991087195123
0.812	0.000013209511757667801
0.8125	0.00001321800311366817
0.8130000000000001	0.000013226465386065846
0.8135	0.00001323489880324836
0.8140000000000001	0.000013243303591148328
0.8145	0.000013251655819087598
0.8150000000000001	0.000013260001513649002
0.8155	0.000013268319067150397
0.8160000000000001	0.000013276608689708349
0.8165	0.0000132848705891508
0.8170000000000001	0.000013293104971048312
0.8175	0.00001330131203874473
0.8180000000000001	0.000013309491993387437
0.8185	0.000013317645033957103
0.8190000000000001	0.00001332577135729703
0.8195	0.000013333871158141968
0.8200000000000001	0.000013341944629146578
0.8205	0.000013349991960913379
0.8210000000000001	0.000013358013342020326
0.8215	0.000013366008959047917
0.8220000000000001	0.000013373978996605927
0.8225	0.000013381923637359698
0.8230000000000001	0.000013389843062056045
0.8235	0.000013397737449548759
0.8240000000000001	0.000013405606976823723
0.8245	0.000013413451819023638
0.8250000000000001	0.000013421272149472387
0.8255	0.000013429068139698992
0.8260000000000001	0.000013436839959461251
0.8265	0.000013444587776768982
0.8270000000000001	0.00001345231175790692
0.8275	0.000013460012067457273
0.8280000000000001	0.000013467688868321937
0.8285	0.000013475342321744351
0.8290000000000001	0.000013482972587331056
0.8295	0.000013490579823072887
0.8300000000000001	0.000013498164185365888
0.8305	0.00001350572582903187
0.8310000000000001	0.000013513264907338682
0.8315	0.00001352078157202018
0.8320000000000001	0.00001352827597329587
0.8325	0.000013535748259890284
0.833	0.000013543198579052054
0.8335	0.000013550627076572682
0.834	0.000013558033896805066
0.8345	0.000013565419182681707
0.835	0.000013572783075732689
0.8355	0.000013580125716103352
0.836	0.000013587447242571701
0.8365	0.000013594747792565614
0.837	0.000013602027502179707
0.8375	0.000013609286506192024
0.838	0.000013616524938080432
0.8385	0.00001362374293003881
0.839	0.000013630940612992954
0.8395	0.000013638118116616301
0.84	0.000013645276943169888
0.8405	0.000013652414162372721
0.841	0.000013659531623112867
0.8415	0.000013666629449249102
0.842	0.000013673707763449047
0.8425	0.000013680766687205125
0.843	0.000013687806340850267
0.8435	0.000013694844612241259
0.844	0.000013701533833636755
0.8445	0.00001370820659408337
0.845	0.000013714863055373238
0.8455	0.000013721503376834027
0.846	0.000013728127715381468
0.8465	0.000013734736225570487
0.847	0.000013741329059644929
0.8475	0.00001374790636758597
0.848	0.000013754468297159212
0.8485	0.000013761014993960535
0.849	0.00001376754660146076
0.8495	0.00001377406326104911
0.85	0.000013780565112075538
0.8505	0.000013787052291891991
0.851	0.000013793524935892573
0.8515	0.000013799983177552697
0.852	0.000013806427148467223
0.8525	0.000013812856978387658
0.853	0.000013819272795258375
0.8535	0.000013825674725251976
0.854	0.000013832062892803716
0.8545	0.000013838437420645138
0.855	0.000013844798429836806
0.8555	0.0000138511460398003
0.856	0.00001385748036834939
0.8565	0.00001386380153172048
0.857	0.000013870109644602279
0.8575	0.00001387640482016482
0.858	0.00001388268717008772
0.8585	0.000013888956804587821
0.859	0.000013895213832446145
0.8595	0.000013901458361034232
0.86	0.000013907690496339862
0.8605	0.000013913910342992168
0.861	0.000013920118004286182
0.8615	0.000013926313582206798
0.862	0.000013932497177452206
0.8625	0.000013938668889456786
0.863	0.000013944828816413459
0.8635	0.000013950977055295586
0.864	0.000013957113701878315
0.8645	0.0000139632388507595
0.865	0.000013969352595380124
0.8655	0.000013975455028044286
0.866	0.000013981546239938742
0.8665	0.000013987626321152024
0.867	0.000013993695360693132
0.8675	0.000013999753446509828
0.868	0.000014005800665506538
0.8685	0.000014011837103561866
0.869	0.000014017862845545721
0.8695	0.000014023877975336104
0.87	0.000014029882575835519
0.8705	0.000014035876728987053
0.871	0.000014041860515790102
0.8715	0.000014047834016315788
0.872	0.000014053797309722033
0.8725	0.000014059750474268347
0.873	0.000014065693587330287
0.8735	0.000014071626725413635
0.874	0.00001407754996416828
0.8745	0.000014083463378401827
0.875	0.000014089367042092907
0.8755000000000001	0.000014095261028404254
0.876	0.000014101145409695487
0.8765000000000001	0.00001410702025753566
0.877	0.000014112885642715552
0.8775000000000001	0.00001411874163525971
0.878	0.000014124588304438262
0.8785000000000001	0.000014130425718778506
0.879	0.000014136253946076247
0.8795000000000001	0.000014142073053406943
0.88	0.000014147883107136617
0.8805000000000001	0.000014153684172932562
0.881	0.000014159476315773844
0.8815000000000001	0.000014165259599961605
0.882	0.000014171034089129159
0.8825000000000001	0.000014176799846251912
0.883	0.000014182556933657086
0.8835000000000001	0.000014188305413033263
0.884	0.000014194045345439743
0.8845000000000001	0.000014199776791315742
0.885	0.000014205499810489407
0.8855000000000001	0.000014211214462186665
0.886	0.000014216920805039917
0.8865000000000001	0.000014222618897096571
0.887	0.000014228308795827406
0.8875000000000001	0.000014233990558134802
0.888	0.00001423966424036081
0.8885000000000001	0.000014245329898295085
0.889	0.000014250987587182655
0.8895000000000001	0.000014256637361731586
0.89	0.000014262279276120479
0.8905000000000001	0.000014267913384005854
0.891	0.000014273539738529382
0.8915000000000001	0.000014279158392325018
0.892	0.000014284769397525984
0.8925000000000001	0.000014290372805771644
0.893	0.000014295968668214249
0.8935000000000001	0.000014301557035525584
0.894	0.00001430713795790347
0.8945000000000001	0.000014312711485078184
0.895	0.000014318277666318748
0.8955000000000001	0.000014323836550439125
0.896	0.000014329388185804298
0.8965	0.000014334932620336254
0.897	0.000014340469901519864
0.8975	0.000014346000076408661
0.898	0.00001435152319163053
0.8985	0.000014357039293393283
0.899	0.000014362548427490186
0.8995	0.000014368050639305324
0.9	0.000014373545973818947
0.9005	0.000014379034475612685
0.901	0.000014384516188874698
0.9015	0.000014389991157404724
0.902	0.000014395459424619069
0.9025	0.000014400921033555494
0.903	0.000014406376026878028
0.9035	0.00001441182444688172
0.904	0.000014417266335497291
0.9045	0.000014422701734295724
0.905	0.000014428130684492787
0.9055	0.000014433553226953459
0.906	0.000014438969402196335
0.9065	0.000014444379250397894
0.907	0.000014449782811396761
0.9075	0.000014455180124697868
0.908	0.000014460571229476564
0.9085	0.000014465956164582654
0.909	0.000014471334968544377
0.9095	0.000014476707679572325
0.91	0.00001448207433556331
0.9105	0.000014487434974104145
0.911	0.000014492789632475396
0.9115	0.000014498138347655068
0.912	0.000014503481156322227
0.9125	0.00001450881809486057
0.913	0.000014514149199361958
0.9135	0.000014519474505629865
0.914	0.000014524794049182806
0.9145	0.000014530107865257692
0.915	0.00001453541493367031
0.9155	0.000014540717421631655
0.916	0.000014546014286723686
0.9165	0.000014551305563076252
0.917	0.000014556591284553515
0.9175	0.000014561871484757041
0.918	0.000014567146197028846
0.9185	0.000014572415454454387
0.919	0.000014577679289865527
0.9195	0.000014582937735843439
0.92	0.000014588190824721491
0.9205	0.000014593438588588054
0.921	0.000014598681059289316
0.9215	0.000014603918268432014
0.922	0.000014609150247386156
0.9225	0.000014614377027287684
0.923	0.000014619598639041118
0.9235	0.000014624815113322146
0.924	0.000014630026480580192
0.9245	0.000014635232771040933
0.925	0.0000146404340147088
0.9255	0.000014645630241369426
0.926	0.000014650821480592067
0.9265	0.000014656007761731995
0.927	0.000014661189113932858
0.9275	0.000014666365566128983
0.928	0.000014671537147047694
0.9285	0.00001467670388521155
0.929	0.000014681865808940592
0.9295	0.000014687022946354525
0.93	0.000014692175325374901
0.9305	0.000014697322973727254
0.931	0.000014702465918943212
0.9315	0.000014707604188362581
0.932	0.000014712737809135396
0.9325	0.000014717866808223958
0.933	0.00001472299121240483
0.9335	0.000014728111048270806
0.934	0.000014733226342232875
0.9345	0.000014738337120522126
0.935	0.000014743443409191662
0.9355	0.000014748544041320764
0.936	0.000014753679947149
0.9365	0.000014758811334467715
0.937	0.000014763938224031781
0.9375	0.000014769060636466558
0.9380000000000001	0.000014774177439243613
0.9385	0.0000147792909594396
0.9390000000000001	0.000014784400063763899
0.9395	0.000014789504772334371
0.9400000000000001	0.000014794605105145103
0.9405	0.000014799701082067512
0.9410000000000001	0.000014804792722851465
0.9415	0.000014809880047126342
0.9420000000000001	0.000014814963074402134
0.9425	0.000014820041824070491
0.9430000000000001	0.00001482511631540579
0.9435	0.000014830186567566153
0.9440000000000001	0.000014835252599594497
0.9445	0.000014840314430419535
0.9450000000000001	0.000014845372078856794
0.9455	0.000014850425563609595
0.9460000000000001	0.00001485547490327005
0.9465	0.000014860520116320032
0.9470000000000001	0.000014865561221132124
0.9475	0.000014870598235970583
0.9480000000000001	0.000014875631178992279
0.9485	0.00001488066006824762
0.9490000000000001	0.00001488568492168148
0.9495	0.000014890705757134095
0.9500000000000001	0.000014895722592341982
0.9505	0.000014900735444938818
0.9510000000000001	0.000014905744332456318
0.9515	0.000014910749272325113
0.9520000000000001	0.000014915750281875611
0.9525	0.00001492074737833885
0.9530000000000001	0.000014925740578847335
0.9535	0.000014930729900435881
0.9540000000000001	0.000014935715360042438
0.9545	0.000014940696974508895
0.9550000000000001	0.00001494567476058191
0.9555	0.000014950648734913686
0.9560000000000001	0.000014955618914062785
0.9565	0.00001496058531449489
0.9570000000000001	0.000014965547952583591
0.9575	0.000014970506844611156
0.9580000000000001	0.000014975462006769276
0.9585	0.000014980413455159826
0.9590000000000001	0.000014985361205795603
0.9595	0.000014990305274601056
0.96	0.000014995245677413032
0.9605	0.00001500018242998148
0.961	0.000015005115547970153
0.9615	0.000015010045046957348
0.962	0.000015014970942436566
0.9625	0.000015019893249817227
0.963	0.000015024811984425348
0.9635	0.000015029727161504212
0.964	0.000015034638796215049
0.9645	0.00001503954690363769
0.965	0.000015044451498771227
0.9655	0.000015049352596534668
0.966	0.000015054250211767567
0.9665	0.000015059144359230674
0.967	0.000015064035053606561
0.9675	0.000015068922309500238
0.968	0.000015073806141439783
0.9685	0.000015078686563876948
0.969	0.000015083563591187763
0.9695	0.000015088437237673141
0.97	0.000015093307517559456
0.9705	0.00001509817444499916
0.971	0.000015103038034071334
0.9715	0.000015107898298782284
0.972	0.000015112755253066103
0.9725	0.000015117608910785239
0.973	0.000015122459285731055
0.9735	0.000015127306391624378
0.974	0.000015132150242116059
0.9745	0.000015136990850787502
0.975	0.000015141828231151212
0.9755	0.00001514666239665132
0.976	0.000015151493360664125
0.9765	0.0000151563211364986
0.977	0.000015161145737396922
0.9775	0.000015165967176534973
0.978	0.000015170785467022862
0.9785	0.000015175600621905418
0.979	0.000015180412654162687
0.9795	0.000015185221576710436
0.98	0.000015190027402400634
0.9805	0.000015194830144021933
0.981	0.000015199629814300157
0.9815	0.000015204426425898772
0.982	0.000015209219991419353
0.9825	0.000015214010523402059
0.983	0.00001521879803432609
0.9835	0.000015223582536610146
0.984	0.000015228364042612874
0.9845	0.000015233142564633328
0.985	0.000015237918114911408
0.9855	0.000015242690705628301
0.986	0.000015247460348906921
0.9865	0.000015252227056812336
0.987	0.000015256990841352203
0.9875	0.00001526175171447719
0.988	0.000015266509688081392
0.9885	0.000015271264774002768
0.989	0.000015276016984023526
0.9895	0.000015280766329870552
0.99	0.000015285512823215815
0.9905	0.00001529025647567676
0.991	0.000015294997298816714
0.9915	0.000015299735304145277
0.992	0.000015304470503118723
0.9925	0.000015309202907140375
0.993	0.00001531393252756099
0.9935	0.000015318659375679164
0.994	0.000015323383462741668
0.9945	0.000015328104799943866
0.995	0.000015332823398430054
0.9955	0.000015337539269293844
0.996	0.000015342252423578526
0.9965	0.000015346962872277426
0.997	0.000015351670626334266
0.9975	0.000015356375696643517
0.998	0.000015361078094050758
0.9985	0.000015365777829353016
0.999	0.000015370474913299117
0.9995	0.00001537516935659003