0.	0.
0.0005	11073.40193451284
0.001	22146.803934968084
0.0015	33220.20603743201
0.002	44293.60781472327
0.0025	55367.00916234156
0.003	66440.41015605182
0.0035	77513.81087711158
0.004	88587.21141225744
0.0045000000000000005	99660.6118537154
0.005	110734.0122992091
0.0055	121807.41285194136
0.006	132880.81362060623
0.006500000000000001	143954.21471938977
0.007	155027.61626795636
0.0075	166101.01839146757
0.008	177174.42122056783
0.0085	188247.82489139622
0.009000000000000001	199321.22954556235
0.0095	210394.63533018588
0.01	221468.0423978482
0.0105	232541.450906649
0.011	243614.8610201432
0.0115	254688.272907388
0.012	265761.6867429319
0.0125	276835.1027061761
0.013000000000000001	287908.5208661547
0.0135	298981.941328176
0.014	310055.3642912689
0.0145	321128.7899615617
0.015	332202.21855226264
0.0155	343275.65039004636
0.016	354349.08604412514
0.0165	365422.5257705685
0.017	376495.96980287484
0.0175	387569.4183778615
0.018000000000000002	398642.8717356733
0.0185	409716.3301197942
0.019	420789.7937770421
0.0195	431863.2629575584
0.02	442936.73791482055
0.0205	454010.2189056161
0.021	465083.70619006094
0.021500000000000002	476157.200031594
0.022	487230.700696959
0.0225	498304.2084562248
0.023	509377.7235827537
0.0235	520451.2463532337
0.024	531524.7770476431
0.0245	542598.3159492689
0.025	553671.8633446904
0.025500000000000002	564745.4195237819
0.026000000000000002	575818.9847800937
0.0265	586892.5596321218
0.027	597966.1462362192
0.0275	609039.7452927522
0.028	620113.3570699453
0.0285	631186.981819788
0.029	642260.6197773139
0.029500000000000002	653334.2709963082
0.03	664407.9355551454
0.0305	675481.6136446019
0.031	686555.3054415616
0.0315	697629.0111090344
0.032	708702.7307961611
0.0325	719776.464638202
0.033	730850.2127565702
0.0335	741923.9752588039
0.034	752997.7522385854
0.0345	764071.5437757283
0.035	775145.3499361943
0.035500000000000004	786219.1707720815
0.036000000000000004	797293.006321626
0.0365	808366.8566091993
0.037	819440.7216452975
0.0375	830514.6014265562
0.038	841588.4959357275
0.0385	852662.4051416892
0.039	863736.3289994223
0.0395	874810.2674500253
0.04	885884.2204209284
0.0405	896958.1868367582
0.041	908032.1638555899
0.0415	919106.1512367338
0.042	930180.1489185236
0.0425	941254.156855929
0.043000000000000003	952328.1751051284
0.043500000000000004	963402.204178032
0.044	974476.2441644382
0.0445	985550.2950750843
0.045	996624.3569318092
0.0455	1.0076984297676262e6
0.046	1.0187725136266935e6
0.0465	1.0298466085643165e6
0.047	1.0409207146469712e6
0.0475	1.0519948319522815e6
0.048	1.0630689605690269e6
0.0485	1.0741431005971285e6
0.049	1.0852172521476762e6
0.0495	1.0962914153428946e6
0.05	1.1073655903161522e6
0.0505	1.11843977721196e6
0.051000000000000004	1.129513976185949e6
0.051500000000000004	1.1405881874048894e6
0.052000000000000005	1.1516624110466668e6
0.0525	1.1627366473002732e6
0.053	1.173810896365813e6
0.0535	1.1848851584544745e6
0.054	1.1959594337919115e6
0.0545	1.207033724007204e6
0.055	1.2181080304775422e6
0.0555	1.229182353426904e6
0.056	1.2402566930703952e6
0.0565	1.251331049614246e6
0.057	1.262405422793854e6
0.0575	1.273479812218767e6
0.058	1.2845542180786233e6
0.0585	1.2956286405643949e6
0.059000000000000004	1.3067030798664726e6
0.059500000000000004	1.3177775361746694e6
0.06	1.3288520096782148e6
0.0605	1.339926500565778e6
0.061	1.3510010090254426e6
0.0615	1.3620755352447454e6
0.062	1.3731500794106468e6
0.0625	1.3842246417095447e6
0.063	1.3952992223272845e6
0.0635	1.4063738214491531e6
0.064	1.4174484392598826e6
0.0645	1.4285230759436642e6
0.065	1.439597731684121e6
0.0655	1.4506724066643543e6
0.066	1.4617471010669128e6
0.0665	1.4728218150738033e6
0.067	1.4838965488665013e6
0.0675	1.4949713026259646e6
0.068	1.5060460764954602e6
0.0685	1.5171208701780706e6
0.069	1.5281956837113972e6
0.0695	1.5392705172837775e6
0.07	1.5503453710881893e6
0.07050000000000001	1.5614202453729385e6
0.07100000000000001	1.5724951408419355e6
0.07150000000000001	1.5835700578258603e6
0.07200000000000001	1.5946449965261214e6
0.0725	1.605719957143358e6
0.073	1.6167949398774456e6
0.0735	1.6278699449274961e6
0.074	1.638944972491869e6
0.0745	1.6500200227681359e6
0.075	1.6610950959531323e6
0.0755	1.6721701922429078e6
0.076	1.6832453118327614e6
0.0765	1.6943204549172202e6
0.077	1.7053956216900372e6
0.0775	1.716470812344217e6
0.078	1.7275460270719777e6
0.0785	1.7386212660647824e6
0.079	1.749696529513318e6
0.0795	1.7607718176075008e6
0.08	1.7718471305364852e6
0.0805	1.7829224684886553e6
0.081	1.7939978316516096e6
0.0815	1.8050732202122002e6
0.082	1.8161486344289505e6
0.0825	1.8272240747905297e6
0.083	1.838299541511672e6
0.0835	1.8493750347693786e6
0.084	1.860450554736701e6
0.0845	1.8715261015118097e6
0.085	1.8826016751406915e6
0.0855	1.893677275784611e6
0.08600000000000001	1.9047529036043282e6
0.08650000000000001	1.9158285587581722e6
0.08700000000000001	1.9269042414020363e6
0.08750000000000001	1.9379799516893772e6
0.088	1.9490556897712138e6
0.0885	1.9601314557961305e6
0.089	1.9712072499102836e6
0.0895	1.982283072257392e6
0.09	1.993358922978743e6
0.0905	2.0044348022131992e6
0.091	2.0155107100971784e6
0.0915	2.02658664676468e6
0.092	2.0376626123472704e6
0.0925	2.0487386069740888e6
0.093	2.0598146307718398e6
0.0935	2.0708906838648056e6
0.094	2.0819667663748397e6
0.0945	2.093042878421368e6
0.095	2.104119020121393e6
0.0955	2.115195191589485e6
0.096	2.1262713927008808e6
0.0965	2.137347623119821e6
0.097	2.1484238829502463e6
0.0975	2.159500172309624e6
0.098	2.1705764913264737e6
0.0985	2.181652840221043e6
0.099	2.1927292191472542e6
0.0995	2.203805628232561e6
0.1	2.2148820676063374e6
0.1005	2.2259585373998783e6
0.101	2.2370350377464015e6
0.1015	2.2481115687810457e6
0.10200000000000001	2.259188130640857e6
0.10250000000000001	2.2702647234648103e6
0.10300000000000001	2.281341347393791e6
0.10350000000000001	2.292418002570603e6
0.10400000000000001	2.3034946891399645e6
0.1045	2.3145714072485035e6
0.105	2.325648157044768e6
0.1055	2.33672493867921e6
0.106	2.347801752304198e6
0.1065	2.358878598074014e6
0.107	2.3699554761448363e6
0.1075	2.3810323866747594e6
0.108	2.392109329823789e6
0.1085	2.4031863057538243e6
0.109	2.414263314628689e6
0.1095	2.4253403566138567e6
0.11	2.4364174317696607e6
0.1105	2.4474945401771977e6
0.111	2.4585716820102767e6
0.1115	2.46964885744613e6
0.112	2.4807260664891624e6
0.1125	2.4918033090242646e6
0.113	2.5028805852390667e6
0.1135	2.5139578953334955e6
0.114	2.525035239514713e6
0.1145	2.536112617997151e6
0.115	2.5471900310024675e6
0.1155	2.5582674787595766e6
0.116	2.5693449615046238e6
0.1165	2.5804224794810084e6
0.117	2.591500032939357e6
0.11750000000000001	2.6025776221375414e6
0.11800000000000001	2.613655247340664e6
0.11850000000000001	2.624732908821062e6
0.11900000000000001	2.635810606858306e6
0.11950000000000001	2.646888341739195e6
0.12	2.6579661137577617e6
0.1205	2.6690439232152565e6
0.121	2.68012177042016e6
0.1215	2.6911996556881736e6
0.122	2.702277579342219e6
0.1225	2.71335554171244e6
0.123	2.7244335431368146e6
0.1235	2.7355115840278086e6
0.124	2.7465896663898462e6
0.1245	2.757667791266134e6
0.125	2.7687459589897473e6
0.1255	2.779824169971576e6
0.126	2.790902425452181e6
0.1265	2.80198072596884e6
0.127	2.8130590717899883e6
0.1275	2.8241374631624585e6
0.128	2.8352159003115287e6
0.1285	2.8462943834409183e6
0.129	2.8573729127328014e6
0.1295	2.868451488347805e6
0.13	2.8795301104250057e6
0.1305	2.8906087790819365e6
0.131	2.901687494414591e6
0.1315	2.9127662564974125e6
0.132	2.923845065383307e6
0.1325	2.934923921103629e6
0.133	2.946002823668188e6
0.1335	2.9570817730652476e6
0.134	2.9681607692615227e6
0.1345	2.979239812202169e6
0.135	2.9903189018107885e6
0.1355	3.00139803798942e6
0.136	3.0124772206185437e6
0.1365	3.0235564495570613e6
0.137	3.0346357246432654e6
0.1375	3.045715045433852e6
0.138	3.0567944090215303e6
0.1385	3.0678738144759405e6
0.139	3.0789532616009335e6
0.1395	3.090032749449635e6
0.14	3.10111227684833e6
0.1405	3.112191843637386e6
0.14100000000000001	3.123271449682779e6
0.14150000000000001	3.1343510948714986e6
0.14200000000000002	3.1454307791115637e6
0.14250000000000002	3.156510502332021e6
0.14300000000000002	3.1675902644829405e6
0.14350000000000002	3.178670065535432e6
0.14400000000000002	3.1897499054816267e6
0.1445	3.200829784334684e6
0.145	3.211909702128803e6
0.1455	3.222989658919203e6
0.146	3.2340696547821346e6
0.1465	3.2451496898148675e6
0.147	3.2562297641357025e6
0.1475	3.267309877883949e6
0.148	3.2783900312199406e6
0.1485	3.2894702243250203e6
0.149	3.300550457401533e6
0.1495	3.3116307306728303e6
0.15	3.322711044383258e6
0.1505	3.3337913987981523e6
0.151	3.344871794204016e6
0.1515	3.3559522312175413e6
0.152	3.367032711703242e6
0.1525	3.3781132362026675e6
0.153	3.3891938051778274e6
0.1535	3.4002744198361947e6
0.154	3.411355080681801e6
0.1545	3.4224357880488858e6
0.155	3.4335165422674213e6
0.1555	3.4445973436632142e6
0.156	3.4556781925578695e6
0.1565	3.466759089268806e6
0.157	3.4778400341092567e6
0.1575	3.488921027388271e6
0.158	3.5000020694107017e6
0.1585	3.511083160477218e6
0.159	3.52216430088431e6
0.1595	3.533245490924278e6
0.16	3.5443267308852337e6
0.1605	3.5554080210511102e6
0.161	3.566489361701653e6
0.1615	3.577570753112421e6
0.162	3.588652195554797e6
0.1625	3.599733689295975e6
0.163	3.6108152345989686e6
0.1635	3.62189683172261e6
0.164	3.632978480921552e6
0.1645	3.64406018244626e6
0.165	3.655141936543034e6
0.1655	3.6662237435771474e6
0.166	3.6773056041845605e6
0.1665	3.6883875186244e6
0.167	3.6994694869805784e6
0.1675	3.710551509345841e6
0.168	3.7216335859267134e6
0.1685	3.7327157169233384e6
0.169	3.743797902529504e6
0.1695	3.754880142932614e6
0.17	3.7659624383137086e6
0.1705	3.777044788847456e6
0.171	3.788127194702183e6
0.1715	3.799209656039833e6
0.17200000000000001	3.810292173016013e6
0.17250000000000001	3.8213747457799525e6
0.17300000000000001	3.832457374474543e6
0.17350000000000002	3.843540059236317e6
0.17400000000000002	3.854622800195458e6
0.17450000000000002	3.8657055974757946e6
0.17500000000000002	3.8767884511948097e6
0.17550000000000002	3.887871361463643e6
0.176	3.898954328387087e6
0.1765	3.910037352063582e6
0.177	3.9211204325852334e6
0.1775	3.9322035700377943e6
0.178	3.9432867645006757e6
0.1785	3.9543700160474586e6
0.179	3.9654533247433803e6
0.1795	3.9765366902698567e6
0.18	3.987620111728487e6
0.1805	3.9987035891242847e6
0.181	4.0097871224840228e6
0.1815	4.0208707118737814e6
0.182	4.0319543573682155e6
0.1825	4.043038059046697e6
0.183	4.0541218169932947e6
0.1835	4.065205631296791e6
0.184	4.0762895020506713e6
0.1845	4.087373429353122e6
0.185	4.0984574133070437e6
0.1855	4.1095414540200345e6
0.186	4.1206255516043934e6
0.1865	4.1317097061771243e6
0.187	4.1427939178599366e6
0.1875	4.1538781867792383e6
0.188	4.1649625130661265e6
0.1885	4.1760468968564174e6
0.189	4.1871313382905945e6
0.1895	4.198215837513871e6
0.19	4.209300394676127e6
0.1905	4.220385009931948e6
0.191	4.231469683440613e6
0.1915	4.24255441536608e6
0.192	4.253639205877008e6
0.1925	4.264724055146734e6
0.193	4.275808963353296e6
0.1935	4.28689393087416e6
0.194	4.297978958269786e6
0.1945	4.309064045577727e6
0.195	4.320149192911564e6
0.1955	4.331234400460969e6
0.196	4.342319668417716e6
0.1965	4.353404996975657e6
0.197	4.36449038633073e6
0.1975	4.375575836680957e6
0.198	4.3866613482264625e6
0.1985	4.397746921169434e6
0.199	4.408832555714162e6
0.1995	4.4199182520670295e6
0.2	4.431004010436494e6
0.2005	4.442089831033107e6
0.201	4.453175714069518e6
0.2015	4.464261659760465e6
0.202	4.475347668322767e6
0.2025	4.486433739975339e6
0.203	4.497519874939191e6
0.20350000000000001	4.508606073437429e6
0.20400000000000001	4.519692335695243e6
0.20450000000000002	4.530778661939918e6
0.20500000000000002	4.541865052400842e6
0.20550000000000002	4.552951507309493e6
0.20600000000000002	4.564038026899434e6
0.20650000000000002	4.575124611406345e6
0.20700000000000002	4.586211261067989e6
0.20750000000000002	4.597297975849923e6
0.20800000000000002	4.608384755886212e6
0.2085	4.619471602099281e6
0.209	4.63055851475476e6
0.2095	4.641645494100761e6
0.21	4.652732540384781e6
0.2105	4.663819653853694e6
0.211	4.6749068347537415e6
0.2115	4.685994083330532e6
0.212	4.697081399829029e6
0.2125	4.708168784493552e6
0.213	4.719256237567768e6
0.2135	4.730343759294705e6
0.214	4.74143134991671e6
0.2145	4.752519009675485e6
0.215	4.763606738812045e6
0.2155	4.774694537566747e6
0.216	4.78578240617926e6
0.2165	4.796870344888582e6
0.217	4.807958353933001e6
0.2175	4.819046433550144e6
0.218	4.830134583976913e6
0.2185	4.841222805449531e6
0.219	4.852311098203506e6
0.2195	4.86339946247363e6
0.22	4.874487898493994e6
0.2205	4.885576406497957e6
0.221	4.896664986718215e6
0.2215	4.907753640403674e6
0.222	4.918842368526895e6
0.2225	4.92993117108756e6
0.223	4.94102004828282e6
0.2235	4.952109000297781e6
0.224	4.963198027305647e6
0.2245	4.97428712946767e6
0.225	4.985376306933231e6
0.2255	4.9964655598398e6
0.226	5.007554888312959e6
0.2265	5.01864429246642e6
0.227	5.029733772402033e6
0.2275	5.040823328209762e6
0.228	5.051912959967731e6
0.2285	5.063002667742201e6
0.229	5.074092451587585e6
0.2295	5.085182311546447e6
0.23	5.096272247649496e6
0.2305	5.107362259915606e6
0.231	5.118452348351784e6
0.2315	5.129542512953203e6
0.232	5.140632753703175e6
0.2325	5.15172307057315e6
0.233	5.162813463522727e6
0.2335	5.173903932499621e6
0.234	5.184994477439696e6
0.23450000000000001	5.196085098272904e6
0.23500000000000001	5.207175794897295e6
0.23550000000000001	5.218266566360326e6
0.23600000000000002	5.229357409828335e6
0.23650000000000002	5.240448325107861e6
0.23700000000000002	5.251539312123447e6
0.23750000000000002	5.262630370815474e6
0.23800000000000002	5.273721501140214e6
0.23850000000000002	5.284812703069825e6
0.23900000000000002	5.295903976592342e6
0.23950000000000002	5.306995321711711e6
0.24	5.318086738447763e6
0.2405	5.3291782268362455e6
0.241	5.340269786928813e6
0.2415	5.351361418793026e6
0.242	5.362453122512354e6
0.2425	5.373544898186186e6
0.243	5.3846367459298065e6
0.2435	5.395728665874419e6
0.244	5.406820658167118e6
0.2445	5.417912722970907e6
0.245	5.429004860464671e6
0.2455	5.440097070843177e6
0.246	5.451189354317082e6
0.2465	5.462281711112896e6
0.247	5.473374141472987e6
0.2475	5.484466645655577e6
0.248	5.495559223934706e6
0.2485	5.506651876600246e6
0.249	5.51774460387207e6
0.2495	5.528837406806688e6
0.25	5.5399302877959665e6
0.2505	5.551023247238231e6
0.251	5.562116285455511e6
0.2515	5.573209402764493e6
0.252	5.584302599476517e6
0.2525	5.5953958758976e6
0.253	5.606489232328434e6
0.2535	5.617582669064366e6
0.254	5.628676186395446e6
0.2545	5.63976978460639e6
0.255	5.650863463976623e6
0.2555	5.661957224780241e6
0.256	5.673051067286048e6
0.2565	5.684144991757548e6
0.257	5.695238998452945e6
0.2575	5.706333087625158e6
0.258	5.717427259521806e6
0.2585	5.7285215143852355e6
0.259	5.7396158524525035e6
0.2595	5.750710273955391e6
0.26	5.761804779120401e6
0.2605	5.772899368168765e6
0.261	5.783994041316449e6
0.2615	5.795088798774152e6
0.262	5.806183640747304e6
0.2625	5.817278567438122e6
0.263	5.828373579060674e6
0.2635	5.83946867529607e6
0.264	5.85056385486016e6
0.2645	5.861659117858847e6
0.265	5.872754464500296e6
0.2655	5.883849895002999e6
0.266	5.894945409595786e6
0.2665	5.906041008517796e6
0.267	5.917136692018478e6
0.2675	5.928232460357583e6
0.268	5.9393283138051685e6
0.2685	5.950424252641565e6
0.269	5.961520277157391e6
0.2695	5.972616387653541e6
0.27	5.983712584441161e6
0.2705	5.994808867841661e6
0.271	6.005905238186692e6
0.2715	6.017001695818136e6
0.272	6.028098241088111e6
0.2725	6.039194874358925e6
0.273	6.0502915960031105e6
0.2735	6.061388406403386e6
0.274	6.072485305952633e6
0.2745	6.083582295053922e6
0.275	6.094679374120469e6
0.2755	6.105776543575627e6
0.276	6.116873803852742e6
0.2765	6.127971155375742e6
0.277	6.139068598540992e6
0.2775	6.150166134795891e6
0.278	6.161263768742602e6
0.2785	6.17236150130041e6
0.279	6.183459332875372e6
0.2795	6.19455726384212e6
0.28	6.205655294543864e6
0.2805	6.216753425292424e6
0.281	6.227851656368285e6
0.28150000000000003	6.238949988020583e6
0.28200000000000003	6.250048420467162e6
0.28250000000000003	6.261146953894557e6
0.28300000000000003	6.272245588458035e6
0.28350000000000003	6.2833443242816e6
0.28400000000000003	6.294443161457996e6
0.28450000000000003	6.305542100048709e6
0.28500000000000003	6.316641140083981e6
0.28550000000000003	6.327740281562802e6
0.28600000000000003	6.3388395244528875e6
0.28650000000000003	6.349938868690706e6
0.28700000000000003	6.361038314181418e6
0.28750000000000003	6.372137860798917e6
0.28800000000000003	6.383237508385757e6
0.2885	6.394337256753178e6
0.289	6.40543710568103e6
0.2895	6.416537054917787e6
0.29	6.4276371041985145e6
0.2905	6.438737253250971e6
0.291	6.449837501736461e6
0.2915	6.460937848710481e6
0.292	6.472038287348698e6
0.2925	6.48313881539841e6
0.293	6.494239432504517e6
0.2935	6.505340138346821e6
0.294	6.516440932640074e6
0.2945	6.52754181513401e6
0.295	6.538642785613384e6
0.2955	6.549743843898003e6
0.296	6.560844989842752e6
0.2965	6.571946223337621e6
0.297	6.583047544307717e6
0.2975	6.594148952713292e6
0.298	6.605250448549733e6
0.2985	6.616352031847599e6
0.299	6.6274537026725905e6
0.2995	6.638555461125562e6
0.3	6.649657307342525e6
0.3005	6.660759241494624e6
0.301	6.671861263788118e6
0.3015	6.682963374464397e6
0.302	6.694065573799899e6
0.3025	6.705167862106149e6
0.303	6.716270239729669e6
0.3035	6.727372707045819e6
0.304	6.738475264427957e6
0.3045	6.74957791231958e6
0.305	6.7606806512133535e6
0.3055	6.771783481829097e6
0.306	6.782886409614673e6
0.3065	6.79398943714288e6
0.307	6.805092564943895e6
0.3075	6.816195793529189e6
0.308	6.827299123391533e6
0.3085	6.83840255500506e6
0.309	6.849506088825249e6
0.3095	6.860609725288992e6
0.31	6.871713464814583e6
0.3105	6.882817307801774e6
0.311	6.893921254631763e6
0.3115	6.905025305667252e6
0.312	6.916129461252434e6
0.3125	6.927233721713022e6
0.313	6.938338087356271e6
0.3135	6.9494425584710045e6
0.314	6.960547135327602e6
0.3145	6.971651818178027e6
0.315	6.982756607255856e6
0.3155	6.993861502776248e6
0.316	7.004966504936006e6
0.3165	7.016071613913536e6
0.317	7.027176829868314e6
0.3175	7.038282152917313e6
0.318	7.049387583171035e6
0.3185	7.060493120735004e6
0.319	7.071598765698769e6
0.3195	7.082704518125497e6
0.32	7.093810376306834e6
0.3205	7.104916338528891e6
0.321	7.11602240484673e6
0.3215	7.127128575323864e6
0.322	7.138234850032263e6
0.3225	7.149341229052369e6
0.323	7.160447712473066e6
0.3235	7.171554300391707e6
0.324	7.182660992914099e6
0.3245	7.1937677901544925e6
0.325	7.204874692235614e6
0.3255	7.215981699288625e6
0.326	7.227088811453142e6
0.3265	7.23819602887724e6
0.327	7.24930335171743e6
0.3275	7.260410780138663e6
0.328	7.2715183143143505e6
0.3285	7.282625954426325e6
0.329	7.293733700664866e6
0.3295	7.3048415532286875e6
0.33	7.3159495123249255e6
0.3305	7.327057578169145e6
0.331	7.338165751068368e6
0.3315	7.34927403137482e6
0.332	7.360382419328015e6
0.3325	7.371490915173243e6
0.333	7.382599519163017e6
0.3335	7.393708231554675e6
0.334	7.404817052974198e6
0.3345	7.41592598453591e6
0.335	7.427035026542184e6
0.3355	3.85398974259601e-9
0.336	7.449253442943387e6
0.3365	5.780984613894016e-9
0.337	7.471472304261863e6
0.3375	7.482581902405036e6
0.338	7.493691612540311e6
0.3385	7.504801434916565e6
0.339	7.515911369780093e6
0.3395	7.5270214173746165e6
0.34	7.538131577941263e6
0.3405	7.5492418517185915e6
0.341	7.560352238942582e6
0.3415	7.571462739846633e6
0.342	7.582573354661562e6
0.3425	7.593684083615614e6
0.343	7.604794926934465e6
0.3435	7.6159058848412065e6
0.34400000000000003	7.627016957556352e6
0.34450000000000003	7.6381281452512555e6
0.34500000000000003	7.649239447977611e6
0.34550000000000003	7.660350865936e6
0.34600000000000003	7.6714623993405355e6
0.34650000000000003	7.6825740484045865e6
0.34700000000000003	7.69368581334077e6
0.34750000000000003	7.704797694360949e6
0.34800000000000003	7.715909691669518e6
0.34850000000000003	7.727021805430273e6
0.34900000000000003	7.738134035844394e6
0.34950000000000003	7.749246383121675e6
0.35000000000000003	7.760358847471638e6
0.35050000000000003	7.77147142910353e6
0.35100000000000003	7.782584128226316e6
0.35150000000000003	7.793696945048682e6
0.352	7.804809879779025e6
0.3525	7.815922932625498e6
0.353	7.827036103795947e6
0.3535	7.838149393497947e6
0.354	7.849262801938812e6
0.3545	7.860376329325565e6
0.355	7.871489975864973e6
0.3555	7.882603741763512e6
0.356	7.893717627227403e6
0.3565	7.904831632462584e6
0.357	7.915945757674727e6
0.3575	7.927060003069221e6
0.358	7.938174368862976e6
0.3585	7.9492888553720005e6
0.359	7.065647861426019e-9
0.3595	7.971518191430965e6
0.36	7.98263304138348e6
0.3605	7.993748012883901e6
0.361	8.004863106129805e6
0.3615	0.
0.362	8.027093658638815e6
0.3625	8.038209118122485e6
0.363	8.049324699857125e6
0.3635	8.060440404036197e6
0.364	8.071556230853722e6
0.3645	8.082672180504242e6
0.365	8.09378825318285e6
0.3655	8.104904449085174e6
0.366	8.116020768407384e6
0.3665	8.127137211346168e6
0.367	8.138253778098776e6
0.3675	8.149370468862978e6
0.368	8.160487283837085e6
0.3685	8.171604223219939e6
0.369	8.182721287210918e6
0.3695	8.193838476009933e6
0.37	8.204955789817418e6
0.3705	8.216073228834364e6
0.371	8.227190793262273e6
0.3715	3.85398974259601e-9
0.372	8.249426299120705e6
0.3725	8.260544240900186e6
0.373	8.271662308845263e6
0.3735	8.282780503161346e6
0.374	8.293898824054816e6
0.3745	8.305017271733068e6
0.375	8.316135846404479e6
0.3755	8.327254548278443e6
0.376	8.338373377565285e6
0.3765	8.349492334518766e6
0.377	8.360611419456018e6
0.3775	8.37173063259389e6
0.378	8.382849974144147e6
0.3785	8.393969444318412e6
0.379	8.405089043328168e6
0.3795	8.41620877138475e6
0.38	8.427328628699347e6
0.3805	8.438448615483023e6
0.381	8.449568731946684e6
0.3815	8.460688978301102e6
0.382	8.471809354756897e6
0.3825	8.482929861524556e6
0.383	8.494050498814424e6
0.3835	8.505171266836697e6
0.384	8.51629216580143e6
0.3845	8.527413195918545e6
0.385	8.538534357397815e6
0.3855	8.549655650449948e6
0.386	8.560777075285785e6
0.3865	8.571898632114662e6
0.387	8.583020321145728e6
0.3875	8.594142142587986e6
0.388	8.605264096650269e6
0.3885	8.61638618354125e6
0.389	8.627508403469441e6
0.3895	8.638630756643195e6
0.39	8.649753243270705e6
0.3905	8.660875863558713e6
0.391	8.671998617697302e6
0.3915	8.68312150588862e6
0.392	8.694244528340533e6
0.3925	8.705367685260965e6
0.393	8.716490976857835e6
0.3935	8.727614403339097e6
0.394	8.738737964912726e6
0.3945	8.749861661786715e6
0.395	8.760985494169079e6
0.3955	8.77210946226787e6
0.396	8.783233566291137e6
0.3965	8.794357806446968e6
0.397	8.805482182943473e6
0.3975	8.816606695988776e6
0.398	8.82773134579103e6
0.3985	8.838856132558405e6
0.399	8.84998105651075e6
0.3995	8.861106117887221e6
0.4	0.
0.4005	8.883356653748445e6
0.401	8.89448212864778e6
0.4015	8.905607741802085e6
0.402	8.916733493417801e6
0.4025	8.927859383701038e6
0.403	8.938985412857551e6
0.4035	8.950111581092786e6
0.404	8.96123788861181e6
0.4045	8.972364335619384e6
0.405	8.983490922307132e6
0.4055	8.994617648857115e6
0.406	9.005744515473044e6
0.40650000000000003	9.01687152235892e6
0.40700000000000003	9.027998669718672e6
0.40750000000000003	6.423316237660017e-10
0.40800000000000003	9.050253386675129e6
0.40850000000000003	9.06138095667929e6
0.40900000000000003	9.072508667972246e6
0.40950000000000003	9.08363652075754e6
0.41000000000000003	9.094764515238587e6
0.41050000000000003	9.105892651618775e6
0.41100000000000003	9.117020930101383e6
0.41150000000000003	9.128149350889621e6
0.41200000000000003	9.139277914186599e6
0.41250000000000003	9.150406620175937e6
0.41300000000000003	9.16153546895369e6
0.41350000000000003	9.172664460707556e6
0.41400000000000003	9.18379359564266e6
0.41450000000000004	9.19492287396521e6
0.41500000000000004	9.206052295882491e6
0.41550000000000004	9.217181861602863e6
0.41600000000000004	9.228311571335759e6
0.4165	9.239441425291685e6
0.417	9.250571423682237e6
0.4175	9.26170156672007e6
0.418	9.27283185461893e6
0.4185	9.28396228759362e6
0.419	9.295092865861082e6
0.4195	9.30622358965185e6
0.42	9.31735445918798e6
0.4205	9.328485474688333e6
0.421	9.339616636372698e6
0.4215	9.350747944461811e6
0.422	9.361879399177326e6
0.4225	9.373011000741836e6
0.423	9.384142749378908e6
0.4235	9.395274645313002e6
0.424	9.406406688769529e6
0.4245	9.417538879974827e6
0.425	9.428671219156194e6
0.4255	9.43980370654184e6
0.426	9.450936342373978e6
0.4265	9.462069127059817e6
0.427	9.473202060884777e6
0.4275	9.484335144077187e6
0.428	9.495468376864301e6
0.4285	9.506601759472318e6
0.429	9.517735292126365e6
0.4295	9.528868975050503e6
0.43	9.540002808467722e6
0.4305	9.551136792599965e6
0.431	9.562270927668085e6
0.4315	9.573405213891884e6
0.432	9.58453965149009e6
0.4325	9.59567424068036e6
0.433	9.606808981679287e6
0.4335	9.617943874703087e6
0.434	9.629078919967784e6
0.4345	9.640214117686804e6
0.435	9.65134946807243e6
0.4355	9.662484971335854e6
0.436	9.673620627687177e6
0.4365	9.684756437335419e6
0.437	9.695892400488516e6
0.4375	9.707028517353317e6
0.438	9.718164788135571e6
0.4385	9.729301213039957e6
0.439	9.74043779227005e6
0.4395	9.75157452602304e6
0.44	9.762711414171832e6
0.4405	9.773848456724709e6
0.441	9.78498565388794e6
0.4415	9.796123005871002e6
0.442	9.807260512886586e6
0.4425	9.818398175150577e6
0.443	9.82953599288208e6
0.4435	9.840673966303393e6
0.444	9.851812095640043e6
0.4445	9.862950381120741e6
0.445	9.874088822977414e6
0.4455	9.885227421445206e6
0.446	9.896366176762467e6
0.4465	9.907505089170739e6
0.447	9.918644158914795e6
0.4475	9.929783386241855e6
0.448	9.94092277136333e6
0.4485	9.952062314511387e6
0.449	9.963202015944403e6
0.4495	9.974341875924446e6
0.45	9.985481894717239e6
0.4505	9.986365650935408e6
0.451	9.997898567521492e6
0.4515	1.00189029066845e7
0.452	1.003004356345905e7
0.4525	1.0041184380430104e7
0.453	3.85398974259601e-9
0.4535	1.006346637821146e7
0.454	1.0074607261742495e7
0.4545	1.0078546898919225e7
0.455	1.0090056365174169e7
0.4555	1.010156290091546e7
0.456	1.0113069468821159e7
0.4565	1.0124568357835425e7
0.457	1.0136064464593446e7
0.4575	1.014756804289379e7
0.458	1.0159100027016582e7
0.4585	1.0170648069308072e7
0.459	1.0182207725676235e7
0.4595	1.0193776802124726e7
0.46	1.020535393465703e7
0.4605	1.021693817675968e7
0.461	1.0228528821621073e7
0.4615	1.0240125328714075e7
0.462	1.0251727330614602e7
0.4625	1.0263334457972841e7
0.463	1.0274946381139161e7
0.4635	1.028656281539173e7
0.464	1.029818351185637e7
0.4645	1.0309808250806151e7
0.465	1.0321436836597564e7
0.4655	1.0333069093762739e7
0.466	1.0344704863123933e7
0.4665	1.0356344002944505e7
0.467	1.036798638104507e7
0.4675	1.0379631880447054e7
0.468	1.0391280415981274e7
0.4685	1.0402931888531404e7
0.46900000000000003	1.0414586200835612e7
0.46950000000000003	1.042624326193166e7
0.47000000000000003	1.0437902986550512e7
0.47050000000000003	1.0449565294589674e7
0.47100000000000003	1.0461230110648649e7
0.47150000000000003	1.0472897363629952e7
0.47200000000000003	1.0484566986377023e7
0.47250000000000003	1.0496238915359112e7
0.47300000000000003	1.0507913090389611e7
0.47350000000000003	1.051958945437463e7
0.47400000000000003	1.0531267953087714e7
0.47450000000000003	1.0542948534967413e7
0.47500000000000003	1.055463115093475e7
0.47550000000000003	1.0566315758785151e7
0.47600000000000003	1.057800232249692e7
0.47650000000000003	1.058969079907749e7
0.47700000000000004	1.06013811468418e7
0.47750000000000004	1.0613073326394256e7
0.47800000000000004	1.0624767298740584e7
0.47850000000000004	1.063646302695641e7
0.47900000000000004	1.0648160475357283e7
0.47950000000000004	1.0659859609449875e7
0.48	1.0671560396365752e7
0.4805	1.0683262803703092e7
0.481	1.0694966800646465e7
0.4815	1.070667235730414e7
0.482	1.0718379444784941e7
0.4825	1.073008803515297e7
0.483	1.0741798101385316e7
0.4835	1.0753509617332436e7
0.484	1.0765222557681007e7
0.4845	1.0776936898607818e7
0.485	1.078865262116783e7
0.4855	1.0800369703103391e7
0.486	1.0812088121827923e7
0.4865	1.0823807855350547e7
0.487	1.083552888225461e7
0.4875	1.084725118167722e7
0.488	1.0858974733289916e7
0.4885	1.0870699517280262e7
0.489	1.088242551433433e7
0.4895	1.0894152705620097e7
0.49	1.0905881072771607e7
0.4905	1.091761059787389e7
0.491	1.092934126329275e7
0.4915	1.0941073051800672e7
0.492	1.0952805946755506e7
0.4925	1.0964539931914715e7
0.493	1.0976274991424255e7
0.4935	1.0988011109805863e7
0.494	1.099974827194703e7
0.4945	1.1011486463090356e7
0.495	1.1023225670553064e7
0.4955	1.1034965882014628e7
0.496	1.1046707083620138e7
0.4965	1.1058449261789935e7
0.497	1.1070192403212797e7
0.4975	1.1081936494839218e7
0.498	1.1093681523874966e7
0.4985	1.1105427477774827e7
0.499	1.111717434423662e7
0.4995	1.1128922111195393e7
0.5	1.1140670766817868e7
0.5005000000000001	1.1152420299497029e7
0.501	1.116417069784693e7
0.5015000000000001	1.1175921950697713e7
0.502	1.1187674047090698e7
0.5025000000000001	1.1199426976273766e7
0.503	1.1211180727696791e7
0.5035000000000001	1.1222935291007308e7
0.504	1.1234690656046253e7
0.5045000000000001	1.1246446812843947e7
0.505	1.1258203751628e7
0.5055000000000001	1.1269961463023834e7
0.506	1.1281719938560251e7
0.5065000000000001	1.1293479170375345e7
0.507	1.1305239149359535e7
0.5075000000000001	1.1316999866515102e7
0.508	1.1328761312982172e7
0.5085000000000001	1.1340523480036078e7
0.509	1.1352286359084869e7
0.5095000000000001	1.1364049941666856e7
0.51	1.137581421944823e7
0.5105000000000001	1.1387579184220755e7
0.511	1.13993448278995e7
0.5115000000000001	1.1411111142520675e7
0.512	1.142287812023947e7
0.5125	1.1434645753328022e7
0.513	1.144641403417334e7
0.5135	1.1458182955275372e7
0.514	1.1469952509306837e7
0.5145	1.1481722688866679e7
0.515	1.1493493486841839e7
0.5155	1.1505264896165349e7
0.516	1.1517036909874097e7
0.5165	1.1528809521107133e7
0.517	1.154058272310404e7
0.5175	1.1552356509263769e7
0.518	1.1564130873869684e7
0.5185	1.1575905810712067e7
0.519	1.1587681313388502e7
0.5195	1.1599457375567835e7
0.52	1.161123399072409e7
0.5205	1.1623011152567448e7
0.521	1.163478885501913e7
0.5215	1.1646567092080109e7
0.522	1.1658345857830012e7
0.5225	1.1670125146426082e7
0.523	1.168190495210211e7
0.5235	1.1693685269167382e7
0.524	1.170546609200573e7
0.5245	1.171724741507451e7
0.525	1.1729029232903661e7
0.5255	1.1740811540094752e7
0.526	1.1752594331320073e7
0.5265	1.1764377601321725e7
0.527	1.177616134491076e7
0.5275	1.1787945556966271e7
0.528	1.1799730232434617e7
0.5285	1.181151536632852e7
0.529	1.1823300953726325e7
0.5295	1.1835086989771128e7
0.53	1.1846873469868151e7
0.5305	1.1858660389913063e7
0.531	1.1870447745272037e7
0.5315	1.1882235531318221e7
0.532	1.18940237434779e7
0.5325	1.1905812377229916e7
0.533	1.1917601428105062e7
0.5335	1.1929390891685573e7
0.534	1.194118076361238e7
0.5345	1.1952971039750569e7
0.535	1.1964761715907365e7
0.5355	1.1976552787861694e7
0.536	1.1988344251439324e7
0.5365	1.2000136102512294e7
0.537	1.20119283369985e7
0.5375	1.2023720950861095e7
0.538	1.2035513940108111e7
0.5385	1.2047307300791929e7
0.539	1.2059101029008826e7
0.5395	1.2070895120898508e7
0.54	1.2082689572643688e7
0.5405	1.209448438046962e7
0.541	1.210627954064367e7
0.5415	1.2118075049474897e7
0.542	1.2129870903313633e7
0.5425	1.2141667098553078e7
0.543	1.2153463631959865e7
0.5435	1.216526050024554e7
0.544	1.217705769991137e7
0.5445	1.2188855227492865e7
0.545	1.22006530795595e7
0.5455	1.2212451252714373e7
0.546	1.22242497435939e7
0.5465	1.2236048548867514e7
0.547	1.224784766523737e7
0.5475	1.225964708943801e7
0.548	1.2271446818236114e7
0.5485	1.2283246848429132e7
0.549	1.22950471768104e7
0.5495	1.2306847800223552e7
0.55	1.2318648715561587e7
0.5505	1.2330449919748649e7
0.551	1.2342251409739722e7
0.5515	1.235405318252038e7
0.552	1.2365855235106532e7
0.5525	1.2377657564544152e7
0.553	1.2389460167909052e7
0.5535	1.2401263042306578e7
0.554	1.241306618487145e7
0.5545	1.242486959276746e7
0.555	1.243667326318724e7
0.5555	1.244847719335205e7
0.556	1.2460281380615061e7
0.5565	1.2472085822557557e7
0.557	1.248389051649973e7
0.5575	1.2495695459766034e7
0.558	1.250750064970492e7
0.5585	1.2519306083688673e7
0.559	1.25311117591132e7
0.5595	1.254291767339788e7
0.56	1.2554723823985387e7
0.5605	1.2566530208341515e7
0.561	1.2578336823954986e7
0.5615	1.2590143668337304e7
0.562	1.2601950739022601e7
0.5625	1.2613758033567417e7
0.5630000000000001	1.2625565549550345e7
0.5635	1.2637373284510845e7
0.5640000000000001	1.2649181236025846e7
0.5645	1.2660989401741315e7
0.5650000000000001	1.2672797779325671e7
0.5655	1.2684606366469575e7
0.5660000000000001	1.2696415160885809e7
0.5665	1.2708224160309106e7
0.5670000000000001	1.272003336249606e7
0.5675	1.27318427652249e7
0.5680000000000001	1.2743652366295427e7
0.5685	1.2755462163528787e7
0.5690000000000001	1.2767272154767416e7
0.5695	1.2779082337933613e7
0.5700000000000001	1.2790892711130828e7
0.5705	1.2802703272281954e7
0.5710000000000001	1.281451401930732e7
0.5715	1.2826324950145477e7
0.5720000000000001	1.2838136062753119e7
0.5725	1.284994735510494e7
0.5730000000000001	1.286175882519355e7
0.5735	1.2873570471029341e7
0.5740000000000001	1.2885382290640406e7
0.5745	1.2897194282072417e7
0.5750000000000001	1.2909006443388527e7
0.5755	1.292081877266926e7
0.5760000000000001	1.2932631268012432e7
0.5765	1.2944443927533014e7
0.577	1.295625674936308e7
0.5775	1.2968069731651582e7
0.578	1.297988287261755e7
0.5785	1.2991696170528563e7
0.579	1.3003509623583736e7
0.5795	1.3015323229996687e7
0.58	1.3027136987996511e7
0.5805	1.3038950895827783e7
0.581	1.3050764951750385e7
0.5815	1.3062579154039467e7
0.582	1.3074393500985332e7
0.5825	1.3086207990893366e7
0.583	1.309802262208394e7
0.5835	1.3109837393007508e7
0.584	1.312165230214106e7
0.5845	1.3133467347846316e7
0.585	1.314528252849771e7
0.5855	1.3157097842482407e7
0.586	1.3168913288200231e7
0.5865	1.3180728864063624e7
0.587	1.3192544568497568e7
0.5875	1.3204360399939483e7
0.588	1.3216176356839199e7
0.5885	1.3227992437658895e7
0.589	1.3239808640872998e7
0.5895	1.3251624964968154e7
0.59	1.3263441408443136e7
0.5905	1.3275257969808804e7
0.591	1.3287074647588037e7
0.5915	1.3298891440315632e7
0.592	1.3310708346538369e7
0.5925	1.3322525364793291e7
0.593	1.3334342493557224e7
0.5935	1.3346159731402243e7
0.594	1.3357977076923912e7
0.5945	1.3369794528730262e7
0.595	1.3381612085441738e7
0.5955	1.339342974569115e7
0.596	1.340524750812359e7
0.5965	1.3417065371396419e7
0.597	1.3428883334179139e7
0.5975	1.3440701395211434e7
0.598	1.3452519553300433e7
0.5985	1.3464337807152923e7
0.599	1.3476156155483361e7
0.5995	1.3487974597016823e7
0.6	1.3499793130488975e7
0.6005	1.3511611754646018e7
0.601	1.3523430468244646e7
0.6015	1.353524927005201e7
0.602	1.3547068158845657e7
0.6025	1.3558887133413497e7
0.603	1.3570706192553766e7
0.6035	1.3582525335074952e7
0.604	1.359434455979579e7
0.6045	1.3606163865545187e7
0.605	1.361798325116221e7
0.6055	1.3629802715496035e7
0.606	1.3641622257405877e7
0.6065	1.3653441875760956e7
0.607	1.3665261569441311e7
0.6075	1.367708133736022e7
0.608	1.3688901178428017e7
0.6085	1.3700721091553178e7
0.609	1.3712541075653749e7
0.6095	1.3724361129657296e7
0.61	1.3736181252500897e7
0.6105	1.374800144313107e7
0.611	1.375982170050374e7
0.6115	1.3771642023587435e7
0.612	1.3783462411448697e7
0.6125	1.3795282863112831e7
0.613	1.3807103377571186e7
0.6135	1.3818923953823328e7
0.614	1.3830744590877067e7
0.6145	1.3842565287748387e7
0.615	1.3854386043461416e7
0.6155	1.3866206857048422e7
0.616	1.3878027727549762e7
0.6165	1.3889848654013848e7
0.617	1.3901669635497134e7
0.6175	1.391349067106408e7
0.618	1.392531175978711e7
0.6185	1.3937132900746606e7
0.619	1.3948954093030853e7
0.6195	1.3960775335736042e7
0.62	1.3972596627966193e7
0.6205	1.3984417968833182e7
0.621	1.399623935745669e7
0.6215	1.4008060792964147e7
0.622	1.4019882274495468e7
0.6225	1.403170380120573e7
0.623	1.4043525372246014e7
0.6235	1.4055346986774312e7
0.624	1.4067168643956145e7
0.6245	1.4078990342964536e7
0.625	1.4090812082979945e7
0.6255000000000001	1.4102633863190291e7
0.626	1.4114455682793947e7
0.6265000000000001	1.4126277541068407e7
0.627	1.413809943725532e7
0.6275000000000001	1.4149921370570645e7
0.628	1.4161743340236865e7
0.6285000000000001	1.417356534548301e7
0.629	1.418538738554459e7
0.6295000000000001	1.419720945966363e7
0.63	1.4209031567088561e7
0.6305000000000001	1.42208537070743e7
0.631	1.4232675878882155e7
0.6315000000000001	1.424449808177983e7
0.632	1.4256320315041412e7
0.6325000000000001	1.4268142577947339e7
0.633	1.4279964869784392e7
0.6335000000000001	1.4291787189845655e7
0.634	1.4303609537430497e7
0.6345000000000001	1.4315431911844594e7
0.635	1.4327254312399842e7
0.6355000000000001	1.4339076738414388e7
0.636	1.4350899189212605e7
0.6365000000000001	1.436272166412468e7
0.637	1.4374544162468025e7
0.6375000000000001	1.438636668357477e7
0.638	1.4398189226794297e7
0.6385000000000001	1.4410011791482337e7
0.639	1.442183437700091e7
0.6395000000000001	1.4433656982718341e7
0.64	1.4445479608009225e7
0.6405	1.4457302252254402e7
0.641	1.446912491488134e7
0.6415	1.4480947595338078e7
0.642	1.4492770293023411e7
0.6425	1.4504593007341329e7
0.643	1.451641573770134e7
0.6435	1.4528238483518448e7
0.644	1.4540061244213121e7
0.6445	1.4551884019211302e7
0.645	1.4563706807944383e7
0.6455	1.4575529609849192e7
0.646	1.4587352424367962e7
0.6465	1.4599175250948325e7
0.647	1.4610998089043338e7
0.6475	1.4622820938111385e7
0.648	1.4634643797616236e7
0.6485	1.4646466667026993e7
0.649	1.4658289545818105e7
0.6495	1.467011243346932e7
0.65	1.4681935329465693e7
0.6505	1.46937582332975e7
0.651	1.470558114446053e7
0.6515	1.4717404062430875e7
0.652	1.4729226986547273e7
0.6525	1.4741049916291146e7
0.653	1.4752872851182142e7
0.6535	1.4764695790746626e7
0.654	1.477651873451766e7
0.6545	1.4788341682034992e7
0.655	1.4800164632845065e7
0.6555	1.4811987586504249e7
0.656	1.4823810542622117e7
0.6565	1.483563350078136e7
0.657	1.4847456460554028e7
0.6575	1.4859279421518285e7
0.658	1.4871102383258423e7
0.6585	1.488292534536481e7
0.659	1.4894748307433922e7
0.6595	1.490657126906829e7
0.66	1.4918394229876498e7
0.6605	1.4930217189473186e7
0.661	1.494204014747903e7
0.6615	1.4953863103520712e7
0.662	1.4965686057230914e7
0.6625	1.497750900824832e7
0.663	1.498933195621759e7
0.6635	1.5001154900789354e7
0.664	1.5012977841620184e7
0.6645	1.5024800778372593e7
0.665	1.5036623710715031e7
0.6655	1.504844663832201e7
0.666	1.506026956087334e7
0.6665	1.5072092478126999e7
0.667	1.508391539000586e7
0.6675	1.5095738296222841e7
0.668	1.5107561196476856e7
0.6685	1.5119384090470511e7
0.669	1.5131206977910096e7
0.6695	1.5143029858505558e7
0.67	1.5154852731970515e7
0.6705	1.5166675598027805e7
0.671	1.5178498456441583e7
0.6715	1.5190321306945177e7
0.672	1.5202144149265986e7
0.6725	1.5213966983134609e7
0.673	1.5225789808284882e7
0.6735	1.5237612624453869e7
0.674	1.5249435431381825e7
0.6745	1.526125822881222e7
0.675	1.5273081016491717e7
0.6755	1.5284903794170152e7
0.676	1.5296726561600571e7
0.6765	1.5308549318539148e7
0.677	1.5320372064745275e7
0.6775	1.533219479998146e7
0.678	1.534401752401338e7
0.6785	1.535584023660984e7
0.679	1.5367662937542805e7
0.6795	1.5379485626587352e7
0.68	1.5391308303521685e7
0.6805	1.5403130968127042e7
0.681	1.5414953620188076e7
0.6815	1.5426776259431016e7
0.682	1.5438598885486212e7
0.6825	1.5450421498140888e7
0.683	1.5462244097195348e7
0.6835	1.5474066682454506e7
0.684	1.548588925372789e7
0.6845	1.5497711810829587e7
0.685	1.5509534353578288e7
0.6855	1.5521356881800512e7
0.686	1.553317939536547e7
0.6865	1.5545001894117624e7
0.687	1.5556824377893155e7
0.6875	1.5568646846532378e7
0.6880000000000001	1.5580469299879776e7
0.6885	1.559229173778396e7
0.6890000000000001	1.5604114160097692e7
0.6895	1.5615936566677846e7
0.6900000000000001	1.5627758957385415e7
0.6905	1.5639581332085509e7
0.6910000000000001	1.565140369064735e7
0.6915	1.5663226032944225e7
0.6920000000000001	1.567504835885355e7
0.6925	1.5686870668256776e7
0.6930000000000001	1.569869296103947e7
0.6935	1.5710515237091228e7
0.6940000000000001	1.5722337496305734e7
0.6945	1.5734159738580674e7
0.6950000000000001	1.5745981963817837e7
0.6955	1.575780417192296e7
0.6960000000000001	1.5769626362805972e7
0.6965	1.578144853636329e7
0.6970000000000001	1.5793270692453407e7
0.6975	1.5805092830993848e7
0.6980000000000001	1.5816914951911662e7
0.6985	1.5828737055138428e7
0.6990000000000001	1.5840559140610253e7
0.6995	1.5852381208267737e7
0.7000000000000001	1.5864203258055987e7
0.7005	1.5876025289924642e7
0.7010000000000001	1.5887847303844122e7
0.7015	1.5899669299786866e7
0.7020000000000001	1.591149127771559e7
0.7025	1.5923313237597276e7
0.7030000000000001	1.593513517940315e7
0.7035	1.5946957103108695e7
0.704	1.5958779008693649e7
0.7045	1.597060089614198e7
0.705	1.5982422765441852e7
0.7055	1.5994244616585677e7
0.706	1.6006066449570065e7
0.7065	1.6017888264395844e7
0.707	1.6029710061068006e7
0.7075	1.6041531839595763e7
0.708	1.6053353599992488e7
0.7085	1.6065175342275728e7
0.709	1.6076997066467192e7
0.7095	1.6088818772592759e7
0.71	1.6100640460682442e7
0.7105	1.6112462130770484e7
0.711	1.6124283782894952e7
0.7115	1.6136105417108161e7
0.712	1.6147927033538895e7
0.7125	1.6159748632255722e7
0.713	1.6171570213311944e7
0.7135	1.6183391776764238e7
0.714	1.6195213322672658e7
0.7145	1.6207034851100601e7
0.715	1.6218856362114862e7
0.7155	1.6230677855785534e7
0.716	1.6242499332193462e7
0.7165	1.6254320791450027e7
0.717	1.6266142233639453e7
0.7175	1.6277963658844562e7
0.718	1.6289785067151219e7
0.7185	1.6301606458648289e7
0.719	1.6313427833427666e7
0.7195	1.632524919158424e7
0.72	1.6337070533215903e7
0.7205	1.6348891858423553e7
0.721	1.636071316731108e7
0.7215	1.6372534459985353e7
0.722	1.638435573655623e7
0.7225	1.6396176997136535e7
0.723	1.6407998241842078e7
0.7235	1.6419819470791623e7
0.724	1.6431640684106896e7
0.7245	1.6443461881912578e7
0.725	1.6455283064336304e7
0.7255	1.646710423150839e7
0.726	1.6478925383562742e7
0.7265	1.6490746520636113e7
0.727	1.6502567642256921e7
0.7275	1.6514388747991888e7
0.728	1.652620983799857e7
0.7285	1.6538030912445124e7
0.729	1.6549851971510252e7
0.7295	1.6561673015383191e7
0.73	1.657349404426369e7
0.7305	1.6585315058361998e7
0.731	1.6597136057898821e7
0.7315	1.660895704311564e7
0.732	1.6620778014267495e7
0.7325	1.663259897160619e7
0.733	1.6644419915393706e7
0.7335	1.665624084590222e7
0.734	1.666806176341408e7
0.7345	1.667988266822181e7
0.735	1.6691703560628047e7
0.7355	1.6703524440945543e7
0.736	1.671534530949712e7
0.7365	1.6727166166615665e7
0.737	1.67389870126441e7
0.7375	1.6750807847935373e7
0.738	1.6762628672852356e7
0.7385	1.677444948776793e7
0.739	1.678627029306489e7
0.7395	1.679809108913595e7
0.74	1.6809911876383673e7
0.7405	1.68217326552205e7
0.741	1.683355342607942e7
0.7415	1.6845374189362872e7
0.742	1.685719494584511e7
0.7425	1.6869015698603313e7
0.743	1.6880836448674824e7
0.7435	1.68926571964845e7
0.744	1.690447794244451e7
0.7445	1.6916298686954442e7
0.745	1.6928119430401266e7
0.7455	1.6939940173159402e7
0.746	1.6951760915590763e7
0.7465	1.696358165804516e7
0.747	1.6975402400878426e7
0.7475	1.6987223144425586e7
0.748	1.6999043888998494e7
0.7485	1.7010864634896483e7
0.749	1.7022685382406365e7
0.7495	1.7034506131802484e7
0.75	1.704632688334673e7
0.7505000000000001	1.7058147637288578e7
0.751	1.7069968393865082e7
0.7515000000000001	1.708178915330099e7
0.752	1.7093609915808666e7
0.7525000000000001	1.7105430681588173e7
0.753	1.7117251450827282e7
0.7535000000000001	1.7129072223701507e7
0.754	1.7140893000374112e7
0.7545000000000001	1.715271378099616e7
0.755	1.71645345657065e7
0.7555000000000001	1.717635535463183e7
0.756	1.7188176147915382e7
0.7565000000000001	1.7199996945581917e7
0.757	1.7211817747782364e7
0.7575000000000001	1.722363855377229e7
0.758	1.7235459359401733e7
0.7585000000000001	1.724728016416647e7
0.759	1.725910096818291e7
0.7595000000000001	1.7270921771590624e7
0.76	1.7282742574552346e7
0.7605000000000001	1.7294563377253957e7
0.761	1.730638417990435e7
0.7615000000000001	1.7318204982735492e7
0.762	1.7330025786003213e7
0.7625000000000001	1.7341846590002976e7
0.763	1.735366739504227e7
0.7635000000000001	1.7365488201444443e7
0.764	1.7377309009555463e7
0.7645000000000001	1.7389129819743846e7
0.765	1.7400950632400665e7
0.7655000000000001	1.7412771447939467e7
0.766	1.7424592266796194e7
0.7665000000000001	1.743641308942916e7
0.767	1.744823391631894e7
0.7675000000000001	1.7460054747968383e7
0.768	1.7471875584902465e7
0.7685	1.7483696427668273e7
0.769	1.749551727683495e7
0.7695	1.7507338132993586e7
0.77	1.751915899675717e7
0.7705	1.7530979868760515e7
0.771	1.7542800749660183e7
0.7715	1.7554621640145022e7
0.772	1.7566442540888466e7
0.7725	1.757826345262893e7
0.773	1.7590084376374543e7
0.7735	1.7601905314313263e7
0.774	1.7613726267428707e7
0.7745	1.7625547236501545e7
0.775	1.7637368222321846e7
0.7755	1.7649189225689057e7
0.776	1.7661010247412022e7
0.7765	1.767283128830889e7
0.777	1.7684652349207096e7
0.7775	1.7696473430943724e7
0.778	1.770829453437391e7
0.7785	1.7720115660356246e7
0.779	1.7731936809754778e7
0.7795	1.7743757983442564e7
0.78	1.775557918230164e7
0.7805	1.7767400407222997e7
0.781	1.777922165910652e7
0.7815	1.7791042938860953e7
0.782	1.7802864247403882e7
0.7825	1.7814685585661676e7
0.783	1.7826506954569455e7
0.7835	1.7838328355071064e7
0.784	1.7850149788119014e7
0.7845	1.786197125467444e7
0.785	1.7873792755707104e7
0.7855	1.7885614292195316e7
0.786	1.7897435865125895e7
0.7865	1.7909257475494143e7
0.787	1.7921079124336764e7
0.7875	1.7932900812585127e7
0.788	1.794472254131107e7
0.7885	1.795654431157449e7
0.789	1.7968366126345903e7
0.7895	1.7980187987804923e7
0.79	1.7992009896970056e7
0.7905	1.8003831854849596e7
0.791	1.801565386244141e7
0.7915	1.8027475920733135e7
0.792	1.8039298030702233e7
0.7925	1.8051120193315987e7
0.793	1.806294240953183e7
0.7935	1.8074764680308443e7
0.794	1.8086587006589096e7
0.7945	1.8098409389300708e7
0.795	1.811023182936017e7
0.7955	1.8122054327674348e7
0.796	1.8133876885140203e7
0.7965	1.814569950264472e7
0.797	1.815752218106505e7
0.7975	1.8169344921268497e7
0.798	1.8181167724112608e7
0.7985	1.819299059044514e7
0.799	1.820481352110416e7
0.7995	1.8216636516918074e7
0.8	1.8228459578705657e7
0.8005	1.824028270727116e7
0.801	1.825210590342407e7
0.8015	1.8263929167949565e7
0.802	1.8275752501628276e7
0.8025	1.828757590523139e7
0.803	1.8299399379520707e7
0.8035	1.8311222925248634e7
0.804	1.8323046543158263e7
0.8045	1.8334870234088693e7
0.805	1.8346694000773113e7
0.8055	1.83585178446791e7
0.806	1.8370341766480163e7
0.8065	1.838216576682405e7
0.807	1.8393989846332837e7
0.8075	1.840581400560296e7
0.808	1.841763824520539e7
0.8085	1.8429462565685604e7
0.809	1.844128696757239e7
0.8095	1.8453111451369476e7
0.81	1.8464936017546307e7
0.8105	1.8476760666547045e7
0.811	1.848858539879064e7
0.8115	1.850041021467089e7
0.812	1.8512235114556503e7
0.8125	1.852406009879115e7
0.8130000000000001	1.853588516769353e7
0.8135	1.8547710321557373e7
0.8140000000000001	1.855953556065156e7
0.8145	1.8571360885220084e7
0.8150000000000001	1.8583186295482174e7
0.8155	1.8595011791632272e7
0.8160000000000001	1.8606837373840116e7
0.8165	1.8618663042250726e7
0.8170000000000001	1.863048879698448e7
0.8175	1.8642314638137117e7
0.8180000000000001	1.8654140565779775e7
0.8185	1.866596657995901e7
0.8190000000000001	1.867779268069683e7
0.8195	1.8689618867990684e7
0.8200000000000001	1.8701445141813517e7
0.8205	1.8713271502105873e7
0.8210000000000001	1.8725097942672074e7
0.8215	1.873692445815261e7
0.8220000000000001	1.874875104852525e7
0.8225	1.8760577713809352e7
0.8230000000000001	1.877240445406583e7
0.8235	1.8784231269397132e7
0.8240000000000001	1.8796058159947194e7
0.8245	1.8807885125905644e7
0.8250000000000001	1.881971216750998e7
0.8255	1.8831539285028636e7
0.8260000000000001	1.88433664787707e7
0.8265	1.8855193749086324e7
0.8270000000000001	1.886702109636666e7
0.8275	1.8878848521043763e7
0.8280000000000001	1.8890676023590516e7
0.8285	1.890250360452049e7
0.8290000000000001	1.89143312643879e7
0.8295	1.892615900378743e7
0.8300000000000001	1.893798682335417e7
0.8305	1.894981472376346e7
0.8310000000000001	1.8961642705730774e7
0.8315	1.8973470770011578e7
0.8320000000000001	1.8985298917401206e7
0.8325	1.8997127148734685e7
0.833	1.9008955464886628e7
0.8335	1.9020783866771027e7
0.834	1.903261235534112e7
0.8345	1.9044440931589235e7
0.835	1.9056269596546583e7
0.8355	1.9068098351283096e7
0.836	1.9079927196907245e7
0.8365	1.9091756134565882e7
0.837	1.9103585167165287e7
0.8375	1.911541429986998e7
0.838	1.912724353404637e7
0.8385	1.913907287090834e7
0.839	1.9150902311674204e7
0.8395	1.916273185756677e7
0.84	1.9174561509813774e7
0.8405	1.9186391269650925e7
0.841	1.919822113831508e7
0.8415	1.9210051117046554e7
0.842	1.922188120708993e7
0.8425	1.9233711409694083e7
0.843	1.92455417261121e7
0.8435	1.925737215760131e7
0.844	1.926920270542324e7
0.8445	1.928103337084355e7
0.845	1.9292864155132066e7
0.8455	1.930469505956273e7
0.846	1.931652608541356e7
0.8465	1.9328357233966645e7
0.847	1.93401885065081e7
0.8475	1.9352019904328078e7
0.848	1.9363851428720694e7
0.8485	1.937568308098404e7
0.849	1.9387514862420138e7
0.8495	1.9399346774334926e7
0.85	1.941117881803822e7
0.8505	1.9423010994843706e7
0.851	1.94348433060689e7
0.8515	1.9446675753035136e7
0.852	1.945850833706751e7
0.8525	1.9470341059494913e7
0.853	1.9482173921662573e7
0.8535	1.949400692390671e7
0.854	1.9505840066375095e7
0.8545	1.9517673350429364e7
0.855	1.952950677744978e7
0.8555	1.9541340348832097e7
0.856	1.955317406599391e7
0.8565	1.956500793037308e7
0.857	1.9576841943408515e7
0.8575	1.9588676106556404e7
0.858	1.960051042128781e7
0.8585	1.9612344889088523e7
0.859	1.9624179511458978e7
0.8595	1.9636014289914165e7
0.86	1.964784922598351e7
0.8605	1.965968432121079e7
0.861	1.9671519577154007e7
0.8615	1.9683354995385326e7
0.862	1.969519057749093e7
0.8625	1.9707026325070955e7
0.863	1.9718862239739344e7
0.8635	1.973069832312379e7
0.864	1.97425345768656e7
0.8645	1.9754371002619606e7
0.865	1.976620760205405e7
0.8655	1.9778044376850497e7
0.866	1.9789881328703694e7
0.8665	1.980171845932152e7
0.867	1.9813555770424817e7
0.8675	1.9825393263747346e7
0.868	1.9837230941035636e7
0.8685	1.9849068804041527e7
0.869	1.986090685455232e7
0.8695	1.987274509434616e7
0.87	1.988458352496427e7
0.8705	1.9896422146602012e7
0.871	1.9908260960811913e7
0.8715	1.9920099969455853e7
0.872	1.9931939174422327e7
0.8725	1.9943778577617977e7
0.873	1.9955618180971667e7
0.8735	1.996745798643468e7
0.874	1.997929799598049e7
0.8745	1.9991138211604595e7
0.875	2.0002978635324296e7
0.8755000000000001	2.001481926917849e7
0.876	2.002666011522748e7
0.8765000000000001	2.0038501175552733e7
0.877	2.00503424522567e7
0.8775000000000001	2.0062183947462637e7
0.878	2.00740256633143e7
0.8785000000000001	2.0085867601975843e7
0.879	2.009770976563154e7
0.8795000000000001	2.0109552156485602e7
0.88	2.012139477676194e7
0.8805000000000001	2.0133237628703997e7
0.881	2.0145080714574475e7
0.8815000000000001	2.015692403665519e7
0.882	2.0168767597214434e7
0.8825000000000001	2.0180611398632742e7
0.883	2.0192455443218566e7
0.8835000000000001	2.0204299733327832e7
0.884	2.0216144271334462e7
0.8845000000000001	2.0227989059630178e7
0.885	2.0239834100624267e7
0.8855000000000001	2.025167939674338e7
0.886	2.0263524950431254e7
0.8865000000000001	2.02753707641487e7
0.887	2.0287216840313796e7
0.8875000000000001	2.02990631776536e7
0.888	2.031090977646365e7
0.8885000000000001	2.0322756639339097e7
0.889	2.033460376892053e7
0.8895000000000001	2.03464511678934e7
0.89	2.0358298838987455e7
0.8905000000000001	2.0370146784976184e7
0.891	2.0381995008676216e7
0.8915000000000001	2.0393843512946792e7
0.892	2.0405692300689116e7
0.8925000000000001	2.041754137484584e7
0.893	2.042939073840041e7
0.8935000000000001	2.044124039437655e7
0.894	2.045309034583758e7
0.8945000000000001	2.046494059588588e7
0.895	2.047679114766229e7
0.8955000000000001	2.048864200434547e7
0.896	2.0500493169151343e7
0.8965	2.0512344645332452e7
0.897	2.052419643617738e7
0.8975	2.0536048545010127e7
0.898	2.054790097518952e7
0.8985	2.055975373010858e7
0.899	2.057160681319396e7
0.8995	2.0583460227905266e7
0.9	2.0595313977734517e7
0.9005	2.0607168066205498e7
0.901	2.0619022496873185e7
0.9015	2.0630877273323108e7
0.902	2.0642732399170738e7
0.9025	2.065458787806094e7
0.903	2.066644371367187e7
0.9035	2.0678299909717467e7
0.904	2.0690156469927613e7
0.9045	2.0702013398058347e7
0.905	2.0713870697027992e7
0.9055	2.0725728365097318e7
0.906	2.0737586405173644e7
0.9065	2.0749444821218167e7
0.907	2.076130361724837e7
0.9075	2.0773162797336824e7
0.908	2.078502236560998e7
0.9085	2.0796882326247014e7
0.909	2.080874268347864e7
0.9095	2.082060344158589e7
0.91	2.0832464604898974e7
0.9105	2.084432617779605e7
0.911	2.0856188164702114e7
0.9115	2.086805057008772e7
0.912	2.0879913398467895e7
0.9125	2.0891776654400907e7
0.913	2.0903640342487138e7
0.9135	2.0915504467367902e7
0.914	2.0927369033724304e7
0.9145	2.093923404627604e7
0.915	2.0951099509780355e7
0.9155	2.096296542903081e7
0.916	2.0974831808856204e7
0.9165	2.0986698654119436e7
0.917	2.0998565969716415e7
0.9175	2.101043376057495e7
0.918	2.1022302031653643e7
0.9185	2.1034170787940715e7
0.919	2.104604003444931e7
0.9195	2.1057909776222244e7
0.92	2.1069780018330738e7
0.9205	2.108165076587153e7
0.921	2.109352202396589e7
0.9215	2.1105393797758605e7
0.922	2.1117266092416957e7
0.9225	2.1129138913129754e7
0.923	2.114101226510634e7
0.9235	2.1152886153575644e7
0.924	2.1164760580185123e7
0.9245	2.117663553288769e7
0.925	2.1188511014934916e7
0.9255	2.1200387031986885e7
0.926	2.1212263589804858e7
0.9265	2.1224140694247935e7
0.927	2.1236018351269707e7
0.9275	2.1247896566914868e7
0.928	2.1259775347315934e7
0.9285	2.1271654698689874e7
0.929	2.128353462733484e7
0.9295	2.1295415139626876e7
0.93	2.1307296242016643e7
0.9305	2.1319177941026237e7
0.931	2.1331060243245967e7
0.9315	2.134294315533121e7
0.932	2.1354826683999274e7
0.9325	2.1366710836026337e7
0.933	2.13785956182444e7
0.9335	2.1390481037538283e7
0.934	2.140236710084268e7
0.9345	2.1414253815142404e7
0.935	2.142614118747286e7
0.9355	2.1438029224901754e7
0.936	2.1449917934534643e7
0.9365	2.146180732351284e7
0.937	2.1473697399010863e7
0.9375	2.148558816823377e7
0.9380000000000001	2.14974796384147e7
0.9385	2.150937181681234e7
0.9390000000000001	2.152126471070856e7
0.9395	2.153315832740601e7
0.9400000000000001	2.1545052674225867e7
0.9405	2.1556947758505553e7
0.9410000000000001	2.1568843587596558e7
0.9415	2.1580740168862358e7
0.9420000000000001	2.1592637509676293e7
0.9425	2.1604535617419556e7
0.9430000000000001	2.161643449947931e7
0.9435	2.1628334163246695e7
0.9440000000000001	2.1640234616115086e7
0.9445	2.165213586547822e7
0.9450000000000001	2.16640379002623e7
0.9455	2.1675940676265106e7
0.9460000000000001	2.168784420347005e7
0.9465	2.1699748495246563e7
0.9470000000000001	2.17116535646546e7
0.9475	2.1723559424456324e7
0.9480000000000001	2.1735466087127063e7
0.9485	2.1747373564865857e7
0.9490000000000001	2.175928186960537e7
0.9495	2.1771191013021283e7
0.9500000000000001	2.1783101006541442e7
0.9505	2.179501186136059e7
0.9510000000000001	2.180692358843966e7
0.9515	2.18188361985121e7
0.9520000000000001	2.1830749702095218e7
0.9525	2.1842664109497234e7
0.9530000000000001	2.1854579430823997e7
0.9535	2.1866495675985467e7
0.9540000000000001	2.1878412854701847e7
0.9545	2.189033097650951e7
0.9550000000000001	2.190225005076663e7
0.9555	2.1914170086658537e7
0.9560000000000001	2.1926091093203e7
0.9565	2.1938013079255074e7
0.9570000000000001	2.1949936053511947e7
0.9575	2.196186002451745e7
0.9580000000000001	2.1973785000666477e7
0.9585	2.198571099020919e7
0.9590000000000001	2.1997638001255054e7
0.9595	2.2009566041776728e7
0.96	2.2021495119613823e7
0.9605	2.2033425242476527e7
0.961	2.204535641794898e7
0.9615	2.2057288653492693e7
0.962	2.206922195644976e7
0.9625	2.2081156334045924e7
0.963	2.2093091793393582e7
0.9635	2.210502834149467e7
0.964	2.2116965985243436e7
0.9645	2.2128904731429126e7
0.965	2.2140844586738564e7
0.9655	2.2152785557758696e7
0.966	2.2164727650977302e7
0.9665	2.217667087278125e7
0.967	2.2188615229471117e7
0.9675	2.22005607272577e7
0.968	2.2212507372263305e7
0.9685	2.222445517052373e7
0.969	2.223640412799028e7
0.9695	2.224835425053167e7
0.97	2.2260305543288607e7
0.9705	2.2272258010446534e7
0.971	2.2284211658899557e7
0.9715	2.229616649534949e7
0.972	2.23081225260807e7
0.9725	2.2320079756975874e7
0.973	2.233203819353056e7
0.9735	2.2343997840866342e7
0.974	2.2355958703742947e7
0.9745	2.236792078656921e7
0.975	2.2379884093413077e7
0.9755	2.2391848627986416e7
0.976	2.2403814391350288e7
0.9765	2.2415781385474984e7
0.977	2.2427749614280473e7
0.9775	2.24397190820494e7
0.978	2.2451689793415777e7
0.9785	2.2463661753435157e7
0.979	2.247563496996557e7
0.9795	2.248760944936638e7
0.98	2.2499585197474908e7
0.9805	2.2511562216309812e7
0.981	2.2523540511441767e7
0.9815	2.253552008665201e7
0.982	2.254750094497235e7
0.9825	2.2559483089502618e7
0.983	2.257146652328227e7
0.9835	2.2583451249343608e7
0.984	2.2595437270500552e7
0.9845	2.2607424589410253e7
0.985	2.2619413208863992e7
0.9855	2.2631403131420445e7
0.986	2.264339435914826e7
0.9865	2.2655386893885087e7
0.987	2.266738073724023e7
0.9875	2.2679375890598513e7
0.988	2.2691372355027124e7
0.9885	2.2703370131303616e7
0.989	2.2715369220199797e7
0.9895	2.2727369622315582e7
0.99	2.2739371338075273e7
0.9905	2.275137436772815e7
0.991	2.276337871134194e7
0.9915	2.277538436878863e7
0.992	2.278739133979674e7
0.9925	2.279939962392921e7
0.993	2.2811409220579486e7
0.9935	2.2823420128970798e7
0.994	2.283543218014264e7
0.9945	2.2847444698279925e7
0.995	2.2859458443360653e7
0.9955	2.287147368920777e7
0.996	2.288349051896826e7
0.9965	2.2895508947462626e7
0.997	2.2907530145847794e7
0.9975	2.2919551253251012e7
0.998	2.293158136117574e7
0.9985	2.2943606725835018e7
0.999	2.2955633288461685e7
0.9995	2.2967662580264024e7