0.	-7.9384383823419e-6
0.0005	-7.934483587680488e-6
0.001	-7.930528763670734e-6
0.0015	-7.926573910198057e-6
0.002	-7.922619027147871e-6
0.0025	-7.918664114405592e-6
0.003	-7.914709171856594e-6
0.0035	-7.910754199386277e-6
0.004	-7.90679919688002e-6
0.0045000000000000005	-7.90284416422319e-6
0.005	-7.898889089859187e-6
0.0055	-7.894933976099689e-6
0.006	-7.890978832115912e-6
0.006500000000000001	-7.887023657967101e-6
0.007	-7.883068453712507e-6
0.0075	-7.879113219411389e-6
0.008	-7.875157955123006e-6
0.0085	-7.871202660906623e-6
0.009000000000000001	-7.867247336821508e-6
0.0095	-7.863291982926937e-6
0.01	-7.85933659928219e-6
0.0105	-7.855381185946547e-6
0.011	-7.851425742979296e-6
0.0115	-7.84747027043973e-6
0.012	-7.843514768387141e-6
0.0125	-7.839559236880837e-6
0.013000000000000001	-7.835603675980122e-6
0.0135	-7.831648085744301e-6
0.014	-7.827692466232692e-6
0.0145	-7.823736817504612e-6
0.015	-7.819781139619386e-6
0.0155	-7.815825432636334e-6
0.016	-7.811869696614798e-6
0.0165	-7.807913931614109e-6
0.017	-7.80395813769361e-6
0.0175	-7.800002314912644e-6
0.018000000000000002	-7.79604646333056e-6
0.0185	-7.79209058042929e-6
0.019	-7.788134668653045e-6
0.0195	-7.784178728299176e-6
0.02	-7.780222759450697e-6
0.0205	-7.776266762190631e-6
0.021	-7.772310736602007e-6
0.021500000000000002	-7.768354682767859e-6
0.022	-7.764398600771227e-6
0.0225	-7.760442490695156e-6
0.023	-7.756486352622699e-6
0.0235	-7.752530186636911e-6
0.024	-7.748573992820858e-6
0.0245	-7.744617771257609e-6
0.025	-7.740661522030238e-6
0.025500000000000002	-7.736705245221827e-6
0.026000000000000002	-7.732748940915461e-6
0.0265	-7.728792609194237e-6
0.027	-7.72483625014125e-6
0.0275	-7.720879863839604e-6
0.028	-7.71692345037241e-6
0.0285	-7.712967009822786e-6
0.029	-7.70901054227385e-6
0.029500000000000002	-7.70505404780873e-6
0.03	-7.701097526510557e-6
0.0305	-7.697140978462471e-6
0.031	-7.693184403747618e-6
0.0315	-7.689227804698872e-6
0.032	-7.685271184502819e-6
0.0325	-7.681314537806028e-6
0.033	-7.677357864627117e-6
0.0335	-7.673401164984706e-6
0.034	-7.669444438897413e-6
0.0345	-7.665487686383864e-6
0.035	-7.661530907462678e-6
0.035500000000000004	-7.657574102152478e-6
0.036000000000000004	-7.653617270471891e-6
0.0365	-7.649660412439547e-6
0.037	-7.64570352807407e-6
0.0375	-7.64174661739409e-6
0.038	-7.637789680418236e-6
0.0385	-7.633832717165141e-6
0.039	-7.629875727653438e-6
0.0395	-7.6259187119017605e-6
0.04	-7.621961669928742e-6
0.0405	-7.618004601753024e-6
0.041	-7.614047507393239e-6
0.0415	-7.610090386868031e-6
0.042	-7.606133240196035e-6
0.0425	-7.6021760673958985e-6
0.043000000000000003	-7.598218868486259e-6
0.043500000000000004	-7.594261643485766e-6
0.044	-7.590304392413057e-6
0.0445	-7.586347115286786e-6
0.045	-7.5823898158553835e-6
0.0455	-7.578432492201352e-6
0.046	-7.57447514247116e-6
0.0465	-7.570517766636398e-6
0.047	-7.566560364668657e-6
0.0475	-7.562602936539526e-6
0.048	-7.558645482220594e-6
0.0485	-7.554688001683443e-6
0.049	-7.5507304948996585e-6
0.0495	-7.546772961840822e-6
0.05	-7.5428154024785116e-6
0.0505	-7.538857816784305e-6
0.051000000000000004	-7.5349002047297815e-6
0.051500000000000004	-7.530942566286512e-6
0.052000000000000005	-7.526984901426069e-6
0.0525	-7.523027210120023e-6
0.053	-7.519069492339942e-6
0.0535	-7.515111748057393e-6
0.054	-7.511153977243942e-6
0.0545	-7.507196179871149e-6
0.055	-7.503238355910576e-6
0.0555	-7.499280505333783e-6
0.056	-7.495322628112324e-6
0.0565	-7.491364724217756e-6
0.057	-7.487406793621633e-6
0.0575	-7.483448836295506e-6
0.058	-7.47949085055113e-6
0.0585	-7.475532808235555e-6
0.059000000000000004	-7.471574739384802e-6
0.059500000000000004	-7.467616644237194e-6
0.06	-7.463658523031072e-6
0.0605	-7.4597003760047896e-6
0.061	-7.45574220339672e-6
0.0615	-7.451784005445252e-6
0.062	-7.447825782388782e-6
0.0625	-7.443867534465735e-6
0.063	-7.439909261914537e-6
0.0635	-7.435950964973637e-6
0.064	-7.4319926438815e-6
0.0645	-7.428034298876597e-6
0.065	-7.424075930197423e-6
0.0655	-7.420117538082483e-6
0.066	-7.416159122770294e-6
0.0665	-7.412200684499389e-6
0.067	-7.408242223508318e-6
0.0675	-7.40428374003564e-6
0.068	-7.400325234319925e-6
0.0685	-7.396366706599771e-6
0.069	-7.3924081571137705e-6
0.0695	-7.388449586100542e-6
0.07	-7.384490993798712e-6
0.07050000000000001	-7.380532380446919e-6
0.07100000000000001	-7.376573746283816e-6
0.07150000000000001	-7.372615112408292e-6
0.07200000000000001	-7.368656484713232e-6
0.0725	-7.364697836343823e-6
0.073	-7.360739167135729e-6
0.0735	-7.356780476924597e-6
0.074	-7.352821765546069e-6
0.0745	-7.348863032835774e-6
0.075	-7.3449042786293356e-6
0.0755	-7.340945502762371e-6
0.076	-7.33698670507048e-6
0.0765	-7.333027885389262e-6
0.077	-7.329069043554301e-6
0.0775	-7.325110179401178e-6
0.078	-7.32115129276546e-6
0.0785	-7.317192383482704e-6
0.079	-7.313233451388462e-6
0.0795	-7.309274496318271e-6
0.08	-7.305315518107667e-6
0.0805	-7.301356516592166e-6
0.081	-7.297397491607286e-6
0.0815	-7.29343844298852e-6
0.082	-7.2894793705713624e-6
0.0825	-7.285520274191296e-6
0.083	-7.281561153683795e-6
0.0835	-7.2776020088843186e-6
0.084	-7.273642839628316e-6
0.0845	-7.269683645751235e-6
0.085	-7.265724401817518e-6
0.0855	-7.261765127902482e-6
0.08600000000000001	-7.257805829345268e-6
0.08650000000000001	-7.253846506240129e-6
0.08700000000000001	-7.24988715868133e-6
0.08750000000000001	-7.245927786763135e-6
0.088	-7.241968390579819e-6
0.0885	-7.23800897022566e-6
0.089	-7.234049525794943e-6
0.0895	-7.230090057381958e-6
0.09	-7.226130565081004e-6
0.0905	-7.2221710489863776e-6
0.091	-7.218211509192391e-6
0.0915	-7.214251945793352e-6
0.092	-7.210292358883586e-6
0.0925	-7.2063327485574135e-6
0.093	-7.202373114909166e-6
0.0935	-7.198413458033178e-6
0.094	-7.194453778023789e-6
0.0945	-7.190494074975347e-6
0.095	-7.186534348982208e-6
0.0955	-7.182574600138725e-6
0.096	-7.178614828539263e-6
0.0965	-7.1746550342781904e-6
0.097	-7.170695217449883e-6
0.0975	-7.166735378148716e-6
0.098	-7.162775521463885e-6
0.0985	-7.158815659913045e-6
0.099	-7.154855775940057e-6
0.0995	-7.150895869448811e-6
0.1	-7.146935940343203e-6
0.1005	-7.1429759885271135e-6
0.101	-7.1390160139044196e-6
0.1015	-7.135056016378995e-6
0.10200000000000001	-7.131095995854709e-6
0.10250000000000001	-7.127135952235421e-6
0.10300000000000001	-7.123175885424988e-6
0.10350000000000001	-7.119215795327262e-6
0.10400000000000001	-7.115255681846085e-6
0.1045	-7.1112955448852984e-6
0.105	-7.1073353843487355e-6
0.1055	-7.1033752001402215e-6
0.106	-7.099414992163582e-6
0.1065	-7.095454760322633e-6
0.107	-7.091494504521182e-6
0.1075	-7.087534224663039e-6
0.108	-7.083573920651997e-6
0.1085	-7.079613592391853e-6
0.109	-7.07565323978639e-6
0.1095	-7.071692862739395e-6
0.11	-7.067732461154638e-6
0.1105	-7.063772034935893e-6
0.111	-7.059811583986919e-6
0.1115	-7.055851073593063e-6
0.112	-7.051890517374261e-6
0.1125	-7.047929936902711e-6
0.113	-7.04396933255572e-6
0.1135	-7.0400087047106155e-6
0.114	-7.0360480537447476e-6
0.1145	-7.032087380035492e-6
0.115	-7.028126683960241e-6
0.1155	-7.024165965896414e-6
0.116	-7.020205226221444e-6
0.1165	-7.016244465312792e-6
0.117	-7.012283683547935e-6
0.11750000000000001	-7.008322881304375e-6
0.11800000000000001	-7.004362058959624e-6
0.11850000000000001	-7.000401216891222e-6
0.11900000000000001	-6.9964403554767224e-6
0.11950000000000001	-6.9924794750937e-6
0.12	-6.988518576119748e-6
0.1205	-6.98455765893247e-6
0.121	-6.980596723909504e-6
0.1215	-6.9766357714284865e-6
0.122	-6.972674801867081e-6
0.1225	-6.968713815602966e-6
0.123	-6.96475281301383e-6
0.1235	-6.960791794477387e-6
0.124	-6.956830760371355e-6
0.1245	-6.9528697129304625e-6
0.125	-6.948908730127688e-6
0.1255	-6.944947732183004e-6
0.126	-6.940986718783419e-6
0.1265	-6.937025689615933e-6
0.127	-6.933064644367532e-6
0.1275	-6.929103582725187e-6
0.128	-6.925142504375861e-6
0.1285	-6.9211814090065e-6
0.129	-6.917220296304039e-6
0.1295	-6.913259165955397e-6
0.13	-6.90929801764748e-6
0.1305	-6.9053368510671804e-6
0.131	-6.901375665901377e-6
0.1315	-6.89741446183693e-6
0.132	-6.8934532385606885e-6
0.1325	-6.889491995759486e-6
0.133	-6.885530733120137e-6
0.1335	-6.881569450329452e-6
0.134	-6.8776081470742035e-6
0.1345	-6.87364682304117e-6
0.135	-6.8696854779171006e-6
0.1355	-6.865724111388734e-6
0.136	-6.8617627231427865e-6
0.1365	-6.857801312865965e-6
0.137	-6.85383988024495e-6
0.1375	-6.849878424966411e-6
0.138	-6.845916921493989e-6
0.1385	-6.841955361237766e-6
0.139	-6.8379937780971815e-6
0.1395	-6.8340321722591094e-6
0.14	-6.830070543910421e-6
0.1405	-6.826108893238014e-6
0.14100000000000001	-6.822147220428787e-6
0.14150000000000001	-6.818185525669648e-6
0.14200000000000002	-6.81422380914752e-6
0.14250000000000002	-6.810262071049334e-6
0.14300000000000002	-6.806300311562032e-6
0.14350000000000002	-6.802338530872568e-6
0.14400000000000002	-6.798376729167901e-6
0.1445	-6.794414906635002e-6
0.145	-6.7904530634608555e-6
0.1455	-6.786491199832451e-6
0.146	-6.782529315936791e-6
0.1465	-6.778567411960884e-6
0.147	-6.774605488091746e-6
0.1475	-6.770643544516419e-6
0.148	-6.766681581421931e-6
0.1485	-6.762719598995335e-6
0.149	-6.758757597423688e-6
0.1495	-6.754795576894054e-6
0.15	-6.750833537593508e-6
0.1505	-6.746871479709136e-6
0.151	-6.742909403428031e-6
0.1515	-6.738947341214511e-6
0.152	-6.734985266988397e-6
0.1525	-6.731023174325653e-6
0.153	-6.727061063085838e-6
0.1535	-6.723098933128508e-6
0.154	-6.7191367843132084e-6
0.1545	-6.715174616499483e-6
0.155	-6.711212429546864e-6
0.1555	-6.707250223314881e-6
0.156	-6.703287997663052e-6
0.1565	-6.699325752450891e-6
0.157	-6.695363487537909e-6
0.1575	-6.691401202783601e-6
0.158	-6.687438898047463e-6
0.1585	-6.683476573188981e-6
0.159	-6.679514228067631e-6
0.1595	-6.675551862542887e-6
0.16	-6.671589476474216e-6
0.1605	-6.667627069721069e-6
0.161	-6.6636646421428975e-6
0.1615	-6.659702193599144e-6
0.162	-6.655739723949247e-6
0.1625	-6.651777233052631e-6
0.163	-6.647814720768713e-6
0.1635	-6.643852186956911e-6
0.164	-6.639889631476625e-6
0.1645	-6.635927049877964e-6
0.165	-6.631964433424685e-6
0.1655	-6.628001795063925e-6
0.166	-6.624039134801604e-6
0.1665	-6.620076452643644e-6
0.167	-6.61611374859596e-6
0.1675	-6.612151022664476e-6
0.168	-6.608188274855105e-6
0.1685	-6.604225505173772e-6
0.169	-6.600262713626396e-6
0.1695	-6.596299900218899e-6
0.17	-6.5923370649572e-6
0.1705	-6.58837420784722e-6
0.171	-6.584411328894883e-6
0.1715	-6.580448428106111e-6
0.17200000000000001	-6.5764855054868244e-6
0.17250000000000001	-6.572522561042948e-6
0.17300000000000001	-6.568559594780401e-6
0.17350000000000002	-6.564596606705114e-6
0.17400000000000002	-6.560633596823005e-6
0.17450000000000002	-6.556670565139999e-6
0.17500000000000002	-6.552707511662022e-6
0.17550000000000002	-6.548744436394998e-6
0.176	-6.54478133934485e-6
0.1765	-6.540818220517506e-6
0.177	-6.536855079918892e-6
0.1775	-6.532891917554934e-6
0.178	-6.528928685111615e-6
0.1785	-6.524965407088887e-6
0.179	-6.521002108344471e-6
0.1795	-6.517038789500791e-6
0.18	-6.51307545118031e-6
0.1805	-6.509112094005515e-6
0.181	-6.505148718598929e-6
0.1815	-6.5011853255831e-6
0.182	-6.497221915580604e-6
0.1825	-6.493258489214043e-6
0.183	-6.4892950471060504e-6
0.1835	-6.485331589879277e-6
0.184	-6.481368118156399e-6
0.1845	-6.477404632560119e-6
0.185	-6.473441133713159e-6
0.1855	-6.46947762223826e-6
0.186	-6.465514098758183e-6
0.1865	-6.461550563895715e-6
0.187	-6.457587018273652e-6
0.1875	-6.453623462514809e-6
0.188	-6.449659897242021e-6
0.1885	-6.445696323078135e-6
0.189	-6.44173274064601e-6
0.1895	-6.437769150568524e-6
0.19	-6.4338055534685586e-6
0.1905	-6.4298419499690144e-6
0.191	-6.425878353869119e-6
0.1915	-6.421914891736704e-6
0.192	-6.417951423666319e-6
0.1925	-6.4139879489850525e-6
0.193	-6.410024467019977e-6
0.1935	-6.406060977098152e-6
0.194	-6.4020974785466315e-6
0.1945	-6.3981339706924435e-6
0.195	-6.394170452862612e-6
0.1955	-6.390206924384132e-6
0.196	-6.386243384583992e-6
0.1965	-6.382279832789153e-6
0.197	-6.37831626832656e-6
0.1975	-6.374352690523134e-6
0.198	-6.370389098705773e-6
0.1985	-6.366425492201355e-6
0.199	-6.36246187033673e-6
0.1995	-6.35849823243872e-6
0.2	-6.354534577834128e-6
0.2005	-6.3505709058497185e-6
0.201	-6.34660721581223e-6
0.2015	-6.342643507048374e-6
0.202	-6.338679778884828e-6
0.2025	-6.334716030648233e-6
0.203	-6.3307522616651995e-6
0.20350000000000001	-6.326788471262304e-6
0.20400000000000001	-6.322824658766085e-6
0.20450000000000002	-6.318860771355954e-6
0.20500000000000002	-6.314896810355188e-6
0.20550000000000002	-6.3109328265548695e-6
0.20600000000000002	-6.3069688201544945e-6
0.20650000000000002	-6.303004791353561e-6
0.20700000000000002	-6.29904074035159e-6
0.20750000000000002	-6.2950766673481045e-6
0.20800000000000002	-6.2911125725426416e-6
0.2085	-6.28714845613475e-6
0.209	-6.283184318323991e-6
0.2095	-6.279220159309932e-6
0.21	-6.2752559792921564e-6
0.2105	-6.2712917784702515e-6
0.211	-6.2673275570438255e-6
0.2115	-6.263363315212484e-6
0.212	-6.259399053175854e-6
0.2125	-6.255434771133558e-6
0.213	-6.251470469285256e-6
0.2135	-6.247506147830588e-6
0.214	-6.243541806969224e-6
0.2145	-6.239577446900832e-6
0.215	-6.235613067825096e-6
0.2155	-6.2316486699417075e-6
0.216	-6.227684253450367e-6
0.2165	-6.223719818550782e-6
0.217	-6.21975536544268e-6
0.2175	-6.215790894325781e-6
0.218	-6.211826422627502e-6
0.2185	-6.207861934414196e-6
0.219	-6.203897428487898e-6
0.2195	-6.199932904891248e-6
0.22	-6.195968363666885e-6
0.2205	-6.192003804857453e-6
0.221	-6.188039228505599e-6
0.2215	-6.184074634653966e-6
0.222	-6.180110023345205e-6
0.2225	-6.176145394621966e-6
0.223	-6.1721807485269e-6
0.2235	-6.168216085102663e-6
0.224	-6.164251404391909e-6
0.2245	-6.160286706437301e-6
0.225	-6.1563219912814916e-6
0.2255	-6.152357258967148e-6
0.226	-6.1483925095369335e-6
0.2265	-6.144427743033509e-6
0.227	-6.140462959499545e-6
0.2275	-6.136498158977711e-6
0.228	-6.132533341510677e-6
0.2285	-6.128568507141115e-6
0.229	-6.1246036559117005e-6
0.2295	-6.120638787865111e-6
0.23	-6.116673903044023e-6
0.2305	-6.112709001491116e-6
0.231	-6.108744089513335e-6
0.2315	-6.10477917190073e-6
0.232	-6.100814237483981e-6
0.2325	-6.09684928615842e-6
0.233	-6.0928843178193726e-6
0.2335	-6.088919332362168e-6
0.234	-6.084954329682123e-6
0.23450000000000001	-6.080989309674556e-6
0.23500000000000001	-6.077024272234775e-6
0.23550000000000001	-6.07305921725809e-6
0.23600000000000002	-6.069094144639797e-6
0.23650000000000002	-6.0651290542752005e-6
0.23700000000000002	-6.061163946059588e-6
0.23750000000000002	-6.057198819888248e-6
0.23800000000000002	-6.053233675656464e-6
0.23850000000000002	-6.049268513259514e-6
0.23900000000000002	-6.0453033325926725e-6
0.23950000000000002	-6.041338133551207e-6
0.24	-6.03737291603038e-6
0.2405	-6.033407679925451e-6
0.241	-6.0294424251316775e-6
0.2415	-6.025477151544303e-6
0.242	-6.021511859058577e-6
0.2425	-6.0175465475697355e-6
0.243	-6.013581216973012e-6
0.2435	-6.009615867163636e-6
0.244	-6.005650498036834e-6
0.2445	-6.001685048131142e-6
0.245	-5.997719563176762e-6
0.2455	-5.993754059770063e-6
0.246	-5.9897885384647885e-6
0.2465	-5.985822999814713e-6
0.247	-5.981857444373636e-6
0.2475	-5.977891872695375e-6
0.248	-5.9739262853337725e-6
0.2485	-5.969960682842696e-6
0.249	-5.965995065776033e-6
0.2495	-5.962029434687685e-6
0.25	-5.958063790131583e-6
0.2505	-5.9540981326616664e-6
0.251	-5.950132462831902e-6
0.2515	-5.9461667811962715e-6
0.252	-5.942201088308765e-6
0.2525	-5.938235384723404e-6
0.253	-5.934269670994211e-6
0.2535	-5.930303947675226e-6
0.254	-5.9263382153205085e-6
0.2545	-5.922372474484121e-6
0.255	-5.918406725720145e-6
0.2555	-5.914440969582674e-6
0.256	-5.910475206625805e-6
0.2565	-5.906509437403649e-6
0.257	-5.902543662470327e-6
0.2575	-5.8985779123110424e-6
0.258	-5.894612258683271e-6
0.2585	-5.890646599635405e-6
0.259	-5.8866809346042856e-6
0.2595	-5.882715263026744e-6
0.26	-5.8787495843396005e-6
0.2605	-5.874783897979674e-6
0.261	-5.870818203383761e-6
0.2615	-5.866852499988654e-6
0.262	-5.862886787231131e-6
0.2625	-5.858921064547955e-6
0.263	-5.854955331375874e-6
0.2635	-5.85098958715163e-6
0.264	-5.847023831311936e-6
0.2645	-5.843058063293495e-6
0.265	-5.839092282532998e-6
0.2655	-5.835126488467106e-6
0.266	-5.831160680532476e-6
0.2665	-5.827194858165732e-6
0.267	-5.823229020803484e-6
0.2675	-5.819263167882316e-6
0.268	-5.815297298838797e-6
0.2685	-5.811331413109471e-6
0.269	-5.807365510130849e-6
0.2695	-5.803399589339432e-6
0.27	-5.799433650171686e-6
0.2705	-5.795467692064054e-6
0.271	-5.791501610286172e-6
0.2715	-5.7875354564853735e-6
0.272	-5.783569284273793e-6
0.2725	-5.779603094423705e-6
0.273	-5.77563688770742e-6
0.2735	-5.7716706648972786e-6
0.274	-5.7677044267656556e-6
0.2745	-5.763738174084955e-6
0.275	-5.759771907627606e-6
0.2755	-5.75580562816607e-6
0.276	-5.751839336472829e-6
0.2765	-5.747873033320392e-6
0.277	-5.743906719481287e-6
0.2775	-5.739940395728066e-6
0.278	-5.735974062833299e-6
0.2785	-5.732007721569578e-6
0.279	-5.7280413727095025e-6
0.2795	-5.724075017025693e-6
0.28	-5.720108655290782e-6
0.2805	-5.716142288277415e-6
0.281	-5.712175916758244e-6
0.28150000000000003	-5.708209541505932e-6
0.28200000000000003	-5.7042431632931525e-6
0.28250000000000003	-5.700276782892581e-6
0.28300000000000003	-5.696310401076894e-6
0.28350000000000003	-5.692344018618781e-6
0.28400000000000003	-5.6883776598895515e-6
0.28450000000000003	-5.684411507530702e-6
0.28500000000000003	-5.680445354694812e-6
0.28550000000000003	-5.676479200202746e-6
0.28600000000000003	-5.672513042875364e-6
0.28650000000000003	-5.668546881533509e-6
0.28700000000000003	-5.664580714998025e-6
0.28750000000000003	-5.66061454208973e-6
0.28800000000000003	-5.656648361629426e-6
0.2885	-5.652682172437896e-6
0.289	-5.648715973335894e-6
0.2895	-5.6447497631441435e-6
0.29	-5.640783540683336e-6
0.2905	-5.636817304774129e-6
0.291	-5.632851054237135e-6
0.2915	-5.628884787892931e-6
0.292	-5.624918504562035e-6
0.2925	-5.620952203064929e-6
0.293	-5.616985882222031e-6
0.2935	-5.613019540853701e-6
0.294	-5.6090531777802445e-6
0.2945	-5.605086791821893e-6
0.295	-5.601120381798826e-6
0.2955	-5.597153946531131e-6
0.296	-5.593187484838837e-6
0.2965	-5.589220995541885e-6
0.297	-5.585254477460138e-6
0.2975	-5.581287834427284e-6
0.298	-5.577321080763855e-6
0.2985	-5.57335429707049e-6
0.299	-5.569387483658342e-6
0.2995	-5.5654206408385995e-6
0.3	-5.5614537689224655e-6
0.3005	-5.5574868682211696e-6
0.301	-5.553519939045963e-6
0.3015	-5.549552981708121e-6
0.302	-5.545585996518934e-6
0.3025	-5.541618983789723e-6
0.303	-5.537651943831828e-6
0.3035	-5.533684876956606e-6
0.304	-5.529717783475444e-6
0.3045	-5.525750663699724e-6
0.305	-5.521783517940903e-6
0.3055	-5.517816346510408e-6
0.306	-5.513849149719706e-6
0.3065	-5.509881927880279e-6
0.307	-5.505914681303627e-6
0.3075	-5.501947410301279e-6
0.308	-5.497980115184772e-6
0.3085	-5.494012796265673e-6
0.309	-5.490045453855555e-6
0.3095	-5.4860780882660226e-6
0.31	-5.482110699808686e-6
0.3105	-5.478143288795184e-6
0.311	-5.4741758002976045e-6
0.3115	-5.470208289580028e-6
0.312	-5.466240758188359e-6
0.3125	-5.462273206911569e-6
0.313	-5.458305636538659e-6
0.3135	-5.454338047858677e-6
0.314	-5.450370441660701e-6
0.3145	-5.446402818733844e-6
0.315	-5.442435179867257e-6
0.3155	-5.43846752585012e-6
0.316	-5.434499857471641e-6
0.3165	-5.430532175521061e-6
0.317	-5.4265644807876455e-6
0.3175	-5.422596774060684e-6
0.318	-5.418629056129494e-6
0.3185	-5.414661327783409e-6
0.319	-5.410693589811791e-6
0.3195	-5.406725843004014e-6
0.32	-5.402758088149477e-6
0.3205	-5.3987903260375885e-6
0.321	-5.39482255745777e-6
0.3215	-5.390854783199465e-6
0.322	-5.386887004052117e-6
0.3225	-5.382919220805193e-6
0.323	-5.378951434248155e-6
0.3235	-5.3749836451704765e-6
0.324	-5.371015950005312e-6
0.3245	-5.367048377287667e-6
0.325	-5.363080801732069e-6
0.3255	-5.359113222256242e-6
0.326	-5.355145637777892e-6
0.3265	-5.351178047214718e-6
0.327	-5.347210449484398e-6
0.3275	-5.343242843504592e-6
0.328	-5.339275228192937e-6
0.3285	-5.335307602467046e-6
0.329	-5.3313399652444996e-6
0.3295	-5.327372315442853e-6
0.33	-5.323404651979622e-6
0.3305	-5.319436973772286e-6
0.331	-5.315469279738287e-6
0.3315	-5.311501568795025e-6
0.332	-5.307533839859848e-6
0.3325	-5.303566091850056e-6
0.333	-5.2995983236829e-6
0.3335	-5.295630534275578e-6
0.334	-5.291662722545224e-6
0.3345	-5.287694887408911e-6
0.335	-5.283727027783659e-6
0.3355	-5.279759142586404e-6
0.336	-5.275791230734029e-6
0.3365	-5.271823291143334e-6
0.337	-5.267855322731043e-6
0.3375	-5.263887005704164e-6
0.338	-5.2599186184205246e-6
0.3385	-5.2559502048471544e-6
0.339	-5.2519817669746385e-6
0.3395	-5.2480133067936785e-6
0.34	-5.24404482629509e-6
0.3405	-5.240076327469797e-6
0.341	-5.236107812308809e-6
0.3415	-5.232139282803219e-6
0.342	-5.22817074094419e-6
0.3425	-5.224202188722951e-6
0.343	-5.220233628130781e-6
0.3435	-5.216265061158995e-6
0.34400000000000003	-5.212296489798962e-6
0.34450000000000003	-5.208327916042043e-6
0.34500000000000003	-5.204359341879631e-6
0.34550000000000003	-5.200390769303116e-6
0.34600000000000003	-5.196422200303872e-6
0.34650000000000003	-5.1924536368732704e-6
0.34700000000000003	-5.188485081002643e-6
0.34750000000000003	-5.184516534683287e-6
0.34800000000000003	-5.180547999906452e-6
0.34850000000000003	-5.176579478663329e-6
0.34900000000000003	-5.172610972945041e-6
0.34950000000000003	-5.168642484742637e-6
0.35000000000000003	-5.16467401604707e-6
0.35050000000000003	-5.160705724332177e-6
0.35100000000000003	-5.1567377594405405e-6
0.35150000000000003	-5.15276981477725e-6
0.352	-5.148801888414081e-6
0.3525	-5.144833978422889e-6
0.353	-5.14086608287562e-6
0.3535	-5.136898199844283e-6
0.354	-5.132930327400948e-6
0.3545	-5.128962463617741e-6
0.355	-5.124994606566829e-6
0.3555	-5.1210267543204055e-6
0.356	-5.117058904950694e-6
0.3565	-5.11309105652993e-6
0.357	-5.1091232071303464e-6
0.3575	-5.105155354824189e-6
0.358	-5.101187497683672e-6
0.3585	-5.097219633780994e-6
0.359	-5.093251761188321e-6
0.3595	-5.089283877977777e-6
0.36	-5.085315982221428e-6
0.3605	-5.081348071991287e-6
0.361	-5.077380145359296e-6
0.3615	-5.073412200397312e-6
0.362	-5.069444235177105e-6
0.3625	-5.065476247770348e-6
0.363	-5.061508236248608e-6
0.3635	-5.057540198683328e-6
0.364	-5.053571894682518e-6
0.3645	-5.049603498525389e-6
0.365	-5.045635075142679e-6
0.3655	-5.041666625184622e-6
0.366	-5.0376981493015006e-6
0.3665	-5.033729648143636e-6
0.367	-5.029761122361394e-6
0.3675	-5.025792572605176e-6
0.368	-5.0218239995254275e-6
0.3685	-5.017855403772632e-6
0.369	-5.013886785997307e-6
0.3695	-5.009918146850009e-6
0.37	-5.005949486981307e-6
0.3705	-5.0019808070418655e-6
0.371	-4.998012107682322e-6
0.3715	-4.994043389553366e-6
0.372	-4.990074653305721e-6
0.3725	-4.9861058995901295e-6
0.373	-4.982137129057377e-6
0.3735	-4.978168342358263e-6
0.374	-4.974199540143627e-6
0.3745	-4.970230723064321e-6
0.375	-4.966261891771231e-6
0.3755	-4.962293046915262e-6
0.376	-4.958324189147339e-6
0.3765	-4.954355319118414e-6
0.377	-4.950386132936644e-6
0.3775	-4.9464159896503765e-6
0.378	-4.94244584933269e-6
0.3785	-4.938475723325277e-6
0.379	-4.9345056229694235e-6
0.3795	-4.930535559605682e-6
0.38	-4.926565544573548e-6
0.3805	-4.922595589211142e-6
0.381	-4.918625704854871e-6
0.3815	-4.91465590283913e-6
0.382	-4.91068619449595e-6
0.3825	-4.906716591154696e-6
0.383	-4.9027471041423586e-6
0.3835	-4.89877774478081e-6
0.384	-4.894808524389985e-6
0.3845	-4.890839454285318e-6
0.385	-4.886870545777955e-6
0.3855	-4.882901810174436e-6
0.386	-4.8789332587763634e-6
0.3865	-4.874964902880103e-6
0.387	-4.8709967537764345e-6
0.3875	-4.867028822750259e-6
0.388	-4.863061121080262e-6
0.3885	-4.859093660038599e-6
0.389	-4.855126450890584e-6
0.3895	-4.8511595048943566e-6
0.39	-4.847192833300582e-6
0.3905	-4.8432301607915665e-6
0.391	-4.839269345869582e-6
0.3915	-4.835308761376355e-6
0.392	-4.831348373553375e-6
0.3925	-4.82738814865886e-6
0.393	-4.823428052964879e-6
0.3935	-4.819468052754461e-6
0.394	-4.815508114318705e-6
0.3945	-4.811548203953921e-6
0.395	-4.807588287958743e-6
0.3955	-4.803628332631252e-6
0.396	-4.799668304266116e-6
0.3965	-4.795708169126356e-6
0.397	-4.791747893533856e-6
0.3975	-4.787787443738428e-6
0.398	-4.783826785992817e-6
0.3985	-4.779865886532046e-6
0.399	-4.775904711570549e-6
0.3995	-4.771943227299262e-6
0.4	-4.76798139988275e-6
0.4005	-4.764019195456283e-6
0.401	-4.760056580122954e-6
0.4015	-4.756093519950744e-6
0.402	-4.7521299809696085e-6
0.4025	-4.748165929168545e-6
0.403	-4.7442013304926435e-6
0.4035	-4.740235300523133e-6
0.404	-4.7362614604112805e-6
0.4045	-4.7322870431958155e-6
0.405	-4.72831208343203e-6
0.4055	-4.72433661572255e-6
0.406	-4.720360674714369e-6
0.40650000000000003	-4.716384295095899e-6
0.40700000000000003	-4.71240751159398e-6
0.40750000000000003	-4.708430358970912e-6
0.40800000000000003	-4.704452872021442e-6
0.40850000000000003	-4.700475085569774e-6
0.40900000000000003	-4.696497034466531e-6
0.40950000000000003	-4.6925187534913e-6
0.41000000000000003	-4.6885402777372545e-6
0.41050000000000003	-4.684561642015598e-6
0.41100000000000003	-4.680582881251663e-6
0.41150000000000003	-4.676604030381774e-6
0.41200000000000003	-4.672625124350159e-6
0.41250000000000003	-4.668646198105901e-6
0.41300000000000003	-4.664667286599849e-6
0.41350000000000003	-4.660688424781562e-6
0.41400000000000003	-4.656709647596241e-6
0.41450000000000004	-4.652730989981643e-6
0.41500000000000004	-4.648752486865033e-6
0.41550000000000004	-4.644774173160112e-6
0.41600000000000004	-4.6407960837639585e-6
0.4165	-4.636818253553966e-6
0.417	-4.632844199342473e-6
0.4175	-4.628872578131011e-6
0.418	-4.6249012414855465e-6
0.4185	-4.620930176199341e-6
0.419	-4.616959369074653e-6
0.4195	-4.612988806922314e-6
0.42	-4.609018476561273e-6
0.4205	-4.60504836481815e-6
0.421	-4.601078458526786e-6
0.4215	-4.597108744527805e-6
0.422	-4.593139209668169e-6
0.4225	-4.589169840831248e-6
0.423	-4.5852006248149205e-6
0.4235	-4.581231548511536e-6
0.424	-4.577262598789019e-6
0.4245	-4.573293762519486e-6
0.425	-4.569325026578793e-6
0.4255	-4.5653563778461275e-6
0.426	-4.561387803203543e-6
0.4265	-4.5574192895355524e-6
0.427	-4.553450823728679e-6
0.4275	-4.549482392671028e-6
0.428	-4.545513983251853e-6
0.4285	-4.541545582361124e-6
0.429	-4.5375771768890904e-6
0.4295	-4.533608753725851e-6
0.43	-4.529640154254544e-6
0.4305	-4.525669846656546e-6
0.431	-4.521699498646432e-6
0.4315	-4.517729112545454e-6
0.432	-4.513758690675084e-6
0.4325	-4.5097882353570085e-6
0.433	-4.505817748913101e-6
0.4335	-4.501847233665428e-6
0.434	-4.497876691936216e-6
0.4345	-4.493906126047852e-6
0.435	-4.4899355383228635e-6
0.4355	-4.485964931083639e-6
0.436	-4.48199430665348e-6
0.4365	-4.4780236673550065e-6
0.437	-4.474053015511175e-6
0.4375	-4.4700823534450155e-6
0.438	-4.466111683479626e-6
0.4385	-4.462141007938138e-6
0.439	-4.45817032914373e-6
0.4395	-4.454199649419586e-6
0.44	-4.4502289710889015e-6
0.4405	-4.446258296474865e-6
0.441	-4.4422876279006424e-6
0.4415	-4.438316967689364e-6
0.442	-4.4343463181641115e-6
0.4425	-4.4303756816479e-6
0.443	-4.426405060463676e-6
0.4435	-4.422434695636901e-6
0.444	-4.418464545542825e-6
0.4445	-4.414494411994629e-6
0.445	-4.410524293602107e-6
0.4455	-4.406554188975104e-6
0.446	-4.402584096723511e-6
0.4465	-4.398614015457264e-6
0.447	-4.394643943786336e-6
0.4475	-4.390673880320736e-6
0.448	-4.386703823670501e-6
0.4485	-4.382733772445689e-6
0.449	-4.378763725256382e-6
0.4495	-4.374793680712669e-6
0.45	-4.3708236374246555e-6
0.4505	-4.366853594002445e-6
0.451	-4.362883549056149e-6
0.4515	-4.358913501195863e-6
0.452	-4.35494344903168e-6
0.4525	-4.35097339117368e-6
0.453	-4.3470033262319156e-6
0.4535	-4.343033252816418e-6
0.454	-4.339063169537186e-6
0.4545	-4.33509307500419e-6
0.455	-4.33112296782736e-6
0.4555	-4.3271528466165715e-6
0.456	-4.323182709981664e-6
0.4565	-4.319212553669122e-6
0.457	-4.315242157234369e-6
0.4575	-4.311271743144316e-6
0.458	-4.3073013119269814e-6
0.4585	-4.303330864110417e-6
0.459	-4.29936040022269e-6
0.4595	-4.295389920791892e-6
0.46	-4.291419426346138e-6
0.4605	-4.2874489174135555e-6
0.461	-4.283478394522301e-6
0.4615	-4.2795078582005365e-6
0.462	-4.275537308976453e-6
0.4625	-4.271566747378258e-6
0.463	-4.267596173934173e-6
0.4635	-4.2636255891724336e-6
0.464	-4.259654993621291e-6
0.4645	-4.25568438780901e-6
0.465	-4.251713772263872e-6
0.4655	-4.2477431475141735e-6
0.466	-4.243772514088214e-6
0.4665	-4.239801872514313e-6
0.467	-4.2358312233208015e-6
0.4675	-4.2318605670360115e-6
0.468	-4.227889904188294e-6
0.4685	-4.2239192353060016e-6
0.46900000000000003	-4.2199485609175e-6
0.46950000000000003	-4.215977881551163e-6
0.47000000000000003	-4.212007252693868e-6
0.47050000000000003	-4.208036678859299e-6
0.47100000000000003	-4.2040661001886075e-6
0.47150000000000003	-4.200095516234979e-6
0.47200000000000003	-4.196124926551592e-6
0.47250000000000003	-4.1921543306916155e-6
0.47300000000000003	-4.188183728208218e-6
0.47350000000000003	-4.184213118654555e-6
0.47400000000000003	-4.180242501583774e-6
0.47450000000000003	-4.176271876549018e-6
0.47500000000000003	-4.172301243103421e-6
0.47550000000000003	-4.168330600800102e-6
0.47600000000000003	-4.164359949192174e-6
0.47650000000000003	-4.160389287832741e-6
0.47700000000000004	-4.156418616274894e-6
0.47750000000000004	-4.15244793407171e-6
0.47800000000000004	-4.14847724077626e-6
0.47850000000000004	-4.144506535941596e-6
0.47900000000000004	-4.140535819120762e-6
0.47950000000000004	-4.136565089866784e-6
0.48	-4.132594347732683e-6
0.4805	-4.128623592271455e-6
0.481	-4.124652823036083e-6
0.4815	-4.120682039579539e-6
0.482	-4.116711241454778e-6
0.4825	-4.1127404282147365e-6
0.483	-4.108769599412331e-6
0.4835	-4.104798653795494e-6
0.484	-4.1008276871629166e-6
0.4845	-4.096856705392449e-6
0.485	-4.092885708943639e-6
0.4855	-4.08891469827605e-6
0.486	-4.084943673849267e-6
0.4865	-4.080972636122886e-6
0.487	-4.077001585556518e-6
0.4875	-4.073030522609788e-6
0.488	-4.069059447742342e-6
0.4885	-4.065088361413832e-6
0.489	-4.061117264083933e-6
0.4895	-4.057146156212323e-6
0.49	-4.053175038258691e-6
0.4905	-4.049203910682753e-6
0.491	-4.045232773944218e-6
0.4915	-4.041261628502813e-6
0.492	-4.0372904748182764e-6
0.4925	-4.033319313350359e-6
0.493	-4.029348144558812e-6
0.4935	-4.025376968903401e-6
0.494	-4.0214057868438995e-6
0.4945	-4.017434598840086e-6
0.495	-4.0134634053517464e-6
0.4955	-4.0094922068386755e-6
0.496	-4.005521003760671e-6
0.4965	-4.001549825226692e-6
0.497	-3.99757868228742e-6
0.4975	-3.993607535337381e-6
0.498	-3.989636384255254e-6
0.4985	-3.985665228919715e-6
0.499	-3.98169406920944e-6
0.4995	-3.977722905003108e-6
0.5	-3.973751736179387e-6
0.5005000000000001	-3.969780562616956e-6
0.501	-3.965809384194482e-6
0.5015000000000001	-3.961838200790633e-6
0.502	-3.957867012284082e-6
0.5025000000000001	-3.9538958185534905e-6
0.503	-3.949924619477527e-6
0.5035000000000001	-3.9459534149348506e-6
0.504	-3.9419822048041264e-6
0.5045000000000001	-3.938010988964012e-6
0.505	-3.9340397672931665e-6
0.5055000000000001	-3.930068539670246e-6
0.506	-3.9260973059739035e-6
0.5065000000000001	-3.9221260660827945e-6
0.507	-3.918154819875566e-6
0.5075000000000001	-3.9141835672308715e-6
0.508	-3.910212308027353e-6
0.5085000000000001	-3.906241042143657e-6
0.509	-3.902269769458426e-6
0.5095000000000001	-3.8982984898503e-6
0.51	-3.894327202133251e-6
0.5105000000000001	-3.890355907131269e-6
0.511	-3.886384604861565e-6
0.5115000000000001	-3.882413295212958e-6
0.512	-3.878441978074259e-6
0.5125	-3.874470653334277e-6
0.513	-3.87049932088182e-6
0.5135	-3.866527980605701e-6
0.514	-3.862556632394718e-6
0.5145	-3.8585852761376735e-6
0.515	-3.85461391172337e-6
0.5155	-3.850642539040605e-6
0.516	-3.846671157978172e-6
0.5165	-3.842699768424866e-6
0.517	-3.838728370269474e-6
0.5175	-3.83475696340079e-6
0.518	-3.8307855477075935e-6
0.5185	-3.826814123078672e-6
0.519	-3.822842689402804e-6
0.5195	-3.81887124656877e-6
0.52	-3.814899794465343e-6
0.5205	-3.8109283329812983e-6
0.521	-3.8069568620054046e-6
0.5215	-3.8029853814264308e-6
0.522	-3.799013891133141e-6
0.5225	-3.7950423910143003e-6
0.523	-3.7910708750232374e-6
0.5235	-3.787099338748126e-6
0.524	-3.7831277925026245e-6
0.5245	-3.779156236313879e-6
0.525	-3.7751846702090392e-6
0.5255	-3.7712130942152517e-6
0.526	-3.7672415083596645e-6
0.5265	-3.7632699126694285e-6
0.527	-3.7592983071716936e-6
0.5275	-3.755326691893613e-6
0.528	-3.751355066862332e-6
0.5285	-3.747383432105009e-6
0.529	-3.7434117876487947e-6
0.5295	-3.739440133520843e-6
0.53	-3.7354684697483053e-6
0.5305	-3.7314967963583394e-6
0.531	-3.7275251133781014e-6
0.5315	-3.7235534208347453e-6
0.532	-3.71958171875543e-6
0.5325	-3.7156100071673115e-6
0.533	-3.7116382860975476e-6
0.5335	-3.7076665555732977e-6
0.534	-3.703694815621721e-6
0.5345	-3.6997230662699786e-6
0.535	-3.6957513075452316e-6
0.5355	-3.6917795394746383e-6
0.536	-3.6878077620853657e-6
0.5365	-3.6838359595372945e-6
0.537	-3.679864144854767e-6
0.5375	-3.675892321231475e-6
0.538	-3.6719204888556894e-6
0.5385	-3.6679486479156816e-6
0.539	-3.6639767985997284e-6
0.5395	-3.660004941096108e-6
0.54	-3.6560330755931035e-6
0.5405	-3.652061202279006e-6
0.541	-3.648089321342105e-6
0.5415	-3.644117432970696e-6
0.542	-3.6401455373530772e-6
0.5425	-3.6361736346775487e-6
0.543	-3.6322017251324187e-6
0.5435	-3.628229808905996e-6
0.544	-3.6242578861865904e-6
0.5445	-3.6202859571625165e-6
0.545	-3.6163140220220926e-6
0.5455	-3.6123420809536383e-6
0.546	-3.608370134145481e-6
0.5465	-3.604398181785943e-6
0.547	-3.600426224063354e-6
0.5475	-3.5964542611660487e-6
0.548	-3.592482293282354e-6
0.5485	-3.588510320600612e-6
0.549	-3.5845383433091607e-6
0.5495	-3.580566371009229e-6
0.55	-3.5765944146093746e-6
0.5505	-3.5726224538318197e-6
0.551	-3.5686504886120865e-6
0.5515	-3.5646785188857006e-6
0.552	-3.56070654458818e-6
0.5525	-3.556734565655056e-6
0.553	-3.5527625820218425e-6
0.5535	-3.5487905936240633e-6
0.554	-3.5448186003972424e-6
0.5545	-3.540846602276894e-6
0.555	-3.5368745991985414e-6
0.5555	-3.532902591097696e-6
0.556	-3.5289305779098803e-6
0.5565	-3.524958559570611e-6
0.557	-3.5209865360154e-6
0.5575	-3.517014507179764e-6
0.558	-3.5130424729992193e-6
0.5585	-3.509070433409274e-6
0.559	-3.5050983883454393e-6
0.5595	-3.5011263377432324e-6
0.56	-3.497154281538157e-6
0.5605	-3.4931822196657262e-6
0.561	-3.489210152061449e-6
0.5615	-3.48523807866083e-6
0.562	-3.4812659993993786e-6
0.5625	-3.4772939142125984e-6
0.5630000000000001	-3.473321814309237e-6
0.5635	-3.469349706175163e-6
0.5640000000000001	-3.4653775920904334e-6
0.5645	-3.4614054720842577e-6
0.5650000000000001	-3.4574333461858456e-6
0.5655	-3.453461214424407e-6
0.5660000000000001	-3.449489076829152e-6
0.5665	-3.445516933429294e-6
0.5670000000000001	-3.4415447842540407e-6
0.5675	-3.437572629332608e-6
0.5680000000000001	-3.4336004686942054e-6
0.5685	-3.429628302368051e-6
0.5690000000000001	-3.425656130383352e-6
0.5695	-3.4216839527693253e-6
0.5700000000000001	-3.4177117695551824e-6
0.5705	-3.4137395807701414e-6
0.5710000000000001	-3.4097673864434167e-6
0.5715	-3.405795186604221e-6
0.5720000000000001	-3.401822981281771e-6
0.5725	-3.397850770505287e-6
0.5730000000000001	-3.3938785543039783e-6
0.5735	-3.3899063327070676e-6
0.5740000000000001	-3.385934105743768e-6
0.5745	-3.3819618734433032e-6
0.5750000000000001	-3.377989635834886e-6
0.5755	-3.374017392947738e-6
0.5760000000000001	-3.3700451442180125e-6
0.5765	-3.366072888699872e-6
0.577	-3.362100628014199e-6
0.5775	-3.3581283622087024e-6
0.578	-3.3541560913310955e-6
0.5785	-3.3501838154290844e-6
0.579	-3.346211534550388e-6
0.5795	-3.3422392487427145e-6
0.58	-3.338266958053781e-6
0.5805	-3.3342946625312945e-6
0.581	-3.33032236222298e-6
0.5815	-3.32635005717654e-6
0.582	-3.3223777474397e-6
0.5825	-3.3184054330601724e-6
0.583	-3.3144331140856728e-6
0.5835	-3.31046079056392e-6
0.584	-3.3064884625426325e-6
0.5845	-3.302516130069527e-6
0.585	-3.298543793192324e-6
0.5855	-3.294571451958741e-6
0.586	-3.2905991064164995e-6
0.5865	-3.2866267566133167e-6
0.587	-3.282654402596919e-6
0.5875	-3.278682044415022e-6
0.588	-3.2747096821153544e-6
0.5885	-3.2707373157456323e-6
0.589	-3.2667649453535816e-6
0.5895	-3.2627925956157543e-6
0.59	-3.258820249820075e-6
0.5905	-3.254847899655856e-6
0.591	-3.250875544780513e-6
0.5915	-3.2469031852958608e-6
0.592	-3.2429308206371076e-6
0.5925	-3.2389584506838598e-6
0.593	-3.234986075204627e-6
0.5935	-3.2310136939679076e-6
0.594	-3.2270413067421985e-6
0.5945	-3.2230689132959943e-6
0.595	-3.2190965133977906e-6
0.5955	-3.2151241068160683e-6
0.596	-3.2111516933193118e-6
0.5965	-3.207179272676002e-6
0.597	-3.2032068446546162e-6
0.5975	-3.19923440902362e-6
0.598	-3.1952619655514813e-6
0.5985	-3.191289514006664e-6
0.599	-3.1873170541576237e-6
0.5995	-3.18334458577281e-6
0.6	-3.179372108620673e-6
0.6005	-3.1753996224696567e-6
0.601	-3.171427127088193e-6
0.6015	-3.167454622244715e-6
0.602	-3.1634821077076523e-6
0.6025	-3.159509573890198e-6
0.603	-3.1555369992749615e-6
0.6035	-3.1515644146930423e-6
0.604	-3.147591820255002e-6
0.6045	-3.1436192160713957e-6
0.605	-3.1396466022527917e-6
0.6055	-3.1356739789097504e-6
0.606	-3.131701346152847e-6
0.6065	-3.1277287040926447e-6
0.607	-3.1237560528397238e-6
0.6075	-3.1197833925046572e-6
0.608	-3.115810723198024e-6
0.6085	-3.111838045030404e-6
0.609	-3.107865358112386e-6
0.6095	-3.10389266255455e-6
0.61	-3.0999199584674884e-6
0.6105	-3.0959472459617877e-6
0.611	-3.0919745251480483e-6
0.6115	-3.088001796136861e-6
0.612	-3.084029059038822e-6
0.6125	-3.080056313964535e-6
0.613	-3.076083561024602e-6
0.6135	-3.0721108003296254e-6
0.614	-3.068138031990213e-6
0.6145	-3.064165256116976e-6
0.615	-3.0601924728205197e-6
0.6155	-3.05621968221146e-6
0.616	-3.0522468792595674e-6
0.6165	-3.0482740672124652e-6
0.617	-3.044301248289845e-6
0.6175	-3.040328422663704e-6
0.618	-3.0363555905060432e-6
0.6185	-3.032382751988862e-6
0.619	-3.0284099072841704e-6
0.6195	-3.0244370565639723e-6
0.62	-3.020464200000281e-6
0.6205	-3.016491337765104e-6
0.621	-3.0125184700304642e-6
0.6215	-3.008545596968376e-6
0.622	-3.0045727187508608e-6
0.6225	-3.000599835549936e-6
0.623	-2.996626947537635e-6
0.6235	-2.992654054885977e-6
0.624	-2.9886811577669964e-6
0.6245	-2.98470825635272e-6
0.625	-2.9807353508151805e-6
0.6255000000000001	-2.9767624413264127e-6
0.626	-2.972789528058455e-6
0.6265000000000001	-2.96881661118334e-6
0.627	-2.9648436908731142e-6
0.6275000000000001	-2.960870767299812e-6
0.628	-2.956897840635476e-6
0.6285000000000001	-2.9529249110521522e-6
0.629	-2.9489519876440225e-6
0.6295000000000001	-2.9449790975787175e-6
0.63	-2.9410062046509443e-6
0.6305000000000001	-2.937033308649178e-6
0.631	-2.933060409361896e-6
0.6315000000000001	-2.9290875065775755e-6
0.632	-2.925114600084686e-6
0.6325000000000001	-2.921141689671698e-6
0.633	-2.9171687751270843e-6
0.6335000000000001	-2.913195856239308e-6
0.634	-2.9092229327968346e-6
0.6345000000000001	-2.9052500045881236e-6
0.635	-2.9012770714016376e-6
0.6355000000000001	-2.897304133025832e-6
0.636	-2.893331189249162e-6
0.6365000000000001	-2.8893582398600756e-6
0.637	-2.8853852846470213e-6
0.6375000000000001	-2.8814123233984464e-6
0.638	-2.877439355902792e-6
0.6385000000000001	-2.873466381948493e-6
0.639	-2.869493401323991e-6
0.6395000000000001	-2.8655204138177105e-6
0.64	-2.861547419218085e-6
0.6405	-2.8575744173135333e-6
0.641	-2.8536014078924794e-6
0.6415	-2.849628390743335e-6
0.642	-2.845655365654515e-6
0.6425	-2.8416823032267762e-6
0.643	-2.83770921908131e-6
0.6435	-2.8337361269757316e-6
0.644	-2.8297630270638098e-6
0.6445	-2.8257899194993196e-6
0.645	-2.8218168044360363e-6
0.6455	-2.8178436820277384e-6
0.646	-2.813870552428205e-6
0.6465	-2.8098974157912283e-6
0.647	-2.805924272270587e-6
0.6475	-2.8019511220200763e-6
0.648	-2.7979779651934866e-6
0.6485	-2.7940048019446177e-6
0.649	-2.7900316324272578e-6
0.6495	-2.786058456795216e-6
0.65	-2.7820852752022906e-6
0.6505	-2.7781120878022864e-6
0.651	-2.7741388947490106e-6
0.6515	-2.7701656961962726e-6
0.652	-2.7661924922978834e-6
0.6525	-2.7622192832076575e-6
0.653	-2.758246069079409e-6
0.6535	-2.754272850066956e-6
0.654	-2.7502996263241174e-6
0.6545	-2.746326398004714e-6
0.655	-2.742353165262566e-6
0.6555	-2.738379931173097e-6
0.656	-2.7344067074658896e-6
0.6565	-2.7304334796235324e-6
0.657	-2.7264602476508525e-6
0.6575	-2.722487011552672e-6
0.658	-2.718513771333816e-6
0.6585	-2.7145405269991125e-6
0.659	-2.7105672785533806e-6
0.6595	-2.7065940260014516e-6
0.66	-2.7026207693481424e-6
0.6605	-2.698647508598284e-6
0.661	-2.6946742437567008e-6
0.6615	-2.690700974828212e-6
0.662	-2.6867277018176503e-6
0.6625	-2.6827544247298364e-6
0.663	-2.6787811435695957e-6
0.6635	-2.6748078583417555e-6
0.664	-2.6708345690511378e-6
0.6645	-2.6668612757025703e-6
0.665	-2.6628879783008747e-6
0.6655	-2.6589146768508814e-6
0.666	-2.6549413713574128e-6
0.6665	-2.6509680618252974e-6
0.667	-2.6469947482593537e-6
0.6675	-2.6430214306644134e-6
0.668	-2.639048109045304e-6
0.6685	-2.6350747834068436e-6
0.669	-2.6311014644189204e-6
0.6695	-2.627128146994124e-6
0.67	-2.623154825333991e-6
0.6705	-2.6191814993039156e-6
0.671	-2.6152081712474794e-6
0.6715	-2.6112348335954965e-6
0.672	-2.6072614936479264e-6
0.6725	-2.60328814879197e-6
0.673	-2.599314798893004e-6
0.6735	-2.595341443816415e-6
0.674	-2.5913680834275804e-6
0.6745	-2.587394717591884e-6
0.675	-2.583421346174698e-6
0.6755	-2.5794479690414026e-6
0.676	-2.5754745860573633e-6
0.6765	-2.571501197087959e-6
0.677	-2.5675278019985535e-6
0.6775	-2.563554400654515e-6
0.678	-2.5595809929212094e-6
0.6785	-2.555607578664e-6
0.679	-2.5516341577482456e-6
0.6795	-2.5476607300393055e-6
0.68	-2.543687295402534e-6
0.6805	-2.539713853703289e-6
0.681	-2.535740404806918e-6
0.6815	-2.53176694857877e-6
0.682	-2.5277934786878556e-6
0.6825	-2.5238199631714822e-6
0.683	-2.519846440350261e-6
0.6835	-2.5158729104678003e-6
0.684	-2.5118993737677098e-6
0.6845	-2.507925830493602e-6
0.685	-2.503952280889093e-6
0.6855	-2.4999787251978097e-6
0.686	-2.4960051636633713e-6
0.6865	-2.492031596529411e-6
0.687	-2.488058024039561e-6
0.6875	-2.484084446437456e-6
0.6880000000000001	-2.4801108639667334e-6
0.6885	-2.4761372768710396e-6
0.6890000000000001	-2.4721636853940127e-6
0.6895	-2.468190089779308e-6
0.6900000000000001	-2.4642164902705685e-6
0.6905	-2.4602428871114513e-6
0.6910000000000001	-2.4562692805456095e-6
0.6915	-2.4522956708167e-6
0.6920000000000001	-2.4483220581683767e-6
0.6925	-2.4443484428443095e-6
0.6930000000000001	-2.440374825088153e-6
0.6935	-2.4364012051435726e-6
0.6940000000000001	-2.4324275832542323e-6
0.6945	-2.4284539596638033e-6
0.6950000000000001	-2.4244803346159427e-6
0.6955	-2.420506720164237e-6
0.6960000000000001	-2.416533111646742e-6
0.6965	-2.4125595021412875e-6
0.6970000000000001	-2.408585891730859e-6
0.6975	-2.404612280498446e-6
0.6980000000000001	-2.4006386685270303e-6
0.6985	-2.3966650558996e-6
0.6990000000000001	-2.3926914426991453e-6
0.6995	-2.3887178290086477e-6
0.7000000000000001	-2.384744214911093e-6
0.7005	-2.3807706004894756e-6
0.7010000000000001	-2.3767969858267764e-6
0.7015	-2.3728233710059874e-6
0.7020000000000001	-2.368849756110089e-6
0.7025	-2.364876144566315e-6
0.7030000000000001	-2.36090252847249e-6
0.7035	-2.3569289125614123e-6
0.704	-2.352955296916046e-6
0.7045	-2.3489816816193545e-6
0.705	-2.3450080667543043e-6
0.7055	-2.341034456706753e-6
0.706	-2.337060844197542e-6
0.7065	-2.333087232360103e-6
0.707	-2.3291136212774325e-6
0.7075	-2.3251400110325074e-6
0.708	-2.3211664017083198e-6
0.7085	-2.3171928010473907e-6
0.709	-2.313219259770125e-6
0.7095	-2.3092457190329993e-6
0.71	-2.305272178354885e-6
0.7105	-2.301298637254655e-6
0.711	-2.297325095251175e-6
0.7115	-2.2933515538691844e-6
0.712	-2.2893780066099515e-6
0.7125	-2.28540445900994e-6
0.713	-2.2814309085821477e-6
0.7135	-2.2774573548454264e-6
0.714	-2.2734837973186435e-6
0.7145	-2.26951023552064e-6
0.715	-2.265536668970264e-6
0.7155	-2.2615630971863552e-6
0.716	-2.2575895196877454e-6
0.7165	-2.2536159359932645e-6
0.717	-2.249642345621729e-6
0.7175	-2.2456687480919506e-6
0.718	-2.2416951429227285e-6
0.7185	-2.237721529632859e-6
0.719	-2.233747907741122e-6
0.7195	-2.229774276766293e-6
0.72	-2.2258006362271324e-6
0.7205	-2.2218269856423885e-6
0.721	-2.2178533245308047e-6
0.7215	-2.213879652411098e-6
0.722	-2.20990576399248e-6
0.7225	-2.2059317309456797e-6
0.723	-2.2019576900910784e-6
0.7235	-2.197983643844962e-6
0.724	-2.1940095946236597e-6
0.7245	-2.190035544843511e-6
0.725	-2.1860614969208648e-6
0.7255	-2.182087453272051e-6
0.726	-2.1781134163133818e-6
0.7265	-2.174139388461126e-6
0.727	-2.1701653721314914e-6
0.7275	-2.166191369740624e-6
0.728	-2.162217383704582e-6
0.7285	-2.1582434164393216e-6
0.729	-2.1542694703606894e-6
0.7295	-2.150295547884396e-6
0.73	-2.1463216514260194e-6
0.7305	-2.142347783400967e-6
0.731	-2.138373946224486e-6
0.7315	-2.134400142311624e-6
0.732	-2.130426374077239e-6
0.7325	-2.126452643935957e-6
0.733	-2.122478954302187e-6
0.7335	-2.118505307590082e-6
0.734	-2.1145317062135436e-6
0.7345	-2.1105581525861836e-6
0.735	-2.106584741851288e-6
0.7355	-2.102612277108016e-6
0.736	-2.0986398580940144e-6
0.7365	-2.094667478793818e-6
0.737	-2.0906951331925676e-6
0.7375	-2.0867228152759296e-6
0.738	-2.0827505190299278e-6
0.7385	-2.0787782384409755e-6
0.739	-2.0748059674957076e-6
0.7395	-2.070833700180898e-6
0.74	-2.0668614304833764e-6
0.7405	-2.062889152389944e-6
0.741	-2.0589168598872663e-6
0.7415	-2.054944546961793e-6
0.742	-2.05097220759967e-6
0.7425	-2.0469998357866365e-6
0.743	-2.04302742550794e-6
0.7435	-2.0390549707482503e-6
0.744	-2.0350824654915646e-6
0.7445	-2.031109903721108e-6
0.745	-2.0271372794192566e-6
0.7455	-2.0231645865674316e-6
0.746	-2.0191918191460316e-6
0.7465	-2.015218971134306e-6
0.747	-2.0112460365102955e-6
0.7475	-2.007273009250728e-6
0.748	-2.003299883330923e-6
0.7485	-1.9993258409456583e-6
0.749	-1.995351093584607e-6
0.7495	-1.9913762483706357e-6
0.75	-1.987401311346356e-6
0.7505000000000001	-1.983426288555768e-6
0.751	-1.979451186044009e-6
0.7515000000000001	-1.9754760098579216e-6
0.752	-1.9715007660450153e-6
0.7525000000000001	-1.9675254606539694e-6
0.753	-1.9635500997343954e-6
0.7535000000000001	-1.959574689336751e-6
0.754	-1.955599235512254e-6
0.7545000000000001	-1.9516237443127756e-6
0.755	-1.9476482217907583e-6
0.7555000000000001	-1.943672673999122e-6
0.756	-1.939697106991174e-6
0.7565000000000001	-1.9357215268205076e-6
0.757	-1.9317459395409237e-6
0.7575000000000001	-1.927770351206325e-6
0.758	-1.923794767870637e-6
0.7585000000000001	-1.919819195587704e-6
0.759	-1.915843640411203e-6
0.7595000000000001	-1.9118681083945524e-6
0.76	-1.9078926055908145e-6
0.7605000000000001	-1.9039171380526107e-6
0.761	-1.899941711832023e-6
0.7615000000000001	-1.895966404917566e-6
0.762	-1.8919920455453576e-6
0.7625000000000001	-1.8880177367218573e-6
0.763	-1.8840434762294528e-6
0.7635000000000001	-1.880069261850802e-6
0.764	-1.8760950913688515e-6
0.7645000000000001	-1.8721209625666945e-6
0.765	-1.868146873227754e-6
0.7655000000000001	-1.864172821135632e-6
0.766	-1.8601988040741517e-6
0.7665000000000001	-1.8562248198273187e-6
0.767	-1.8522508661793346e-6
0.7675000000000001	-1.848276940914561e-6
0.768	-1.8443030418175272e-6
0.7685	-1.8403291666728973e-6
0.769	-1.8363553132654784e-6
0.7695	-1.8323814793801946e-6
0.77	-1.8284076628020796e-6
0.7705	-1.8244338613162643e-6
0.771	-1.8204600727079603e-6
0.7715	-1.8164862947624537e-6
0.772	-1.8125125252650906e-6
0.7725	-1.8085387620012669e-6
0.773	-1.8045650027564048e-6
0.7735	-1.8005912453159559e-6
0.774	-1.796617487465379e-6
0.7745	-1.7926437269901313e-6
0.775	-1.7886697938981674e-6
0.7755	-1.7846957258291522e-6
0.776	-1.7807216524608267e-6
0.7765	-1.7767475741160885e-6
0.777	-1.7727734911178338e-6
0.7775	-1.7687994037889667e-6
0.778	-1.7648253124523903e-6
0.7785	-1.7608512174310145e-6
0.779	-1.7568771190477474e-6
0.7795	-1.7529030176255089e-6
0.78	-1.7489289134872096e-6
0.7805	-1.744954806955773e-6
0.781	-1.740980698354114e-6
0.7815	-1.737006588005164e-6
0.782	-1.7330324762318378e-6
0.7825	-1.729058363357064e-6
0.783	-1.7250842497037695e-6
0.7835	-1.7211101355948794e-6
0.784	-1.7171360213533196e-6
0.7845	-1.713161910071523e-6
0.785	-1.7091877939387763e-6
0.7855	-1.7052136786666412e-6
0.786	-1.7012395695189385e-6
0.7865	-1.6972654594579373e-6
0.787	-1.6932913512018207e-6
0.7875	-1.6893172450735128e-6
0.788	-1.6853431456551926e-6
0.7885	-1.6813691205531541e-6
0.789	-1.6773950978628533e-6
0.7895	-1.6734210772589088e-6
0.79	-1.6694470584159352e-6
0.7905	-1.665473041008557e-6
0.791	-1.6614990247113922e-6
0.7915	-1.6575250091990646e-6
0.792	-1.6535509941461964e-6
0.7925	-1.6495769792274121e-6
0.793	-1.6456029618006755e-6
0.7935	-1.641628948580728e-6
0.794	-1.6376549344949843e-6
0.7945	-1.6336809143855636e-6
0.795	-1.6297068952565338e-6
0.7955	-1.625732874309324e-6
0.796	-1.6217588512185438e-6
0.7965	-1.6177848256588168e-6
0.797	-1.6138107973047534e-6
0.7975	-1.6098367658309678e-6
0.798	-1.6058627309120678e-6
0.7985	-1.6018886922226654e-6
0.799	-1.597914649437359e-6
0.7995	-1.5939406022307515e-6
0.8	-1.5899665502774387e-6
0.8005	-1.585992493252014e-6
0.801	-1.5820184308290672e-6
0.8015	-1.5780435639816275e-6
0.802	-1.574068036382525e-6
0.8025	-1.5700925217184822e-6
0.803	-1.5661170321492829e-6
0.8035	-1.5621415798340155e-6
0.804	-1.5581661769304787e-6
0.8045	-1.5541908355950777e-6
0.805	-1.5502155679822995e-6
0.8055	-1.5462403862443829e-6
0.806	-1.5422653025309348e-6
0.8065	-1.5382903289885694e-6
0.807	-1.5343154777605303e-6
0.8075	-1.5303407609863299e-6
0.808	-1.5263661908013623e-6
0.8085	-1.522391779336556e-6
0.809	-1.5184175387179826e-6
0.8095	-1.514443481066505e-6
0.81	-1.5104696184973882e-6
0.8105	-1.5064959631199595e-6
0.811	-1.5025225270372179e-6
0.8115	-1.498549322345479e-6
0.812	-1.494576361133995e-6
0.8125	-1.490603655484612e-6
0.8130000000000001	-1.4866312174713765e-6
0.8135	-1.4826590591601947e-6
0.8140000000000001	-1.4786871926084556e-6
0.8145	-1.4747158450538544e-6
0.8150000000000001	-1.4707501136389036e-6
0.8155	-1.4667846599974366e-6
0.8160000000000001	-1.4628194492218825e-6
0.8165	-1.4588544464291186e-6
0.8170000000000001	-1.4548896167455822e-6
0.8175	-1.4509249253205715e-6
0.8180000000000001	-1.4469603373133042e-6
0.8185	-1.4429958178920868e-6
0.8190000000000001	-1.4390313322312426e-6
0.8195	-1.4350668455080664e-6
0.8200000000000001	-1.4311023228997602e-6
0.8205	-1.427137729580372e-6
0.8210000000000001	-1.4231730307177382e-6
0.8215	-1.4192081914704227e-6
0.8220000000000001	-1.4152431769846486e-6
0.8225	-1.4112779523912466e-6
0.8230000000000001	-1.4073124828025623e-6
0.8235	-1.4033467333094027e-6
0.8240000000000001	-1.3993806689779398e-6
0.8245	-1.3954142548466379e-6
0.8250000000000001	-1.3914474559231444e-6
0.8255	-1.3874802371812139e-6
0.8260000000000001	-1.3835125635575684e-6
0.8265	-1.3795443999488024e-6
0.8270000000000001	-1.3755757112082484e-6
0.8275	-1.3716064621428357e-6
0.8280000000000001	-1.3676326821587569e-6
0.8285	-1.3636539530816594e-6
0.8290000000000001	-1.3596746584229975e-6
0.8295	-1.3556948337220028e-6
0.8300000000000001	-1.3517145146045063e-6
0.8305	-1.3477337367086189e-6
0.8310000000000001	-1.3437525357226405e-6
0.8315	-1.3397709473728978e-6
0.8320000000000001	-1.3357890074205366e-6
0.8325	-1.3318067516583504e-6
0.833	-1.3278242159075453e-6
0.8335	-1.3238414360145506e-6
0.834	-1.31985844784779e-6
0.8345	-1.3158752872944526e-6
0.835	-1.311891990257268e-6
0.8355	-1.3079085926512725e-6
0.836	-1.3039251304005803e-6
0.8365	-1.2999416394351179e-6
0.837	-1.2959581556874194e-6
0.8375	-1.2919747150893602e-6
0.838	-1.2879913535689248e-6
0.8385	-1.2840081070469646e-6
0.839	-1.280025011433961e-6
0.8395	-1.2760421026267908e-6
0.84	-1.2720594165054947e-6
0.8405	-1.2680769889300421e-6
0.841	-1.2640949654340264e-6
0.8415	-1.2601186343318422e-6
0.842	-1.2561426199404868e-6
0.8425	-1.2521669110863827e-6
0.843	-1.2481914965974967e-6
0.8435	-1.2442163653154667e-6
0.844	-1.2402415060883851e-6
0.8445	-1.2362669077719575e-6
0.845	-1.2322925592291883e-6
0.8455	-1.228318449330054e-6
0.846	-1.224344566951212e-6
0.8465	-1.2203709009756647e-6
0.847	-1.2163974402924669e-6
0.8475	-1.2124241737963947e-6
0.848	-1.2084510903876514e-6
0.8485	-1.2044781789715429e-6
0.849	-1.2005054284581715e-6
0.8495	-1.1965328277621307e-6
0.85	-1.1925603658021912e-6
0.8505	-1.188588031500983e-6
0.851	-1.1846158137847006e-6
0.8515	-1.180643701582781e-6
0.852	-1.176671683827608e-6
0.8525	-1.172699749454187e-6
0.853	-1.1687278873998542e-6
0.8535	-1.1647560866039523e-6
0.854	-1.1607843360075336e-6
0.8545	-1.1568114261014028e-6
0.855	-1.1528373896370452e-6
0.8555	-1.1488691856290285e-6
0.856	-1.14488929553007e-6
0.8565	-1.1409153984613351e-6
0.857	-1.1369415766773984e-6
0.8575	-1.132967839286958e-6
0.858	-1.1289941953969708e-6
0.8585	-1.1250206541124449e-6
0.859	-1.1210472245362228e-6
0.8595	-1.1170739157687667e-6
0.86	-1.1131007369079515e-6
0.8605	-1.1091276970488498e-6
0.861	-1.1051548052835162e-6
0.8615	-1.1011820707007829e-6
0.862	-1.0972095023860425e-6
0.8625	-1.0932371094210338e-6
0.863	-1.0892649008836415e-6
0.8635	-1.085292885847671e-6
0.864	-1.0813210733826446e-6
0.8645	-1.0773494725535914e-6
0.865	-1.0733780924208334e-6
0.8655	-1.0694069420397774e-6
0.866	-1.065436030460701e-6
0.8665	-1.0614653667285494e-6
0.867	-1.0574949598827151e-6
0.8675	-1.0535248189568412e-6
0.868	-1.0495549529786019e-6
0.8685	-1.0455853709694983e-6
0.869	-1.041636239623553e-6
0.8695	-1.037673812727408e-6
0.87	-1.0337114636553216e-6
0.8705	-1.0297491442094114e-6
0.871	-1.0257868062012135e-6
0.8715	-1.0218244014456573e-6
0.872	-1.0178618817550584e-6
0.8725	-1.0138991989331103e-6
0.873	-1.0099363047688781e-6
0.8735	-1.0059731510307747e-6
0.874	-1.0020096894605428e-6
0.8745	-9.980458717672372e-7
0.875	-9.940816496211839e-7
0.8755000000000001	-9.901169746479317e-7
0.876	-9.861517984222144e-7
0.8765000000000001	-9.821860724618659e-7
0.877	-9.782197482217522e-7
0.8775000000000001	-9.742527770876633e-7
0.878	-9.702851103702079e-7
0.8785000000000001	-9.663166992986739e-7
0.879	-9.62347495014877e-7
0.8795000000000001	-9.583774485669773e-7
0.88	-9.544065109032887e-7
0.8805000000000001	-9.504346328660414e-7
0.881	-9.46461765185137e-7
0.8815000000000001	-9.424878584718551e-7
0.882	-9.384779369759533e-7
0.8825000000000001	-9.344876149426474e-7
0.883	-9.30496521909488e-7
0.8835000000000001	-9.265047326853636e-7
0.884	-9.225123222231717e-7
0.8845000000000001	-9.185193656056508e-7
0.885	-9.145259380311879e-7
0.8855000000000001	-9.105321147995578e-7
0.886	-9.065379712976343e-7
0.8865000000000001	-9.025435829850471e-7
0.887	-8.985490253798287e-7
0.8875000000000001	-8.945543740440188e-7
0.888	-8.905597045692566e-7
0.8885000000000001	-8.865650925623628e-7
0.889	-8.82570613630899e-7
0.8895000000000001	-8.785763433687466e-7
0.89	-8.745823573416663e-7
0.8905000000000001	-8.705887310728837e-7
0.891	-8.665955400286822e-7
0.8915000000000001	-8.626028596040218e-7
0.892	-8.586107651081738e-7
0.8925000000000001	-8.546193317504006e-7
0.893	-8.506286346256729e-7
0.8935000000000001	-8.466387487004119e-7
0.894	-8.426497487983054e-7
0.8945000000000001	-8.38661709586168e-7
0.895	-8.347030221182841e-7
0.8955000000000001	-8.307308752751102e-7
0.896	-8.267595365662453e-7
0.8965	-8.227889611601823e-7
0.897	-8.188191043163447e-7
0.8975	-8.148499213798959e-7
0.898	-8.108813677765713e-7
0.8985	-8.069133990075341e-7
0.899	-8.029459706442432e-7
0.8995	-7.989790383233499e-7
0.9	-7.950125577415933e-7
0.9005	-7.910464846507279e-7
0.901	-7.870807748524571e-7
0.9015	-7.831153841933728e-7
0.902	-7.791502685599165e-7
0.9025	-7.751853838733504e-7
0.903	-7.712206860847218e-7
0.9035	-7.672561311698566e-7
0.904	-7.632916751243431e-7
0.9045	-7.593272739585272e-7
0.905	-7.553628836925135e-7
0.9055	-7.513984603511619e-7
0.906	-7.474339599590922e-7
0.9065	-7.43469338535688e-7
0.907	-7.39504552090095e-7
0.9075	-7.355395566162261e-7
0.908	-7.315743080877497e-7
0.9085	-7.275940532736597e-7
0.909	-7.236223747402334e-7
0.9095	-7.196504876159622e-7
0.91	-7.156783983715089e-7
0.9105	-7.117061134809699e-7
0.911	-7.077336394217572e-7
0.9115	-7.037609826745021e-7
0.912	-6.997881497229367e-7
0.9125	-6.958151470537993e-7
0.913	-6.918419811567078e-7
0.9135	-6.878686585240765e-7
0.914	-6.838951856509815e-7
0.9145	-6.799215690350793e-7
0.915	-6.759478151764721e-7
0.9155	-6.719739305776242e-7
0.916	-6.679999217432375e-7
0.9165	-6.640257951801448e-7
0.917	-6.600515573972094e-7
0.9175	-6.560772149052121e-7
0.918	-6.521027742167382e-7
0.9185	-6.481282418460755e-7
0.919	-6.441536243091018e-7
0.9195	-6.401789281231808e-7
0.92	-6.362041598070403e-7
0.9205	-6.322293258806856e-7
0.921	-6.282544328652667e-7
0.9215	-6.242818253394978e-7
0.922	-6.20308003815887e-7
0.9225	-6.163341123902953e-7
0.923	-6.123601474091184e-7
0.9235	-6.083861052180872e-7
0.924	-6.044119821622286e-7
0.9245	-6.004377745858361e-7
0.925	-5.964634788324319e-7
0.9255	-5.924890912447368e-7
0.926	-5.885146081646248e-7
0.9265	-5.845400259331085e-7
0.927	-5.805653408902789e-7
0.9275	-5.76590549375299e-7
0.928	-5.726156477263432e-7
0.9285	-5.686406322805875e-7
0.929	-5.646654993741518e-7
0.9295	-5.606902453420808e-7
0.93	-5.567148665183054e-7
0.9305	-5.527393592356076e-7
0.931	-5.487637198255863e-7
0.9315	-5.447879446186208e-7
0.932	-5.40812029943843e-7
0.9325	-5.368359721290898e-7
0.933	-5.328597675008831e-7
0.9335	-5.288834123843891e-7
0.934	-5.249069031033773e-7
0.9345	-5.209269063167843e-7
0.935	-5.16947822772395e-7
0.9355	-5.129686221716442e-7
0.936	-5.089893203621248e-7
0.9365	-5.050099331958221e-7
0.937	-5.010304765284569e-7
0.9375	-4.97050966218849e-7
0.9380000000000001	-4.93071418128271e-7
0.9385	-4.890918481198126e-7
0.9390000000000001	-4.85112272057729e-7
0.9395	-4.811327058068088e-7
0.9400000000000001	-4.771531652317197e-7
0.9405	-4.7317366619637554e-7
0.9410000000000001	-4.691942245632866e-7
0.9415	-4.652148561929241e-7
0.9420000000000001	-4.612355769430656e-7
0.9425	-4.572564026681673e-7
0.9430000000000001	-4.5327734921871255e-7
0.9435	-4.492984324405735e-7
0.9440000000000001	-4.4531966817436674e-7
0.9445	-4.413410722548206e-7
0.9450000000000001	-4.373626605101195e-7
0.9455	-4.3338444876128317e-7
0.9460000000000001	-4.2940645282151256e-7
0.9465	-4.2542868849555744e-7
0.9470000000000001	-4.2145117157907674e-7
0.9475	-4.174783952604632e-7
0.9480000000000001	-4.1350593773757324e-7
0.9485	-4.095336963496814e-7
0.9490000000000001	-4.0556164809676995e-7
0.9495	-4.0158976999068475e-7
0.9500000000000001	-3.9761803905376564e-7
0.9505	-3.9364643231750057e-7
0.9510000000000001	-3.896749268211593e-7
0.9515	-3.8570349961044405e-7
0.9520000000000001	-3.817321277361325e-7
0.9525	-3.777607882527255e-7
0.9530000000000001	-3.737894582170912e-7
0.9535	-3.6981811468711736e-7
0.9540000000000001	-3.6584673472035146e-7
0.9545	-3.618752953726528e-7
0.9550000000000001	-3.5790377369683645e-7
0.9555	-3.5393214674132604e-7
0.9560000000000001	-3.499603915487867e-7
0.9565	-3.459884851547871e-7
0.9570000000000001	-3.4201640458643073e-7
0.9575	-3.380441268610039e-7
0.9580000000000001	-3.340716289846203e-7
0.9585	-3.300988879508616e-7
0.9590000000000001	-3.2612588073941016e-7
0.9595	-3.221525843146986e-7
0.96	-3.1817897562453036e-7
0.9605	-3.142050315987287e-7
0.961	-3.102239263887088e-7
0.9615	-3.062446517112816e-7
0.962	-3.022650697166747e-7
0.9625	-2.9828519713982433e-7
0.963	-2.9430505072827706e-7
0.9635	-2.903246472414656e-7
0.964	-2.8634400344999814e-7
0.9645	-2.8236313613493726e-7
0.965	-2.783820620870925e-7
0.9655	-2.7440079810628686e-7
0.966	-2.704193610006546e-7
0.9665	-2.664377675859082e-7
0.967	-2.624560346846225e-7
0.9675	-2.5847417912551374e-7
0.968	-2.5449221774272147e-7
0.9685	-2.505101673750793e-7
0.969	-2.465280448653974e-7
0.9695	-2.4254586705973287e-7
0.97	-2.38563650806685e-7
0.9705	-2.345814129566395e-7
0.971	-2.305991703610773e-7
0.9715	-2.266169398718334e-7
0.972	-2.226347383403767e-7
0.9725	-2.1865258261708286e-7
0.973	-2.1467048955051716e-7
0.9735	-2.1068847598670764e-7
0.974	-2.06343471328168e-7
0.9745	-2.020631962611802e-7
0.975	-1.9783539550141142e-7
0.9755	-1.9365527654153822e-7
0.976	-1.8951843976879473e-7
0.9765	-1.854208299591288e-7
0.977	-1.813586939610272e-7
0.9775	-1.7732854359424345e-7
0.978	-1.7332712295188363e-7
0.9785	-1.6935137942636236e-7
0.979	-1.653984378870366e-7
0.9795	-1.6146557752458463e-7
0.98	-1.5755021094860657e-7
0.9805	-1.5364986518296406e-7
0.981	-1.497621642510038e-7
0.9815	-1.458848130814171e-7
0.982	-1.420155824968272e-7
0.9825	-1.381522950722324e-7
0.983	-1.3429281167029868e-7
0.9835	-1.3043501847556424e-7
0.984	-1.2657681436077385e-7
0.9845	-1.2271609842583187e-7
0.985	-1.1885075755378758e-7
0.9855	-1.1497865382880707e-7
0.986	-1.1109761165822929e-7
0.9865	-1.0720540443470133e-7
0.987	-1.0331017779426613e-7
0.9875	-9.93907313501654e-8
0.988	-9.544058550381009e-8
0.9885	-9.146772512097396e-8
0.989	-8.748064760811448e-8
0.9895	-8.34901981864456e-8
0.99	-7.950913398042925e-8
0.9905	-7.553007463386172e-8
0.991	-7.155374154296458e-8
0.9915	-6.757976097089345e-8
0.992	-6.360702641538473e-8
0.9925	-5.96339975576137e-8
0.993	-5.566162682490225e-8
0.9935	-5.169073997307824e-8
0.994	-4.772203430248919e-8
0.9945	-4.375302377773444e-8
0.995	-3.9781845587639376e-8
0.9955	-3.580798988177039e-8
0.996	-3.18315771761181e-8
0.9965	-2.7851606507939348e-8
0.997	-2.3869061474730405e-8
0.9975	-2.0620591824749176e-8
0.998	-1.3622279561719505e-8
0.9985	-1.1502950220310088e-8
0.999	-8.404649427579972e-9
0.9995	-4.003323435575774e-9