0.	0.
0.0005	1.2797189861591723e7
0.001	2.5594379723183446e7
0.0015	3.83915695847726e7
0.002	5.118875944636432e7
0.0025	6.398594930795861e7
0.003	7.678313916955033e7
0.0035	8.958032903114206e7
0.004	1.0237751889273122e8
0.0045000000000000005	1.1517470875432295e8
0.005	1.2797189861591464e8
0.0055	1.4076908847750637e8
0.006	1.5356627833909553e8
0.006500000000000001	1.6636346820068726e8
0.007	1.791606580622841e8
0.0075	1.9195784792387584e8
0.008	2.0475503778546497e8
0.0085	2.175522276470567e8
0.009000000000000001	2.303494175086459e8
0.0095	2.4314660737023762e8
0.01	2.559437972318293e8
0.0105	2.6874098709342104e8
0.011	2.8153817695501274e8
0.0115	2.943353668166019e8
0.012	3.071325566781988e8
0.0125	3.1992974653978795e8
0.013000000000000001	3.3272693640137964e8
0.0135	3.455241262629714e8
0.014	3.583213161245631e8
0.0145	3.711185059861523e8
0.015	3.83915695847744e8
0.0155	3.967128857093331e8
0.016	4.095100755709249e8
0.0165	4.223072654325217e8
0.017	4.351044552941134e8
0.0175	4.479016451557077e8
0.018000000000000002	4.606988350172943e8
0.0185	4.7349602487888604e8
0.019	4.8629321474047524e8
0.0195	4.9909040460206693e8
0.02	5.118875944636561e8
0.0205	5.246847843252504e8
0.021	5.374819741868395e8
0.021500000000000002	5.502791640484364e8
0.022	5.63076353910023e8
0.0225	5.758735437716173e8
0.023	5.88670733633209e8
0.0235	6.014679234948007e8
0.024	6.142651133563924e8
0.0245	6.270623032179816e8
0.025	6.398594930795733e8
0.025500000000000002	6.52656682941165e8
0.026000000000000002	6.654538728027593e8
0.0265	6.782510626643511e8
0.027	6.910482525259428e8
0.0275	7.038454423875371e8
0.028	7.166426322491211e8
0.0285	7.29439822110718e8
0.029	7.422370119723046e8
0.029500000000000002	7.550342018338963e8
0.03	7.67831391695488e8
0.0305	7.806285815570849e8
0.031	7.934257714186791e8
0.0315	8.062229612802657e8
0.032	8.190201511418575e8
0.0325	8.318173410034492e8
0.033	8.446145308650384e8
0.0335	8.574117207266301e8
0.034	8.702089105882218e8
0.0345	8.83006100449811e8
0.035	8.958032903114077e8
0.035500000000000004	9.086004801729994e8
0.036000000000000004	9.213976700345861e8
0.0365	9.341948598961803e8
0.037	9.469920497577721e8
0.0375	9.597892396193638e8
0.038	9.725864294809529e8
0.0385	9.853836193425447e8
0.039	9.981808092041339e8
0.0395	1.0109779990657281e9
0.04	1.0237751889273224e9
0.0405	1.0365723787889141e9
0.041	1.0493695686505058e9
0.0415	1.062166758512095e9
0.042	1.0749639483736868e9
0.0425	1.087761138235276e9
0.043000000000000003	1.1005583280968676e9
0.043500000000000004	1.1133555179584594e9
0.044	1.126152707820051e9
0.0445	1.1389498976816454e9
0.045	1.151747087543237e9
0.0455	1.1645442774048288e9
0.046	1.177341467266418e9
0.0465	1.1901386571280098e9
0.047	1.2029358469896014e9
0.0475	1.215733036851193e9
0.048	1.2285302267127771e9
0.0485	1.241327416574374e9
0.049	1.2541246064359632e9
0.0495	1.2669217962975574e9
0.05	1.2797189861591492e9
0.0505	1.292516176020741e9
0.051000000000000004	1.3053133658823352e9
0.051500000000000004	1.3181105557439244e9
0.052000000000000005	1.330907745605516e9
0.0525	1.3437049354671052e9
0.053	1.356502125328697e9
0.0535	1.3692993151902885e9
0.054	1.3820965050518856e9
0.0545	1.3948936949134748e9
0.055	1.4076908847750664e9
0.0555	1.4204880746366556e9
0.056	1.4332852644982474e9
0.0565	1.446082454359839e9
0.057	1.4588796442214308e9
0.0575	1.47167683408302e9
0.058	1.4844740239446142e9
0.0585	1.4972712138062086e9
0.059000000000000004	1.5100684036677976e9
0.059500000000000004	1.5228655935293894e9
0.06	1.5356627833909836e9
0.0605	1.5484599732525728e9
0.061	1.561257163114162e9
0.0615	1.5740543529757538e9
0.062	1.5868515428373454e9
0.0625	1.5996487326989372e9
0.063	1.6124459225605288e9
0.0635	1.6252431124221206e9
0.064	1.6380403022837121e9
0.0645	1.650837492145304e9
0.065	1.6636346820068984e9
0.0655	1.6764318718684847e9
0.066	1.6892290617300768e9
0.0665	1.7020262515916684e9
0.067	1.7148234414532626e9
0.0675	1.7276206313148518e9
0.068	1.740417821176446e9
0.0685	1.7532150110380378e9
0.069	1.766012200899627e9
0.0695	1.7788093907612185e9
0.07	1.7916065806228104e9
0.07050000000000001	1.8044037704844022e9
0.07100000000000001	1.8172009603459911e9
0.07150000000000001	1.829998150207583e9
0.07200000000000001	1.8427953400691772e9
0.0725	1.855592529930769e9
0.073	1.8683897197923582e9
0.0735	1.8811869096539497e9
0.074	1.8939840995155442e9
0.0745	1.906781289377136e9
0.075	1.919578479238725e9
0.0755	1.9323756691003141e9
0.076	1.9451728589619033e9
0.0765	1.9579700488234975e9
0.077	1.970767238685092e9
0.0775	1.9835644285466835e9
0.078	1.9963616184082754e9
0.0785	2.0091588082698698e9
0.079	2.0219559981314561e9
0.0795	2.034753187993048e9
0.08	2.0475503778546422e9
0.0805	2.0603475677162313e9
0.081	2.0731447575778232e9
0.0815	2.0859419474394147e9
0.082	2.0987391373010094e9
0.0825	2.1115363271625957e9
0.083	2.12433351702419e9
0.0835	2.137130706885782e9
0.084	2.1499278967473736e9
0.0845	2.1627250866089625e9
0.085	2.1755222764705544e9
0.0855	2.188319466332144e9
0.08600000000000001	2.201116656193738e9
0.08650000000000001	2.2139138460553293e9
0.08700000000000001	2.226711035916921e9
0.08750000000000001	2.2395082257785153e9
0.088	2.252305415640105e9
0.0885	2.2651026055016937e9
0.089	2.2778997953632855e9
0.0895	2.2906969852248774e9
0.09	2.303494175086469e9
0.0905	2.3162913649480605e9
0.091	2.32908855480965e9
0.0915	2.3418857446712465e9
0.092	2.354682934532839e9
0.0925	2.3674801243944273e9
0.093	2.380277314256022e9
0.0935	2.3930745041176085e9
0.094	2.4058716939792027e9
0.0945	2.4186688838407893e9
0.095	2.431466073702386e9
0.0955	2.444263263563978e9
0.096	2.457060453425567e9
0.0965	2.4698576432871585e9
0.097	2.482654833148752e9
0.0975	2.4954520230103436e9
0.098	2.5082492128719378e9
0.0985	2.521046402733525e9
0.099	2.5338435925951138e9
0.0995	2.5466407824567065e9
0.1	2.5594379723183007e9
0.1005	2.5722351621798925e9
0.101	2.585032352041486e9
0.1015	2.5978295419030776e9
0.10200000000000001	2.6106267317646675e9
0.10250000000000001	2.623423921626257e9
0.10300000000000001	2.6362211114878488e9
0.10350000000000001	2.649018301349439e9
0.10400000000000001	2.661815491211031e9
0.1045	2.674612681072624e9
0.105	2.6874098709342127e9
0.1055	2.700207060795806e9
0.106	2.7130042506573977e9
0.1065	2.725801440518991e9
0.107	2.73859863038058e9
0.1075	2.7513958202421727e9
0.108	2.7641930101037645e9
0.1085	2.776990199965354e9
0.109	2.7897873898269453e9
0.1095	2.802584579688537e9
0.11	2.8153817695501313e9
0.1105	2.8281789594117255e9
0.111	2.840976149273315e9
0.1115	2.853773339134907e9
0.112	2.866570528996498e9
0.1125	2.879367718858086e9
0.113	2.8921649087196803e9
0.1135	2.904962098581272e9
0.114	2.9177592884428616e9
0.1145	2.9305564783044505e9
0.115	2.9433536681660447e9
0.1155	2.9561508580276365e9
0.116	2.9689480478892283e9
0.1165	2.9817452377508187e9
0.117	2.994542427612413e9
0.11750000000000001	3.007339617474001e9
0.11800000000000001	3.020136807335595e9
0.11850000000000001	3.0329339971971855e9
0.11900000000000001	3.0457311870587773e9
0.11950000000000001	3.058528376920369e9
0.12	3.0713255667819643e9
0.1205	3.0841227566435523e9
0.121	3.096919946505144e9
0.1215	3.109717136366737e9
0.122	3.1225143262283263e9
0.1225	3.1353115160899196e9
0.123	3.1481087059515076e9
0.1235	3.160905895813099e9
0.124	3.1737030856746907e9
0.1245	3.186500275536288e9
0.125	3.199297465397876e9
0.1255	3.212094655259466e9
0.126	3.2248918451210575e9
0.1265	3.2376890349826484e9
0.127	3.2504862248442397e9
0.1275	3.26328341470583e9
0.128	3.2760806045674243e9
0.1285	3.288877794429019e9
0.129	3.301674984290608e9
0.1295	3.3144721741521997e9
0.13	3.3272693640137916e9
0.1305	3.3400665538753858e9
0.131	3.352863743736974e9
0.1315	3.365660933598564e9
0.132	3.3784581234601536e9
0.1325	3.3912553133217487e9
0.133	3.4040525031833377e9
0.1335	3.416849693044931e9
0.134	3.4296468829065237e9
0.1345	3.4424440727681146e9
0.135	3.4552412626297073e9
0.1355	3.4680384524912977e9
0.136	3.480835642352887e9
0.1365	3.49363283221448e9
0.137	3.5064300220760717e9
0.1375	3.5192272119376645e9
0.138	3.532024401799255e9
0.1385	3.544821591660848e9
0.139	3.557618781522436e9
0.1395	3.570415971384029e9
0.14	3.5832131612456207e9
0.1405	3.596010351107211e9
0.14100000000000001	3.6088075409688015e9
0.14150000000000001	3.6216047308303957e9
0.14200000000000002	3.6344019206919837e9
0.14250000000000002	3.6471991105535784e9
0.14300000000000002	3.6599963004151697e9
0.14350000000000002	3.6727934902767615e9
0.14400000000000002	3.6855906801383533e9
0.1445	3.6983878699999423e9
0.145	3.711185059861535e9
0.1455	3.7239822497231207e9
0.146	3.736779439584719e9
0.1465	3.749576629446309e9
0.147	3.762373819307901e9
0.1475	3.7751710091694937e9
0.148	3.787968199031086e9
0.1485	3.8007653888926787e9
0.149	3.8135625787542663e9
0.1495	3.826359768615861e9
0.15	3.8391569584774475e9
0.1505	3.8519541483390403e9
0.151	3.8647513382006335e9
0.1515	3.8775485280622253e9
0.152	3.890345717923813e9
0.1525	3.903142907785407e9
0.153	3.9159400976470017e9
0.1535	3.928737287508591e9
0.154	3.941534477370184e9
0.1545	3.9543316672317715e9
0.155	3.967128857093367e9
0.1555	3.9799260469549522e9
0.156	3.992723236816547e9
0.1565	4.0055204266781397e9
0.157	4.018317616539732e9
0.1575	4.0311148064013247e9
0.158	4.0439119962629166e9
0.1585	4.0567091861245065e9
0.159	4.0695063759860973e9
0.1595	4.0823035658476906e9
0.16	4.0951007557092805e9
0.1605	4.10789794557087e9
0.161	4.1206951354324627e9
0.1615	4.1334923252940574e9
0.162	4.1462895151556473e9
0.1625	4.15908670501724e9
0.163	4.1718838948788295e9
0.1635	4.1846810847404203e9
0.164	4.197478274602012e9
0.1645	4.2102754644636025e9
0.165	4.2230726543251953e9
0.1655	4.235869844186788e9
0.166	4.2486670340483766e9
0.1665	4.2614642239099703e9
0.167	4.274261413771562e9
0.1675	4.287058603633154e9
0.168	4.299855793494747e9
0.1685	4.312652983356336e9
0.169	4.325450173217926e9
0.1695	4.338247363079518e9
0.17	4.35104455294111e9
0.1705	4.3638417428027e9
0.171	4.376638932664294e9
0.1715	4.389436122525889e9
0.17200000000000001	4.402233312387476e9
0.17250000000000001	4.415030502249065e9
0.17300000000000001	4.427827692110658e9
0.17350000000000002	4.44062488197225e9
0.17400000000000002	4.453422071833842e9
0.17450000000000002	4.466219261695436e9
0.17500000000000002	4.479016451557027e9
0.17550000000000002	4.491813641418613e9
0.176	4.504610831280209e9
0.1765	4.517408021141801e9
0.177	4.530205211003391e9
0.1775	4.5430024008649845e9
0.178	4.555799590726571e9
0.1785	4.568596780588165e9
0.179	4.581393970449755e9
0.1795	4.594191160311347e9
0.18	4.606988350172938e9
0.1805	4.61978554003453e9
0.181	4.632582729896124e9
0.1815	4.645379919757716e9
0.182	4.658177109619306e9
0.1825	4.670974299480897e9
0.183	4.683771489342488e9
0.1835	4.696568679204081e9
0.184	4.709365869065672e9
0.1845	4.722163058927266e9
0.185	4.7349602487888565e9
0.1855	4.747757438650447e9
0.186	4.760554628512039e9
0.1865	4.773351818373631e9
0.187	4.786149008235221e9
0.1875	4.79894619809681e9
0.188	4.811743387958405e9
0.1885	4.824540577819996e9
0.189	4.837337767681584e9
0.1895	4.850134957543176e9
0.19	4.86293214740477e9
0.1905	4.875729337266363e9
0.191	4.8885265271279545e9
0.1915	4.901323716989544e9
0.192	4.914120906851134e9
0.1925	4.926918096712726e9
0.193	4.939715286574315e9
0.1935	4.952512476435909e9
0.194	4.965309666297505e9
0.1945	4.978106856159093e9
0.195	4.990904046020687e9
0.1955	5.003701235882277e9
0.196	5.016498425743869e9
0.1965	5.02929561560546e9
0.197	5.0420928054670515e9
0.1975	5.05488999532864e9
0.198	5.067687185190235e9
0.1985	5.080484375051823e9
0.199	5.093281564913417e9
0.1995	5.10607875477501e9
0.2	5.1188759446366005e9
0.2005	5.131673134498193e9
0.201	5.144470324359783e9
0.2015	5.157267514221375e9
0.202	5.170064704082964e9
0.2025	5.182861893944556e9
0.203	5.1956590838061495e9
0.20350000000000001	5.208456273667742e9
0.20400000000000001	5.221253463529334e9
0.20450000000000002	5.234050653390926e9
0.20500000000000002	5.246847843252517e9
0.20550000000000002	5.259645033114104e9
0.20600000000000002	5.2724422229756975e9
0.20650000000000002	5.28523941283729e9
0.20700000000000002	5.298036602698876e9
0.20750000000000002	5.3108337925604725e9
0.20800000000000002	5.323630982422068e9
0.2085	5.336428172283657e9
0.209	5.3492253621452465e9
0.2095	5.362022552006839e9
0.21	5.37481974186843e9
0.2105	5.387616931730022e9
0.211	5.400414121591613e9
0.2115	5.413211311453205e9
0.212	5.426008501314795e9
0.2125	5.43880569117639e9
0.213	5.45160288103798e9
0.2135	5.46440007089957e9
0.214	5.477197260761165e9
0.2145	5.489994450622756e9
0.215	5.502791640484347e9
0.2155	5.515588830345936e9
0.216	5.528386020207525e9
0.2165	5.541183210069122e9
0.217	5.55398039993071e9
0.2175	5.566777589792301e9
0.218	5.579574779653896e9
0.2185	5.592371969515487e9
0.219	5.605169159377077e9
0.2195	5.61796634923867e9
0.22	5.630763539100262e9
0.2205	5.643560728961849e9
0.221	5.656357918823444e9
0.2215	5.669155108685037e9
0.222	5.681952298546626e9
0.2225	5.694749488408218e9
0.223	5.707546678269811e9
0.2235	5.720343868131398e9
0.224	5.733141057992993e9
0.2245	5.745938247854585e9
0.225	5.758735437716169e9
0.2255	5.7715326275777645e9
0.226	5.784329817439357e9
0.2265	5.797127007300949e9
0.227	5.809924197162541e9
0.2275	5.8227213870241375e9
0.228	5.835518576885726e9
0.2285	5.848315766747317e9
0.229	5.861112956608907e9
0.2295	5.8739101464705e9
0.23	5.886707336332089e9
0.2305	5.899504526193682e9
0.231	5.912301716055275e9
0.2315	5.925098905916867e9
0.232	5.937896095778454e9
0.2325	5.950693285640048e9
0.233	5.96349047550164e9
0.2335	5.976287665363231e9
0.234	5.989084855224822e9
0.23450000000000001	6.001882045086414e9
0.23500000000000001	6.014679234948006e9
0.23550000000000001	6.027476424809594e9
0.23600000000000002	6.040273614671186e9
0.23650000000000002	6.053070804532779e9
0.23700000000000002	6.065867994394373e9
0.23750000000000002	6.078665184255964e9
0.23800000000000002	6.091462374117556e9
0.23850000000000002	6.104259563979145e9
0.23900000000000002	6.117056753840734e9
0.23950000000000002	6.129853943702327e9
0.24	6.142651133563919e9
0.2405	6.155448323425513e9
0.241	6.168245513287105e9
0.2415	6.181042703148699e9
0.242	6.193839893010285e9
0.2425	6.206637082871878e9
0.243	6.219434272733473e9
0.2435	6.232231462595058e9
0.244	6.24502865245665e9
0.2445	6.257825842318244e9
0.245	6.270623032179834e9
0.2455	6.28342022204142e9
0.246	6.296217411903019e9
0.2465	6.309014601764611e9
0.247	6.3218117916262045e9
0.2475	6.334608981487793e9
0.248	6.347406171349385e9
0.2485	6.360203361210975e9
0.249	6.373000551072563e9
0.2495	6.38579774093416e9
0.25	6.398594930795752e9
0.2505	6.411392120657343e9
0.251	6.424189310518939e9
0.2515	6.4369865003805275e9
0.252	6.449783690242115e9
0.2525	6.462580880103705e9
0.253	6.4753780699653015e9
0.2535	6.488175259826888e9
0.254	6.500972449688481e9
0.2545	6.513769639550074e9
0.255	6.526566829411667e9
0.2555	6.539364019273258e9
0.256	6.552161209134849e9
0.2565	6.56495839899644e9
0.257	6.57775558885803e9
0.2575	6.590552778719625e9
0.258	6.603349968581216e9
0.2585	6.616147158442801e9
0.259	6.628944348304394e9
0.2595	6.641741538165989e9
0.26	6.654538728027581e9
0.2605	6.667335917889171e9
0.261	6.680133107750765e9
0.2615	6.692930297612355e9
0.262	6.705727487473946e9
0.2625	6.718524677335536e9
0.263	6.731321867197128e9
0.2635	6.74411905705872e9
0.264	6.756916246920311e9
0.2645	6.769713436781907e9
0.265	6.782510626643497e9
0.2655	6.795307816505087e9
0.266	6.808105006366677e9
0.2665	6.82090219622827e9
0.267	6.83369938608986e9
0.2675	6.846496575951452e9
0.268	6.859293765813047e9
0.2685	6.872090955674639e9
0.269	6.884888145536229e9
0.2695	6.89768533539782e9
0.27	6.910482525259411e9
0.2705	6.923279715121003e9
0.271	6.936076904982593e9
0.2715	6.948874094844188e9
0.272	6.961671284705774e9
0.2725	6.974468474567367e9
0.273	6.987265664428959e9
0.2735	7.000062854290553e9
0.274	7.012860044152144e9
0.2745	7.025657234013736e9
0.275	7.038454423875327e9
0.2755	7.051251613736917e9
0.276	7.06404880359851e9
0.2765	7.076845993460098e9
0.277	7.089643183321694e9
0.2775	7.102440373183287e9
0.278	7.115237563044879e9
0.2785	7.128034752906464e9
0.279	7.140831942768058e9
0.2795	7.15362913262965e9
0.28	7.1664263224912405e9
0.2805	7.17922351235283e9
0.281	7.192020702214424e9
0.28150000000000003	7.204817892076014e9
0.28200000000000003	7.217615081937604e9
0.28250000000000003	7.230412271799196e9
0.28300000000000003	7.243209461660791e9
0.28350000000000003	7.256006651522383e9
0.28400000000000003	7.268803841383975e9
0.28450000000000003	7.281601031245565e9
0.28500000000000003	7.294398221107157e9
0.28550000000000003	7.307195410968747e9
0.28600000000000003	7.319992600830337e9
0.28650000000000003	7.332789790691932e9
0.28700000000000003	7.345586980553523e9
0.28750000000000003	7.358384170415116e9
0.28800000000000003	7.371181360276708e9
0.2885	7.383978550138297e9
0.289	7.396775739999885e9
0.2895	7.40957292986148e9
0.29	7.422370119723069e9
0.2905	7.4351673095846615e9
0.291	7.447964499446253e9
0.2915	7.460761689307843e9
0.292	7.473558879169434e9
0.2925	7.486356069031026e9
0.293	7.499153258892617e9
0.2935	7.511950448754212e9
0.294	7.524747638615805e9
0.2945	7.537544828477397e9
0.295	7.550342018338985e9
0.2955	7.563139208200574e9
0.296	7.575936398062166e9
0.2965	7.58873358792376e9
0.297	7.601530777785354e9
0.2975	7.614327967646943e9
0.298	7.627125157508537e9
0.2985	7.639922347370127e9
0.299	7.652719537231719e9
0.2995	7.665516727093307e9
0.3	7.678313916954902e9
0.3005	7.691111106816488e9
0.301	7.703908296678082e9
0.3015	7.716705486539674e9
0.302	7.729502676401263e9
0.3025	7.74229986626286e9
0.303	7.755097056124451e9
0.3035	7.767894245986041e9
0.304	7.78069143584763e9
0.3045	7.793488625709225e9
0.305	7.80628581557081e9
0.3055	7.819083005432404e9
0.306	7.831880195293999e9
0.3065	7.84467738515559e9
0.307	7.857474575017182e9
0.3075	7.8702717648787775e9
0.308	7.883068954740368e9
0.3085	7.895866144601954e9
0.309	7.908663334463546e9
0.3095	7.921460524325135e9
0.31	7.934257714186725e9
0.3105	7.947054904048321e9
0.311	7.959852093909913e9
0.3115	7.972649283771507e9
0.312	7.985446473633095e9
0.3125	7.998243663494688e9
0.313	8.011040853356279e9
0.3135	8.023837378404274e9
0.314	8.036632520873216e9
0.3145	8.04942628083931e9
0.315	8.062218658641945e9
0.3155	8.07500965462048e9
0.316	8.087799269114239e9
0.3165	8.100587502462519e9
0.317	8.113374355004587e9
0.3175	8.126159827079684e9
0.318	8.138943919027016e9
0.3185	8.151726631185756e9
0.319	8.164507963895052e9
0.3195	8.177287917494024e9
0.32	8.19006649232176e9
0.3205	8.202843688717306e9
0.321	8.215619507019695e9
0.3215	8.228393947567918e9
0.322	8.241167010700941e9
0.3225	8.253938696757699e9
0.323	8.266709006077095e9
0.3235	8.279477938997995e9
0.324	8.292245495859252e9
0.3245	8.305011676999676e9
0.325	8.3177764827580385e9
0.3255	8.330539913473097e9
0.326	8.343301969483568e9
0.3265	8.356062651128138e9
0.327	8.368821958745469e9
0.3275	8.381579892674182e9
0.328	8.394336453252876e9
0.3285	8.407091640820115e9
0.329	8.419845455714428e9
0.3295	8.432597898274324e9
0.33	8.445348968838274e9
0.3305	8.458098667744708e9
0.331	8.470846995332043e9
0.3315	8.483593951938649e9
0.332	8.496339537902881e9
0.3325	8.509083753563047e9
0.333	8.521826599257431e9
0.3335	8.534568075324291e9
0.334	8.547308182101839e9
0.3345	8.5600469199282675e9
0.335	8.5727842891417265e9
0.3355	8.585520290080349e9
0.336	8.598254923082232e9
0.3365	8.610988188485426e9
0.337	8.62372008662797e9
0.3375	8.636450617847855e9
0.338	8.649179782483057e9
0.3385	8.661907580871506e9
0.339	8.674634013351109e9
0.3395	8.687359080259722e9
0.34	8.700082781935198e9
0.3405	8.712805118715342e9
0.341	8.72552609093792e9
0.3415	8.73824569894068e9
0.342	8.750963943061338e9
0.3425	8.76368082363757e9
0.343	8.776396341007013e9
0.3435	8.78911049550729e9
0.34400000000000003	8.801823287475975e9
0.34450000000000003	8.814534717250618e9
0.34500000000000003	8.827244785168747e9
0.34550000000000003	8.839953491567825e9
0.34600000000000003	8.852660836785322e9
0.34650000000000003	8.865366821158646e9
0.34700000000000003	8.87807144502519e9
0.34750000000000003	8.890774708722301e9
0.34800000000000003	8.903476612587301e9
0.34850000000000003	8.916177156957489e9
0.34900000000000003	8.928876342170103e9
0.34950000000000003	8.941574168562376e9
0.35000000000000003	8.954270636471495e9
0.35050000000000003	8.96696574623462e9
0.35100000000000003	8.979659498188871e9
0.35150000000000003	8.99235189267134e9
0.352	9.005042930019085e9
0.3525	9.017732610569128e9
0.353	9.030420934658472e9
0.3535	9.043107902624062e9
0.354	9.05579351480283e9
0.3545	9.068477771531668e9
0.355	9.081160673147429e9
0.3555	9.09384221998695e9
0.356	9.106522412387014e9
0.3565	9.119201250684381e9
0.357	9.131878735215778e9
0.3575	9.1445548663179e9
0.358	9.157229644327402e9
0.3585	9.169903069580908e9
0.359	9.182575142415012e9
0.3595	9.195245863166271e9
0.36	9.207915232171207e9
0.3605	9.22058324976631e9
0.361	9.23324991628804e9
0.3615	9.245915232072813e9
0.362	9.258579197457027e9
0.3625	9.271241812777033e9
0.363	9.283903078369156e9
0.3635	9.296562994569674e9
0.364	9.309221561714846e9
0.3645	9.321878780140886e9
0.365	9.334534650183987e9
0.3655	9.347189172180292e9
0.366	9.359842346465923e9
0.3665	9.372494173376965e9
0.367	9.385144653249454e9
0.3675	9.397793786419416e9
0.368	9.410441573222828e9
0.3685	9.423088013995628e9
0.369	9.435733109073736e9
0.3695	9.448376858793026e9
0.37	9.461019263489334e9
0.3705	9.47366032349847e9
0.371	9.486300039156212e9
0.3715	9.498938410798292e9
0.372	9.511575438760412e9
0.3725	9.524211123378248e9
0.373	9.536845464987427e9
0.3735	9.549478463923553e9
0.374	9.562110120522188e9
0.3745	9.574740435118855e9
0.375	9.587369408049065e9
0.3755	9.599997039648262e9
0.376	9.61262333025188e9
0.3765	9.6252482801953e9
0.377	9.637871889813883e9
0.3775	9.65049415944295e9
0.378	9.663115089417774e9
0.3785	9.675734680073618e9
0.379	9.688352931745686e9
0.3795	9.700969844769161e9
0.38	9.713585419479183e9
0.3805	9.726199656210867e9
0.381	9.738812555299278e9
0.3815	9.751424117079458e9
0.382	9.7640343418864e9
0.3825	9.776643230055079e9
0.383	9.789250781920424e9
0.3835	9.801856997817327e9
0.384	9.814461878080648e9
0.3845	9.827065423045216e9
0.385	9.839667633045805e9
0.3855	9.85226850841718e9
0.386	9.864868049494062e9
0.3865	9.877466256611107e9
0.387	9.89006313010299e9
0.3875	9.902658670304293e9
0.388	9.915252877549608e9
0.3885	9.927845752173464e9
0.389	9.940437294510359e9
0.3895	9.953027504894768e9
0.39	9.965616383661098e9
0.3905	9.97820393114377e9
0.391	9.990790147677116e9
0.3915	1.000337503359547e10
0.392	1.001595858923311e10
0.3925	1.0028540814924286e10
0.393	1.0041121711003208e10
0.3935	1.0053701277804043e10
0.394	1.006627951566095e10
0.3945	1.0078856424908003e10
0.395	1.0091432005879288e10
0.3955	1.0104006258908823e10
0.396	1.011657918433061e10
0.3965	1.012915078247859e10
0.397	1.0141721053686695e10
0.3975	1.0154289998288794e10
0.398	1.016685761661874e10
0.3985	1.0179423909010351e10
0.399	1.019198887579738e10
0.3995	1.0204552517313572e10
0.4	1.0217114833892628e10
0.4005	1.0229675825868196e10
0.401	1.0242235493573914e10
0.4015	1.0254793837343359e10
0.402	1.0267350857510086e10
0.4025	1.0279906554407602e10
0.403	1.0292460928369392e10
0.4035	1.0305013979728891e10
0.404	1.0317565708819496e10
0.4045	1.0330116115974567e10
0.405	1.034266520152744e10
0.4055	1.0355212965811401e10
0.406	1.0367759409159702e10
0.40650000000000003	1.0380304531905552e10
0.40700000000000003	1.039284833438214e10
0.40750000000000003	1.0405390816922594e10
0.40800000000000003	1.0417931979860022e10
0.40850000000000003	1.0430471823527487e10
0.40900000000000003	1.0443010348258015e10
0.40950000000000003	1.0455547554384592e10
0.41000000000000003	1.046808344224017e10
0.41050000000000003	1.0480618012157671e10
0.41100000000000003	1.0493151264469965e10
0.41150000000000003	1.0505683199509886e10
0.41200000000000003	1.0518213817610239e10
0.41250000000000003	1.053074311910379e10
0.41300000000000003	1.0543271104323256e10
0.41350000000000003	1.0555797773601328e10
0.41400000000000003	1.0568323127270649e10
0.41450000000000004	1.0580847165663832e10
0.41500000000000004	1.0593369889113451e10
0.41550000000000004	1.060589129795204e10
0.41600000000000004	1.0618411392512096e10
0.4165	1.0630930173126074e10
0.417	1.0643447640126396e10
0.4175	1.065596379384544e10
0.418	1.0668478634615551e10
0.4185	1.0680992162769037e10
0.419	1.069350437863816e10
0.4195	1.0706015282555151e10
0.42	1.071852487485219e10
0.4205	1.0731033155861435e10
0.421	1.0743540125915005e10
0.4215	1.0756045785344955e10
0.422	1.0768550134483341e10
0.4225	1.078105317366215e10
0.423	1.0793554903213337e10
0.4235	1.0806055323468822e10
0.424	1.0818554434760494e10
0.4245	1.0831052237420183e10
0.425	1.0843548731779696e10
0.4255	1.0856043918170794e10
0.426	1.0868537796925209e10
0.4265	1.0881030368374615e10
0.427	1.0893521632850674e10
0.4275	1.0906011590684982e10
0.428	1.0918500242209105e10
0.4285	1.0930987587754587e10
0.429	1.0943473627652908e10
0.4295	1.0955958362235518e10
0.43	1.096844179183383e10
0.4305	1.0980923916779224e10
0.431	1.0993404737403027e10
0.4315	1.1005884254036531e10
0.432	1.1018362467010994e10
0.4325	1.1030839376657629e10
0.433	1.1043314983307613e10
0.4335	1.1055789287292088e10
0.434	1.1068262288942142e10
0.4345	1.108073398858883e10
0.435	1.1093204386563175e10
0.4355	1.110567348319616e10
0.436	1.1118141278818714e10
0.4365	1.1130607773761742e10
0.437	1.1143072968356096e10
0.4375	1.1155536862932602e10
0.438	1.1167999457822037e10
0.4385	1.1180460753355133e10
0.439	1.1192920749862598e10
0.4395	1.1205379447675083e10
0.44	1.1217836847123222e10
0.4405	1.1230292948537579e10
0.441	1.1242747752248697e10
0.4415	1.125520125858708e10
0.442	1.1267653467883177e10
0.4425	1.1280104380467426e10
0.443	1.129255399667019e10
0.4435	1.1305002316821806e10
0.444	1.1317449341252575e10
0.4445	1.132989507029276e10
0.445	1.1342339504272573e10
0.4455	1.1354782643522194e10
0.446	1.136722448837176e10
0.4465	1.1379665039151363e10
0.447	1.1392104296191063e10
0.4475	1.1404542259820871e10
0.448	1.141697893037076e10
0.4485	1.1429414308170668e10
0.449	1.144184839355049e10
0.4495	1.1454281186840073e10
0.45	1.146671268836923e10
0.4505	1.1479142898467737e10
0.451	1.1491571817465317e10
0.4515	1.1503999445691666e10
0.452	1.1516425783476427e10
0.4525	1.152885083114921e10
0.453	1.1541274589039577e10
0.4535	1.1553697057477058e10
0.454	1.1566118236791136e10
0.4545	1.1578538127311256e10
0.455	1.1590956729366825e10
0.4555	1.16033740432872e10
0.456	1.1615790069401693e10
0.4565	1.1628204808039589e10
0.457	1.1640618259530127e10
0.4575	1.1653030424202507e10
0.458	1.1665441302385874e10
0.4585	1.1677850894409346e10
0.459	1.1690259200602e10
0.4595	1.1702666221292864e10
0.46	1.1715071956810923e10
0.4605	1.1727476407485134e10
0.461	1.1739879573644392e10
0.4615	1.1752281455617567e10
0.462	1.1764682053733482e10
0.4625	1.1777081368320919e10
0.463	1.1789479399708618e10
0.4635	1.1801876148225277e10
0.464	1.181427161419955e10
0.4645	1.1826665797960054e10
0.465	1.183905869983536e10
0.4655	1.1851450320154001e10
0.466	1.186384065924446e10
0.4665	1.1876229717435186e10
0.467	1.1888617495054594e10
0.4675	1.1901003992431036e10
0.468	1.1913389209892832e10
0.4685	1.1925773147768274e10
0.46900000000000003	1.1938155806385584e10
0.46950000000000003	1.195053718607296e10
0.47000000000000003	1.1962917287158556e10
0.47050000000000003	1.1975296109970491e10
0.47100000000000003	1.1987673654836815e10
0.47150000000000003	1.2000049922085564e10
0.47200000000000003	1.2012424912044724e10
0.47250000000000003	1.2024798625042229e10
0.47300000000000003	1.2037171061405981e10
0.47350000000000003	1.2049542221463835e10
0.47400000000000003	1.2061912105543604e10
0.47450000000000003	1.207428071397306e10
0.47500000000000003	1.2086648047079939e10
0.47550000000000003	1.209901410519191e10
0.47600000000000003	1.2111378888636631e10
0.47650000000000003	1.2123742397741692e10
0.47700000000000004	1.2136104632834656e10
0.47750000000000004	1.2148465594243042e10
0.47800000000000004	1.216082528229432e10
0.47850000000000004	1.2173183697315914e10
0.47900000000000004	1.2185540839635216e10
0.47950000000000004	1.2197896709579569e10
0.48	1.2210251307476269e10
0.4805	1.2222604633652586e10
0.481	1.2234956688435728e10
0.4815	1.2247307472152863e10
0.482	1.2259656985131126e10
0.4825	1.22720052276976e10
0.483	1.228435220017933e10
0.4835	1.229669790290332e10
0.484	1.2309042336196514e10
0.4845	1.2321385500385832e10
0.485	1.233372739579815e10
0.4855	1.2346068022760284e10
0.486	1.2358407381599028e10
0.4865	1.2370745472641113e10
0.487	1.2383082296213238e10
0.4875	1.239541785264206e10
0.488	1.2407752142254183e10
0.4885	1.242008516537618e10
0.489	1.2432416922334572e10
0.4895	1.2444747413455828e10
0.49	1.2457076639066402e10
0.4905	1.246940459949267e10
0.491	1.2481731295060987e10
0.4915	1.249405672609765e10
0.492	1.250638089292894e10
0.4925	1.2518703795881048e10
0.493	1.2531025435280165e10
0.4935	1.2543345811452412e10
0.494	1.2555664924723875e10
0.4945	1.2567982775420603e10
0.495	1.2580299363868587e10
0.4955	1.2592614690393778e10
0.496	1.2604928755322088e10
0.4965	1.2617241558979385e10
0.497	1.2629553101691492e10
0.4975	1.2641863383784182e10
0.498	1.2654172405583183e10
0.4985	1.2666480167414198e10
0.499	1.2678786669602863e10
0.4995	1.2691091912474775e10
0.5	1.2703395896355492e10
0.5005000000000001	1.2715698621570532e10
0.501	1.2728000088445358e10
0.5015000000000001	1.274030029730539e10
0.502	1.275259924847601e10
0.5025000000000001	1.2764896942282553e10
0.503	1.2777193379050312e10
0.5035000000000001	1.2789488559104523e10
0.504	1.280178248277039e10
0.5045000000000001	1.281407515037307e10
0.505	1.2826366562237675e10
0.5055000000000001	1.2838656718689268e10
0.506	1.2850945620052881e10
0.5065000000000001	1.2863233266653475e10
0.507	1.2875519658815994e10
0.5075000000000001	1.288780479686532e10
0.508	1.2900088681126295e10
0.5085000000000001	1.2912371311923721e10
0.509	1.2924652689582354e10
0.5095000000000001	1.2936932814426895e10
0.51	1.2949211686782005e10
0.5105000000000001	1.2961489306972313e10
0.511	1.297376567532238e10
0.5115000000000001	1.298604079215674e10
0.512	1.299831465779987e10
0.5125	1.301058727257621e10
0.513	1.3022858636810163e10
0.5135	1.303512875082606e10
0.514	1.304739761494822e10
0.5145	1.3059665229500875e10
0.515	1.3071931594808264e10
0.5155	1.3084196711194529e10
0.516	1.3096460578983809e10
0.5165	1.3108723198500164e10
0.517	1.3120984570067635e10
0.5175	1.3133244694010202e10
0.518	1.3145503570651802e10
0.5185	1.3157761200316332e10
0.519	1.3170017583327637e10
0.5195	1.3182272720009518e10
0.52	1.3194526610685734e10
0.5205	1.320677925567999e10
0.521	1.3219030655315958e10
0.5215	1.3231280809917253e10
0.522	1.3243529719807446e10
0.5225	1.3255777385310072e10
0.523	1.3268023806748606e10
0.5235	1.3280268984446482e10
0.524	1.3292512918727098e10
0.5245	1.330475560991379e10
0.525	1.3316997058329868e10
0.5255	1.3329237264298565e10
0.526	1.3341476228143103e10
0.5265	1.3353713950186638e10
0.527	1.3365950430752277e10
0.5275	1.337818567016309e10
0.528	1.3390419668742104e10
0.5285	1.3402652426812288e10
0.529	1.3414883944696577e10
0.5295	1.342711422271784e10
0.53	1.3439343261198935e10
0.5305	1.3451571060462633e10
0.531	1.3463797620831688e10
0.5315	1.3476022942628784e10
0.532	1.3488247026176594e10
0.5325	1.35004698717977e10
0.533	1.3512691479814674e10
0.5335	1.3524911850550016e10
0.534	1.353713098432621e10
0.5345	1.3549348881465652e10
0.535	1.3561565542290718e10
0.5355	1.3573780967123745e10
0.536	1.3585995156286995e10
0.5365	1.3598208110102707e10
0.537	1.3610419828893072e10
0.5375	1.362263031298022e10
0.538	1.3634839562686247e10
0.5385	1.3647047578333178e10
0.539	1.3659254360243038e10
0.5395	1.3671459908737757e10
0.54	1.3683664224139246e10
0.5405	1.3695867306769365e10
0.541	1.3708069156949919e10
0.5415	1.3720269775002663e10
0.542	1.3732469161249321e10
0.5425	1.3744667316011562e10
0.543	1.3756864239611002e10
0.5435	1.3769059932369219e10
0.544	1.378125439460773e10
0.5445	1.3793447626648018e10
0.545	1.3805639628811527e10
0.5455	1.3817830401419622e10
0.546	1.3830019944793661e10
0.5465	1.3842208259254915e10
0.547	1.385439534512464e10
0.5475	1.3866581202724018e10
0.548	1.3878765832374208e10
0.5485	1.3890949234396305e10
0.549	1.3903131409111364e10
0.5495	1.3915312356840384e10
0.55	1.3927492077904331e10
0.5505	1.3939670572624105e10
0.551	1.395184784132057e10
0.5515	1.3964023884314552e10
0.552	1.3976198701926807e10
0.5525	1.398837229447805e10
0.553	1.4000544662288965e10
0.5535	1.401271580568016e10
0.554	1.4024885724972223e10
0.5545	1.4037054420485674e10
0.555	1.4049221892540998e10
0.5555	1.406138814145862e10
0.556	1.4073553167558933e10
0.5565	1.4085716971162266e10
0.557	1.4097879552588907e10
0.5575	1.4110040912159096e10
0.558	1.4122201050193022e10
0.5585	1.4134359967010834e10
0.559	1.4146517662932623e10
0.5595	1.4158674138278439e10
0.56	1.417082939336828e10
0.5605	1.418298342852209e10
0.561	1.4195136244059784e10
0.5615	1.4207287840301203e10
0.562	1.4219438217566164e10
0.5625	1.4231587376174412e10
0.5630000000000001	1.4243735316445665e10
0.5635	1.425588203869958e10
0.5640000000000001	1.426802754325577e10
0.5645	1.4280171830433798e10
0.5650000000000001	1.4292314900553179e10
0.5655	1.4304456753933376e10
0.5660000000000001	1.4316597390893808e10
0.5665	1.4328736811753847e10
0.5670000000000001	1.4340875016832819e10
0.5675	1.435301200644998e10
0.5680000000000001	1.4365147780924562e10
0.5685	1.4377282340575743e10
0.5690000000000001	1.4389415685722641e10
0.5695	1.4401547816684336e10
0.5700000000000001	1.441367873377986e10
0.5705	1.4425808437328175e10
0.5710000000000001	1.4437936927648237e10
0.5715	1.4450064205058907e10
0.5720000000000001	1.446219026987902e10
0.5725	1.447431512242737e10
0.5730000000000001	1.4486438763022688e10
0.5735	1.4498561191983646e10
0.5740000000000001	1.4510682409628893e10
0.5745	1.4522802416277008e10
0.5750000000000001	1.453492121224654e10
0.5755	1.4547038797855967e10
0.5760000000000001	1.4559155173423733e10
0.5765	1.4571270339268223e10
0.577	1.4583384295707787e10
0.5775	1.4595497043060707e10
0.578	1.4607608581645235e10
0.5785	1.4619718911779556e10
0.579	1.4631828033781813e10
0.5795	1.4643935947970108e10
0.58	1.4656042654662481e10
0.5805	1.4668148154176928e10
0.581	1.4680252446831388e10
0.5815	1.469235553294377e10
0.582	1.470445741283191e10
0.5825	1.4716558086813608e10
0.583	1.4728657555206614e10
0.5835	1.4740755818328629e10
0.584	1.475285287649729e10
0.5845	1.4764948730030203e10
0.585	1.4777043379244911e10
0.5855	1.4789136824458921e10
0.586	1.480122906598968e10
0.5865	1.4813320104154587e10
0.587	1.482540993927098e10
0.5875	1.4837498571656176e10
0.588	1.484958600162741e10
0.5885	1.4861672229501902e10
0.589	1.4873757255596775e10
0.5895	1.4885841080229149e10
0.59	1.489792370371606e10
0.5905	1.491000512637452e10
0.591	1.4922085348521475e10
0.5915	1.4934164370473812e10
0.592	1.4946242192548397e10
0.5925	1.4958318815062021e10
0.593	1.4970394238331434e10
0.5935	1.4982468462673336e10
0.594	1.4994541488404367e10
0.5945	1.5006613315841137e10
0.595	1.5018683945300184e10
0.5955	1.5030753377098013e10
0.596	1.5042821611551073e10
0.5965	1.505488864897575e10
0.597	1.5066954489688398e10
0.5975	1.5079019134005302e10
0.598	1.5091082582242723e10
0.5985	1.5103144834716845e10
0.599	1.5115205891743814e10
0.5995	1.5127265753639729e10
0.6	1.5139324420720623e10
0.6005	1.5151381893302494e10
0.601	1.5163438171701284e10
0.6015	1.5175493256232885e10
0.602	1.518754714721313e10
0.6025	1.5199599844957817e10
0.603	1.5211651349782675e10
0.6035	1.52237016620034e10
0.604	1.5235750781935625e10
0.6045	1.5247798709894943e10
0.605	1.525984544619688e10
0.6055	1.5271890991156927e10
0.606	1.5283935345090508e10
0.6065	1.5295978508313013e10
0.607	1.5308020481139772e10
0.6075	1.5320061263886063e10
0.608	1.5332100856867113e10
0.6085	1.5344139260398113e10
0.609	1.5356176474794176e10
0.6095	1.5368212500370386e10
0.61	1.5380247337441757e10
0.6105	1.5392280986323275e10
0.611	1.5404313447329853e10
0.6115	1.5416344720776367e10
0.612	1.5428374806977636e10
0.6125	1.5440403706248426e10
0.613	1.545243141890345e10
0.6135	1.5464457945257387e10
0.614	1.5476483285624836e10
0.6145	1.5488507440320372e10
0.615	1.5500530409658497e10
0.6155	1.5512552193953674e10
0.616	1.5524572793520315e10
0.6165	1.5536592208672764e10
0.617	1.5548610439725346e10
0.6175	1.5560627486992296e10
0.618	1.5572643350787817e10
0.6185	1.558465803142608e10
0.619	1.5596671529221163e10
0.6195	1.5608683844487123e10
0.62	1.5620694977537943e10
0.6205	1.5632704928687574e10
0.621	1.5644713698249914e10
0.6215	1.5656721286538792e10
0.622	1.5668727693867998e10
0.6225	1.5680732920551277e10
0.623	1.5692736966902302e10
0.6235	1.5704739833234709e10
0.624	1.5716741519862074e10
0.6245	1.5728742027097935e10
0.625	1.574074135525576e10
0.6255000000000001	1.575273950464898e10
0.626	1.5764736475590954e10
0.6265000000000001	1.577673226839502e10
0.627	1.5788726883374422e10
0.6275000000000001	1.5800720320842402e10
0.628	1.5812712581112104e10
0.6285000000000001	1.5824703664496653e10
0.629	1.5836693571309095e10
0.6295000000000001	1.5848682301862452e10
0.63	1.5860669856469664e10
0.6305000000000001	1.5872656235443634e10
0.631	1.5884641439097225e10
0.6315000000000001	1.5896625467743225e10
0.632	1.5908608321694376e10
0.6325000000000001	1.592059000126338e10
0.633	1.5932570506762865e10
0.6335000000000001	1.5944549838505432e10
0.634	1.5956527996803604e10
0.6345000000000001	1.5968504981969875e10
0.635	1.598048079431667e10
0.6355000000000001	1.5992455434156363e10
0.636	1.6004428901801285e10
0.6365000000000001	1.6016401197563702e10
0.637	1.602837232175584e10
0.6375000000000001	1.6040342274689865e10
0.638	1.6052311056677883e10
0.6385000000000001	1.6064278668031971e10
0.639	1.6076245109064116e10
0.6395000000000001	1.6088210380086294e10
0.64	1.6100174481410402e10
0.6405	1.6112137413348286e10
0.641	1.612409917621175e10
0.6415	1.613605977031253e10
0.642	1.6148019195962324e10
0.6425	1.615997745347277e10
0.643	1.6171934543155457e10
0.6435	1.6183890465321909e10
0.644	1.6195845220283606e10
0.6445	1.6207798808351982e10
0.645	1.6219751229838408e10
0.6455	1.6231702485054201e10
0.646	1.624365257431063e10
0.6465	1.625560149791891e10
0.647	1.6267549256190208e10
0.6475	1.6279495849435617e10
0.648	1.6291441277966202e10
0.6485	1.6303385542092958e10
0.649	1.6315328642126842e10
0.6495	1.6327270578378742e10
0.65	1.6339211351159494e10
0.6505	1.6351150960779894e10
0.651	1.6363089407550686e10
0.6515	1.6375026691782524e10
0.652	1.638696281378606e10
0.6525	1.6398897773871855e10
0.653	1.6410831572350437e10
0.6535	1.6422764209532267e10
0.654	1.6434695685727758e10
0.6545	1.644662600124728e10
0.655	1.645855515640113e10
0.6555	1.647048315149956e10
0.656	1.6482409986852776e10
0.6565	1.649433566277092e10
0.657	1.6506260179564077e10
0.6575	1.6518183537542297e10
0.658	1.6530105737015558e10
0.6585	1.6542026778293793e10
0.659	1.6553946661686872e10
0.6595	1.6565865387504622e10
0.66	1.6577782956056814e10
0.6605	1.6589699367653166e10
0.661	1.660161462260333e10
0.6615	1.661352872121692e10
0.662	1.6625441663803488e10
0.6625	1.6637353450672523e10
0.663	1.6649264082133492e10
0.6635	1.6661173558495771e10
0.664	1.6673081880068693e10
0.6645	1.6684989047161549e10
0.665	1.6696895060083574e10
0.6655	1.670879991914393e10
0.666	1.6720703624651741e10
0.6665	1.6732606176916088e10
0.667	1.6744507576245964e10
0.6675	1.6756407822950342e10
0.668	1.6768306917338106e10
0.6685	1.6780204859718128e10
0.669	1.6792101650399189e10
0.6695	1.6803997289690027e10
0.67	1.6815891777899351e10
0.6705	1.6827785115335773e10
0.671	1.6839677302307875e10
0.6715	1.6851568339124182e10
0.672	1.686345822609316e10
0.6725	1.687534696352323e10
0.673	1.6887234551722744e10
0.6735	1.6899120991000013e10
0.674	1.6911006281663284e10
0.6745	1.6922890424020756e10
0.675	1.6934773418380568e10
0.6755	1.6946655265050817e10
0.676	1.6958535964339525e10
0.6765	1.6970415516554665e10
0.677	1.6982293922004175e10
0.6775	1.6994171180995907e10
0.678	1.7006047293837696e10
0.6785	1.7017922260837276e10
0.679	1.7029796082302372e10
0.6795	1.7041668758540619e10
0.68	1.7053540289859623e10
0.6805	1.7065410676566914e10
0.681	1.7077279918969976e10
0.6815	1.7089148017376245e10
0.682	1.7101014972093094e10
0.6825	1.7112880783427841e10
0.683	1.7124745451687754e10
0.6835	1.7136608977180042e10
0.684	1.7148471360211853e10
0.6845	1.7160332601090298e10
0.685	1.7172192700122414e10
0.6855	1.718405165761519e10
0.686	1.7195909473875565e10
0.6865	1.7207766149210415e10
0.687	1.721962168392657e10
0.6875	1.723147607833079e10
0.6880000000000001	1.7243329332729797e10
0.6885	1.725518144743024e10
0.6890000000000001	1.7267032422738728e10
0.6895	1.727888225896181e10
0.6900000000000001	1.729073095640598e10
0.6905	1.7302578515377663e10
0.6910000000000001	1.7314424936183258e10
0.6915	1.732627021912908e10
0.6920000000000001	1.7338114364521408e10
0.6925	1.7349957372666447e10
0.6930000000000001	1.7361799243870365e10
0.6935	1.7373639978439262e10
0.6940000000000001	1.7385479576679195e10
0.6945	1.739731803889615e10
0.6950000000000001	1.7409155365396065e10
0.6955	1.742099155648483e10
0.6960000000000001	1.743282661246826e10
0.6965	1.7444660533652138e10
0.6970000000000001	1.7456493320342175e10
0.6975	1.7468324972844032e10
0.6980000000000001	1.748015549146331e10
0.6985	1.7491984876505554e10
0.6990000000000001	1.7503813128276276e10
0.6995	1.7515640247080887e10
0.7000000000000001	1.752746623322479e10
0.7005	1.753929108701329e10
0.7010000000000001	1.7551114808751682e10
0.7015	1.756293739874515e10
0.7020000000000001	1.757475885729888e10
0.7025	1.758657918471796e10
0.7030000000000001	1.7598398381307438e10
0.7035	1.76102164473723e10
0.704	1.7622033383217487e10
0.7045	1.7633849189147877e10
0.705	1.7645663865468285e10
0.7055	1.7657477412483482e10
0.706	1.7669289830498184e10
0.7065	1.7681101119817036e10
0.707	1.7692911280744633e10
0.7075	1.7704720313585537e10
0.708	1.771652821864421e10
0.7085	1.772833499622509e10
0.709	1.7740140646632553e10
0.7095	1.775194517017092e10
0.71	1.776374856714444e10
0.7105	1.7775550837857327e10
0.711	1.778735198261373e10
0.7115	1.7799152001717735e10
0.712	1.7810950895473373e10
0.7125	1.7822748664184643e10
0.713	1.783454530815545e10
0.7135	1.784634082768967e10
0.714	1.7858135223091106e10
0.7145	1.7869928494663513e10
0.715	1.788172064271059e10
0.7155	1.7893511667535988e10
0.716	1.7905301569443275e10
0.7165	1.7917090348735985e10
0.717	1.7928878005717594e10
0.7175	1.7940664540691513e10
0.718	1.795244995396109e10
0.7185	1.796423424582965e10
0.719	1.797601741660042e10
0.7195	1.798779946657659e10
0.72	1.7999580396061295e10
0.7205	1.8011360205357613e10
0.721	1.8023138894768547e10
0.7215	1.8034916464597076e10
0.722	1.8046692915146103e10
0.7225	1.805846824671847e10
0.723	1.807024245961696e10
0.7235	1.808201555414433e10
0.724	1.8093787530603233e10
0.7245	1.8105558389296303e10
0.725	1.8117328130526104e10
0.7255	1.812909675459514e10
0.726	1.8140864261805855e10
0.7265	1.815263065246065e10
0.727	1.816439592686186e10
0.7275	1.817616008531176e10
0.728	1.818792312811257e10
0.7285	1.8199685055566463e10
0.729	1.8211445867975544e10
0.7295	1.822320556564186e10
0.73	1.8234964148867405e10
0.7305	1.8246721617954117e10
0.731	1.825847797320388e10
0.7315	1.8270233214918503e10
0.732	1.828198734339976e10
0.7325	1.8293740358949364e10
0.733	1.830549226186895e10
0.7335	1.8317243052460125e10
0.734	1.832899273102443e10
0.7345	1.8340741297863327e10
0.735	1.835248875327824e10
0.7355	1.836423509757054e10
0.736	1.8375980331041534e10
0.7365	1.8387724453992466e10
0.737	1.839946746672453e10
0.7375	1.8411209369538864e10
0.738	1.842295016273653e10
0.7385	1.8434689846618576e10
0.739	1.844642842148593e10
0.7395	1.845816588763953e10
0.74	1.84699022453802e10
0.7405	1.8481637495008736e10
0.741	1.8493371636825863e10
0.7415	1.8505104671132282e10
0.742	1.8516836598228573e10
0.7425	1.852856741841532e10
0.743	1.854029713199301e10
0.7435	1.8552025739262104e10
0.744	1.8563753240522972e10
0.7445	1.8575479636075954e10
0.745	1.858720492622131e10
0.7455	1.859892911125926e10
0.746	1.8610652191489952e10
0.7465	1.8622374167213497e10
0.747	1.863409503872992e10
0.7475	1.8645814806339214e10
0.748	1.865753347034129e10
0.7485	1.866925103103603e10
0.749	1.8680967488723236e10
0.7495	1.8692682843702652e10
0.75	1.8704397096273975e10
0.7505000000000001	1.8716110246736835e10
0.751	1.872782229539082e10
0.7515000000000001	1.873953324253544e10
0.752	1.875124308847015e10
0.7525000000000001	1.8762951833494366e10
0.753	1.8774659477907425e10
0.7535000000000001	1.878636602200861e10
0.754	1.8798071466097153e10
0.7545000000000001	1.8809775810472225e10
0.755	1.8821479055432934e10
0.7555000000000001	1.883318120127834e10
0.756	1.8844882248307434e10
0.7565000000000001	1.8856582196819153e10
0.757	1.886828104711238e10
0.7575000000000001	1.887997879948593e10
0.758	1.8891675454238575e10
0.7585000000000001	1.8903371011669018e10
0.759	1.891506547207589e10
0.7595000000000001	1.89267588357578e10
0.76	1.893845110301326e10
0.7605000000000001	1.895014227414075e10
0.761	1.8961832349438686e10
0.7615000000000001	1.8973521329205418e10
0.762	1.8985209213739243e10
0.7625000000000001	1.8996896003338398e10
0.763	1.9008581698301067e10
0.7635000000000001	1.9020266298925358e10
0.764	1.9031949805509346e10
0.7645000000000001	1.904363221835104e10
0.765	1.9055313537748363e10
0.7655000000000001	1.9066993763999218e10
0.766	1.9078672897401432e10
0.7665000000000001	1.909035093825277e10
0.767	1.910202788685095e10
0.7675000000000001	1.9113703743493618e10
0.768	1.912537850847837e10
0.7685	1.9137052182102745e10
0.769	1.9148724764664207e10
0.7695	1.916039625646019e10
0.77	1.917206665778805e10
0.7705	1.9183735968945072e10
0.771	1.919540419022852e10
0.7715	1.920707132193556e10
0.772	1.9218737364363327e10
0.7725	1.9230402317808872e10
0.773	1.9242066182569214e10
0.7735	1.92537289589413e10
0.774	1.926539064722201e10
0.7745	1.9277051247708187e10
0.775	1.9288710760696594e10
0.7755	1.9300369186483944e10
0.776	1.9312026525366894e10
0.7765	1.9323682777642033e10
0.777	1.9335337943605896e10
0.7775	1.9346992023554955e10
0.778	1.935864501778564e10
0.7785	1.9370296926594303e10
0.779	1.9381947750277245e10
0.7795	1.93935974891307e10
0.78	1.9405246143450863e10
0.7805	1.9416893713533833e10
0.781	1.94285401996757e10
0.7815	1.9440185602172447e10
0.782	1.9451829921320026e10
0.7825	1.946347315741432e10
0.783	1.9475115310751163e10
0.7835	1.948675638162631e10
0.784	1.9498396370335484e10
0.7845	1.9510035277174316e10
0.785	1.9521673102438408e10
0.7855	1.953330984642329e10
0.786	1.9544945509424427e10
0.7865	1.9556580091737232e10
0.787	1.9568213593657055e10
0.7875	1.95798460154792e10
0.788	1.9591477357498886e10
0.7885	1.9603107620011288e10
0.789	1.961473680331153e10
0.7895	1.9626364907694664e10
0.79	1.9637991933455685e10
0.7905	1.964961788088953e10
0.791	1.9661242750291077e10
0.7915	1.9672866541955135e10
0.792	1.968448925617647e10
0.7925	1.969611089324978e10
0.793	1.9707731453469707e10
0.7935	1.9719350937130814e10
0.794	1.9730969344527637e10
0.7945	1.974258667595463e10
0.795	1.97542029317062e10
0.7955	1.9765818112076675e10
0.796	1.9777432217360348e10
0.7965	1.9789045247851437e10
0.797	1.980065720384411e10
0.7975	1.9812268085632446e10
0.798	1.982387789351051e10
0.7985	1.9835486627772278e10
0.799	1.984709428871167e10
0.7995	1.985870087662256e10
0.8	1.9870306391798737e10
0.8005	1.988191083453396e10
0.801	1.989351420512189e10
0.8015	1.990511650385618e10
0.802	1.991671773103037e10
0.8025	1.9928317886937965e10
0.803	1.9939916971872433e10
0.8035	1.995151498612713e10
0.804	1.996311192999541e10
0.8045	1.9974707803770504e10
0.805	1.998630260774564e10
0.8055	1.9997896342213955e10
0.806	2.0009489007468536e10
0.8065	2.0021080603802406e10
0.807	2.003267113150853e10
0.8075	2.004426059087981e10
0.808	2.0055848982209095e10
0.8085	2.0067436305789165e10
0.809	2.0079022561912754e10
0.8095	2.00906077508725e10
0.81	2.010219187296105e10
0.8105	2.0113774928470913e10
0.811	2.0125356917694588e10
0.8115	2.0136937840924484e10
0.812	2.0148517698452984e10
0.8125	2.016009649057238e10
0.8130000000000001	2.0171674217574913e10
0.8135	2.0183250879752773e10
0.8140000000000001	2.0194826477398087e10
0.8145	2.0206401010802902e10
0.8150000000000001	2.0217974480259224e10
0.8155	2.0229546886059006e10
0.8160000000000001	2.0241118228494125e10
0.8165	2.025268850785639e10
0.8170000000000001	2.0264257724437572e10
0.8175	2.0275825878529373e10
0.8180000000000001	2.028739297042343e10
0.8185	2.029895900041132e10
0.8190000000000001	2.0310523968784565e10
0.8195	2.032208787583463e10
0.8200000000000001	2.03336507218529e10
0.8205	2.0345212507130722e10
0.8210000000000001	2.0356773231959366e10
0.8215	2.036833289663006e10
0.8220000000000001	2.037989150143394e10
0.8225	2.039144904666213e10
0.8230000000000001	2.0403005532605644e10
0.8235	2.0414560959555466e10
0.8240000000000001	2.0426115327802505e10
0.8245	2.043766863763762e10
0.8250000000000001	2.0449220889351597e10
0.8255	2.046077208323517e10
0.8260000000000001	2.047232221957902e10
0.8265	2.0483871298673748e10
0.8270000000000001	2.0495419320809906e10
0.8275	2.0506966286277977e10
0.8280000000000001	2.051851219536841e10
0.8285	2.0530057048371555e10
0.8290000000000001	2.0541600845577724e10
0.8295	2.0553143587277164e10
0.8300000000000001	2.0564685273760063e10
0.8305	2.057622590531655e10
0.8310000000000001	2.0587765482236675e10
0.8315	2.059930400481046e10
0.8320000000000001	2.0610841473327835e10
0.8325	2.0622377888078686e10
0.833	2.063391324935283e10
0.8335	2.0645447557440033e10
0.834	2.0656980812629993e10
0.8345	2.0668513015212353e10
0.835	2.0680044165476677e10
0.8355	2.0691574263712494e10
0.836	2.0703103310209248e10
0.8365	2.0714631305256348e10
0.837	2.0726158249143116e10
0.8375	2.073768414215884e10
0.838	2.074920898459271e10
0.8385	2.0760732776733894e10
0.839	2.077225551887147e10
0.8395	2.078377721129448e10
0.84	2.079529785429187e10
0.8405	2.0806817448152573e10
0.841	2.0818335993165413e10
0.8415	2.0829853489619183e10
0.842	2.0841369937802612e10
0.8425	2.0852885338004353e10
0.843	2.086439969051301e10
0.8435	2.0875912995617115e10
0.844	2.088742525360516e10
0.8445	2.0898936464765556e10
0.845	2.0910446629386654e10
0.8455	2.0921955747756756e10
0.846	2.0933463820164093e10
0.8465	2.0944970846896835e10
0.847	2.0956476828243095e10
0.8475	2.0967981764490932e10
0.848	2.097948565592832e10
0.8485	2.0990988502843193e10
0.849	2.100249030552341e10
0.8495	2.101399106425679e10
0.85	2.102549077933106e10
0.8505	2.103698945103391e10
0.851	2.104848707965296e10
0.8515	2.1059983665475773e10
0.852	2.1071479208789833e10
0.8525	2.108297370988259e10
0.853	2.1094467169041416e10
0.8535	2.1105959586553623e10
0.854	2.1117450962706455e10
0.8545	2.112894129778711e10
0.855	2.1140430592082714e10
0.8555	2.1151918845880344e10
0.856	2.116340605946699e10
0.8565	2.1174892233129612e10
0.857	2.118637736715508e10
0.8575	2.1197861461830215e10
0.858	2.1209344517441776e10
0.8585	2.122082653427648e10
0.859	2.1232307512620945e10
0.8595	2.124378745276174e10
0.86	2.12552663549854e10
0.8605	2.126674421957836e10
0.861	2.1278221046827003e10
0.8615	2.128969683701769e10
0.862	2.1301171590436646e10
0.8625	2.1312645307370102e10
0.863	2.1324117988104187e10
0.8635	2.1335589632924995e10
0.864	2.1347060242118538e10
0.8645	2.135852981597077e10
0.865	2.1369998354767597e10
0.8655	2.138146585879485e10
0.866	2.139293232833829e10
0.8665	2.1404397763683643e10
0.867	2.1415862165116547e10
0.8675	2.1427325532922592e10
0.868	2.1438787867387306e10
0.8685	2.145024916879615e10
0.869	2.1461709437434525e10
0.8695	2.1473168673587772e10
0.87	2.1484626877541157e10
0.8705	2.149608404957991e10
0.871	2.1507540189989185e10
0.8715	2.1518995299054066e10
0.872	2.153044937705957e10
0.8725	2.1541902424290695e10
0.873	2.155335444103233e10
0.8735	2.156480542756931e10
0.874	2.1576255384186428e10
0.8745	2.1587704311168407e10
0.875	2.159915220879989e10
0.8755000000000001	2.161059907736549e10
0.876	2.1622044917149727e10
0.8765000000000001	2.163348972843709e10
0.877	2.1644933511511955e10
0.8775000000000001	2.1656376266658703e10
0.878	2.1667817994161602e10
0.8785000000000001	2.1679258694304882e10
0.879	2.1690698367372696e10
0.8795000000000001	2.170213701364915e10
0.88	2.1713574633418274e10
0.8805000000000001	2.172501122696405e10
0.881	2.1736446794570385e10
0.8815000000000001	2.174788133652113e10
0.882	2.175931485310007e10
0.8825000000000001	2.1770747344590935e10
0.883	2.1782178811277386e10
0.8835000000000001	2.1793609253443027e10
0.884	2.180503867137138e10
0.8845000000000001	2.1816467065345947e10
0.885	2.182789443565013e10
0.8855000000000001	2.1839320782567276e10
0.886	2.1850746106380684e10
0.8865000000000001	2.186217040737357e10
0.887	2.1873593685829105e10
0.8875000000000001	2.1885015942030396e10
0.888	2.1896437176260475e10
0.8885000000000001	2.190785738880233e10
0.889	2.191927657993886e10
0.8895000000000001	2.1930694749952934e10
0.89	2.1942111899127335e10
0.8905000000000001	2.195352802774479e10
0.891	2.196494313608796e10
0.8915000000000001	2.197635722443947e10
0.892	2.198777029308183e10
0.8925000000000001	2.1999182342297543e10
0.893	2.201059337236901e10
0.8935000000000001	2.202200338357859e10
0.894	2.2033412376208576e10
0.8945000000000001	2.204482035054119e10
0.895	2.20562273068586e10
0.8955000000000001	2.206763324544292e10
0.896	2.2079038166576164e10
0.8965	2.209044207054033e10
0.897	2.2101844957617336e10
0.8975	2.2113246828089027e10
0.898	2.2124647682237194e10
0.8985	2.2136047520343567e10
0.899	2.2147446342689804e10
0.8995	2.2158844149557514e10
0.9	2.217024094122824e10
0.9005	2.2181636717983448e10
0.901	2.219303148010456e10
0.9015	2.220442522787293e10
0.902	2.221581796156984e10
0.9025	2.2227209681476513e10
0.903	2.223860038787412e10
0.9035	2.2249990081043762e10
0.904	2.2261378761266476e10
0.9045	2.227276642882324e10
0.905	2.228415308399496e10
0.9055	2.2295538727062477e10
0.906	2.2306923358306602e10
0.9065	2.231830697800804e10
0.907	2.232968958644746e10
0.9075	2.2341071183905464e10
0.908	2.235245177066258e10
0.9085	2.2363831346999275e10
0.909	2.2375209913195976e10
0.9095	2.2386587469533016e10
0.91	2.239796401629069e10
0.9105	2.2409339553749207e10
0.911	2.2420714082188736e10
0.9115	2.2432087601889362e10
0.912	2.2443460113131134e10
0.9125	2.2454831616194004e10
0.913	2.2466202111357887e10
0.9135	2.247757159890263e10
0.914	2.2488940079107998e10
0.9145	2.2500307552253735e10
0.915	2.251167401861947e10
0.9155	2.252303947848481e10
0.916	2.2534403932129276e10
0.9165	2.2545767379832336e10
0.917	2.25571298218734e10
0.9175	2.2568491258531796e10
0.918	2.2579851690086803e10
0.9185	2.259121111681764e10
0.919	2.260256953900346e10
0.9195	2.2613926956923332e10
0.92	2.2625283370856308e10
0.9205	2.263663878108132e10
0.921	2.2647993187877293e10
0.9215	2.2659346591523037e10
0.922	2.2670698992297344e10
0.9225	2.2682050390478912e10
0.923	2.269340078634639e10
0.9235	2.2704750180178356e10
0.924	2.2716098572253334e10
0.9245	2.272744596284978e10
0.925	2.2738792352246082e10
0.9255	2.2750137740720566e10
0.926	2.2761482128551517e10
0.9265	2.2772825516017117e10
0.927	2.278416790339552e10
0.9275	2.279550929096479e10
0.928	2.2806849679002953e10
0.9285	2.281818906778794e10
0.929	2.2829527457597668e10
0.9295	2.284086484870994e10
0.93	2.285220124140251e10
0.9305	2.2863536635953087e10
0.931	2.2874871032639305e10
0.9315	2.2886204431738724e10
0.932	2.2897536833528866e10
0.9325	2.290886823828716e10
0.933	2.2920198646290993e10
0.9335	2.2931528057817684e10
0.934	2.294285647314448e10
0.9345	2.2954183892548573e10
0.935	2.2965510316307095e10
0.9355	2.2976835744697094e10
0.936	2.2988160177995586e10
0.9365	2.2999483616479504e10
0.937	2.301080606042572e10
0.9375	2.302212751011103e10
0.9380000000000001	2.3033447965812206e10
0.9385	2.304476742780591e10
0.9390000000000001	2.3056085896368763e10
0.9395	2.306740337177733e10
0.9400000000000001	2.3078719854308094e10
0.9405	2.3090035344237488e10
0.9410000000000001	2.310134984184187e10
0.9415	2.3112663347397556e10
0.9420000000000001	2.312397586118077e10
0.9425	2.3135287383467693e10
0.9430000000000001	2.314659791453444e10
0.9435	2.3157907454657043e10
0.9440000000000001	2.3169216004111504e10
0.9445	2.318052356317372e10
0.9450000000000001	2.319183013211957e10
0.9455	2.3203135711224846e10
0.9460000000000001	2.321444030076526e10
0.9465	2.322574390101649e10
0.9470000000000001	2.3237046512254135e10
0.9475	2.324834813475374e10
0.9480000000000001	2.3259648768790768e10
0.9485	2.3270948414640636e10
0.9490000000000001	2.3282247072578693e10
0.9495	2.329354474288022e10
0.9500000000000001	2.330484142582043e10
0.9505	2.33161371216745e10
0.9510000000000001	2.3327431830717503e10
0.9515	2.3338725553224476e10
0.9520000000000001	2.3350018289470383e10
0.9525	2.3361310039730125e10
0.9530000000000001	2.3372600804278534e10
0.9535	2.3383890583390392e10
0.9540000000000001	2.339517937734042e10
0.9545	2.3406467186403236e10
0.9550000000000001	2.3417754010853462e10
0.9555	2.342903985096557e10
0.9560000000000001	2.3440324707014053e10
0.9565	2.345160857927328e10
0.9570000000000001	2.3462891468017586e10
0.9575	2.347417337352124e10
0.9580000000000001	2.3485454296058434e10
0.9585	2.349673423590331e10
0.9590000000000001	2.350801319332994e10
0.9595	2.3519291168612328e10
0.96	2.3530568162024414e10
0.9605	2.35418441738401e10
0.961	2.3553119204333176e10
0.9615	2.356439325377741e10
0.962	2.357566632244649e10
0.9625	2.358693841061404e10
0.963	2.3598209518553616e10
0.9635	2.360947964653872e10
0.964	2.362074879484279e10
0.9645	2.363201696373919e10
0.965	2.3643284153501217e10
0.9655	2.3654550364402134e10
0.966	2.36658155967151e10
0.9665	2.3677079850713238e10
0.967	2.368834312666958e10
0.9675	2.369960542485714e10
0.968	2.371086674554882e10
0.9685	2.372212708901749e10
0.969	2.3733386455535927e10
0.9695	2.3744644845376877e10
0.97	2.3755902258812992e10
0.9705	2.3767158696116894e10
0.971	2.3778414157561096e10
0.9715	2.3789668643418083e10
0.972	2.3800922153960274e10
0.9725	2.3812174689459995e10
0.973	2.382342625018954e10
0.9735	2.3834676836421124e10
0.974	2.3845926448426895e10
0.9745	2.385717508647896e10
0.975	2.386842275084932e10
0.9755	2.3879669441809944e10
0.976	2.3890915159632732e10
0.9765	2.3902159904589516e10
0.977	2.3913403676952065e10
0.9775	2.3924646476992085e10
0.978	2.393588830498121e10
0.9785	2.394712916119102e10
0.979	2.395836904589302e10
0.9795	2.3969607959358677e10
0.98	2.3980845901859352e10
0.9805	2.399208287366638e10
0.981	2.4003318875051006e10
0.9815	2.4014553906284428e10
0.982	2.4025787967637768e10
0.9825	2.403702105938209e10
0.983	2.4048253181788395e10
0.9835	2.4059484335127613e10
0.984	2.4070714519670612e10
0.9845	2.4081943735688206e10
0.985	2.4093171983451134e10
0.9855	2.4104399263230057e10
0.986	2.4115625575295616e10
0.9865	2.4126850919918327e10
0.987	2.413807529736871e10
0.9875	2.4149298707917164e10
0.988	2.416052115183404e10
0.9885	2.4171742629389652e10
0.989	2.41829631408542e10
0.9895	2.4194182686497856e10
0.99	2.4205401266590725e10
0.9905	2.4216618881402843e10
0.991	2.422783553120417e10
0.9915	2.4239051216264606e10
0.992	2.425026593685402e10
0.9925	2.426147969324217e10
0.993	2.4272692485698746e10
0.9935	2.428390431449344e10
0.994	2.429511517989581e10
0.9945	2.4306325082175373e10
0.995	2.4317534021601597e10
0.9955	2.4328741998443863e10
0.996	2.4339949012971497e10
0.9965	2.4351155065453766e10
0.997	2.4362360156159863e10
0.9975	2.4373564285358936e10
0.998	2.4384767453320026e10
0.9985	2.4395969660312153e10
0.999	2.4407170906604256e10
0.9995	2.4418371192465206e10