0.	-7.801859020246807e-6
0.0005	-7.797874131367408e-6
0.001	-7.79389289466731e-6
0.0015	-7.789915812210653e-6
0.002	-7.785939133226878e-6
0.0025	-7.781962839531822e-6
0.003	-7.777986923719413e-6
0.0035	-7.774011367859962e-6
0.004	-7.770036157455793e-6
0.0045000000000000005	-7.766061278020559e-6
0.005	-7.762086715078766e-6
0.0055	-7.758112454165304e-6
0.006	-7.754138480825e-6
0.006500000000000001	-7.75016478061214e-6
0.007	-7.746191339090036e-6
0.0075	-7.74221814183058e-6
0.008	-7.73824517441379e-6
0.0085	-7.734272422427384e-6
0.009000000000000001	-7.730299871466346e-6
0.0095	-7.726327507132505e-6
0.01	-7.722355315034112e-6
0.0105	-7.718383280785432e-6
0.011	-7.71441139000632e-6
0.0115	-7.71043962832184e-6
0.012	-7.706467981361849e-6
0.0125	-7.702496434760616e-6
0.013000000000000001	-7.698524974156431e-6
0.0135	-7.694553585191235e-6
0.014	-7.690582253510234e-6
0.0145	-7.686609778862182e-6
0.015	-7.682637284271079e-6
0.0155	-7.678664824970024e-6
0.016	-7.674692396644658e-6
0.0165	-7.670719995904546e-6
0.017	-7.666747619022097e-6
0.0175	-7.662775262269695e-6
0.018000000000000002	-7.65880292191965e-6
0.0185	-7.654830594244174e-6
0.019	-7.650858275515352e-6
0.0195	-7.646885962005107e-6
0.02	-7.642913649985174e-6
0.0205	-7.638941335727063e-6
0.021	-7.634969015502052e-6
0.021500000000000002	-7.630996685581148e-6
0.022	-7.627024342235072e-6
0.0225	-7.6230519817342294e-6
0.023	-7.6190796003487075e-6
0.0235	-7.615107194348241e-6
0.024	-7.611134760002206e-6
0.0245	-7.6071622935796095e-6
0.025	-7.603189791349067e-6
0.025500000000000002	-7.599217249578801e-6
0.026000000000000002	-7.59524466453663e-6
0.0265	-7.591272032489964e-6
0.027	-7.587299349705803e-6
0.0275	-7.583326137946543e-6
0.028	-7.579352251126198e-6
0.0285	-7.57537831528319e-6
0.029	-7.571404337014771e-6
0.029500000000000002	-7.567430321422523e-6
0.03	-7.563456274128234e-6
0.0305	-7.559482200754163e-6
0.031	-7.55550810692297e-6
0.0315	-7.551533998257622e-6
0.032	-7.547559880381338e-6
0.0325	-7.543585758917488e-6
0.033	-7.539611639489529e-6
0.0335	-7.535637527720925e-6
0.034	-7.531663429235063e-6
0.0345	-7.52768934965518e-6
0.035	-7.523715294604272e-6
0.035500000000000004	-7.5197412697050345e-6
0.036000000000000004	-7.515767280579763e-6
0.0365	-7.511793332850286e-6
0.037	-7.50781943213788e-6
0.0375	-7.503845584063186e-6
0.038	-7.499871794246139e-6
0.0385	-7.495898068305874e-6
0.039	-7.491924411860652e-6
0.0395	-7.487950830527781e-6
0.04	-7.483977329923528e-6
0.0405	-7.480003915663039e-6
0.041	-7.476031755057646e-6
0.0415	-7.472059778540164e-6
0.042	-7.468087884471797e-6
0.0425	-7.464116067672196e-6
0.043000000000000003	-7.46014432303343e-6
0.043500000000000004	-7.456172645424711e-6
0.044	-7.452201029716116e-6
0.0445	-7.4482294707785195e-6
0.045	-7.444257963483528e-6
0.0455	-7.440286502703417e-6
0.046	-7.436315083311055e-6
0.0465	-7.432343700179854e-6
0.047	-7.428372348183685e-6
0.0475	-7.424401022196829e-6
0.048	-7.420429717093896e-6
0.0485	-7.416458427749774e-6
0.049	-7.412487149039548e-6
0.0495	-7.408515875838446e-6
0.05	-7.404544603021768e-6
0.0505	-7.400573325464823e-6
0.051000000000000004	-7.396602038042855e-6
0.051500000000000004	-7.392630735630988e-6
0.052000000000000005	-7.388659413104156e-6
0.0525	-7.384688065337031e-6
0.053	-7.3807166872039685e-6
0.0535	-7.376745273578929e-6
0.054	-7.372773380797387e-6
0.0545	-7.368800780834589e-6
0.055	-7.364828143126e-6
0.0555	-7.360855471953346e-6
0.056	-7.356882771612237e-6
0.0565	-7.352910046394173e-6
0.057	-7.348937300590922e-6
0.0575	-7.344964538494474e-6
0.058	-7.340991764397005e-6
0.0585	-7.33701898259082e-6
0.059000000000000004	-7.33304619736831e-6
0.059500000000000004	-7.329073413021909e-6
0.06	-7.3251006338440375e-6
0.0605	-7.321127864127066e-6
0.061	-7.317155108163259e-6
0.0615	-7.313182370244737e-6
0.062	-7.309209654663429e-6
0.0625	-7.305236965711016e-6
0.063	-7.301264307678891e-6
0.0635	-7.2972916848581175e-6
0.064	-7.293319101539373e-6
0.0645	-7.28934656201291e-6
0.065	-7.2853740705685005e-6
0.0655	-7.281401631495401e-6
0.066	-7.277429249082292e-6
0.0665	-7.2734569276172465e-6
0.067	-7.269484671387671e-6
0.0675	-7.265513175340333e-6
0.068	-7.261541842431399e-6
0.0685	-7.257570574956753e-6
0.069	-7.253599370505005e-6
0.0695	-7.249628226653607e-6
0.07	-7.2456571409803855e-6
0.07050000000000001	-7.241686111063514e-6
0.07100000000000001	-7.237715134481506e-6
0.07150000000000001	-7.233744208813197e-6
0.07200000000000001	-7.229773331637737e-6
0.0725	-7.225802500534555e-6
0.073	-7.221831713083376e-6
0.0735	-7.2178609668641795e-6
0.074	-7.213890259457196e-6
0.0745	-7.209919588442893e-6
0.075	-7.205948951401956e-6
0.0755	-7.2019783459152804e-6
0.076	-7.198007769563951e-6
0.0765	-7.1940372199292295e-6
0.077	-7.1900666945925365e-6
0.0775	-7.186096191135449e-6
0.078	-7.182125707139671e-6
0.0785	-7.178155240187025e-6
0.079	-7.17418478785944e-6
0.0795	-7.170214347738934e-6
0.08	-7.1662439174076025e-6
0.0805	-7.16227336179673e-6
0.081	-7.158302564012886e-6
0.0815	-7.1543317731452986e-6
0.082	-7.150360990023648e-6
0.0825	-7.146390215477918e-6
0.083	-7.142419450338078e-6
0.0835	-7.1384486954340835e-6
0.084	-7.134477951595859e-6
0.0845	-7.130507219653315e-6
0.085	-7.126536500436336e-6
0.0855	-7.1225657947747705e-6
0.08600000000000001	-7.118595103498456e-6
0.08650000000000001	-7.114624427437184e-6
0.08700000000000001	-7.110653767420726e-6
0.08750000000000001	-7.106683124278817e-6
0.088	-7.10271249884115e-6
0.0885	-7.09874189193739e-6
0.089	-7.094771304397162e-6
0.0895	-7.090800737050044e-6
0.09	-7.0868301907255795e-6
0.0905	-7.0828596662532616e-6
0.091	-7.078889164462545e-6
0.0915	-7.07491868618283e-6
0.092	-7.0709482322434694e-6
0.0925	-7.066977803473769e-6
0.093	-7.063007400702974e-6
0.0935	-7.059037024760281e-6
0.094	-7.055066795640495e-6
0.0945	-7.051096620821939e-6
0.095	-7.047126473049536e-6
0.0955	-7.04315635191174e-6
0.096	-7.03918625699255e-6
0.0965	-7.0352161878759985e-6
0.097	-7.031246144146142e-6
0.0975	-7.027276125387065e-6
0.098	-7.0233061311828774e-6
0.0985	-7.019336161117714e-6
0.099	-7.015366214775733e-6
0.0995	-7.011396291741125e-6
0.1	-7.007426391598094e-6
0.1005	-7.003456513930875e-6
0.101	-6.999486658323724e-6
0.1015	-6.995516824360925e-6
0.10200000000000001	-6.991547011626776e-6
0.10250000000000001	-6.987577219705602e-6
0.10300000000000001	-6.983607448181749e-6
0.10350000000000001	-6.979637696639587e-6
0.10400000000000001	-6.975667964663503e-6
0.1045	-6.971698251837906e-6
0.105	-6.967728557747226e-6
0.1055	-6.963758881975906e-6
0.106	-6.959789224108419e-6
0.1065	-6.955819583729248e-6
0.107	-6.95184991514484e-6
0.1075	-6.947880147042197e-6
0.108	-6.943910396949281e-6
0.1085	-6.939940665829751e-6
0.109	-6.935970954647628e-6
0.1095	-6.932001264366895e-6
0.11	-6.928031595951479e-6
0.1105	-6.9240619503652564e-6
0.111	-6.920092328572047e-6
0.1115	-6.916122731535612e-6
0.112	-6.912153160219653e-6
0.1125	-6.908183615587812e-6
0.113	-6.904214098603663e-6
0.1135	-6.90024461023071e-6
0.114	-6.896275151432393e-6
0.1145	-6.892305723172081e-6
0.115	-6.8883363264130645e-6
0.1155	-6.884366962118558e-6
0.116	-6.8803976312517016e-6
0.1165	-6.876428334775547e-6
0.117	-6.872459073653067e-6
0.11750000000000001	-6.868489848847153e-6
0.11800000000000001	-6.864520661320597e-6
0.11850000000000001	-6.860551512036112e-6
0.11900000000000001	-6.85658240195631e-6
0.11950000000000001	-6.852613332043709e-6
0.12	-6.8486443032607365e-6
0.1205	-6.84467553120791e-6
0.121	-6.840706875855946e-6
0.1215	-6.8367382602101e-6
0.122	-6.8327696827608905e-6
0.1225	-6.828801141998978e-6
0.123	-6.824832636415161e-6
0.1235	-6.820864164500374e-6
0.124	-6.816895724745676e-6
0.1245	-6.812927315642257e-6
0.125	-6.80895893568141e-6
0.1255	-6.804990583354551e-6
0.126	-6.801022257153194e-6
0.1265	-6.797053955568957e-6
0.127	-6.7930856770935445e-6
0.1275	-6.789117420218757e-6
0.128	-6.785149183436473e-6
0.1285	-6.781180965238644e-6
0.129	-6.7772127641173e-6
0.1295	-6.77324457856453e-6
0.13	-6.769276407072485e-6
0.1305	-6.765308248133368e-6
0.131	-6.761340100239429e-6
0.1315	-6.757371961882962e-6
0.132	-6.753403831556294e-6
0.1325	-6.749435707751788e-6
0.133	-6.745467588961825e-6
0.1335	-6.741499407579195e-6
0.134	-6.737530952150071e-6
0.1345	-6.733562500695896e-6
0.135	-6.729594054628893e-6
0.1355	-6.725625615361265e-6
0.136	-6.7216571843051945e-6
0.1365	-6.71768876287283e-6
0.137	-6.713720352476291e-6
0.1375	-6.709751954527649e-6
0.138	-6.705783570438942e-6
0.1385	-6.701815201622153e-6
0.139	-6.6978468494892095e-6
0.1395	-6.693878515451983e-6
0.14	-6.689910200922276e-6
0.1405	-6.685941907311827e-6
0.14100000000000001	-6.681973636032298e-6
0.14150000000000001	-6.67800538849527e-6
0.14200000000000002	-6.674037166112238e-6
0.14250000000000002	-6.670068970294612e-6
0.14300000000000002	-6.666100802453707e-6
0.14350000000000002	-6.662132664000736e-6
0.14400000000000002	-6.658164556346806e-6
0.1445	-6.654196480902917e-6
0.145	-6.650228439079955e-6
0.1455	-6.646260432288684e-6
0.146	-6.642292461939745e-6
0.1465	-6.6383245294436496e-6
0.147	-6.634356810615467e-6
0.1475	-6.630389226946164e-6
0.148	-6.626421681564878e-6
0.1485	-6.622454173579659e-6
0.149	-6.618486702098645e-6
0.1495	-6.614519266230051e-6
0.15	-6.610551865082175e-6
0.1505	-6.606584497763395e-6
0.151	-6.602617163382158e-6
0.1515	-6.5986498610469935e-6
0.152	-6.594682589866496e-6
0.1525	-6.590715348949332e-6
0.153	-6.5867481374042376e-6
0.1535	-6.582780954340016e-6
0.154	-6.578813798865527e-6
0.1545	-6.5748466700897036e-6
0.155	-6.5708795671215265e-6
0.1555	-6.566912489070042e-6
0.156	-6.562945435044352e-6
0.1565	-6.55897840415361e-6
0.157	-6.555011395507023e-6
0.1575	-6.551044408213844e-6
0.158	-6.547077441383382e-6
0.1585	-6.5431104941249825e-6
0.159	-6.539143565548043e-6
0.1595	-6.5351766547619975e-6
0.16	-6.531209739704432e-6
0.1605	-6.527242628162284e-6
0.161	-6.523275533914209e-6
0.1615	-6.519308458061383e-6
0.162	-6.515341401704927e-6
0.1625	-6.5113743659459114e-6
0.163	-6.5074073518853475e-6
0.1635	-6.503440360624188e-6
0.164	-6.49947339326332e-6
0.1645	-6.49550645090357e-6
0.165	-6.491539534645685e-6
0.1655	-6.487572645590351e-6
0.166	-6.4836057848381695e-6
0.1665	-6.47963895348967e-6
0.167	-6.475672152645294e-6
0.1675	-6.471705383405403e-6
0.168	-6.46773864687027e-6
0.1685	-6.463771944140077e-6
0.169	-6.459805276314911e-6
0.1695	-6.455838644494766e-6
0.17	-6.451872049779528e-6
0.1705	-6.4479054932689915e-6
0.171	-6.443938976062834e-6
0.1715	-6.43997249926063e-6
0.17200000000000001	-6.436006063961842e-6
0.17250000000000001	-6.4320396712658125e-6
0.17300000000000001	-6.428073322273374e-6
0.17350000000000002	-6.424107219608581e-6
0.17400000000000002	-6.4201413377827864e-6
0.17450000000000002	-6.416175498011786e-6
0.17500000000000002	-6.412209698177851e-6
0.17550000000000002	-6.408243936163468e-6
0.176	-6.4042782098513205e-6
0.1765	-6.400312517124288e-6
0.177	-6.396346855865423e-6
0.1775	-6.392381223957953e-6
0.178	-6.3884156192852575e-6
0.1785	-6.384450039730866e-6
0.179	-6.380484483178432e-6
0.1795	-6.376518947511743e-6
0.18	-6.372553430614693e-6
0.1805	-6.3685879303712735e-6
0.181	-6.36462244466557e-6
0.1815	-6.360656971381745e-6
0.182	-6.356691508404023e-6
0.1825	-6.3527260536166854e-6
0.183	-6.348760604904057e-6
0.1835	-6.344795160150501e-6
0.184	-6.340829717240393e-6
0.1845	-6.3368642740581235e-6
0.185	-6.3328988284880785e-6
0.1855	-6.328933378414634e-6
0.186	-6.324967921722428e-6
0.1865	-6.3210024562952805e-6
0.187	-6.317036174896406e-6
0.1875	-6.313069860122507e-6
0.188	-6.309103544204349e-6
0.1885	-6.305137232114427e-6
0.189	-6.3011709288252e-6
0.1895	-6.297204639309011e-6
0.19	-6.293238368538027e-6
0.1905	-6.289272121484183e-6
0.191	-6.285305903119117e-6
0.1915	-6.281339718414107e-6
0.192	-6.2773735723400055e-6
0.1925	-6.273407469867183e-6
0.193	-6.269441415965464e-6
0.1935	-6.26547541560406e-6
0.194	-6.261509473751517e-6
0.1945	-6.2575435953756435e-6
0.195	-6.253577785443454e-6
0.1955	-6.249612048921105e-6
0.196	-6.245646390773831e-6
0.1965	-6.241680815965887e-6
0.197	-6.237715329460488e-6
0.1975	-6.233749936219736e-6
0.198	-6.2297846412045675e-6
0.1985	-6.225819449374693e-6
0.199	-6.221854365688526e-6
0.1995	-6.21788939510585e-6
0.2	-6.213924881945365e-6
0.2005	-6.2099609901309445e-6
0.201	-6.205997216173396e-6
0.2015	-6.202033557881058e-6
0.202	-6.198070013062902e-6
0.2025	-6.194106579528531e-6
0.203	-6.190143255088153e-6
0.20350000000000001	-6.186180037552587e-6
0.20400000000000001	-6.18221692473323e-6
0.20450000000000002	-6.1782539144420615e-6
0.20500000000000002	-6.174291004491628e-6
0.20550000000000002	-6.170328192695022e-6
0.20600000000000002	-6.1663654768658825e-6
0.20650000000000002	-6.162402854818376e-6
0.20700000000000002	-6.15844032436718e-6
0.20750000000000002	-6.154477883327484e-6
0.20800000000000002	-6.1505155295149636e-6
0.2085	-6.1465532607457795e-6
0.209	-6.142591074836558e-6
0.2095	-6.138628969604383e-6
0.21	-6.134666942866783e-6
0.2105	-6.130704992441715e-6
0.211	-6.126743116147565e-6
0.2115	-6.122781311803119e-6
0.212	-6.118819577227562e-6
0.2125	-6.114857910225712e-6
0.213	-6.110896308646535e-6
0.2135	-6.106935683805997e-6
0.214	-6.102975315065364e-6
0.2145	-6.0990149879265725e-6
0.215	-6.09505469074455e-6
0.2155	-6.091094411875081e-6
0.216	-6.087134139674477e-6
0.2165	-6.083173862499225e-6
0.217	-6.0792135687056405e-6
0.2175	-6.075253246649543e-6
0.218	-6.071292884685893e-6
0.2185	-6.0673324711684665e-6
0.219	-6.063371994449497e-6
0.2195	-6.059411442879351e-6
0.22	-6.055450804806178e-6
0.2205	-6.051490068575563e-6
0.221	-6.0475292225301965e-6
0.2215	-6.043568255009529e-6
0.222	-6.039607154349425e-6
0.2225	-6.035645908881829e-6
0.223	-6.031684506934421e-6
0.2235	-6.0277229368302745e-6
0.224	-6.02376118688752e-6
0.2245	-6.019799245418996e-6
0.225	-6.015837100731921e-6
0.2255	-6.011874741044279e-6
0.226	-6.007912154815238e-6
0.2265	-6.003948578612469e-6
0.227	-5.9999821264124745e-6
0.2275	-5.996015446988105e-6
0.228	-5.992048557416141e-6
0.2285	-5.988081474782385e-6
0.229	-5.984114216180927e-6
0.2295	-5.9801467987134095e-6
0.23	-5.976179239488306e-6
0.2305	-5.972211555620173e-6
0.231	-5.9682437642289266e-6
0.2315	-5.964275882439104e-6
0.232	-5.960307927379131e-6
0.2325	-5.956339916180585e-6
0.233	-5.95237186597746e-6
0.2335	-5.948403793905433e-6
0.234	-5.944435717101126e-6
0.23450000000000001	-5.9404676527013756e-6
0.23500000000000001	-5.936499617842485e-6
0.23550000000000001	-5.932531629659501e-6
0.23600000000000002	-5.928563705285469e-6
0.23650000000000002	-5.924595861850711e-6
0.23700000000000002	-5.92062811648207e-6
0.23750000000000002	-5.916660486302188e-6
0.23800000000000002	-5.912692988428775e-6
0.23850000000000002	-5.908725639878215e-6
0.23900000000000002	-5.904758457929863e-6
0.23950000000000002	-5.900791459603987e-6
0.24	-5.8968265925476575e-6
0.2405	-5.892862879063652e-6
0.241	-5.888899359054541e-6
0.2415	-5.884936025075672e-6
0.242	-5.880972869685834e-6
0.2425	-5.877009885447134e-6
0.243	-5.873047064924855e-6
0.2435	-5.86908440068732e-6
0.244	-5.865121885305754e-6
0.2445	-5.861159511354156e-6
0.245	-5.857197271409157e-6
0.2455	-5.8532351580498885e-6
0.246	-5.849273163857843e-6
0.2465	-5.8453112814167516e-6
0.247	-5.841349503312426e-6
0.2475	-5.8373878221326575e-6
0.248	-5.8334262304670535e-6
0.2485	-5.829464720906913e-6
0.249	-5.825503286045107e-6
0.2495	-5.8215419184759214e-6
0.25	-5.817580610794945e-6
0.2505	-5.813619355598924e-6
0.251	-5.8096581454856325e-6
0.2515	-5.8056969730537376e-6
0.252	-5.801735830904932e-6
0.2525	-5.797774711631274e-6
0.253	-5.793813528131688e-6
0.2535	-5.7898514467517905e-6
0.254	-5.785889375113354e-6
0.2545	-5.781927314192058e-6
0.255	-5.777965264963563e-6
0.2555	-5.774003228403511e-6
0.256	-5.770041205487519e-6
0.2565	-5.766079197191174e-6
0.257	-5.762117204490034e-6
0.2575	-5.758155228359623e-6
0.258	-5.7541932697754315e-6
0.2585	-5.75023132971291e-6
0.259	-5.746269409147468e-6
0.2595	-5.742307509054467e-6
0.26	-5.7383456304092206e-6
0.2605	-5.734383774186997e-6
0.261	-5.730421941363002e-6
0.2615	-5.726460132912384e-6
0.262	-5.722498349810236e-6
0.2625	-5.718536593031584e-6
0.263	-5.714574863551381e-6
0.2635	-5.710613162344514e-6
0.264	-5.706651490385788e-6
0.2645	-5.702689848649937e-6
0.265	-5.6987282381613914e-6
0.2655	-5.694766659794955e-6
0.266	-5.690805114574356e-6
0.2665	-5.6868436224025325e-6
0.267	-5.68288218484953e-6
0.2675	-5.6789207828758305e-6
0.268	-5.67495941712785e-6
0.2685	-5.6709980882519544e-6
0.269	-5.667036796894452e-6
0.2695	-5.663075543701583e-6
0.27	-5.65911432931953e-6
0.2705	-5.655153154394412e-6
0.271	-5.651192019572286e-6
0.2715	-5.647230925499143e-6
0.272	-5.643269872820906e-6
0.2725	-5.63930886218343e-6
0.273	-5.63534789423251e-6
0.2735	-5.6313869696138605e-6
0.274	-5.627426088973129e-6
0.2745	-5.623465252955895e-6
0.275	-5.619504462207661e-6
0.2755	-5.615543717373852e-6
0.276	-5.611583019099827e-6
0.2765	-5.607622368030861e-6
0.277	-5.603661764812148e-6
0.2775	-5.599701210088815e-6
0.278	-5.595740704504851e-6
0.2785	-5.591780248707144e-6
0.279	-5.5878198433396545e-6
0.2795	-5.5838594890471746e-6
0.28	-5.579899394730538e-6
0.2805	-5.575939375859591e-6
0.281	-5.571979406242669e-6
0.28150000000000003	-5.568019484546356e-6
0.28200000000000003	-5.564059609437401e-6
0.28250000000000003	-5.5600997795827016e-6
0.28300000000000003	-5.556139993649316e-6
0.28350000000000003	-5.5521802503044415e-6
0.28400000000000003	-5.54822054821543e-6
0.28450000000000003	-5.544260886049758e-6
0.28500000000000003	-5.540301262475047e-6
0.28550000000000003	-5.536341676159048e-6
0.28600000000000003	-5.532382125769631e-6
0.28650000000000003	-5.528422609974788e-6
0.28700000000000003	-5.524463127442633e-6
0.28750000000000003	-5.520503676841387e-6
0.28800000000000003	-5.516544256839379e-6
0.2885	-5.512584866105038e-6
0.289	-5.5086255033069e-6
0.2895	-5.504666167113587e-6
0.29	-5.500706856193809e-6
0.2905	-5.496747569216371e-6
0.291	-5.492788304850295e-6
0.2915	-5.488829061764234e-6
0.292	-5.484869838627367e-6
0.2925	-5.4809106341087876e-6
0.293	-5.476951347694861e-6
0.2935	-5.472991832432838e-6
0.294	-5.469032335565748e-6
0.2945	-5.465072858686836e-6
0.295	-5.461113403389263e-6
0.2955	-5.457153971266106e-6
0.296	-5.45319456391035e-6
0.2965	-5.449235182914874e-6
0.297	-5.445275829872456e-6
0.2975	-5.441316506375763e-6
0.298	-5.437357214017339e-6
0.2985	-5.433397954389601e-6
0.299	-5.4294387290848425e-6
0.2995	-5.42547953969521e-6
0.3	-5.4215203878127095e-6
0.3005	-5.417561275029198e-6
0.301	-5.413602202936372e-6
0.3015	-5.4096431731257646e-6
0.302	-5.405684187188742e-6
0.3025	-5.401725246716488e-6
0.303	-5.397766353300008e-6
0.3035	-5.393807508530117e-6
0.304	-5.389848713997436e-6
0.3045	-5.385889971293914e-6
0.305	-5.381931282006708e-6
0.3055	-5.37797264772732e-6
0.306	-5.374014070045515e-6
0.3065	-5.370055838850304e-6
0.307	-5.366097801577639e-6
0.3075	-5.362139819607725e-6
0.308	-5.358181890929565e-6
0.3085	-5.354224013532432e-6
0.309	-5.350266185405868e-6
0.3095	-5.346308404539648e-6
0.31	-5.342350668923804e-6
0.3105	-5.338392976548589e-6
0.311	-5.334435325404478e-6
0.3115	-5.3304777134821515e-6
0.312	-5.326520138772495e-6
0.3125	-5.322562599266577e-6
0.313	-5.318605092955649e-6
0.3135	-5.314647617831134e-6
0.314	-5.3106901718846e-6
0.3145	-5.3067327531077765e-6
0.315	-5.302775359492526e-6
0.3155	-5.298817989030838e-6
0.316	-5.2948606397148195e-6
0.3165	-5.290903309536687e-6
0.317	-5.286945996488755e-6
0.3175	-5.282988698562775e-6
0.318	-5.279031413752591e-6
0.3185	-5.275074140050031e-6
0.319	-5.2711168754477e-6
0.3195	-5.267159593646131e-6
0.32	-5.26320193171279e-6
0.3205	-5.259244276538005e-6
0.321	-5.255286629587492e-6
0.3215	-5.251328992326937e-6
0.322	-5.247371366221984e-6
0.3225	-5.243413752738245e-6
0.323	-5.239456153341279e-6
0.3235	-5.235498569496595e-6
0.324	-5.231541002669644e-6
0.3245	-5.227583454325812e-6
0.325	-5.223625925930423e-6
0.3255	-5.219668418948718e-6
0.326	-5.2157109348458665e-6
0.3265	-5.211753475086945e-6
0.327	-5.207796041136951e-6
0.3275	-5.203838634460775e-6
0.328	-5.199881256523212e-6
0.3285	-5.195923908788952e-6
0.329	-5.191966592722566e-6
0.3295	-5.18800930978852e-6
0.33	-5.1840520614511404e-6
0.3305	-5.180094849176506e-6
0.331	-5.1761376744249644e-6
0.3315	-5.172180538662283e-6
0.332	-5.168223443352253e-6
0.3325	-5.164266389958515e-6
0.333	-5.160309420790268e-6
0.3335	-5.1563525483269646e-6
0.334	-5.152395721032905e-6
0.3345	-5.148438939583144e-6
0.335	-5.144482204652667e-6
0.3355	-5.140525516916376e-6
0.336	-5.1365688770491005e-6
0.3365	-5.1326122857255745e-6
0.337	-5.128655743620461e-6
0.3375	-5.124699251408333e-6
0.338	-5.120742809763683e-6
0.3385	-5.116786419360905e-6
0.339	-5.112830080874324e-6
0.3395	-5.108873794978161e-6
0.34	-5.104917562346556e-6
0.3405	-5.100961383653551e-6
0.341	-5.097005259573099e-6
0.3415	-5.093049190779064e-6
0.342	-5.089093177945204e-6
0.3425	-5.085137221745198e-6
0.343	-5.081181322852611e-6
0.3435	-5.077225481939147e-6
0.34400000000000003	-5.073269699681567e-6
0.34450000000000003	-5.069313976751541e-6
0.34500000000000003	-5.065358313822241e-6
0.34550000000000003	-5.0614027115667435e-6
0.34600000000000003	-5.057447170658019e-6
0.34650000000000003	-5.053492023834353e-6
0.34700000000000003	-5.049537014504284e-6
0.34750000000000003	-5.0455820622426774e-6
0.34800000000000003	-5.041627164255918e-6
0.34850000000000003	-5.037672317750764e-6
0.34900000000000003	-5.033717519934345e-6
0.34950000000000003	-5.029762768014129e-6
0.35000000000000003	-5.0258080591979075e-6
0.35050000000000003	-5.021853390693779e-6
0.35100000000000003	-5.0178987597101254e-6
0.35150000000000003	-5.0139441634555925e-6
0.352	-5.009989599139072e-6
0.3525	-5.0060350639696755e-6
0.353	-5.002080555156727e-6
0.3535	-4.998126069909732e-6
0.354	-4.994171605438363e-6
0.3545	-4.9902171589524384e-6
0.355	-4.986262727661902e-6
0.3555	-4.982308308776808e-6
0.356	-4.978353899507292e-6
0.3565	-4.974399497063562e-6
0.357	-4.970445098655898e-6
0.3575	-4.966490701494475e-6
0.358	-4.962536302789668e-6
0.3585	-4.958581899751753e-6
0.359	-4.9546274895909826e-6
0.3595	-4.950672941537051e-6
0.36	-4.946717763155131e-6
0.3605	-4.942762576675323e-6
0.361	-4.938807385626971e-6
0.3615	-4.9348521935394605e-6
0.362	-4.930897003942181e-6
0.3625	-4.926941820364504e-6
0.363	-4.922986646335742e-6
0.3635	-4.9190314853851285e-6
0.364	-4.9150763410417725e-6
0.3645	-4.911121216834641e-6
0.365	-4.907166116292516e-6
0.3655	-4.903211042943967e-6
0.366	-4.899256000317329e-6
0.3665	-4.895300991940656e-6
0.367	-4.891346021341695e-6
0.3675	-4.887391092047857e-6
0.368	-4.883436207586186e-6
0.3685	-4.879481371483323e-6
0.369	-4.8755265872654815e-6
0.3695	-4.871571858458408e-6
0.37	-4.867617188589129e-6
0.3705	-4.863662581178757e-6
0.371	-4.859708039753274e-6
0.3715	-4.8557535678362654e-6
0.372	-4.851799168950698e-6
0.3725	-4.847844846618888e-6
0.373	-4.84388816867107e-6
0.3735	-4.839929470110763e-6
0.374	-4.835970918332808e-6
0.3745	-4.832012555548483e-6
0.375	-4.828054423948985e-6
0.3755	-4.824096565700938e-6
0.376	-4.820139022941916e-6
0.3765	-4.8161818377759675e-6
0.377	-4.812225052269144e-6
0.3775	-4.808268708445056e-6
0.378	-4.804312848280399e-6
0.3785	-4.800357513700531e-6
0.379	-4.796402746575027e-6
0.3795	-4.792448588713266e-6
0.38	-4.78849508186002e-6
0.3805	-4.784542267691063e-6
0.381	-4.7805901878087755e-6
0.3815	-4.776638883737803e-6
0.382	-4.772688396920681e-6
0.3825	-4.768738768713512e-6
0.383	-4.7647900403972915e-6
0.3835	-4.760842253094879e-6
0.384	-4.756895447904969e-6
0.3845	-4.752949665795063e-6
0.385	-4.749004947625047e-6
0.3855	-4.7450613341430506e-6
0.386	-4.74111886598128e-6
0.3865	-4.737195466376583e-6
0.387	-4.733275517257793e-6
0.3875	-4.729356499671657e-6
0.388	-4.72543828615339e-6
0.3885	-4.72152074950136e-6
0.389	-4.717603762734846e-6
0.3895	-4.713687199052009e-6
0.39	-4.709770931787941e-6
0.3905	-4.705854834372879e-6
0.391	-4.701938780290449e-6
0.3915	-4.698022643035992e-6
0.392	-4.694106296074891e-6
0.3925	-4.690189612800908e-6
0.393	-4.686272466494468e-6
0.3935	-4.682354730280899e-6
0.394	-4.678436277088563e-6
0.3945	-4.6745169796068734e-6
0.395	-4.670596710244172e-6
0.3955	-4.666675341085405e-6
0.396	-4.6627527438496315e-6
0.3965	-4.658828808799388e-6
0.397	-4.654903371267443e-6
0.3975	-4.650976318043036e-6
0.398	-4.6470475188679635e-6
0.3985	-4.64311684289893e-6
0.399	-4.639184158665091e-6
0.3995	-4.635248878154563e-6
0.4	-4.631280646772997e-6
0.4005	-4.6273102225645e-6
0.401	-4.623337736485734e-6
0.4015	-4.619363320168917e-6
0.402	-4.615387105877228e-6
0.4025	-4.611409226459841e-6
0.403	-4.607429815306618e-6
0.4035	-4.603449006302517e-6
0.404	-4.599466933781713e-6
0.4045	-4.5954837324815325e-6
0.405	-4.591499537496172e-6
0.4055	-4.587514484230302e-6
0.406	-4.5835287083525425e-6
0.40650000000000003	-4.579542345748887e-6
0.40700000000000003	-4.575555532476094e-6
0.40750000000000003	-4.571568404715098e-6
0.40800000000000003	-4.567581098724461e-6
0.40850000000000003	-4.563593750793918e-6
0.40900000000000003	-4.5596064971980495e-6
0.40950000000000003	-4.55561945894757e-6
0.41000000000000003	-4.551632793241725e-6
0.41050000000000003	-4.547646628548836e-6
0.41100000000000003	-4.543661100954551e-6
0.41150000000000003	-4.539676346402674e-6
0.41200000000000003	-4.535692500648234e-6
0.41250000000000003	-4.5317096992099675e-6
0.41300000000000003	-4.527739820455631e-6
0.41350000000000003	-4.523780370829259e-6
0.41400000000000003	-4.519822073742502e-6
0.41450000000000004	-4.515864884375495e-6
0.41500000000000004	-4.511908758010815e-6
0.41550000000000004	-4.5079536500299215e-6
0.41600000000000004	-4.50399951590972e-6
0.4165	-4.500046311219258e-6
0.417	-4.496093991616525e-6
0.4175	-4.492142512845409e-6
0.418	-4.488191830732766e-6
0.4185	-4.484241901185637e-6
0.419	-4.480292680188593e-6
0.4195	-4.476344123801251e-6
0.42	-4.4723961881559226e-6
0.4205	-4.4684488294554185e-6
0.421	-4.464502003971032e-6
0.4215	-4.460555668040684e-6
0.422	-4.45660977806724e-6
0.4225	-4.452664316729287e-6
0.423	-4.448719181852807e-6
0.4235	-4.4447743630954586e-6
0.424	-4.440829817306682e-6
0.4245	-4.436885501350274e-6
0.425	-4.432941372098922e-6
0.4255	-4.428997386428907e-6
0.426	-4.425054066675144e-6
0.4265	-4.421105203688003e-6
0.427	-4.417156392208366e-6
0.4275	-4.413207631365409e-6
0.428	-4.409258920287994e-6
0.4285	-4.405310258104652e-6
0.429	-4.401361643943577e-6
0.4295	-4.3974130769326045e-6
0.43	-4.393464556199198e-6
0.4305	-4.38951608087046e-6
0.431	-4.385567650073107e-6
0.4315	-4.38161926293348e-6
0.432	-4.377670918577538e-6
0.4325	-4.373722616130866e-6
0.433	-4.36977435471868e-6
0.4335	-4.3658261334658355e-6
0.434	-4.361877951496841e-6
0.4345	-4.357929807935866e-6
0.435	-4.353981701906762e-6
0.4355	-4.350033634693473e-6
0.436	-4.346085601001418e-6
0.4365	-4.342137602187141e-6
0.437	-4.338189637377066e-6
0.4375	-4.3342417056976756e-6
0.438	-4.3302938062755115e-6
0.4385	-4.326345938237172e-6
0.439	-4.322398100709294e-6
0.4395	-4.318450241973351e-6
0.44	-4.3145022164733325e-6
0.4405	-4.310554221380165e-6
0.441	-4.306606257901087e-6
0.4415	-4.302658327243272e-6
0.442	-4.2987104306138346e-6
0.4425	-4.294762569219824e-6
0.443	-4.290814744268207e-6
0.4435	-4.286866956965882e-6
0.444	-4.2829192085196525e-6
0.4445	-4.278971500136236e-6
0.445	-4.275023833022249e-6
0.4455	-4.271076208384201e-6
0.446	-4.267128627428488e-6
0.4465	-4.26318109136139e-6
0.447	-4.25923360138905e-6
0.4475	-4.255286158717479e-6
0.448	-4.2513387645525355e-6
0.4485	-4.247391420099925e-6
0.449	-4.243444126625814e-6
0.4495	-4.23949688521776e-6
0.45	-4.235549697136766e-6
0.4505	-4.231602563587651e-6
0.451	-4.227655485775077e-6
0.4515	-4.223708464903534e-6
0.452	-4.219761502177329e-6
0.4525	-4.215814598800603e-6
0.453	-4.211867822749801e-6
0.4535	-4.207921169837778e-6
0.454	-4.203974578233686e-6
0.4545	-4.200028048056764e-6
0.455	-4.196081579426233e-6
0.4555	-4.1921351724612935e-6
0.456	-4.188188827281131e-6
0.4565	-4.18424254400491e-6
0.457	-4.180296322751772e-6
0.4575	-4.176350163640848e-6
0.458	-4.172404066791245e-6
0.4585	-4.16845803232205e-6
0.459	-4.164512060352333e-6
0.4595	-4.160566151001141e-6
0.46	-4.156620304387507e-6
0.4605	-4.152674520630444e-6
0.461	-4.148728799848943e-6
0.4615	-4.144783142161977e-6
0.462	-4.140837547686551e-6
0.4625	-4.136892016545422e-6
0.463	-4.132946548855644e-6
0.4635	-4.129001144736117e-6
0.464	-4.1250558043057195e-6
0.4645	-4.121110527683307e-6
0.465	-4.1171653149877195e-6
0.4655	-4.113220166337776e-6
0.466	-4.109275081852278e-6
0.4665	-4.105330231354346e-6
0.467	-4.1013854809573176e-6
0.4675	-4.097440791900819e-6
0.468	-4.093496162562693e-6
0.4685	-4.089551591321036e-6
0.46900000000000003	-4.085607076554182e-6
0.46950000000000003	-4.081662616640695e-6
0.47000000000000003	-4.077718209959367e-6
0.47050000000000003	-4.073773854889203e-6
0.47100000000000003	-4.069829549809427e-6
0.47150000000000003	-4.065885293099466e-6
0.47200000000000003	-4.061941083138939e-6
0.47250000000000003	-4.057996918307664e-6
0.47300000000000003	-4.054052796985643e-6
0.47350000000000003	-4.050108717553056e-6
0.47400000000000003	-4.0461646783902555e-6
0.47450000000000003	-4.042220677877752e-6
0.47500000000000003	-4.038276714397087e-6
0.47550000000000003	-4.034332786327338e-6
0.47600000000000003	-4.030388892050355e-6
0.47650000000000003	-4.026445029947248e-6
0.47700000000000004	-4.022501198399264e-6
0.47750000000000004	-4.018557395787769e-6
0.47800000000000004	-4.014613620494253e-6
0.47850000000000004	-4.010669870900315e-6
0.47900000000000004	-4.006726145387659e-6
0.47950000000000004	-4.0027823944112806e-6
0.48	-3.99883828049383e-6
0.4805	-3.994894189850637e-6
0.481	-3.990950124500896e-6
0.4815	-3.987006086463682e-6
0.482	-3.983062077757919e-6
0.4825	-3.979118100402382e-6
0.483	-3.9751741564156885e-6
0.4835	-3.971230247816285e-6
0.484	-3.967286376622438e-6
0.4845	-3.9633425448522185e-6
0.485	-3.959398754523496e-6
0.4855	-3.955455007653934e-6
0.486	-3.9515113062609636e-6
0.4865	-3.947567652361793e-6
0.487	-3.9436240479733776e-6
0.4875	-3.939680495112427e-6
0.488	-3.9357369957966446e-6
0.4885	-3.931793552039706e-6
0.489	-3.927850165858715e-6
0.4895	-3.923906839269266e-6
0.49	-3.919963574286642e-6
0.4905	-3.91602037292582e-6
0.491	-3.912077237201439e-6
0.4915	-3.908134169127813e-6
0.492	-3.904191170718907e-6
0.4925	-3.900248243988327e-6
0.493	-3.896305437005774e-6
0.4935	-3.892362775208042e-6
0.494	-3.8884201897586935e-6
0.4945	-3.884477681695285e-6
0.495	-3.88053525205518e-6
0.4955	-3.876592901875526e-6
0.496	-3.872650632193269e-6
0.4965	-3.868708444045133e-6
0.497	-3.864766338467635e-6
0.4975	-3.860824316497074e-6
0.498	-3.856882379169518e-6
0.4985	-3.852940527520827e-6
0.499	-3.8489987625866214e-6
0.4995	-3.845057085402303e-6
0.5	-3.841115497003033e-6
0.5005000000000001	-3.837173998423746e-6
0.501	-3.833232590699135e-6
0.5015000000000001	-3.829291274859091e-6
0.502	-3.825350051946651e-6
0.5025000000000001	-3.821408922991549e-6
0.503	-3.81746788902751e-6
0.5035000000000001	-3.813526951088012e-6
0.504	-3.8095861102062764e-6
0.5045000000000001	-3.8056453674152714e-6
0.505	-3.80170472374771e-6
0.5055000000000001	-3.7977641802360418e-6
0.506	-3.7938237379124523e-6
0.5065000000000001	-3.7898839209262183e-6
0.507	-3.785944460454785e-6
0.5075000000000001	-3.7820050932616672e-6
0.508	-3.7780658138270653e-6
0.5085000000000001	-3.7741266166324126e-6
0.509	-3.7701874961602848e-6
0.5095000000000001	-3.766248446894336e-6
0.51	-3.762309463319217e-6
0.5105000000000001	-3.7583705399204888e-6
0.511	-3.754431671184563e-6
0.5115000000000001	-3.750492851598609e-6
0.512	-3.7465540756504834e-6
0.5125	-3.742615337828652e-6
0.513	-3.73867663262211e-6
0.5135	-3.734737954520313e-6
0.514	-3.730799298013086e-6
0.5145	-3.7268606575908772e-6
0.515	-3.722922027743244e-6
0.5155	-3.7189834029611584e-6
0.516	-3.7150447777351955e-6
0.5165	-3.7111061465559174e-6
0.517	-3.707167503913812e-6
0.5175	-3.7032288442991966e-6
0.518	-3.6992901622021533e-6
0.5185	-3.6953514521124532e-6
0.519	-3.691412708519468e-6
0.5195	-3.687473925912105e-6
0.52	-3.683533800463255e-6
0.5205	-3.6795935293872135e-6
0.521	-3.6756532254213433e-6
0.5215	-3.6717128948550915e-6
0.522	-3.667772543978322e-6
0.5225	-3.663832179081225e-6
0.523	-3.6598918064542058e-6
0.5235	-3.655951432387791e-6
0.524	-3.652011063172534e-6
0.5245	-3.648070705098901e-6
0.525	-3.644130364457178e-6
0.5255	-3.640190047537377e-6
0.526	-3.636249760629117e-6
0.5265	-3.6323095100215497e-6
0.527	-3.628369302003233e-6
0.5275	-3.6244291428647114e-6
0.528	-3.6204890388874954e-6
0.5285	-3.6165489963605797e-6
0.529	-3.6126090215692103e-6
0.5295	-3.608669120797556e-6
0.53	-3.6047293003286127e-6
0.5305	-3.6007895664440985e-6
0.531	-3.5968499254243544e-6
0.5315	-3.5929103835482467e-6
0.532	-3.5889709470930635e-6
0.5325	-3.58503162233442e-6
0.533	-3.5810925404377855e-6
0.5335	-3.5771541252338672e-6
0.534	-3.5732158338198746e-6
0.5345	-3.569277666853668e-6
0.535	-3.565339624992893e-6
0.5355	-3.5614017088949824e-6
0.536	-3.5574639192171576e-6
0.5365	-3.55352625661642e-6
0.537	-3.5495887217495538e-6
0.5375	-3.5456513152731274e-6
0.538	-3.5417140378434825e-6
0.5385	-3.5377768901167513e-6
0.539	-3.5338398727488285e-6
0.5395	-3.5299029863953983e-6
0.54	-3.5259662317119085e-6
0.5405	-3.522029609345856e-6
0.541	-3.518093119964947e-6
0.5415	-3.5141567642188814e-6
0.542	-3.510220542762257e-6
0.5425	-3.5062844562494602e-6
0.543	-3.5023485053346453e-6
0.5435	-3.4984126906717407e-6
0.544	-3.4944770129144472e-6
0.5445	-3.490541472716236e-6
0.545	-3.4866060707303516e-6
0.5455	-3.482670807609806e-6
0.546	-3.478735684007372e-6
0.5465	-3.4748011733555663e-6
0.547	-3.4708674343848663e-6
0.5475	-3.466933823549832e-6
0.548	-3.4630003322392865e-6
0.5485	-3.4590669518446737e-6
0.549	-3.455133673759843e-6
0.5495	-3.4512004893808807e-6
0.55	-3.4472673901059004e-6
0.5505	-3.4433343673348787e-6
0.551	-3.4394014124694406e-6
0.5515	-3.435468516912695e-6
0.552	-3.4315356720690263e-6
0.5525	-3.427602869343924e-6
0.553	-3.4236701001437846e-6
0.5535	-3.4197373558757263e-6
0.554	-3.415804627949278e-6
0.5545	-3.4118719077665205e-6
0.555	-3.4079391867396195e-6
0.5555	-3.4040064562767893e-6
0.556	-3.400073707786033e-6
0.5565	-3.3961409326749576e-6
0.557	-3.392208122350586e-6
0.5575	-3.3882752682191714e-6
0.558	-3.3843423616860054e-6
0.5585	-3.3804093941552364e-6
0.559	-3.376476357029678e-6
0.5595	-3.3725432417106246e-6
0.56	-3.3686085841399e-6
0.5605	-3.364673028584344e-6
0.561	-3.360737400074236e-6
0.5615	-3.35680170901892e-6
0.562	-3.3528659658293814e-6
0.5625	-3.3489301809179665e-6
0.5630000000000001	-3.344994364698128e-6
0.5635	-3.341058527584126e-6
0.5640000000000001	-3.3371226799907617e-6
0.5645	-3.333186832333113e-6
0.5650000000000001	-3.3292509950262426e-6
0.5655	-3.325315178484929e-6
0.5660000000000001	-3.3213793931233976e-6
0.5665	-3.3174436493550403e-6
0.5670000000000001	-3.3135079575948717e-6
0.5675	-3.309572328247286e-6
0.5680000000000001	-3.305636771724847e-6
0.5685	-3.301701298434915e-6
0.5690000000000001	-3.2977659187826646e-6
0.5695	-3.2938306431708178e-6
0.5700000000000001	-3.2898954819993664e-6
0.5705	-3.285960445665299e-6
0.5710000000000001	-3.282025544562319e-6
0.5715	-3.2780907890805773e-6
0.5720000000000001	-3.2741561896063965e-6
0.5725	-3.2702217565219847e-6
0.5730000000000001	-3.266287500205179e-6
0.5735	-3.262355264319019e-6
0.5740000000000001	-3.2584234794933727e-6
0.5745	-3.2544918692971777e-6
0.5750000000000001	-3.2505604265042985e-6
0.5755	-3.2466291438916715e-6
0.5760000000000001	-3.2426980142391556e-6
0.5765	-3.238767030329424e-6
0.577	-3.2348361849478204e-6
0.5775	-3.2309054708822187e-6
0.578	-3.226974880922915e-6
0.5785	-3.2230444078624783e-6
0.579	-3.2191140444956336e-6
0.5795	-3.2151837836191153e-6
0.58	-3.2112536180218443e-6
0.5805	-3.2073235405203366e-6
0.581	-3.2033935439108722e-6
0.5815	-3.19946362099706e-6
0.582	-3.195533764583858e-6
0.5825	-3.191603967477416e-6
0.583	-3.187674222484958e-6
0.5835	-3.1837445224146447e-6
0.584	-3.1798148600754394e-6
0.5845	-3.1758852282769727e-6
0.585	-3.171955619829426e-6
0.5855	-3.1680260275433793e-6
0.586	-3.1640964442296956e-6
0.5865	-3.1601667665966595e-6
0.587	-3.15623578085374e-6
0.5875	-3.152304795012302e-6
0.588	-3.148373813583045e-6
0.5885	-3.1444428410766203e-6
0.589	-3.1405118820035867e-6
0.5895	-3.1365809408743367e-6
0.59	-3.132650022199076e-6
0.5905	-3.1287191304877317e-6
0.591	-3.1247882702499316e-6
0.5915	-3.120857445994939e-6
0.592	-3.1169266622315967e-6
0.5925	-3.1129959234682714e-6
0.593	-3.109065234242481e-6
0.5935	-3.1051345990035393e-6
0.594	-3.1012040222857936e-6
0.5945	-3.097273508595149e-6
0.595	-3.0933430624368062e-6
0.5955	-3.089412688315188e-6
0.596	-3.085482390733895e-6
0.5965	-3.0815521741956576e-6
0.597	-3.0776220432022825e-6
0.5975	-3.073692002254595e-6
0.598	-3.0697620558523963e-6
0.5985	-3.0658322084944075e-6
0.599	-3.061902464678217e-6
0.5995	-3.0579728289002362e-6
0.6	-3.054043480181652e-6
0.6005	-3.050114728298296e-6
0.601	-3.046186090942868e-6
0.6015	-3.042257567131236e-6
0.602	-3.0383291558795617e-6
0.6025	-3.0344008562042686e-6
0.603	-3.0304726671220707e-6
0.6035	-3.0265445876499413e-6
0.604	-3.022616616805138e-6
0.6045	-3.018688753605171e-6
0.605	-3.0147609970678264e-6
0.6055	-3.010833346211148e-6
0.606	-3.0069058000534434e-6
0.6065	-3.002978357604674e-6
0.607	-2.999051017899614e-6
0.6075	-2.9951237799500066e-6
0.608	-2.9911966427752026e-6
0.6085	-2.9872696053948126e-6
0.609	-2.9833426668286865e-6
0.6095	-2.9794158260969254e-6
0.61	-2.9754890822198704e-6
0.6105	-2.971562434218104e-6
0.611	-2.9676358811124485e-6
0.6115	-2.9637094219239595e-6
0.612	-2.9597830556739257e-6
0.6125	-2.9558567813838675e-6
0.613	-2.9519305980755336e-6
0.6135	-2.9480044122956703e-6
0.614	-2.9440781996927155e-6
0.6145	-2.9401520776660423e-6
0.615	-2.936226046980791e-6
0.6155	-2.932300108401919e-6
0.616	-2.9283742626942102e-6
0.6165	-2.9244485106222583e-6
0.617	-2.92052285295048e-6
0.6175	-2.9165972904431027e-6
0.618	-2.912671823864173e-6
0.6185	-2.9087464539775413e-6
0.619	-2.9048211815468764e-6
0.6195	-2.900896007350147e-6
0.62	-2.8969709321218774e-6
0.6205	-2.8930459566392697e-6
0.621	-2.889121081665214e-6
0.6215	-2.8851963079624007e-6
0.622	-2.881271636293323e-6
0.6225	-2.877347067420275e-6
0.623	-2.8734226021053526e-6
0.6235	-2.8694982411104506e-6
0.624	-2.865573985197251e-6
0.6245	-2.861649835127241e-6
0.625	-2.857725791661698e-6
0.6255000000000001	-2.8538018555616897e-6
0.626	-2.8498780275880743e-6
0.6265000000000001	-2.8459543085015017e-6
0.627	-2.8420309892044553e-6
0.6275000000000001	-2.8381079697341637e-6
0.628	-2.8341850549648867e-6
0.6285000000000001	-2.8302622416464636e-6
0.629	-2.8263395265295734e-6
0.6295000000000001	-2.8224169063657077e-6
0.63	-2.818494377907137e-6
0.6305000000000001	-2.8145719379069036e-6
0.631	-2.8106495831187695e-6
0.6315000000000001	-2.806727310297204e-6
0.632	-2.8028051161973574e-6
0.6325000000000001	-2.7988829975722775e-6
0.633	-2.7949609511839364e-6
0.6335000000000001	-2.791038973786583e-6
0.634	-2.787117062137805e-6
0.6345000000000001	-2.7831952129957273e-6
0.635	-2.7792734231190006e-6
0.6355000000000001	-2.775351689266759e-6
0.636	-2.7714300081985994e-6
0.6365000000000001	-2.7675083766745542e-6
0.637	-2.763586791455067e-6
0.6375000000000001	-2.759665249300961e-6
0.638	-2.7557437469734156e-6
0.6385000000000001	-2.7518222812339377e-6
0.639	-2.7479008488443378e-6
0.6395000000000001	-2.743979446566701e-6
0.64	-2.7400580711633586e-6
0.6405	-2.7361360535032208e-6
0.641	-2.7322138296435455e-6
0.6415	-2.72829163597539e-6
0.642	-2.7243694767331277e-6
0.6425	-2.7204473561507626e-6
0.643	-2.716525278461875e-6
0.6435	-2.7126032478995885e-6
0.644	-2.708681268696506e-6
0.6445	-2.7047593450846903e-6
0.645	-2.7008374812955886e-6
0.6455	-2.696915681564022e-6
0.646	-2.6929939501121943e-6
0.6465	-2.689072291173325e-6
0.647	-2.6851507089760044e-6
0.6475	-2.681229207748002e-6
0.648	-2.677307791716205e-6
0.6485	-2.673386465106602e-6
0.649	-2.669465232144194e-6
0.6495	-2.665544097052993e-6
0.65	-2.661623064055942e-6
0.6505	-2.6577021373748985e-6
0.651	-2.653781321230561e-6
0.6515	-2.6498606198424494e-6
0.652	-2.6459400374288373e-6
0.6525	-2.6420195782067243e-6
0.653	-2.6380992463917792e-6
0.6535	-2.6341790461983045e-6
0.654	-2.6302585491696293e-6
0.6545	-2.626338135106847e-6
0.655	-2.6224178730572078e-6
0.6555	-2.6184977713321657e-6
0.656	-2.61457783823976e-6
0.6565	-2.610658082084465e-6
0.657	-2.606738511166982e-6
0.6575	-2.602819133784096e-6
0.658	-2.598899958228473e-6
0.6585	-2.5949809927885007e-6
0.659	-2.5910622457321056e-6
0.6595	-2.587143725368491e-6
0.66	-2.583225439958154e-6
0.6605	-2.579307397770632e-6
0.661	-2.575389607070313e-6
0.6615	-2.571472076116268e-6
0.662	-2.567554813162067e-6
0.6625	-2.5636378264556234e-6
0.663	-2.559721124239005e-6
0.6635	-2.555804714748272e-6
0.664	-2.551888606213308e-6
0.6645	-2.547972806857638e-6
0.665	-2.5440573248982675e-6
0.6655	-2.5401421685455084e-6
0.666	-2.5362273460028095e-6
0.6665	-2.5323128654665884e-6
0.667	-2.528398679824834e-6
0.6675	-2.524489262722607e-6
0.668	-2.520580175418244e-6
0.6685	-2.516671390090778e-6
0.669	-2.5127628789407035e-6
0.6695	-2.508854614187975e-6
0.67	-2.504946568070025e-6
0.6705	-2.501038712839774e-6
0.671	-2.497131020763646e-6
0.6715	-2.493223464119595e-6
0.672	-2.489316015177512e-6
0.6725	-2.4854086462732145e-6
0.673	-2.481501329685018e-6
0.6735	-2.4775940377170363e-6
0.674	-2.4736867426749977e-6
0.6745	-2.4697794168642933e-6
0.675	-2.4658720325880037e-6
0.6755	-2.4619645621449327e-6
0.676	-2.4580569778276587e-6
0.6765	-2.4541492519205643e-6
0.677	-2.4502413566978814e-6
0.6775	-2.446333264421732e-6
0.678	-2.442424947340172e-6
0.6785	-2.4385163776852294e-6
0.679	-2.4346075276709507e-6
0.6795	-2.430698369491446e-6
0.68	-2.426788875318916e-6
0.6805	-2.4228788080505267e-6
0.681	-2.418961872601503e-6
0.6815	-2.415044572724796e-6
0.682	-2.4111269359993024e-6
0.6825	-2.4072089900274475e-6
0.683	-2.4032907624332083e-6
0.6835	-2.3993722808601646e-6
0.684	-2.395453572969544e-6
0.6845	-2.391534666438254e-6
0.685	-2.387615588902595e-6
0.6855	-2.383696368207953e-6
0.686	-2.3797770319672852e-6
0.6865	-2.3758576078994546e-6
0.687	-2.371938123729852e-6
0.6875	-2.368018607188475e-6
0.6880000000000001	-2.3640990860079793e-6
0.6885	-2.360179587921745e-6
0.6890000000000001	-2.3562601406619372e-6
0.6895	-2.3523407719575437e-6
0.6900000000000001	-2.348421509532429e-6
0.6905	-2.3445023811033717e-6
0.6910000000000001	-2.340583414378097e-6
0.6915	-2.336664637053301e-6
0.6920000000000001	-2.332746076812694e-6
0.6925	-2.3288277613250017e-6
0.6930000000000001	-2.324909718241983e-6
0.6935	-2.320991975196451e-6
0.6940000000000001	-2.317075185035542e-6
0.6945	-2.313162347199575e-6
0.6950000000000001	-2.309249850752866e-6
0.6955	-2.305337688170681e-6
0.6960000000000001	-2.301425851934517e-6
0.6965	-2.2975143345319737e-6
0.6970000000000001	-2.293603128456614e-6
0.6975	-2.289692226207837e-6
0.6980000000000001	-2.2857816202907403e-6
0.6985	-2.2818713037104738e-6
0.6990000000000001	-2.2779612679096196e-6
0.6995	-2.2740515059845603e-6
0.7000000000000001	-2.2701420104645593e-6
0.7005	-2.266232773883947e-6
0.7010000000000001	-2.2623237887819523e-6
0.7015	-2.2584150477025582e-6
0.7020000000000001	-2.254506543194345e-6
0.7025	-2.2505982678103465e-6
0.7030000000000001	-2.2466902141079013e-6
0.7035	-2.242782374648499e-6
0.704	-2.2388747419976333e-6
0.7045	-2.234967308724655e-6
0.705	-2.2310600674026293e-6
0.7055	-2.227153010608183e-6
0.706	-2.223246130921366e-6
0.7065	-2.219339420925503e-6
0.707	-2.215432873207054e-6
0.7075	-2.2115263566135236e-6
0.708	-2.2076194921761556e-6
0.7085	-2.203712773998813e-6
0.709	-2.1998061997933114e-6
0.7095	-2.195899767272264e-6
0.71	-2.1919934741490674e-6
0.7105	-2.188087318137889e-6
0.711	-2.1841812969536593e-6
0.7115	-2.180275408593825e-6
0.712	-2.176369650206356e-6
0.7125	-2.172464019791744e-6
0.713	-2.1685585150680433e-6
0.7135	-2.1646531337540337e-6
0.714	-2.1607478735692195e-6
0.7145	-2.1568427322338055e-6
0.715	-2.1529377074686932e-6
0.7155	-2.149032796995464e-6
0.716	-2.145127998536358e-6
0.7165	-2.1412233098142736e-6
0.717	-2.137318728552746e-6
0.7175	-2.133414252475934e-6
0.718	-2.129509879308608e-6
0.7185	-2.125605606776141e-6
0.719	-2.1217014326044864e-6
0.7195	-2.1177973545201665e-6
0.72	-2.1138933702502716e-6
0.7205	-2.1099894775224236e-6
0.721	-2.106085233148027e-6
0.7215	-2.1021795474830434e-6
0.722	-2.0982739665993233e-6
0.7225	-2.094368504505044e-6
0.723	-2.0904631752041393e-6
0.7235	-2.0865579926957704e-6
0.724	-2.082652970973864e-6
0.7245	-2.078748124014577e-6
0.725	-2.0748434658235706e-6
0.7255	-2.070939010364407e-6
0.726	-2.067034771604971e-6
0.7265	-2.063130763505388e-6
0.727	-2.059227000017529e-6
0.7275	-2.055323495084513e-6
0.728	-2.0514202626402167e-6
0.7285	-2.047517316608768e-6
0.729	-2.0436146709040665e-6
0.7295	-2.0397123394292773e-6
0.73	-2.035810336076348e-6
0.7305	-2.0319086747255044e-6
0.731	-2.0280073692447737e-6
0.7315	-2.024106433489484e-6
0.732	-2.020205881301781e-6
0.7325	-2.0163057265101378e-6
0.733	-2.0124059829288604e-6
0.7335	-2.0085066643576194e-6
0.734	-2.0046077845809423e-6
0.7345	-2.000710667403495e-6
0.735	-1.9968183633899616e-6
0.7355	-1.9929264802377824e-6
0.736	-1.989034985276064e-6
0.7365	-1.985143845866509e-6
0.737	-1.981253029400679e-6
0.7375	-1.9773625031485107e-6
0.738	-1.973472234854969e-6
0.7385	-1.9695821918363693e-6
0.739	-1.9656923415760673e-6
0.7395	-1.9618026515733405e-6
0.74	-1.957913089340656e-6
0.7405	-1.954023622400936e-6
0.741	-1.9501342182848284e-6
0.7415	-1.9462448445279892e-6
0.742	-1.942355468668368e-6
0.7425	-1.9384660582434937e-6
0.743	-1.9345765807877583e-6
0.7435	-1.93068700382973e-6
0.744	-1.9267972948894397e-6
0.7445	-1.9229074214756822e-6
0.745	-1.9190173510833287e-6
0.7455	-1.9151270511906286e-6
0.746	-1.9112364892565253e-6
0.7465	-1.9073456327179615e-6
0.747	-1.9034544489871883e-6
0.7475	-1.8995629054490973e-6
0.748	-1.8956697634978392e-6
0.7485	-1.89176947337406e-6
0.749	-1.887868797993537e-6
0.7495	-1.8839677699119931e-6
0.75	-1.880066421714194e-6
0.7505000000000001	-1.876164786011198e-6
0.751	-1.872262895195499e-6
0.7515000000000001	-1.8683607824913183e-6
0.752	-1.8644584802313254e-6
0.7525000000000001	-1.860556021101415e-6
0.753	-1.8566534378009564e-6
0.7535000000000001	-1.8527507630401126e-6
0.754	-1.8488480295371462e-6
0.7545000000000001	-1.8449452700157199e-6
0.755	-1.8410425172021893e-6
0.7555000000000001	-1.8371398038228894e-6
0.756	-1.8332371626014137e-6
0.7565000000000001	-1.8293346262558809e-6
0.757	-1.8254322274962025e-6
0.7575000000000001	-1.8215299990213297e-6
0.758	-1.8176279735165142e-6
0.7585000000000001	-1.8137261836505354e-6
0.759	-1.8098246620729428e-6
0.7595000000000001	-1.8059234414112709e-6
0.76	-1.802022554268273e-6
0.7605000000000001	-1.7981220332191092e-6
0.761	-1.7942219108085651e-6
0.7615000000000001	-1.7903230060841837e-6
0.762	-1.7864289500520175e-6
0.7625000000000001	-1.7825353392026652e-6
0.763	-1.7786421633962799e-6
0.7635000000000001	-1.7747494125040433e-6
0.764	-1.7708570772958137e-6
0.7645000000000001	-1.7669651457605008e-6
0.765	-1.7630736088061074e-6
0.7655000000000001	-1.7591824563497716e-6
0.766	-1.7552916783185395e-6
0.7665000000000001	-1.751401264649105e-6
0.767	-1.7475112052875218e-6
0.7675000000000001	-1.7436214901889207e-6
0.768	-1.7397321093172436e-6
0.7685	-1.7358430526449636e-6
0.769	-1.7319543101528075e-6
0.7695	-1.728065871829492e-6
0.77	-1.7241777276714453e-6
0.7705	-1.7202898676825398e-6
0.771	-1.7164022818738217e-6
0.7715	-1.7125149602632502e-6
0.772	-1.7086278928754238e-6
0.7725	-1.704741069741326e-6
0.773	-1.7008544808980522e-6
0.7735	-1.696968116388564e-6
0.774	-1.6930819662614197e-6
0.7745	-1.6891960205705242e-6
0.775	-1.6853101827780648e-6
0.7755	-1.68142330300627e-6
0.776	-1.6775366094867858e-6
0.7765	-1.6736501030198838e-6
0.777	-1.6697637848895765e-6
0.7775	-1.6658776549313477e-6
0.778	-1.6619917144177956e-6
0.7785	-1.658105964147357e-6
0.779	-1.6542204049180671e-6
0.7795	-1.6503350375275713e-6
0.78	-1.6464498627731137e-6
0.7805	-1.6425648814515396e-6
0.781	-1.6386800943592924e-6
0.7815	-1.6347955022924174e-6
0.782	-1.6309111060465487e-6
0.7825	-1.6270269064169164e-6
0.783	-1.6231429041983448e-6
0.7835	-1.6192591001852488e-6
0.784	-1.6153754951716304e-6
0.7845	-1.6114920899510754e-6
0.785	-1.607608885316761e-6
0.7855	-1.6037258820614394e-6
0.786	-1.599843080977454e-6
0.7865	-1.5959604828567214e-6
0.787	-1.5920780884907358e-6
0.7875	-1.588195898670568e-6
0.788	-1.5843139141868613e-6
0.7885	-1.580432135829837e-6
0.789	-1.5765350983672696e-6
0.7895	-1.5726374956244024e-6
0.79	-1.5687403667482327e-6
0.7905	-1.564843847497814e-6
0.791	-1.5609480732939034e-6
0.7915	-1.5570531793415366e-6
0.792	-1.5531593005412602e-6
0.7925	-1.549266571442987e-6
0.793	-1.5453751262000864e-6
0.7935	-1.541485098523817e-6
0.794	-1.53759662163806e-6
0.7945	-1.533709828234447e-6
0.795	-1.5298248504278597e-6
0.7955	-1.52594181971238e-6
0.796	-1.5220608669176837e-6
0.7965	-1.5181821221659321e-6
0.797	-1.5143057148291775e-6
0.7975	-1.5104317734873293e-6
0.798	-1.506560425886662e-6
0.7985	-1.5026917988989704e-6
0.799	-1.4988260184813166e-6
0.7995	-1.4949632096364541e-6
0.8	-1.4911034963739134e-6
0.8005	-1.4872470016718168e-6
0.801	-1.483393847439395e-6
0.8015	-1.4795441544802586e-6
0.802	-1.4756980424564614e-6
0.8025	-1.4719047944179653e-6
0.803	-1.4681283258166934e-6
0.8035	-1.4643547007603905e-6
0.804	-1.4605836625733694e-6
0.8045	-1.4568148070672047e-6
0.805	-1.4530477795646653e-6
0.8055	-1.4492822269697883e-6
0.806	-1.445517797409565e-6
0.8065	-1.44175413988161e-6
0.807	-1.4379909039071828e-6
0.8075	-1.4342277391890458e-6
0.808	-1.4304642952735672e-6
0.8085	-1.426700221216582e-6
0.809	-1.4229351652524187e-6
0.8095	-1.419168774465659e-6
0.81	-1.4154006944650287e-6
0.8105	-1.4116305690590094e-6
0.811	-1.4078580399326068e-6
0.8115	-1.4040827463248163e-6
0.812	-1.4003043247062747e-6
0.8125	-1.3965224084566273e-6
0.8130000000000001	-1.392736627541099e-6
0.8135	-1.3889466081857762e-6
0.8140000000000001	-1.385151972551119e-6
0.8145	-1.3813523384031707e-6
0.8150000000000001	-1.3775473187819675e-6
0.8155	-1.373736521666638e-6
0.8160000000000001	-1.3699296279842872e-6
0.8165	-1.3660080856357994e-6
0.8170000000000001	-1.3620806004117374e-6
0.8175	-1.358146741828691e-6
0.8180000000000001	-1.3542068968905329e-6
0.8185	-1.3502614587751567e-6
0.8190000000000001	-1.3463108265674047e-6
0.8195	-1.3423554049768093e-6
0.8200000000000001	-1.3383956040398325e-6
0.8205	-1.334431838806346e-6
0.8210000000000001	-1.330464529010046e-6
0.8215	-1.3264940987225434e-6
0.8220000000000001	-1.3225209759908056e-6
0.8225	-1.3185455924576802e-6
0.8230000000000001	-1.3145683829652035e-6
0.8235	-1.3105897851403753e-6
0.8240000000000001	-1.3066102389630949e-6
0.8245	-1.3026301863159107e-6
0.8250000000000001	-1.2986500705152604e-6
0.8255	-1.2946703358238208e-6
0.8260000000000001	-1.2906914269435725e-6
0.8265	-1.2867137884891881e-6
0.8270000000000001	-1.2827378644412755e-6
0.8275	-1.278764097578997e-6
0.8280000000000001	-1.27479292889157e-6
0.8285	-1.2708247969680328e-6
0.8290000000000001	-1.2668601373647117e-6
0.8295	-1.2629223048491734e-6
0.8300000000000001	-1.2590318228622556e-6
0.8305	-1.255145100651927e-6
0.8310000000000001	-1.2512620014962905e-6
0.8315	-1.247382390021312e-6
0.8320000000000001	-1.243506132121261e-6
0.8325	-1.2396330948802431e-6
0.833	-1.235763146495041e-6
0.8335	-1.2318961561995038e-6
0.834	-1.228031994190683e-6
0.8345	-1.2241705315569195e-6
0.835	-1.2203116402081203e-6
0.8355	-1.216455192808371e-6
0.836	-1.212601062711139e-6
0.8365	-1.2087491238971571e-6
0.837	-1.204899250915234e-6
0.8375	-1.201051318826085e-6
0.838	-1.1972052031493407e-6
0.8385	-1.1933607798138515e-6
0.839	-1.1895179251113898e-6
0.8395	-1.1856765156538272e-6
0.84	-1.1818364283338829e-6
0.8405	-1.1779975402894351e-6
0.841	-1.1741597288715138e-6
0.8415	-1.1703228716158924e-6
0.842	-1.1664868462183358e-6
0.8425	-1.1626516435530781e-6
0.843	-1.1588168498272031e-6
0.8435	-1.1549666318718577e-6
0.844	-1.1511168901926536e-6
0.8445	-1.14726763024477e-6
0.845	-1.1434188574774653e-6
0.8455	-1.1395705773339916e-6
0.846	-1.1357227952515647e-6
0.8465	-1.131875516661272e-6
0.847	-1.1280287469880173e-6
0.8475	-1.1241824916504214e-6
0.848	-1.1203367560607456e-6
0.8485	-1.1164915456247903e-6
0.849	-1.112646865741785e-6
0.8495	-1.1088027218042746e-6
0.85	-1.104959119198006e-6
0.8505	-1.1011160633017767e-6
0.851	-1.0972735594873114e-6
0.8515	-1.0934316131190894e-6
0.852	-1.0895902295541994e-6
0.8525	-1.0857494141421462e-6
0.853	-1.0819091722246776e-6
0.8535	-1.0780695091355769e-6
0.854	-1.0742304302004653e-6
0.8545	-1.070391940736548e-6
0.855	-1.0665540460524153e-6
0.8555	-1.0627167514477557e-6
0.856	-1.0588800629407438e-6
0.8565	-1.0550439844595697e-6
0.857	-1.0512126000657183e-6
0.8575	-1.0473846139737716e-6
0.858	-1.043557164194084e-6
0.8585	-1.0397302015643524e-6
0.859	-1.035903676984573e-6
0.8595	-1.0320775414106557e-6
0.86	-1.0282517458481059e-6
0.8605	-1.0244262413456903e-6
0.861	-1.020600978989147e-6
0.8615	-1.016775909894889e-6
0.862	-1.0129509852037451e-6
0.8625	-1.009126156074703e-6
0.863	-1.0053013736786622e-6
0.8635	-1.0014765891921985e-6
0.864	-9.976517537913518e-7
0.8645	-9.938268186453955e-7
0.865	-9.900017349106328e-7
0.8655	-9.861764537241969e-7
0.866	-9.823509261978317e-7
0.8665	-9.785251034117011e-7
0.867	-9.746989364081855e-7
0.8675	-9.708723761856703e-7
0.868	-9.670453736923514e-7
0.8685	-9.632178798200006e-7
0.869	-9.593898444424007e-7
0.8695	-9.55561220211578e-7
0.87	-9.517319569051257e-7
0.8705	-9.47900979252246e-7
0.871	-9.440531456338747e-7
0.8715	-9.402046600358899e-7
0.872	-9.363556102460286e-7
0.8725	-9.325060841813938e-7
0.873	-9.286561698689403e-7
0.8735	-9.248059554258645e-7
0.874	-9.209555290399283e-7
0.8745	-9.171049789496953e-7
0.875	-9.132543934246948e-7
0.8755000000000001	-9.094038607455157e-7
0.876	-9.055534691838428e-7
0.8765000000000001	-9.017033069824277e-7
0.877	-8.978534623350111e-7
0.8775000000000001	-8.940040233661871e-7
0.878	-8.901550781112427e-7
0.8785000000000001	-8.863067144959364e-7
0.879	-8.824590203162533e-7
0.8795000000000001	-8.786120832181291e-7
0.88	-8.747659906771582e-7
0.8805000000000001	-8.709208299782676e-7
0.881	-8.670766881953867e-7
0.8815000000000001	-8.632336521711028e-7
0.882	-8.593918156647229e-7
0.8825000000000001	-8.555512508206542e-7
0.883	-8.51712050454587e-7
0.8835000000000001	-8.478743002579436e-7
0.884	-8.440380855962384e-7
0.8845000000000001	-8.402181019478626e-7
0.885	-8.364067950546711e-7
0.8855000000000001	-8.32596963444035e-7
0.886	-8.287885208158703e-7
0.8865000000000001	-8.249813811813077e-7
0.887	-8.211754588418707e-7
0.8875000000000001	-8.17370668368813e-7
0.888	-8.13566924582732e-7
0.8885000000000001	-8.097641425333502e-7
0.889	-8.059622374795462e-7
0.8895000000000001	-8.021611248695682e-7
0.89	-7.983607203214834e-7
0.8905000000000001	-7.945609396038263e-7
0.891	-7.90761698616464e-7
0.8915000000000001	-7.869629133716433e-7
0.892	-7.83164499975295e-7
0.8925000000000001	-7.793663746084867e-7
0.893	-7.755684535091213e-7
0.8935000000000001	-7.71770652953816e-7
0.894	-7.679728892399872e-7
0.8945000000000001	-7.641750786681352e-7
0.895	-7.603771340786827e-7
0.8955000000000001	-7.565789772781096e-7
0.896	-7.527805224221971e-7
0.8965	-7.489816857085571e-7
0.897	-7.451823832502154e-7
0.8975	-7.413825310570637e-7
0.898	-7.375820450172224e-7
0.8985	-7.337621813285215e-7
0.899	-7.29940899903701e-7
0.8995	-7.26119019696361e-7
0.9	-7.222966089599408e-7
0.9005	-7.184737360434843e-7
0.901	-7.146504693800009e-7
0.9015	-7.108268774747556e-7
0.902	-7.070030288934878e-7
0.9025	-7.031789922505615e-7
0.903	-6.993548361970562e-7
0.9035	-6.955306294087709e-7
0.904	-6.917064405741573e-7
0.9045	-6.878823383821849e-7
0.905	-6.840583915101228e-7
0.9055	-6.802346686112486e-7
0.906	-6.764112383024674e-7
0.9065	-6.725881691518569e-7
0.907	-6.687655296661302e-7
0.9075	-6.649433882780079e-7
0.908	-6.611218133335033e-7
0.9085	-6.573008778637366e-7
0.909	-6.534806409418984e-7
0.9095	-6.496611747571997e-7
0.91	-6.458425471527491e-7
0.9105	-6.420248258223646e-7
0.911	-6.382080782987157e-7
0.9115	-6.343923719415867e-7
0.912	-6.30581874544998e-7
0.9125	-6.267787729076949e-7
0.913	-6.229767903825164e-7
0.9135	-6.19175912415762e-7
0.914	-6.153761244949933e-7
0.9145	-6.115774121483815e-7
0.915	-6.07779760944025e-7
0.9155	-6.039831564893001e-7
0.916	-6.001875844301962e-7
0.9165	-5.96393030450657e-7
0.917	-5.925994802719208e-7
0.9175	-5.888069196518852e-7
0.918	-5.850153343844402e-7
0.9185	-5.812247102988367e-7
0.919	-5.774350332590459e-7
0.9195	-5.736462891631346e-7
0.92	-5.698584639426184e-7
0.9205	-5.660715435618628e-7
0.921	-5.622855140174529e-7
0.9215	-5.58500364770698e-7
0.922	-5.547160751080129e-7
0.9225	-5.509326344130691e-7
0.923	-5.471500288047451e-7
0.9235	-5.433682444319197e-7
0.924	-5.3958726747293e-7
0.9245	-5.358070841350419e-7
0.925	-5.320276806539207e-7
0.9255	-5.282490432931032e-7
0.926	-5.244684019375219e-7
0.9265	-5.206866879544191e-7
0.927	-5.169057585066832e-7
0.9275	-5.131256353235407e-7
0.928	-5.093463400874285e-7
0.9285	-5.055678944327968e-7
0.929	-5.017903199449279e-7
0.9295	-4.980136381587489e-7
0.93	-4.942378705576688e-7
0.9305	-4.904630385724072e-7
0.931	-4.866891635798296e-7
0.9315	-4.829162669018096e-7
0.932	-4.791443698040597e-7
0.9325	-4.7537349349501407e-7
0.933	-4.7160365912468256e-7
0.9335	-4.678348877835313e-7
0.934	-4.64067200501356e-7
0.9345	-4.6030061766109823e-7
0.935	-4.565351612946788e-7
0.9355	-4.527708517034166e-7
0.936	-4.4900770966357564e-7
0.9365	-4.4524575588539385e-7
0.937	-4.414850110120333e-7
0.9375	-4.3772549561854857e-7
0.9380000000000001	-4.339672302108587e-7
0.9385	-4.302102352247416e-7
0.9390000000000001	-4.2645453102482324e-7
0.9395	-4.227001379035955e-7
0.9400000000000001	-4.1894849096275687e-7
0.9405	-4.151989403729711e-7
0.9410000000000001	-4.1145073168711456e-7
0.9415	-4.0770386845421955e-7
0.9420000000000001	-4.0395835420802307e-7
0.9425	-4.002141924669789e-7
0.9430000000000001	-3.9647138673422447e-7
0.9435	-3.927299404975924e-7
0.9440000000000001	-3.8898985722960146e-7
0.9445	-3.8525114038744673e-7
0.9450000000000001	-3.815137934129922e-7
0.9455	-3.7777781973276875e-7
0.9460000000000001	-3.7404322275796385e-7
0.9465	-3.703100058844196e-7
0.9470000000000001	-3.6657817249262407e-7
0.9475	-3.628477265666557e-7
0.9480000000000001	-3.5911867025640285e-7
0.9485	-3.5539100747100247e-7
0.9490000000000001	-3.516647415290322e-7
0.9495	-3.47939875733717e-7
0.9500000000000001	-3.442164133729241e-7
0.9505	-3.404943577191802e-7
0.9510000000000001	-3.3677371202965037e-7
0.9515	-3.330544795461615e-7
0.9520000000000001	-3.293366634951906e-7
0.9525	-3.256202670878722e-7
0.9530000000000001	-3.2190529351999456e-7
0.9535	-3.1819174597201615e-7
0.9540000000000001	-3.144755555010412e-7
0.9545	-3.107552451871349e-7
0.9550000000000001	-3.070364844538291e-7
0.9555	-3.0331934846417793e-7
0.9560000000000001	-2.996039120491201e-7
0.9565	-2.958902496931732e-7
0.9570000000000001	-2.92178435520304e-7
0.9575	-2.8846854327998187e-7
0.9580000000000001	-2.8476064633342804e-7
0.9585	-2.8105481764006166e-7
0.9590000000000001	-2.773511297441528e-7
0.9595	-2.7364965476166995e-7
0.96	-2.6995046436734977e-7
0.9605	-2.662536297819796e-7
0.961	-2.6255921920356014e-7
0.9615	-2.5886730776302794e-7
0.962	-2.5517796294509554e-7
0.9625	-2.5149125403260217e-7
0.963	-2.4780724979491016e-7
0.9635	-2.4412601847682477e-7
0.964	-2.404476277877695e-7
0.9645	-2.367721448912588e-7
0.965	-2.3309963639464426e-7
0.9655	-2.2943016833911778e-7
0.966	-2.2576380619004994e-7
0.9665	-2.221006148275764e-7
0.967	-2.1844065853748883e-7
0.9675	-2.147840010024143e-7
0.968	-2.1113070529330319e-7
0.9685	-2.0730999698249742e-7
0.969	-2.0349432250477953e-7
0.9695	-1.9970662032366124e-7
0.97	-1.9594524133008355e-7
0.9705	-1.92208623055673e-7
0.971	-1.8849528253913577e-7
0.9715	-1.848038097949588e-7
0.972	-1.8113286182157432e-7
0.9725	-1.774811570931328e-7
0.973	-1.7384747048533552e-7
0.9735	-1.7023062859111098e-7
0.974	-1.6662843035833374e-7
0.9745	-1.6304217282500922e-7
0.975	-1.5946946218401258e-7
0.9755	-1.559092996674954e-7
0.976	-1.523607184426416e-7
0.9765	-1.4882278055048042e-7
0.977	-1.4529457406582057e-7
0.9775	-1.4177521045092395e-7
0.978	-1.382638220786003e-7
0.9785	-1.347595599030308e-7
0.979	-1.3126159125885295e-7
0.9795	-1.2776909777089185e-7
0.98	-1.2428127335856915e-7
0.9805	-1.2079732232024619e-7
0.981	-1.1731645748402093e-7
0.9815	-1.138378984122048e-7
0.982	-1.1036086964762701e-7
0.9825	-1.0688459899033315e-7
0.983	-1.0341895398042018e-7
0.9835	-9.994576658235421e-8
0.984	-9.645858073772025e-8
0.9845	-9.296502520113341e-8
0.985	-8.947286560444338e-8
0.9855	-8.598983788636925e-8
0.986	-8.253255646630426e-8
0.9865	-7.910180048656446e-8
0.987	-7.568410684531766e-8
0.9875	-7.226872803911156e-8
0.988	-6.88535692560723e-8
0.9885	-6.545206757591524e-8
0.989	-6.207079023369239e-8
0.9895	-5.871494177639696e-8
0.99	-5.538274485053547e-8
0.9905	-5.207533084715637e-8
0.991	-4.8792957641956816e-8
0.9915	-4.553961313148068e-8
0.992	-4.231837599338747e-8
0.9925	-3.91108249772469e-8
0.993	-3.594811136987575e-8
0.9935	-3.28406848884248e-8
0.994	-2.9788723135394895e-8
0.9945	-2.6806209602077116e-8
0.995	-2.390829522115905e-8
0.9955	-2.0437250516466163e-8
0.996	-1.641046383761539e-8
0.9965	-1.4480470155361591e-8
0.997	-1.2663959935342765e-8
0.9975	-1.5038748333455728e-8
0.998	-7.905031678081824e-9
0.9985	-7.185215547388084e-9
0.999	-8.910294771506036e-10
0.9995	-2.4110041126445216e-9