0.	-7.923188447056864e-6
0.0005	-7.919205143924451e-6
0.001	-7.915221851683281e-6
0.0015	-7.911238572936842e-6
0.002	-7.907255310288535e-6
0.0025	-7.903272066341792e-6
0.003	-7.899288949528158e-6
0.0035	-7.895305983778782e-6
0.004	-7.89132304162061e-6
0.0045000000000000005	-7.887340123649317e-6
0.005	-7.883357230460537e-6
0.0055	-7.879374362649877e-6
0.006	-7.875391520812896e-6
0.006500000000000001	-7.871408705545124e-6
0.007	-7.86742591744204e-6
0.0075	-7.863443157099088e-6
0.008	-7.859460425111678e-6
0.0085	-7.855477722075164e-6
0.009000000000000001	-7.851495048584867e-6
0.0095	-7.847512405236056e-6
0.01	-7.843529792623963e-6
0.0105	-7.839547211343769e-6
0.011	-7.835564661990607e-6
0.0115	-7.831582145159565e-6
0.012	-7.827599661445682e-6
0.0125	-7.823617211443951e-6
0.013000000000000001	-7.819634795749305e-6
0.0135	-7.815652414956637e-6
0.014	-7.811670069660779e-6
0.0145	-7.807687760456515e-6
0.015	-7.803705487938572e-6
0.0155	-7.799723252701792e-6
0.016	-7.795741055196081e-6
0.0165	-7.791758611977598e-6
0.017	-7.787776210274951e-6
0.0175	-7.78379385312401e-6
0.018000000000000002	-7.779811543560302e-6
0.0185	-7.775829284619e-6
0.019	-7.771847079334882e-6
0.0195	-7.767864930742326e-6
0.02	-7.763882841875272e-6
0.0205	-7.759900815767203e-6
0.021	-7.75591885545113e-6
0.021500000000000002	-7.751936963959557e-6
0.022	-7.747955144324471e-6
0.0225	-7.743973399577303e-6
0.023	-7.739991732748917e-6
0.0235	-7.736010146869583e-6
0.024	-7.732028644968957e-6
0.0245	-7.72804723007605e-6
0.025	-7.72406590521922e-6
0.025500000000000002	-7.720084673426125e-6
0.026000000000000002	-7.716103537723729e-6
0.0265	-7.712122501138255e-6
0.027	-7.708141566695176e-6
0.0275	-7.704160737419186e-6
0.028	-7.700180016334183e-6
0.0285	-7.696199406462407e-6
0.029	-7.692218910827644e-6
0.029500000000000002	-7.688238597216349e-6
0.03	-7.684258458092801e-6
0.0305	-7.680278440676904e-6
0.031	-7.676298546963356e-6
0.0315	-7.67231877894623e-6
0.032	-7.66833913861897e-6
0.0325	-7.664359627974384e-6
0.033	-7.660380249004616e-6
0.0335	-7.656401003701159e-6
0.034	-7.652421894054833e-6
0.0345	-7.648442922055776e-6
0.035	-7.644464089693434e-6
0.035500000000000004	-7.640485398956555e-6
0.036000000000000004	-7.636506851833175e-6
0.0365	-7.632528450310611e-6
0.037	-7.628550196375449e-6
0.0375	-7.6245720920135345e-6
0.038	-7.620594139209966e-6
0.0385	-7.6166163399490785e-6
0.039	-7.612638696214442e-6
0.0395	-7.608661209988845e-6
0.04	-7.60468388325429e-6
0.0405	-7.600706717991976e-6
0.041	-7.5967297161823e-6
0.0415	-7.592752879804838e-6
0.042	-7.5887762108397315e-6
0.0425	-7.5847997230159595e-6
0.043000000000000003	-7.580823583230549e-6
0.043500000000000004	-7.576847615049093e-6
0.044	-7.572871818834273e-6
0.0445	-7.568896194948604e-6
0.045	-7.564920743754447e-6
0.0455	-7.560945465613988e-6
0.046	-7.556970360889263e-6
0.0465	-7.552995429942135e-6
0.047	-7.549020673134313e-6
0.0475	-7.545046090827336e-6
0.048	-7.541071683382582e-6
0.0485	-7.537097451161265e-6
0.049	-7.5331233945244335e-6
0.0495	-7.529149513832973e-6
0.05	-7.525175809447605e-6
0.0505	-7.5212022817288805e-6
0.051000000000000004	-7.517228931037193e-6
0.051500000000000004	-7.513255757732762e-6
0.052000000000000005	-7.5092827621756486e-6
0.0525	-7.50530994472574e-6
0.053	-7.501337305742764e-6
0.0535	-7.497364845586275e-6
0.054	-7.493392564615667e-6
0.0545	-7.489420463190161e-6
0.055	-7.485448541671719e-6
0.0555	-7.481476800413509e-6
0.056	-7.477505570368605e-6
0.0565	-7.473534786244511e-6
0.057	-7.46956417545803e-6
0.0575	-7.465593733269039e-6
0.058	-7.461623454939419e-6
0.0585	-7.457653335733005e-6
0.059000000000000004	-7.453683370915531e-6
0.059500000000000004	-7.4497135557545574e-6
0.06	-7.445743885519433e-6
0.0605	-7.441774355481226e-6
0.061	-7.437804960912675e-6
0.0615	-7.4338356970881245e-6
0.062	-7.429866559283476e-6
0.0625	-7.425897542776127e-6
0.063	-7.421928642844913e-6
0.0635	-7.4179598547700624e-6
0.064	-7.413991173833123e-6
0.0645	-7.410022595316919e-6
0.065	-7.40605411450549e-6
0.0655	-7.402085726684032e-6
0.066	-7.398117427138848e-6
0.0665	-7.394149211157289e-6
0.067	-7.390181074027694e-6
0.0675	-7.386213011039338e-6
0.068	-7.382245017485276e-6
0.0685	-7.378277088650496e-6
0.069	-7.374309214715484e-6
0.0695	-7.370340922600563e-6
0.07	-7.3663726852274896e-6
0.07050000000000001	-7.36240450196809e-6
0.07100000000000001	-7.358436372194271e-6
0.07150000000000001	-7.354468295278028e-6
0.07200000000000001	-7.3505002705914345e-6
0.0725	-7.3465322975066515e-6
0.073	-7.3425643753959225e-6
0.0735	-7.338596503631566e-6
0.074	-7.334628681585983e-6
0.0745	-7.330660908631654e-6
0.075	-7.326693184141136e-6
0.0755	-7.322725507487063e-6
0.076	-7.318757878042145e-6
0.0765	-7.314790295179167e-6
0.077	-7.310822758270983e-6
0.0775	-7.3068552666905246e-6
0.078	-7.302887819810796e-6
0.0785	-7.298920417004865e-6
0.079	-7.294953057645875e-6
0.0795	-7.290985741107036e-6
0.08	-7.287018466761628e-6
0.0805	-7.283051233982994e-6
0.081	-7.279084042144289e-6
0.0815	-7.275116890619501e-6
0.082	-7.271149778781908e-6
0.0825	-7.2671826462483725e-6
0.083	-7.263215482243044e-6
0.0835	-7.259248357666166e-6
0.084	-7.255281272999299e-6
0.0845	-7.251314228723953e-6
0.085	-7.2473472253215936e-6
0.0855	-7.24338026327363e-6
0.08600000000000001	-7.239413343061425e-6
0.08650000000000001	-7.235446465166291e-6
0.08700000000000001	-7.231479630069489e-6
0.08750000000000001	-7.227512838252227e-6
0.088	-7.2235460901956575e-6
0.0885	-7.219579386380887e-6
0.089	-7.215612727288962e-6
0.0895	-7.2116461134008766e-6
0.09	-7.20767954519757e-6
0.0905	-7.20371302315993e-6
0.091	-7.199746547768781e-6
0.0915	-7.195780119504894e-6
0.092	-7.191813738848984e-6
0.0925	-7.187847406281707e-6
0.093	-7.183881122283665e-6
0.0935	-7.1799148873353894e-6
0.094	-7.175948701917366e-6
0.0945	-7.171982566509905e-6
0.095	-7.168016481593575e-6
0.0955	-7.164050447648567e-6
0.096	-7.160084578851139e-6
0.0965	-7.156118773591055e-6
0.097	-7.152153018695349e-6
0.0975	-7.148187313569516e-6
0.098	-7.144221657619128e-6
0.0985	-7.140256050249832e-6
0.099	-7.1362904908673446e-6
0.0995	-7.132324978877458e-6
0.1	-7.128359513686028e-6
0.1005	-7.124394094698989e-6
0.101	-7.120428721322343e-6
0.1015	-7.116463392962153e-6
0.10200000000000001	-7.11249810902456e-6
0.10250000000000001	-7.108532868915759e-6
0.10300000000000001	-7.104567672042025e-6
0.10350000000000001	-7.100602517809684e-6
0.10400000000000001	-7.0966374056251374e-6
0.1045	-7.092672334894839e-6
0.105	-7.088707305025311e-6
0.1055	-7.084742315423135e-6
0.106	-7.080777365494957e-6
0.1065	-7.076812454647473e-6
0.107	-7.072847582287445e-6
0.1075	-7.068882747821792e-6
0.108	-7.064917950657182e-6
0.1085	-7.060953190200651e-6
0.109	-7.0569884776827475e-6
0.1095	-7.053023824278665e-6
0.11	-7.049059205400412e-6
0.1105	-7.045094620153246e-6
0.111	-7.041130067642493e-6
0.1115	-7.037165546973559e-6
0.112	-7.033201057251912e-6
0.1125	-7.0292365975831035e-6
0.113	-7.025272167072742e-6
0.1135	-7.0213077648265074e-6
0.114	-7.017343389950141e-6
0.1145	-7.013379041549443e-6
0.115	-7.009414718730281e-6
0.1155	-7.0054504205985705e-6
0.116	-7.001486146260293e-6
0.1165	-6.9975218948214775e-6
0.117	-6.993557665388203e-6
0.11750000000000001	-6.989593457066604e-6
0.11800000000000001	-6.9856292689628575e-6
0.11850000000000001	-6.9816651001831874e-6
0.11900000000000001	-6.9777009498338625e-6
0.11950000000000001	-6.9737368170211935e-6
0.12	-6.969772700851526e-6
0.1205	-6.965808600431259e-6
0.121	-6.9618445148667945e-6
0.1215	-6.9578804432646e-6
0.122	-6.9539163847311594e-6
0.1225	-6.9499523635316195e-6
0.123	-6.945988361405186e-6
0.1235	-6.942024369171092e-6
0.124	-6.938060385654062e-6
0.1245	-6.934096409678846e-6
0.125	-6.930132440070226e-6
0.1255	-6.926168475652987e-6
0.126	-6.922204515251942e-6
0.1265	-6.918240557691908e-6
0.127	-6.914276601797717e-6
0.1275	-6.910312646394204e-6
0.128	-6.906348690306202e-6
0.1285	-6.902384732358544e-6
0.129	-6.898420771376056e-6
0.1295	-6.894456806183564e-6
0.13	-6.890492835605868e-6
0.1305	-6.886528858467761e-6
0.131	-6.8825648735940106e-6
0.1315	-6.878600879809368e-6
0.132	-6.874636875938556e-6
0.1325	-6.870672860806263e-6
0.133	-6.866708833237148e-6
0.1335	-6.862744792055833e-6
0.134	-6.858780736086899e-6
0.1345	-6.8548166641548845e-6
0.135	-6.850852575084277e-6
0.1355	-6.846888472289723e-6
0.136	-6.842924370501367e-6
0.1365	-6.8389602477953525e-6
0.137	-6.834996102782342e-6
0.1375	-6.83103193407292e-6
0.138	-6.827067740277592e-6
0.1385	-6.823103520006767e-6
0.139	-6.8191392718707654e-6
0.1395	-6.815174994479815e-6
0.14	-6.811210686444034e-6
0.1405	-6.807246346373433e-6
0.14100000000000001	-6.803281972877917e-6
0.14150000000000001	-6.799317564567268e-6
0.14200000000000002	-6.795353120051149e-6
0.14250000000000002	-6.791388637939094e-6
0.14300000000000002	-6.787424116840506e-6
0.14350000000000002	-6.7834595553646505e-6
0.14400000000000002	-6.779494952120655e-6
0.1445	-6.775530305717493e-6
0.145	-6.7715656147639954e-6
0.1455	-6.767600877868831e-6
0.146	-6.7636360936405105e-6
0.1465	-6.759671260687377e-6
0.147	-6.755706377617618e-6
0.1475	-6.7517414430392e-6
0.148	-6.7477764555599555e-6
0.1485	-6.743811413787514e-6
0.149	-6.739846314970772e-6
0.1495	-6.735881158217451e-6
0.15	-6.731915943023066e-6
0.1505	-6.727950668013403e-6
0.151	-6.723985331814041e-6
0.1515	-6.720019933050346e-6
0.152	-6.716054470347475e-6
0.1525	-6.7120889423303526e-6
0.153	-6.7081233476236884e-6
0.1535	-6.704157684851951e-6
0.154	-6.70019195263938e-6
0.1545	-6.696226149609971e-6
0.155	-6.692260274387475e-6
0.1555	-6.6882943255953935e-6
0.156	-6.684328301856973e-6
0.1565	-6.680362201795198e-6
0.157	-6.67639602403279e-6
0.1575	-6.672429767192202e-6
0.158	-6.668463429895612e-6
0.1585	-6.664497010764921e-6
0.159	-6.66053050842174e-6
0.1595	-6.656563921487398e-6
0.16	-6.6525972485829245e-6
0.1605	-6.64863048832906e-6
0.161	-6.644663639346233e-6
0.1615	-6.6406967002545665e-6
0.162	-6.636729669700419e-6
0.1625	-6.632762546813197e-6
0.163	-6.62879532967063e-6
0.1635	-6.624828016886759e-6
0.164	-6.620860607075296e-6
0.1645	-6.616893098849613e-6
0.165	-6.612925490822742e-6
0.1655	-6.6089577816073665e-6
0.166	-6.604989969815811e-6
0.1665	-6.601022054060049e-6
0.167	-6.5970540329516915e-6
0.1675	-6.5930859051019765e-6
0.168	-6.589117669121775e-6
0.1685	-6.585149323621577e-6
0.169	-6.58118086721149e-6
0.1695	-6.577212298501239e-6
0.17	-6.573243616100154e-6
0.1705	-6.569274818617163e-6
0.171	-6.565305904660802e-6
0.1715	-6.561336872839191e-6
0.17200000000000001	-6.557367721760044e-6
0.17250000000000001	-6.553398450030654e-6
0.17300000000000001	-6.5494290562579e-6
0.17350000000000002	-6.5454595390482226e-6
0.17400000000000002	-6.5414898970076394e-6
0.17450000000000002	-6.537520128741729e-6
0.17500000000000002	-6.533550232855627e-6
0.17550000000000002	-6.529580265326789e-6
0.176	-6.525610224089442e-6
0.1765	-6.52164004959035e-6
0.177	-6.517669739455979e-6
0.1775	-6.5136992913119835e-6
0.178	-6.509728702783199e-6
0.1785	-6.505757971493617e-6
0.179	-6.5017870950663875e-6
0.1795	-6.497816071123783e-6
0.18	-6.493844897287208e-6
0.1805	-6.489873571177161e-6
0.181	-6.485902090413235e-6
0.1815	-6.481930452614106e-6
0.182	-6.4779586553975025e-6
0.1825	-6.473986696380204e-6
0.183	-6.470014573178023e-6
0.1835	-6.466042283405793e-6
0.184	-6.4620698246773495e-6
0.1845	-6.458097194605516e-6
0.185	-6.454124390802092e-6
0.1855	-6.450151410877841e-6
0.186	-6.4461782524433765e-6
0.1865	-6.442204913105579e-6
0.187	-6.438231390472846e-6
0.1875	-6.434257682151628e-6
0.188	-6.43028378574727e-6
0.1885	-6.4263096988639906e-6
0.189	-6.422335468179783e-6
0.1895	-6.418361042935753e-6
0.19	-6.414386419176916e-6
0.1905	-6.410411594073233e-6
0.191	-6.40643656479324e-6
0.1915	-6.402461328504028e-6
0.192	-6.3984858823712216e-6
0.1925	-6.394510223558956e-6
0.193	-6.390534349229861e-6
0.1935	-6.386558256545034e-6
0.194	-6.382581942664021e-6
0.1945	-6.378605404744803e-6
0.195	-6.3746286399437685e-6
0.1955	-6.370651645415691e-6
0.196	-6.3666744183137195e-6
0.1965	-6.362696955789336e-6
0.197	-6.358719254992361e-6
0.1975	-6.354741313070915e-6
0.198	-6.350763127171406e-6
0.1985	-6.346784694438495e-6
0.199	-6.342806012015099e-6
0.1995	-6.3388270770431886e-6
0.2	-6.3348478866604606e-6
0.2005	-6.330868438005213e-6
0.201	-6.326888728213111e-6
0.2015	-6.322908754417961e-6
0.202	-6.3189278965500794e-6
0.2025	-6.314946127717717e-6
0.203	-6.310964102148061e-6
0.20350000000000001	-6.306981827813366e-6
0.20400000000000001	-6.302999312690886e-6
0.20450000000000002	-6.299016564762711e-6
0.20500000000000002	-6.29503359201561e-6
0.20550000000000002	-6.291050402440875e-6
0.20600000000000002	-6.287067004034164e-6
0.20650000000000002	-6.283083404795329e-6
0.20700000000000002	-6.279099612728274e-6
0.20750000000000002	-6.275115635840782e-6
0.20800000000000002	-6.271131482144362e-6
0.2085	-6.267147159654092e-6
0.209	-6.26316267638844e-6
0.2095	-6.259178040369127e-6
0.21	-6.255193259620958e-6
0.2105	-6.25120834217165e-6
0.211	-6.2472232960516825e-6
0.2115	-6.24323812929414e-6
0.212	-6.239252849934533e-6
0.2125	-6.235267466000937e-6
0.213	-6.231281985553366e-6
0.2135	-6.2272964166234e-6
0.214	-6.223310767254652e-6
0.2145	-6.219325045492351e-6
0.215	-6.215339286065938e-6
0.2155	-6.211354015676049e-6
0.216	-6.207368691907725e-6
0.2165	-6.203383317886742e-6
0.217	-6.199397896739277e-6
0.2175	-6.195412431591873e-6
0.218	-6.191426925571417e-6
0.2185	-6.187441381805116e-6
0.219	-6.183455803420482e-6
0.2195	-6.179470193545285e-6
0.22	-6.175484555307553e-6
0.2205	-6.171498891835531e-6
0.221	-6.167513206257665e-6
0.2215	-6.163527501702576e-6
0.222	-6.159541781299029e-6
0.2225	-6.155556048175916e-6
0.223	-6.151570305462233e-6
0.2235	-6.147584556287048e-6
0.224	-6.143598803779479e-6
0.2245	-6.139613051068672e-6
0.225	-6.135627301283777e-6
0.2255	-6.131641557553908e-6
0.226	-6.127655823008167e-6
0.2265	-6.12367010077555e-6
0.227	-6.119684393984967e-6
0.2275	-6.115698705765206e-6
0.228	-6.11171303924491e-6
0.2285	-6.107727455910932e-6
0.229	-6.103741936635801e-6
0.2295	-6.099756447125408e-6
0.23	-6.095770989691567e-6
0.2305	-6.091785566645897e-6
0.231	-6.087800180299822e-6
0.2315	-6.083814832964555e-6
0.232	-6.07982952695108e-6
0.2325	-6.075844264570143e-6
0.233	-6.071859048132233e-6
0.2335	-6.0678738799475755e-6
0.234	-6.063888762326116e-6
0.23450000000000001	-6.059903697577511e-6
0.23500000000000001	-6.055918688011102e-6
0.23550000000000001	-6.051933735935919e-6
0.23600000000000002	-6.047948843660649e-6
0.23650000000000002	-6.04396401349364e-6
0.23700000000000002	-6.039979247742883e-6
0.23750000000000002	-6.035994548715987e-6
0.23800000000000002	-6.032009918720177e-6
0.23850000000000002	-6.028025360062372e-6
0.23900000000000002	-6.024040875048815e-6
0.23950000000000002	-6.020056465985572e-6
0.24	-6.016072135178188e-6
0.2405	-6.012087884931756e-6
0.241	-6.008103717550904e-6
0.2415	-6.004119693521112e-6
0.242	-6.000136024733837e-6
0.2425	-5.996152442399063e-6
0.243	-5.992168946016682e-6
0.2435	-5.988185535086694e-6
0.244	-5.984202209109204e-6
0.2445	-5.9802189675844254e-6
0.245	-5.976235810012673e-6
0.2455	-5.972252735894374e-6
0.246	-5.9682697447300505e-6
0.2465	-5.964286836020333e-6
0.247	-5.960304009265958e-6
0.2475	-5.956321263967757e-6
0.248	-5.952338599626668e-6
0.2485	-5.948356015743725e-6
0.249	-5.94437351182007e-6
0.2495	-5.940391087356939e-6
0.25	-5.93640874185567e-6
0.2505	-5.932426474817695e-6
0.251	-5.928444285744548e-6
0.2515	-5.9244621741378605e-6
0.252	-5.920480139500043e-6
0.2525	-5.916498181331566e-6
0.253	-5.912516299135003e-6
0.2535	-5.908534492412368e-6
0.254	-5.904552760665765e-6
0.2545	-5.90057110339739e-6
0.255	-5.896589447250919e-6
0.2555	-5.8926078377399854e-6
0.256	-5.888626302705183e-6
0.2565	-5.884644842509192e-6
0.257	-5.8806634575146345e-6
0.2575	-5.8766821480840545e-6
0.258	-5.8727009145799264e-6
0.2585	-5.868719757364661e-6
0.259	-5.864738676800596e-6
0.2595	-5.860757673249998e-6
0.26	-5.856776747075064e-6
0.2605	-5.852795898637923e-6
0.261	-5.848815128300625e-6
0.2615	-5.844834436425161e-6
0.262	-5.8408538233734375e-6
0.2625	-5.836873289507296e-6
0.263	-5.832892835188504e-6
0.2635	-5.828912460778755e-6
0.264	-5.824932166639673e-6
0.2645	-5.820951953132804e-6
0.265	-5.816971820619469e-6
0.2655	-5.8129917694613706e-6
0.266	-5.809011800019685e-6
0.2665	-5.8050319126556705e-6
0.267	-5.801052107730497e-6
0.2675	-5.797072385605269e-6
0.268	-5.79309279241861e-6
0.2685	-5.789113411555182e-6
0.269	-5.7851341126728855e-6
0.2695	-5.781154894634103e-6
0.27	-5.77717575630145e-6
0.2705	-5.773196696537763e-6
0.271	-5.769217714206109e-6
0.2715	-5.7652388081697704e-6
0.272	-5.761259977292251e-6
0.2725	-5.7572812204372655e-6
0.273	-5.753302536468746e-6
0.2735	-5.749323924250822e-6
0.274	-5.7453453826478374e-6
0.2745	-5.74136691052433e-6
0.275	-5.73738850674504e-6
0.2755	-5.733410170174904e-6
0.276	-5.729431899679043e-6
0.2765	-5.725453694122773e-6
0.277	-5.721475552371589e-6
0.2775	-5.717497473291174e-6
0.278	-5.713519455747609e-6
0.2785	-5.70954149860648e-6
0.279	-5.705563600734216e-6
0.2795	-5.701585760997187e-6
0.28	-5.697607978261933e-6
0.2805	-5.6936302513951575e-6
0.281	-5.689652579263721e-6
0.28150000000000003	-5.6856750327157e-6
0.28200000000000003	-5.681697558099317e-6
0.28250000000000003	-5.677720133412256e-6
0.28300000000000003	-5.673742756734334e-6
0.28350000000000003	-5.669765426145602e-6
0.28400000000000003	-5.665788139726337e-6
0.28450000000000003	-5.6618108955570275e-6
0.28500000000000003	-5.657833691718366e-6
0.28550000000000003	-5.653856526291237e-6
0.28600000000000003	-5.6498793973567165e-6
0.28650000000000003	-5.645902302996044e-6
0.28700000000000003	-5.6419252412906455e-6
0.28750000000000003	-5.637948210322082e-6
0.28800000000000003	-5.63397120817208e-6
0.2885	-5.629994232922498e-6
0.289	-5.626017282655325e-6
0.2895	-5.622040355452669e-6
0.29	-5.6180634493967506e-6
0.2905	-5.614086562569896e-6
0.291	-5.61010969305453e-6
0.2915	-5.606132838933122e-6
0.292	-5.602155998288263e-6
0.2925	-5.598179169202589e-6
0.293	-5.594202349758794e-6
0.2935	-5.590225538039621e-6
0.294	-5.586248732127845e-6
0.2945	-5.582272079306789e-6
0.295	-5.578295786779916e-6
0.2955	-5.574319488682941e-6
0.296	-5.5703431787486725e-6
0.2965	-5.566366850709724e-6
0.297	-5.56239049829843e-6
0.2975	-5.558414115246736e-6
0.298	-5.554437695286108e-6
0.2985	-5.550461232147426e-6
0.299	-5.546484719560894e-6
0.2995	-5.542508151255937e-6
0.3	-5.538531520961093e-6
0.3005	-5.534554822403931e-6
0.301	-5.530578049310941e-6
0.3015	-5.526601195407439e-6
0.302	-5.522624254417464e-6
0.3025	-5.518647220063677e-6
0.303	-5.51467008606728e-6
0.3035	-5.510692846147887e-6
0.304	-5.506715494023449e-6
0.3045	-5.502738023410397e-6
0.305	-5.4987604280226495e-6
0.3055	-5.494782701572701e-6
0.306	-5.4908048377708225e-6
0.3065	-5.486826830325108e-6
0.307	-5.482848672941388e-6
0.3075	-5.4788703593231235e-6
0.308	-5.47489177615153e-6
0.3085	-5.4709129988981805e-6
0.309	-5.466934048545395e-6
0.3095	-5.4629549199269154e-6
0.31	-5.458975607874167e-6
0.3105	-5.454996107216201e-6
0.311	-5.451016412779626e-6
0.3115	-5.447036519388533e-6
0.312	-5.443056421864434e-6
0.3125	-5.43907611502619e-6
0.313	-5.435095593689952e-6
0.3135	-5.4311148526690794e-6
0.314	-5.427133886774076e-6
0.3145	-5.4231526908125334e-6
0.315	-5.4191712595890426e-6
0.3155	-5.415189587905144e-6
0.316	-5.411207670559248e-6
0.3165	-5.407225502346565e-6
0.317	-5.403243078059045e-6
0.3175	-5.399260392483597e-6
0.318	-5.395277440408687e-6
0.3185	-5.391294216614506e-6
0.319	-5.387310715879256e-6
0.3195	-5.3833269329775205e-6
0.32	-5.379342862680208e-6
0.3205	-5.375358499754467e-6
0.321	-5.371374213736238e-6
0.3215	-5.367390338114489e-6
0.322	-5.363406141811569e-6
0.3225	-5.3594216102065584e-6
0.323	-5.355436728666273e-6
0.3235	-5.351451482544714e-6
0.324	-5.347465857182518e-6
0.3245	-5.343479837906427e-6
0.325	-5.339493410028728e-6
0.3255	-5.335506558846714e-6
0.326	-5.331519269642131e-6
0.3265	-5.327531527680627e-6
0.327	-5.3235433182112066e-6
0.3275	-5.319554626465664e-6
0.328	-5.315565437658041e-6
0.3285	-5.311575736984059e-6
0.329	-5.307585509620569e-6
0.3295	-5.303594740724985e-6
0.33	-5.299603415434715e-6
0.3305	-5.295611518914642e-6
0.331	-5.291619036169647e-6
0.3315	-5.287625952316509e-6
0.332	-5.283632252406889e-6
0.3325	-5.279637921469599e-6
0.333	-5.27564294451001e-6
0.3335	-5.271647306509476e-6
0.334	-5.267650992424762e-6
0.3345	-5.263650278309177e-6
0.335	-5.259648632852692e-6
0.3355	-5.255646330488744e-6
0.336	-5.251643390520673e-6
0.3365	-5.247639832282825e-6
0.337	-5.243635675139655e-6
0.3375	-5.239630938484814e-6
0.338	-5.235625641740231e-6
0.3385	-5.2316198043552036e-6
0.339	-5.227613445805469e-6
0.3395	-5.223606585592287e-6
0.34	-5.2195992432415084e-6
0.3405	-5.2155914383026366e-6
0.341	-5.211583190347899e-6
0.3415	-5.207574518971304e-6
0.342	-5.2035654437876955e-6
0.3425	-5.199555984431807e-6
0.343	-5.195546160557308e-6
0.3435	-5.1915359916227666e-6
0.34400000000000003	-5.187525497748742e-6
0.34450000000000003	-5.1835146984245085e-6
0.34500000000000003	-5.179503613369486e-6
0.34550000000000003	-5.175492262317172e-6
0.34600000000000003	-5.1714806650141726e-6
0.34650000000000003	-5.1674688412192325e-6
0.34700000000000003	-5.163456810702268e-6
0.34750000000000003	-5.15944521083577e-6
0.34800000000000003	-5.1554337735905e-6
0.34850000000000003	-5.151422175420253e-6
0.34900000000000003	-5.147410427816353e-6
0.34950000000000003	-5.143398542274414e-6
0.35000000000000003	-5.1393865302939945e-6
0.35050000000000003	-5.135374403378284e-6
0.35100000000000003	-5.1313621730337666e-6
0.35150000000000003	-5.1273498507698956e-6
0.352	-5.123337448098765e-6
0.3525	-5.119324976534769e-6
0.353	-5.115312447594291e-6
0.3535	-5.111299872795358e-6
0.354	-5.107287263657314e-6
0.3545	-5.1032746317004944e-6
0.355	-5.099261988445894e-6
0.3555	-5.095249345414833e-6
0.356	-5.09123671412863e-6
0.3565	-5.08722410610827e-6
0.357	-5.083211532873624e-6
0.3575	-5.079199005944949e-6
0.358	-5.075186536839832e-6
0.3585	-5.071174137074616e-6
0.359	-5.067161818163657e-6
0.3595	-5.063149591618981e-6
0.36	-5.059137468949975e-6
0.3605	-5.055125810384821e-6
0.361	-5.051114816284261e-6
0.3615	-5.0471039497043055e-6
0.362	-5.043093214397553e-6
0.3625	-5.039082614115374e-6
0.363	-5.035072152607869e-6
0.3635	-5.031061833623847e-6
0.364	-5.027051660910782e-6
0.3645	-5.023041638214774e-6
0.365	-5.019031769280526e-6
0.3655	-5.015022057851302e-6
0.366	-5.011012507668892e-6
0.3665	-5.00700312247358e-6
0.367	-5.00299390600411e-6
0.3675	-4.998984861997644e-6
0.368	-4.994975994189741e-6
0.3685	-4.99096730631431e-6
0.369	-4.986958802103581e-6
0.3695	-4.9829504852880685e-6
0.37	-4.978942359603861e-6
0.3705	-4.974934428763993e-6
0.371	-4.970926696500209e-6
0.3715	-4.9669191665358e-6
0.372	-4.962911842592185e-6
0.3725	-4.95890472838885e-6
0.373	-4.95489782764333e-6
0.3735	-4.950891251222171e-6
0.374	-4.946885721532928e-6
0.3745	-4.942880407249232e-6
0.375	-4.938875303975688e-6
0.3755	-4.934870407319211e-6
0.376	-4.930865712888964e-6
0.3765	-4.92686121629633e-6
0.377	-4.92285691315485e-6
0.3775	-4.91885279908017e-6
0.378	-4.9148488696900075e-6
0.3785	-4.91084512060409e-6
0.379	-4.9068415474441115e-6
0.3795	-4.902838145833684e-6
0.38	-4.89883491139829e-6
0.3805	-4.8948318397652325e-6
0.381	-4.890828926563591e-6
0.3815	-4.886826167424163e-6
0.382	-4.882823557979428e-6
0.3825	-4.878821093863495e-6
0.383	-4.874818770718617e-6
0.3835	-4.870816584168908e-6
0.384	-4.866814529859529e-6
0.3845	-4.862812603430627e-6
0.385	-4.858810800523742e-6
0.3855	-4.854809116781763e-6
0.386	-4.850807547848864e-6
0.3865	-4.846806089370473e-6
0.387	-4.842801181360745e-6
0.3875	-4.838795511956166e-6
0.388	-4.834790009834221e-6
0.3885	-4.830784709272135e-6
0.389	-4.826779644529911e-6
0.3895	-4.822774849847396e-6
0.39	-4.818770359441367e-6
0.3905	-4.814766207502627e-6
0.391	-4.810762428193096e-6
0.3915	-4.806759055642909e-6
0.392	-4.802756123947521e-6
0.3925	-4.798753667164823e-6
0.393	-4.794751719312253e-6
0.3935	-4.790750314363933e-6
0.394	-4.786749486247787e-6
0.3945	-4.7827492688426965e-6
0.395	-4.778749695975633e-6
0.3955	-4.774750801418836e-6
0.396	-4.770752618886967e-6
0.3965	-4.7667551819539715e-6
0.397	-4.762758524344569e-6
0.3975	-4.758762679526184e-6
0.398	-4.754767680955239e-6
0.3985	-4.750773562016797e-6
0.399	-4.746780356021853e-6
0.3995	-4.742788096204632e-6
0.4	-4.738800855443403e-6
0.4005	-4.734819225995614e-6
0.401	-4.730838526374107e-6
0.4015	-4.7268587152671795e-6
0.402	-4.72287975145462e-6
0.4025	-4.718901593803297e-6
0.403	-4.714924201262754e-6
0.4035	-4.710947532860849e-6
0.404	-4.706971547699413e-6
0.4045	-4.702996204949927e-6
0.405	-4.6990214638492325e-6
0.4055	-4.695047283695258e-6
0.406	-4.691073623842778e-6
0.40650000000000003	-4.687100443699183e-6
0.40700000000000003	-4.683127702720301e-6
0.40750000000000003	-4.6791553604061945e-6
0.40800000000000003	-4.6751833762970295e-6
0.40850000000000003	-4.671211709968942e-6
0.40900000000000003	-4.6672403210299215e-6
0.40950000000000003	-4.663269169548423e-6
0.41000000000000003	-4.659298214236099e-6
0.41050000000000003	-4.655327415279901e-6
0.41100000000000003	-4.651356732378384e-6
0.41150000000000003	-4.647386125241883e-6
0.41200000000000003	-4.6434155535884095e-6
0.41250000000000003	-4.639444977139569e-6
0.41300000000000003	-4.635474355616482e-6
0.41350000000000003	-4.63149830800437e-6
0.41400000000000003	-4.627521944184881e-6
0.41450000000000004	-4.62354550719151e-6
0.41500000000000004	-4.619569004303793e-6
0.41550000000000004	-4.615592442802472e-6
0.41600000000000004	-4.611615829969368e-6
0.4165	-4.6076391730872514e-6
0.417	-4.603662479439709e-6
0.4175	-4.599685756311024e-6
0.418	-4.595709010986044e-6
0.4185	-4.591732250750048e-6
0.419	-4.587755482888622e-6
0.4195	-4.583778714687513e-6
0.42	-4.579801953432528e-6
0.4205	-4.575825206409366e-6
0.421	-4.571848480903514e-6
0.4215	-4.567871784200096e-6
0.422	-4.563895123583743e-6
0.4225	-4.5599185063585916e-6
0.423	-4.555941939771981e-6
0.4235	-4.5519654311219485e-6
0.424	-4.547988987689584e-6
0.4245	-4.544012616754778e-6
0.425	-4.540036325596098e-6
0.4255	-4.536060121490645e-6
0.426	-4.532084011713929e-6
0.4265	-4.528109053761075e-6
0.427	-4.524135401366087e-6
0.4275	-4.520161836698374e-6
0.428	-4.516188347763174e-6
0.4285	-4.512214922568012e-6
0.429	-4.508241549122324e-6
0.4295	-4.504268215437118e-6
0.43	-4.500294909524583e-6
0.4305	-4.496321619397756e-6
0.431	-4.492348333070132e-6
0.4315	-4.4883750385553245e-6
0.432	-4.484401723866689e-6
0.4325	-4.480428377016967e-6
0.433	-4.47645498601792e-6
0.4335	-4.472481538879972e-6
0.434	-4.4685080236118564e-6
0.4345	-4.464534428220227e-6
0.435	-4.460560740709328e-6
0.4355	-4.456586949072695e-6
0.436	-4.452613041323607e-6
0.4365	-4.4486390054500015e-6
0.437	-4.444664829442871e-6
0.4375	-4.440690501288971e-6
0.438	-4.436716008970462e-6
0.4385	-4.432741340464546e-6
0.439	-4.428766483743096e-6
0.4395	-4.4247914267722946e-6
0.44	-4.420817880063816e-6
0.4405	-4.416844176644243e-6
0.441	-4.412870207023137e-6
0.4415	-4.408895943723648e-6
0.442	-4.4049213592486415e-6
0.4425	-4.40094642607878e-6
0.443	-4.3969711166706225e-6
0.4435	-4.392995403454698e-6
0.444	-4.389019258833582e-6
0.4445	-4.385042655179976e-6
0.445	-4.381065564834761e-6
0.4455	-4.377087960105073e-6
0.446	-4.373109813262342e-6
0.4465	-4.369131096540354e-6
0.447	-4.365151782133278e-6
0.4475	-4.361171842193708e-6
0.448	-4.3571912488306835e-6
0.4485	-4.353209974107713e-6
0.449	-4.349227990117646e-6
0.4495	-4.345245268685748e-6
0.45	-4.341261781791888e-6
0.4505	-4.337277501297226e-6
0.451	-4.33329239900729e-6
0.4515	-4.32930644666992e-6
0.452	-4.325319615973224e-6
0.4525	-4.321331878543493e-6
0.453	-4.317344434423111e-6
0.4535	-4.313357341348356e-6
0.454	-4.3093692254303345e-6
0.4545	-4.30538003607311e-6
0.455	-4.301389722545599e-6
0.4555	-4.297398233974973e-6
0.456	-4.293405519339967e-6
0.4565	-4.2894115274641825e-6
0.457	-4.285416207009298e-6
0.4575	-4.281419506468242e-6
0.458	-4.277421374158303e-6
0.4585	-4.273421758214169e-6
0.459	-4.269420606580916e-6
0.4595	-4.265417867006928e-6
0.46	-4.261413487036723e-6
0.4605	-4.2574074140037465e-6
0.461	-4.253399595023053e-6
0.4615	-4.249389976983924e-6
0.462	-4.245378507546449e-6
0.4625	-4.241365131232942e-6
0.463	-4.2373497950986425e-6
0.4635	-4.23333244505234e-6
0.464	-4.229313026738547e-6
0.4645	-4.225291485529539e-6
0.465	-4.221267766517307e-6
0.4655	-4.217241814505389e-6
0.466	-4.213210972594134e-6
0.4665	-4.2091654677139925e-6
0.467	-4.205117691582567e-6
0.4675	-4.201067720739263e-6
0.468	-4.197015632148715e-6
0.4685	-4.192961503187498e-6
0.46900000000000003	-4.188905411630654e-6
0.46950000000000003	-4.1848474356380025e-6
0.47000000000000003	-4.180787653740241e-6
0.47050000000000003	-4.176726144824857e-6
0.47100000000000003	-4.172662988121816e-6
0.47150000000000003	-4.1685982631890615e-6
0.47200000000000003	-4.164532049897797e-6
0.47250000000000003	-4.1604644284175825e-6
0.47300000000000003	-4.156395479201218e-6
0.47350000000000003	-4.1523252829694335e-6
0.47400000000000003	-4.148253920695376e-6
0.47450000000000003	-4.144181473588895e-6
0.47500000000000003	-4.1401080165235255e-6
0.47550000000000003	-4.136033644619546e-6
0.47600000000000003	-4.1319584328865025e-6
0.47650000000000003	-4.1278824632995756e-6
0.47700000000000004	-4.123805817986883e-6
0.47750000000000004	-4.119728579213033e-6
0.47800000000000004	-4.115650829362629e-6
0.47850000000000004	-4.111572650923671e-6
0.47900000000000004	-4.107495009650922e-6
0.47950000000000004	-4.103419569080041e-6
0.48	-4.099343910142852e-6
0.4805	-4.095268085167146e-6
0.481	-4.091192146501953e-6
0.4815	-4.087116146510872e-6
0.482	-4.083040137565355e-6
0.4825	-4.078964172038022e-6
0.483	-4.074888302295959e-6
0.4835	-4.070812580694013e-6
0.484	-4.066737059568107e-6
0.4845	-4.062661791228545e-6
0.485	-4.0585868279533315e-6
0.4855	-4.0545122219815054e-6
0.486	-4.050438025506477e-6
0.4865	-4.046364290669381e-6
0.487	-4.042291069552454e-6
0.4875	-4.038218414172418e-6
0.488	-4.034146376565797e-6
0.4885	-4.030075008454885e-6
0.489	-4.026004361677477e-6
0.4895	-4.021934487921629e-6
0.49	-4.0178654387769e-6
0.4905	-4.0137972657279e-6
0.491	-4.009730020147892e-6
0.4915	-4.005663753292403e-6
0.492	-4.001599524024804e-6
0.4925	-3.997537884212649e-6
0.493	-3.993477342496639e-6
0.4935	-3.989417927048424e-6
0.494	-3.985359665960401e-6
0.4945	-3.981302587243899e-6
0.495	-3.977246718827352e-6
0.4955	-3.9731920885544996e-6
0.496	-3.969138724182597e-6
0.4965	-3.965086653380643e-6
0.497	-3.961035903727632e-6
0.4975	-3.9569865027108105e-6
0.498	-3.952938477723943e-6
0.4985	-3.948891856065634e-6
0.499	-3.944846664937607e-6
0.4995	-3.940802931443056e-6
0.5	-3.936760682584974e-6
0.5005000000000001	-3.932719945264531e-6
0.501	-3.928680746279448e-6
0.5015000000000001	-3.924643113467791e-6
0.502	-3.920607071220476e-6
0.5025000000000001	-3.916572647057167e-6
0.503	-3.912539867343877e-6
0.5035000000000001	-3.908508758335239e-6
0.504	-3.904479346173052e-6
0.5045000000000001	-3.900451656884772e-6
0.505	-3.896426118488313e-6
0.5055000000000001	-3.892403067263014e-6
0.506	-3.888381801499928e-6
0.5065000000000001	-3.884362337004326e-6
0.507	-3.880344689505461e-6
0.5075000000000001	-3.876328874656109e-6
0.508	-3.872314908032132e-6
0.5085000000000001	-3.868302805132032e-6
0.509	-3.864292581376537e-6
0.5095000000000001	-3.860284252108174e-6
0.51	-3.856277832590859e-6
0.5105000000000001	-3.852273338009492e-6
0.511	-3.84827078346957e-6
0.5115000000000001	-3.844270183996789e-6
0.512	-3.840271554536679e-6
0.5125	-3.836274909954224e-6
0.513	-3.8322802650334955e-6
0.5135	-3.828287634477323e-6
0.514	-3.82429703290691e-6
0.5145	-3.820308475811719e-6
0.515	-3.816321975804811e-6
0.5155	-3.812337548146403e-6
0.516	-3.808355207127058e-6
0.5165	-3.8043749669541182e-6
0.517	-3.8003968417513974e-6
0.5175	-3.7964208455589137e-6
0.518	-3.7924470120869227e-6
0.5185	-3.7884763368736327e-6
0.519	-3.7845078217379836e-6
0.5195	-3.7805414717141752e-6
0.52	-3.7765772917994025e-6
0.5205	-3.772615286953884e-6
0.521	-3.7686554621009045e-6
0.5215	-3.7646978221268826e-6
0.522	-3.7607423718814038e-6
0.5225	-3.7567891161772765e-6
0.523	-3.752838059790578e-6
0.5235	-3.7488892074607187e-6
0.524	-3.7449425638904864e-6
0.5245	-3.740998133746098e-6
0.525	-3.737055921657264e-6
0.5255	-3.733115932217245e-6
0.526	-3.7291781699828967e-6
0.5265	-3.725242639474744e-6
0.527	-3.7213093451770313e-6
0.5275	-3.7173782926408645e-6
0.528	-3.7134494841264254e-6
0.5285	-3.7095229250479898e-6
0.529	-3.7055986197446253e-6
0.5295	-3.7016765725194626e-6
0.53	-3.6977567876397335e-6
0.5305	-3.6938392693368664e-6
0.531	-3.689924021806527e-6
0.5315	-3.6860112394811217e-6
0.532	-3.6821011824882613e-6
0.5325	-3.6781934006878157e-6
0.533	-3.674287892898224e-6
0.5335	-3.670384657933263e-6
0.534	-3.6664836946020777e-6
0.5345	-3.6625850017092148e-6
0.535	-3.658688578054651e-6
0.5355	-3.654794422433819e-6
0.536	-3.650902533637648e-6
0.5365	-3.6470129104526015e-6
0.537	-3.6431255516606755e-6
0.5375	-3.6392404560394718e-6
0.538	-3.6353576223621987e-6
0.5385	-3.631477049397708e-6
0.539	-3.6275987359105367e-6
0.5395	-3.623722680660919e-6
0.54	-3.619848882404825e-6
0.5405	-3.6159773405650702e-6
0.541	-3.6121080525779044e-6
0.5415	-3.6082410178204565e-6
0.542	-3.6043762350316875e-6
0.5425	-3.600513702946441e-6
0.543	-3.596653420295493e-6
0.5435	-3.5927953858055764e-6
0.544	-3.5889395981993974e-6
0.5445	-3.5850860561956888e-6
0.545	-3.581234890986201e-6
0.5455	-3.577386693687136e-6
0.546	-3.573540728701826e-6
0.5465	-3.5696969879119297e-6
0.547	-3.5658554632347843e-6
0.5475	-3.5620161466231895e-6
0.548	-3.558179030065138e-6
0.5485	-3.5543441055836106e-6
0.549	-3.550511365236316e-6
0.5495	-3.5466808011154777e-6
0.55	-3.542852405347588e-6
0.5505	-3.539026170093191e-6
0.551	-3.5352020875466476e-6
0.5515	-3.531380149935913e-6
0.552	-3.527560349522317e-6
0.5525	-3.5237426786003357e-6
0.553	-3.5199271294973756e-6
0.5535	-3.5161136945735565e-6
0.554	-3.5123023669727184e-6
0.5545	-3.5084931376413657e-6
0.555	-3.504685999756089e-6
0.5555	-3.5008809458056097e-6
0.556	-3.4970779683103093e-6
0.5565	-3.4932770598220416e-6
0.557	-3.4894782129239083e-6
0.5575	-3.4856814202300714e-6
0.558	-3.481886674385543e-6
0.5585	-3.4780939680659846e-6
0.559	-3.4743034817735653e-6
0.5595	-3.4705151578114596e-6
0.56	-3.4667288470781218e-6
0.5605	-3.4629445398584715e-6
0.561	-3.45916222648031e-6
0.5615	-3.4553818973139895e-6
0.562	-3.451603542772077e-6
0.5625	-3.447827153309041e-6
0.5630000000000001	-3.4440527194209147e-6
0.5635	-3.4402802316449757e-6
0.5640000000000001	-3.4365096805594373e-6
0.5645	-3.4327410567831193e-6
0.5650000000000001	-3.4289743509751438e-6
0.5655	-3.4252095538346214e-6
0.5660000000000001	-3.4214466561003427e-6
0.5665	-3.417685648550481e-6
0.5670000000000001	-3.413926522184155e-6
0.5675	-3.4101692674997316e-6
0.5680000000000001	-3.406413875565595e-6
0.5685	-3.4026603373144297e-6
0.5690000000000001	-3.398908643716818e-6
0.5695	-3.3951587857809513e-6
0.5700000000000001	-3.3914107545523346e-6
0.5705	-3.387664541113524e-6
0.5710000000000001	-3.3839201365838133e-6
0.5715	-3.3801775321189832e-6
0.5720000000000001	-3.3764367189110047e-6
0.5725	-3.37269768818778e-6
0.5730000000000001	-3.3689599545712675e-6
0.5735	-3.365223646925984e-6
0.5740000000000001	-3.3614891065839598e-6
0.5745	-3.357756331048133e-6
0.5750000000000001	-3.3540253178273223e-6
0.5755	-3.35029606443622e-6
0.5760000000000001	-3.3465685683953554e-6
0.5765	-3.342842827231097e-6
0.577	-3.339118838475615e-6
0.5775	-3.335396599666868e-6
0.578	-3.3316761083485853e-6
0.5785	-3.327957362070245e-6
0.579	-3.3242403583870555e-6
0.5795	-3.320525094859933e-6
0.58	-3.3168115687963806e-6
0.5805	-3.31309977827531e-6
0.581	-3.3093897206298202e-6
0.5815	-3.305681393443475e-6
0.582	-3.3019747943054445e-6
0.5825	-3.298269920810498e-6
0.583	-3.294566770558977e-6
0.5835	-3.290865341156779e-6
0.584	-3.2871656302153404e-6
0.5845	-3.2834676353516178e-6
0.585	-3.2797713541880722e-6
0.5855	-3.2760767843526464e-6
0.586	-3.272383923478757e-6
0.5865	-3.268692769205261e-6
0.587	-3.2650035703832453e-6
0.5875	-3.26131700532538e-6
0.588	-3.25763212764227e-6
0.5885	-3.25394892634333e-6
0.589	-3.2502673904826746e-6
0.5895	-3.246587509158706e-6
0.59	-3.24290927151371e-6
0.5905	-3.2392326667334517e-6
0.591	-3.235557684046789e-6
0.5915	-3.2318843127252607e-6
0.592	-3.2282125420827194e-6
0.5925	-3.2245423614749187e-6
0.593	-3.22087376051755e-6
0.5935	-3.2172067282237316e-6
0.594	-3.213541254276899e-6
0.5945	-3.209877328196672e-6
0.595	-3.206214939542708e-6
0.5955	-3.2025540779143367e-6
0.596	-3.1988947329501956e-6
0.5965	-3.19523689432787e-6
0.597	-3.19158055176354e-6
0.5975	-3.187925695011613e-6
0.598	-3.1842723138643823e-6
0.5985	-3.18062039815168e-6
0.599	-3.1769699377405253e-6
0.5995	-3.1733209225347807e-6
0.6	-3.169673342474819e-6
0.6005	-3.1660271875371814e-6
0.601	-3.1623824477342437e-6
0.6015	-3.158748311815398e-6
0.602	-3.1551260340298366e-6
0.6025	-3.1515049154554098e-6
0.603	-3.1478848079267866e-6
0.6035	-3.1442655636897993e-6
0.604	-3.1406470353401613e-6
0.6045	-3.1370290757625837e-6
0.605	-3.133411538070318e-6
0.6055	-3.12979427554497e-6
0.606	-3.1261771415766357e-6
0.6065	-3.1225599892307623e-6
0.607	-3.118942672299922e-6
0.6075	-3.1153250441073083e-6
0.608	-3.1117069578975516e-6
0.6085	-3.1080882667291572e-6
0.609	-3.104468823414702e-6
0.6095	-3.1008484804607623e-6
0.61	-3.0972270900074712e-6
0.6105	-3.0936045037676713e-6
0.611	-3.0899805729655827e-6
0.6115	-3.0863551482748767e-6
0.612	-3.0827280797561624e-6
0.6125	-3.0790992167937122e-6
0.613	-3.0754684080314455e-6
0.6135	-3.071835501308013e-6
0.614	-3.0682003435909603e-6
0.6145	-3.064562780909856e-6
0.615	-3.0609226582883046e-6
0.6155	-3.057279819674774e-6
0.616	-3.0536276832941318e-6
0.6165	-3.0499628520837283e-6
0.617	-3.046294951224117e-6
0.6175	-3.0426239359581023e-6
0.618	-3.0389497611786865e-6
0.6185	-3.035272381422256e-6
0.619	-3.0315917508617055e-6
0.6195	-3.027907819428427e-6
0.62	-3.0242205475145864e-6
0.6205	-3.0205298850551452e-6
0.621	-3.016835784716668e-6
0.6215	-3.013138198767853e-6
0.622	-3.00943707907183e-6
0.6225	-3.005732377078287e-6
0.623	-3.002024043815483e-6
0.6235	-2.9983120298820633e-6
0.624	-2.99459628543875e-6
0.6245	-2.9908767601998515e-6
0.625	-2.987153403424617e-6
0.6255000000000001	-2.9834261639084045e-6
0.626	-2.9796949899736817e-6
0.6265000000000001	-2.9759598294608514e-6
0.627	-2.972220629718876e-6
0.6275000000000001	-2.9684773375957127e-6
0.628	-2.9647298994285727e-6
0.6285000000000001	-2.9609782610339486e-6
0.629	-2.9572223676974496e-6
0.6295000000000001	-2.9534621641634225e-6
0.63	-2.9496975946243546e-6
0.6305000000000001	-2.945919856239692e-6
0.631	-2.9421377742068766e-6
0.6315000000000001	-2.938351259650952e-6
0.632	-2.9345603226435368e-6
0.6325000000000001	-2.930764972528259e-6
0.633	-2.9269652214458612e-6
0.6335000000000001	-2.923161079383391e-6
0.634	-2.919352557258872e-6
0.6345000000000001	-2.9155396662041955e-6
0.635	-2.9117224175662584e-6
0.6355000000000001	-2.907900822908068e-6
0.636	-2.904074894009853e-6
0.6365000000000001	-2.900244642870133e-6
0.637	-2.8964100817067973e-6
0.6375000000000001	-2.8925712229581493e-6
0.638	-2.8887280792839346e-6
0.6385000000000001	-2.884880663566361e-6
0.639	-2.8810289889110925e-6
0.6395000000000001	-2.877173068648214e-6
0.64	-2.8733129163332028e-6
0.6405	-2.8694485457478562e-6
0.641	-2.865579970901211e-6
0.6415	-2.861707206030432e-6
0.642	-2.857830265601689e-6
0.6425	-2.8539491643110165e-6
0.643	-2.8500639170851225e-6
0.6435	-2.8461745390822156e-6
0.644	-2.8422797806986372e-6
0.6445	-2.8383798592428017e-6
0.645	-2.834475876322174e-6
0.6455	-2.8305678675496846e-6
0.646	-2.8266558691436833e-6
0.6465	-2.822739917602826e-6
0.647	-2.8188200499022097e-6
0.6475	-2.8148963034473517e-6
0.648	-2.810968716072735e-6
0.6485	-2.8070373260402617e-6
0.649	-2.8031021720375644e-6
0.6495	-2.7991632931762307e-6
0.65	-2.7952207289898776e-6
0.6505	-2.7912745194321484e-6
0.651	-2.7873247048745533e-6
0.6515	-2.7833713261042218e-6
0.652	-2.779414424321517e-6
0.6525	-2.7754540411375403e-6
0.653	-2.771490218571511e-6
0.6535	-2.7675229990480385e-6
0.654	-2.7635524253942458e-6
0.6545	-2.7595785408368096e-6
0.655	-2.7556013889988487e-6
0.6555	-2.751621013896713e-6
0.656	-2.74763745993663e-6
0.6565	-2.7436507719112566e-6
0.657	-2.739660994996093e-6
0.6575	-2.7356679456782582e-6
0.658	-2.7316718585217873e-6
0.6585	-2.7276728240046416e-6
0.659	-2.723670891179439e-6
0.6595	-2.719666109485845e-6
0.66	-2.715658528731457e-6
0.6605	-2.711648199095713e-6
0.661	-2.7076351711227473e-6
0.6615	-2.703619495716175e-6
0.662	-2.699601224133753e-6
0.6625	-2.6955804079819008e-6
0.663	-2.6915570992100994e-6
0.6635	-2.6875313501051906e-6
0.664	-2.6835032132855076e-6
0.6645	-2.6794727416949355e-6
0.665	-2.675439988596813e-6
0.6655	-2.6714050075677425e-6
0.666	-2.6673678524912612e-6
0.6665	-2.6633285775514267e-6
0.667	-2.6592872372262483e-6
0.6675	-2.6552438862810622e-6
0.668	-2.6511985797617504e-6
0.6685	-2.6471513729878717e-6
0.669	-2.6431023215456917e-6
0.6695	-2.6390514812811094e-6
0.67	-2.6349989082924695e-6
0.6705	-2.6309452535546514e-6
0.671	-2.626890256079919e-6
0.6715	-2.622833683504093e-6
0.672	-2.6187755849700333e-6
0.6725	-2.614716009803673e-6
0.673	-2.6106550075186978e-6
0.6735	-2.6065926278042474e-6
0.674	-2.6025289205206364e-6
0.6745	-2.5984639356934882e-6
0.675	-2.5943977235078102e-6
0.6755	-2.5903303343020207e-6
0.676	-2.5862618185619144e-6
0.6765	-2.5821922269145876e-6
0.677	-2.578121610122305e-6
0.6775	-2.574050019076322e-6
0.678	-2.5699775047906596e-6
0.6785	-2.565904118395851e-6
0.679	-2.5618299111326207e-6
0.6795	-2.5577549343455417e-6
0.68	-2.5536792394766678e-6
0.6805	-2.5496028780591023e-6
0.681	-2.5455259017105525e-6
0.6815	-2.541448362126859e-6
0.682	-2.53737031107548e-6
0.6825	-2.5332918003889667e-6
0.683	-2.5292128819584075e-6
0.6835	-2.5251351170856905e-6
0.684	-2.5210574410092343e-6
0.6845	-2.516979482652017e-6
0.685	-2.5129012767363127e-6
0.6855	-2.5088228580058866e-6
0.686	-2.5047442612223973e-6
0.6865	-2.500665521162754e-6
0.687	-2.49658667261608e-6
0.6875	-2.4925077503807542e-6
0.6880000000000001	-2.4884287892614434e-6
0.6885	-2.484349824066132e-6
0.6890000000000001	-2.480270889603155e-6
0.6895	-2.4761920206782192e-6
0.6900000000000001	-2.4721132520914438e-6
0.6905	-2.468034618634388e-6
0.6910000000000001	-2.463956155087081e-6
0.6915	-2.4598778962150653e-6
0.6920000000000001	-2.4557998767664245e-6
0.6925	-2.451722131468848e-6
0.6930000000000001	-2.447644695026661e-6
0.6935	-2.4435676021178843e-6
0.6940000000000001	-2.439490887391299e-6
0.6945	-2.4354145854635137e-6
0.6950000000000001	-2.431338730916032e-6
0.6955	-2.42726335829235e-6
0.6960000000000001	-2.4231885020950332e-6
0.6965	-2.419116351316146e-6
0.6970000000000001	-2.4150448694815562e-6
0.6975	-2.410973966692454e-6
0.6980000000000001	-2.4069036569902284e-6
0.6985	-2.4028339543999273e-6
0.6990000000000001	-2.3987648729142178e-6
0.6995	-2.394696426514125e-6
0.7000000000000001	-2.3906286291557033e-6
0.7005	-2.3865614947725097e-6
0.7010000000000001	-2.3824950372751474e-6
0.7015	-2.3784292705508052e-6
0.7020000000000001	-2.374364208462795e-6
0.7025	-2.3702998648501152e-6
0.7030000000000001	-2.366236253526976e-6
0.7035	-2.362173388282368e-6
0.704	-2.35811128287961e-6
0.7045	-2.354049951055898e-6
0.705	-2.349989406521877e-6
0.7055	-2.3459296629611894e-6
0.706	-2.3418707340300433e-6
0.7065	-2.337812633356775e-6
0.707	-2.3337553745414244e-6
0.7075	-2.3296989711553e-6
0.708	-2.325643436740553e-6
0.7085	-2.3215887848097545e-6
0.709	-2.3175350533866255e-6
0.7095	-2.3134830459224106e-6
0.71	-2.30943195305077e-6
0.7105	-2.3053817807138298e-6
0.711	-2.3013325348395206e-6
0.7115	-2.2972842213440756e-6
0.712	-2.2932368461223107e-6
0.7125	-2.289190415061071e-6
0.713	-2.2851449340307673e-6
0.7135	-2.281100408887255e-6
0.714	-2.277056845471773e-6
0.7145	-2.2730142496108594e-6
0.715	-2.2689726271163113e-6
0.7155	-2.2649319837850867e-6
0.716	-2.2608923253992645e-6
0.7165	-2.2568536577259562e-6
0.717	-2.252815986517268e-6
0.7175	-2.248779317510204e-6
0.718	-2.2447436564266347e-6
0.7185	-2.2407090089732e-6
0.719	-2.2366753808412856e-6
0.7195	-2.2326427777069194e-6
0.72	-2.228611205230745e-6
0.7205	-2.224580669057939e-6
0.721	-2.2205511748181636e-6
0.7215	-2.2165227281254936e-6
0.722	-2.2124953345783717e-6
0.7225	-2.2084723466435426e-6
0.723	-2.204450556842288e-6
0.7235	-2.2004297741585992e-6
0.724	-2.196409973538773e-6
0.7245	-2.192391130008311e-6
0.725	-2.18837321859927e-6
0.7255	-2.184356214447977e-6
0.726	-2.180340092731923e-6
0.7265	-2.1763248286824355e-6
0.727	-2.172310397583097e-6
0.7275	-2.168296774768181e-6
0.728	-2.1642839356210903e-6
0.7285	-2.160271855572798e-6
0.729	-2.1562605101003113e-6
0.7295	-2.1522498747251286e-6
0.73	-2.1482399250117178e-6
0.7305	-2.1442306365659814e-6
0.731	-2.1402219850337584e-6
0.7315	-2.1362139460993065e-6
0.732	-2.1322064954837977e-6
0.7325	-2.1281996089438345e-6
0.733	-2.124193262269953e-6
0.7335	-2.120187431285143e-6
0.734	-2.116182091843365e-6
0.7345	-2.1121772198280797e-6
0.735	-2.1081727911507897e-6
0.7355	-2.1041669758174714e-6
0.736	-2.1001607847195336e-6
0.7365	-2.0961550037415357e-6
0.737	-2.0921496313187885e-6
0.7375	-2.088144665888742e-6
0.738	-2.0841401058891624e-6
0.7385	-2.080135949760074e-6
0.739	-2.076132195942859e-6
0.7395	-2.072128842880406e-6
0.74	-2.0681258890170965e-6
0.7405	-2.064123332798805e-6
0.741	-2.0601211726728937e-6
0.7415	-2.0561194070882006e-6
0.742	-2.0521180344950313e-6
0.7425	-2.048117053345161e-6
0.743	-2.044116462091819e-6
0.7435	-2.0401162591896866e-6
0.744	-2.0361164430948905e-6
0.7445	-2.0321170122649937e-6
0.745	-2.0281179651589927e-6
0.7455	-2.0241193002373094e-6
0.746	-2.0201210159617814e-6
0.7465	-2.016123110795658e-6
0.747	-2.0121255832035983e-6
0.7475	-2.0081284316516574e-6
0.748	-2.0041316546072784e-6
0.7485	-2.0001355113787295e-6
0.749	-1.9961401831680746e-6
0.7495	-1.9921452163314386e-6
0.75	-1.9881506032508005e-6
0.7505000000000001	-1.9841563363148383e-6
0.751	-1.980162407919206e-6
0.7515000000000001	-1.9761688104647924e-6
0.752	-1.9721755363598244e-6
0.7525000000000001	-1.968182578018318e-6
0.753	-1.9641899278602494e-6
0.7535000000000001	-1.9601975783114165e-6
0.754	-1.956205521803296e-6
0.7545000000000001	-1.9522137507728886e-6
0.755	-1.948222257662586e-6
0.7555000000000001	-1.9442310349200168e-6
0.756	-1.9402400749979056e-6
0.7565000000000001	-1.936249370353926e-6
0.757	-1.9322589134505644e-6
0.7575000000000001	-1.928268696754964e-6
0.758	-1.9242787127387942e-6
0.7585000000000001	-1.920288953878097e-6
0.759	-1.9162994126531524e-6
0.7595000000000001	-1.9123100815483276e-6
0.76	-1.9083209530519406e-6
0.7605000000000001	-1.9043320196561155e-6
0.761	-1.9003432738566415e-6
0.7615000000000001	-1.896354708152826e-6
0.762	-1.8923656188509705e-6
0.7625000000000001	-1.8883766841160034e-6
0.763	-1.8843879192127207e-6
0.7635000000000001	-1.8803993227839208e-6
0.764	-1.876410893472984e-6
0.7645000000000001	-1.8724226299238405e-6
0.765	-1.8684345307809863e-6
0.7655000000000001	-1.8644465946894623e-6
0.766	-1.860458820294868e-6
0.7665000000000001	-1.8564712062433435e-6
0.767	-1.8524837511815762e-6
0.7675000000000001	-1.8484964537567783e-6
0.768	-1.8445093126167001e-6
0.7685	-1.8405223264096204e-6
0.769	-1.836535493784335e-6
0.7695	-1.8325488133901567e-6
0.77	-1.8285622838769106e-6
0.7705	-1.824575903894935e-6
0.771	-1.8205896720950638e-6
0.7715	-1.8166035871286322e-6
0.772	-1.812617647647471e-6
0.7725	-1.8086318523038994e-6
0.773	-1.8046461997507152e-6
0.7735	-1.8006606886412074e-6
0.774	-1.796675317629128e-6
0.7745	-1.7926900853687123e-6
0.775	-1.7887049618347537e-6
0.7755	-1.7847199515491936e-6
0.776	-1.7807350766765954e-6
0.7765	-1.7767503363170975e-6
0.777	-1.7727657295711377e-6
0.7775	-1.7687812555394588e-6
0.778	-1.764796913323091e-6
0.7785	-1.7608127020233684e-6
0.779	-1.7568286207419142e-6
0.7795	-1.752844668580647e-6
0.78	-1.7488608446417619e-6
0.7805	-1.7448771480277589e-6
0.781	-1.7408935778414087e-6
0.7815	-1.736910133185773e-6
0.782	-1.7329268131641865e-6
0.7825	-1.7289436168802736e-6
0.783	-1.724960543437924e-6
0.7835	-1.7209775919413103e-6
0.784	-1.7169947614948673e-6
0.7845	-1.7130120512033175e-6
0.785	-1.7090294601716336e-6
0.7855	-1.7050469875050682e-6
0.786	-1.7010646323091263e-6
0.7865	-1.6970823936895869e-6
0.787	-1.6931002707524802e-6
0.7875	-1.6891182626040988e-6
0.788	-1.685136369171403e-6
0.7885	-1.6811545955077336e-6
0.789	-1.677172933880367e-6
0.7895	-1.6731913833314797e-6
0.79	-1.669209942903513e-6
0.7905	-1.665228611639168e-6
0.791	-1.661247388581408e-6
0.7915	-1.657266272773461e-6
0.792	-1.653285263258806e-6
0.7925	-1.6493043590811757e-6
0.793	-1.6453235592845554e-6
0.7935	-1.6413428629131844e-6
0.794	-1.6373622690115455e-6
0.7945	-1.6333817766243644e-6
0.795	-1.6294013847966122e-6
0.7955	-1.625421092573503e-6
0.796	-1.6214408990004825e-6
0.7965	-1.6174608031232359e-6
0.797	-1.6134808039876802e-6
0.7975	-1.609500900639967e-6
0.798	-1.6055210921264698e-6
0.7985	-1.601541377493798e-6
0.799	-1.5975617557887745e-6
0.7995	-1.5935822260584508e-6
0.8	-1.5896027873500978e-6
0.8005	-1.5856234387112032e-6
0.801	-1.5816441791894653e-6
0.8015	-1.577665055688608e-6
0.802	-1.5736860457257435e-6
0.8025	-1.5697071209710906e-6
0.803	-1.5657282798347324e-6
0.8035	-1.561749520727105e-6
0.804	-1.5577708420589525e-6
0.8045	-1.553792242241355e-6
0.805	-1.5498137196856968e-6
0.8055	-1.5458352728036737e-6
0.806	-1.5418569000072872e-6
0.8065	-1.5378785997088259e-6
0.807	-1.5339003703208738e-6
0.8075	-1.5299222102562946e-6
0.808	-1.5259441179282333e-6
0.8085	-1.5219660917500948e-6
0.809	-1.5179881301355548e-6
0.8095	-1.5140102314985488e-6
0.81	-1.5100323942532526e-6
0.8105	-1.506054616814098e-6
0.811	-1.5020768975957457e-6
0.8115	-1.4980992350130993e-6
0.812	-1.4941216274812731e-6
0.8125	-1.490144073415612e-6
0.8130000000000001	-1.4861665712316729e-6
0.8135	-1.4821891193452112e-6
0.8140000000000001	-1.478211716172194e-6
0.8145	-1.4742343363975524e-6
0.8150000000000001	-1.4702568778082127e-6
0.8155	-1.4662794646585847e-6
0.8160000000000001	-1.462302096634421e-6
0.8165	-1.4583247734215038e-6
0.8170000000000001	-1.4543474947056518e-6
0.8175	-1.4503702601727166e-6
0.8180000000000001	-1.4463930695085916e-6
0.8185	-1.442415922399198e-6
0.8190000000000001	-1.4384388185304913e-6
0.8195	-1.4344617575884677e-6
0.8200000000000001	-1.430484739259149e-6
0.8205	-1.4265077632285955e-6
0.8210000000000001	-1.4225308291828986e-6
0.8215	-1.4185539368081855e-6
0.8220000000000001	-1.4145770857906144e-6
0.8225	-1.4106002758163743e-6
0.8230000000000001	-1.4066235065716902e-6
0.8235	-1.402646777742816e-6
0.8240000000000001	-1.39867008901604e-6
0.8245	-1.3946934400776794e-6
0.8250000000000001	-1.390716830614087e-6
0.8255	-1.3867402603116394e-6
0.8260000000000001	-1.3827637288567525e-6
0.8265	-1.3787872359358657e-6
0.8270000000000001	-1.374810781235455e-6
0.8275	-1.370834364442021e-6
0.8280000000000001	-1.3668577818895824e-6
0.8285	-1.3628811381883607e-6
0.8290000000000001	-1.3589045357981884e-6
0.8295	-1.3549279770015273e-6
0.8300000000000001	-1.350951464080581e-6
0.8305	-1.3469749993172992e-6
0.8310000000000001	-1.3429985849933478e-6
0.8315	-1.3390222233901068e-6
0.8320000000000001	-1.3350459167886508e-6
0.8325	-1.3310696674697444e-6
0.833	-1.3270934777138138e-6
0.8335	-1.323117349800954e-6
0.834	-1.3191412860108988e-6
0.8345	-1.315165288623016e-6
0.835	-1.3111893599162922e-6
0.8355	-1.3072135021693191e-6
0.836	-1.3032377176602853e-6
0.8365	-1.2992620086669504e-6
0.837	-1.2952863774666526e-6
0.8375	-1.2913108263362764e-6
0.838	-1.2873353575522508e-6
0.8385	-1.2833599733905307e-6
0.839	-1.2793846761265862e-6
0.8395	-1.275409468035389e-6
0.84	-1.2714343513914052e-6
0.8405	-1.2674593284685663e-6
0.841	-1.2634845080072747e-6
0.8415	-1.259510291130499e-6
0.842	-1.2555361686028154e-6
0.8425	-1.2515621374610858e-6
0.843	-1.2475881947428207e-6
0.8435	-1.2436143374862133e-6
0.844	-1.2396405627300902e-6
0.8445	-1.2356668675138897e-6
0.845	-1.231693248877644e-6
0.8455	-1.227719703861951e-6
0.846	-1.2237462295079611e-6
0.8465	-1.2197728228573486e-6
0.847	-1.2157994809522917e-6
0.8475	-1.2118262008354478e-6
0.848	-1.2078529795499399e-6
0.8485	-1.2038798141393211e-6
0.849	-1.1999067016475652e-6
0.8495	-1.195933639119042e-6
0.85	-1.191960623598484e-6
0.8505	-1.1879876521309818e-6
0.851	-1.1840147217619489e-6
0.8515	-1.180041829537104e-6
0.852	-1.1760689725024546e-6
0.8525	-1.1720961477042616e-6
0.853	-1.1681233521890348e-6
0.8535	-1.1641505830034936e-6
0.854	-1.1601778371945585e-6
0.8545	-1.1564869395799542e-6
0.855	-1.1529017407171957e-6
0.8555	-1.1492690417831e-6
0.856	-1.1457584208956453e-6
0.8565	-1.1420146578898671e-6
0.857	-1.138227747362406e-6
0.8575	-1.1343986801019772e-6
0.858	-1.130528722958375e-6
0.8585	-1.126619426950224e-6
0.859	-1.1226726322461746e-6
0.8595	-1.1186904696331828e-6
0.86	-1.1146753581345962e-6
0.8605	-1.1106299985064295e-6
0.861	-1.1065573624220315e-6
0.8615	-1.1024606772515652e-6
0.862	-1.0983434064509805e-6
0.8625	-1.0942092256918327e-6
0.863	-1.0900619949844794e-6
0.8635	-1.0859057271676481e-6
0.864	-1.0817445532523933e-6
0.8645	-1.077582685212204e-6
0.865	-1.0734243768990944e-6
0.8655	-1.069273883832869e-6
0.866	-1.0651354226543494e-6
0.8665	-1.0610131310503773e-6
0.867	-1.056911028948159e-6
0.8675	-1.0528329817390113e-6
0.868	-1.0487826662288529e-6
0.8685	-1.0447635399275438e-6
0.869	-1.0406898546460376e-6
0.8695	-1.036847413607775e-6
0.87	-1.0330003220696575e-6
0.8705	-1.029128748096423e-6
0.871	-1.0252127268044021e-6
0.8715	-1.0210770807002889e-6
0.872	-1.0170726676080467e-6
0.8725	-1.013146751015425e-6
0.873	-1.0095272281763958e-6
0.8735	-1.0056443152360874e-6
0.874	-1.0013834357974061e-6
0.8745	-9.972182988475923e-7
0.875	-9.931279926830052e-7
0.8755000000000001	-9.893356438605785e-7
0.876	-9.854220668064462e-7
0.8765000000000001	-9.814832725046154e-7
0.877	-9.774484191121585e-7
0.8775000000000001	-9.734729141160745e-7
0.878	-9.695388444800573e-7
0.8785000000000001	-9.65584079375528e-7
0.879	-9.616147341959961e-7
0.8795000000000001	-9.575590147961654e-7
0.88	-9.535890635921487e-7
0.8805000000000001	-9.496752799064913e-7
0.881	-9.459633539105689e-7
0.8815000000000001	-9.420337580609058e-7
0.882	-9.37771564019262e-7
0.8825000000000001	-9.336473456800729e-7
0.883	-9.296043745058439e-7
0.8835000000000001	-9.25853578837162e-7
0.884	-9.21940218960094e-7
0.8845000000000001	-9.178931020286248e-7
0.885	-9.138769841674693e-7
0.8855000000000001	-9.098801945206626e-7
0.886	-9.059556917126971e-7
0.8865000000000001	-9.020084595729025e-7
0.887	-8.980591901062171e-7
0.8875000000000001	-8.941007230569313e-7
0.888	-8.901403055861856e-7
0.8885000000000001	-8.861742931165417e-7
0.889	-8.821963953145734e-7
0.8895000000000001	-8.782042264827341e-7
0.89	-8.741996087209062e-7
0.8905000000000001	-8.701662115037389e-7
0.891	-8.661018881525791e-7
0.8915000000000001	-8.618979499336132e-7
0.892	-8.578853613163236e-7
0.8925000000000001	-8.542325258915194e-7
0.893	-8.504071400267698e-7
0.8935000000000001	-8.464798497724238e-7
0.894	-8.421338916383802e-7
0.8945000000000001	-8.380513598128879e-7
0.895	-8.343042657504925e-7
0.8955000000000001	-8.304856773198842e-7
0.896	-8.266176620530892e-7
0.8965	-8.225462581854507e-7
0.897	-8.185361847205785e-7
0.8975	-8.14534597769117e-7
0.898	-8.105400430918092e-7
0.8985	-8.06603776711794e-7
0.899	-8.02888069856657e-7
0.8995	-7.990567939575046e-7
0.9	-7.951197202477846e-7
0.9005	-7.907671520047744e-7
0.901	-7.866003374237298e-7
0.9015	-7.825311400951283e-7
0.902	-7.787822652667227e-7
0.9025	-7.748596792398645e-7
0.903	-7.708459803760398e-7
0.9035	-7.66858710292928e-7
0.904	-7.62877135986614e-7
0.9045	-7.58909776949868e-7
0.905	-7.549472029427537e-7
0.9055	-7.510132512359911e-7
0.906	-7.47071264628338e-7
0.9065	-7.431179981944512e-7
0.907	-7.391232021616382e-7
0.9075	-7.351373789032531e-7
0.908	-7.311520603605334e-7
0.9085	-7.27121086029672e-7
0.909	-7.231909984947521e-7
0.9095	-7.195446009107306e-7
0.91	-7.157674309338882e-7
0.9105	-7.118582914621551e-7
0.911	-7.07407421724349e-7
0.9115	-7.031596971987148e-7
0.912	-6.990353503120078e-7
0.9125	-6.953360486848875e-7
0.913	-6.914301155550564e-7
0.9135	-6.87434906167481e-7
0.914	-6.834597152686481e-7
0.9145	-6.794834197175759e-7
0.915	-6.755289937803627e-7
0.9155	-6.715364193447628e-7
0.916	-6.674320893920194e-7
0.9165	-6.633601213169879e-7
0.917	-6.593446117427205e-7
0.9175	-6.555284371875277e-7
0.918	-6.516648961884778e-7
0.9185	-6.477880029993056e-7
0.919	-6.438623556924321e-7
0.9195	-6.399142643308612e-7
0.92	-6.358475317905128e-7
0.9205	-6.317937833056231e-7
0.921	-6.277637427143723e-7
0.9215	-6.238583019964724e-7
0.922	-6.199071924246626e-7
0.9225	-6.159385865548617e-7
0.923	-6.119000515427416e-7
0.9235	-6.078984605694758e-7
0.924	-6.039215585410813e-7
0.9245	-5.999476229206745e-7
0.925	-5.959809921193809e-7
0.9255	-5.920398116886949e-7
0.926	-5.880778050345718e-7
0.9265	-5.840632661771386e-7
0.927	-5.800530186049015e-7
0.9275	-5.760582373437233e-7
0.928	-5.721291893453013e-7
0.9285	-5.681881259254922e-7
0.929	-5.64242952958649e-7
0.9295	-5.602704540378707e-7
0.93	-5.563077282292932e-7
0.9305	-5.523452112560941e-7
0.931	-5.483825458381228e-7
0.9315	-5.44420198326826e-7
0.932	-5.404674547440627e-7
0.9325	-5.365031904859858e-7
0.933	-5.325272562213144e-7
0.9335	-5.285159067494945e-7
0.934	-5.245215799997098e-7
0.9345	-5.205521160336151e-7
0.935	-5.165795556105483e-7
0.9355	-5.126045083518324e-7
0.936	-5.086161433612861e-7
0.9365	-5.046313333136678e-7
0.937	-5.006467222186379e-7
0.9375	-4.966640640319389e-7
0.9380000000000001	-4.926847406277204e-7
0.9385	-4.886930328912593e-7
0.9390000000000001	-4.847284878069309e-7
0.9395	-4.8079634796518e-7
0.9400000000000001	-4.769922780642312e-7
0.9405	-4.7309672700219403e-7
0.9410000000000001	-4.690155946518725e-7
0.9415	-4.6491369531298276e-7
0.9420000000000001	-4.608331707948956e-7
0.9425	-4.569076962799808e-7
0.9430000000000001	-4.5295898077062714e-7
0.9435	-4.4901001766978477e-7
0.9440000000000001	-4.450216694244165e-7
0.9445	-4.4105573615228445e-7
0.9450000000000001	-4.371157212760944e-7
0.9455	-4.331650026738068e-7
0.9460000000000001	-4.291959094831747e-7
0.9465	-4.251447005360554e-7
0.9470000000000001	-4.211306924312051e-7
0.9475	-4.1720664060398865e-7
0.9480000000000001	-4.1330008386317005e-7
0.9485	-4.093771171713621e-7
0.9490000000000001	-4.0535260873005e-7
0.9495	-4.0133333014853264e-7
0.9500000000000001	-3.973246716445302e-7
0.9505	-3.933856461123452e-7
0.9510000000000001	-3.894260659915676e-7
0.9515	-3.854377974335197e-7
0.9520000000000001	-3.814520484268062e-7
0.9525	-3.774806859907652e-7
0.9530000000000001	-3.7357834949616684e-7
0.9535	-3.6965279065876096e-7
0.9540000000000001	-3.656975392534043e-7
0.9545	-3.616125416075005e-7
0.9550000000000001	-3.5758937350405635e-7
0.9555	-3.5369184715798966e-7
0.9560000000000001	-3.4979853521701344e-7
0.9565	-3.4588095943085115e-7
0.9570000000000001	-3.4183100419105773e-7
0.9575	-3.377954539240123e-7
0.9580000000000001	-3.33792738254603e-7
0.9585	-3.298137333226791e-7
0.9590000000000001	-3.258482134926939e-7
0.9595	-3.219122875228692e-7
0.96	-3.179714509991866e-7
0.9605	-3.140138420344683e-7
0.961	-3.099812953716321e-7
0.9615	-3.059677741770346e-7
0.962	-3.0199933893552916e-7
0.9625	-2.9804972961119803e-7
0.963	-2.941016553408029e-7
0.9635	-2.9017466461122383e-7
0.964	-2.861990452326691e-7
0.9645	-2.821451442079754e-7
0.965	-2.777655213206734e-7
0.9655	-2.7355880583517007e-7
0.966	-2.6977605164238533e-7
0.9665	-2.6605835156249006e-7
0.967	-2.623227583477777e-7
0.9675	-2.5836067008689837e-7
0.968	-2.5437908117255854e-7
0.9685	-2.5036296051930496e-7
0.969	-2.4633197421402905e-7
0.9695	-2.423087743961888e-7
0.97	-2.3835117186931574e-7
0.9705	-2.344111115201711e-7
0.971	-2.304735475350081e-7
0.9715	-2.265138046403966e-7
0.972	-2.225476907865022e-7
0.9725	-2.1855758331609746e-7
0.973	-2.1455370012634412e-7
0.9735	-2.1055359859131843e-7
0.974	-2.0658630505821701e-7
0.9745	-2.026271536302634e-7
0.975	-1.9867061675296917e-7
0.9755	-1.9470701484055581e-7
0.976	-1.9074095086941876e-7
0.9765	-1.8676262209752522e-7
0.977	-1.8277829760225916e-7
0.9775	-1.7879596253943235e-7
0.978	-1.7488276778204616e-7
0.9785	-1.7091908149759467e-7
0.979	-1.6673775800797743e-7
0.9795	-1.6231075312878488e-7
0.98	-1.5803078574183268e-7
0.9805	-1.5444424510263323e-7
0.981	-1.5095154499541533e-7
0.9815	-1.4740736532317999e-7
0.982	-1.433850403492477e-7
0.9825	-1.39237067576411e-7
0.983	-1.3512033939140923e-7
0.9835	-1.311079317275043e-7
0.984	-1.2712275864700822e-7
0.9845	-1.231726536962523e-7
0.985	-1.1922916013209395e-7
0.9855	-1.1526855861836956e-7
0.986	-1.112107908880294e-7
0.9865	-1.0716314491777891e-7
0.987	-1.0318662818610579e-7
0.9875	-9.927133633570523e-8
0.988	-9.53551903035227e-8
0.9885	-9.137633870213419e-8
0.989	-8.736166265977954e-8
0.9895	-8.33149895476706e-8
0.99	-7.923315801705082e-8
0.9905	-7.517478270792923e-8
0.991	-7.122161848889886e-8
0.9915	-6.733969132713824e-8
0.992	-6.346779257110303e-8
0.9925	-5.9533815084903386e-8
0.993	-5.558063995186919e-8
0.9935	-5.162372478825414e-8
0.994	-4.76743584196535e-8
0.9945	-4.3720987873297597e-8
0.995	-3.9762024307515414e-8
0.9955	-3.5793839104881626e-8
0.996	-3.181183429378552e-8
0.9965	-2.779062803119191e-8
0.997	-2.376706440687504e-8
0.9975	-2.079093481215714e-8
0.998	-1.368295158529059e-8
0.9985	-1.1511059626347225e-8
0.999	-8.023388938454374e-9
0.9995	-4.011694469227187e-9