0.	0.000011228384238366153
0.001	0.000011233864024953783
0.002	0.000011239346607305656
0.003	0.000011244831987745912
0.004	0.000011250320168599629
0.005	0.000011255811152192811
0.006	0.00001126130494085238
0.007	0.000011266801536906168
0.008	0.000011272300942682917
0.009000000000000001	0.000011277803160512256
0.01	0.00001128330819272471
0.011	0.000011288816041651683
0.012	0.000011294326709625447
0.013000000000000001	0.000011299840198979145
0.014	0.000011305356512046773
0.015	0.000011310875651163175
0.016	0.00001131639761866404
0.017	0.000011321922416885884
0.018000000000000002	0.000011327450048166052
0.019	0.000011332980514842699
0.02	0.000011338513819254794
0.021	0.000011344049963742103
0.022	0.000011349588950645181
0.023	0.00001135513078230537
0.024	0.00001136067546106478
0.025	0.000011366222989266293
0.026000000000000002	0.000011371773369253542
0.027	0.000011377326603370911
0.028	0.000011382882693963524
0.029	0.000011388441643377236
0.03	0.000011394003453958622
0.031	0.000011399568128054969
0.032	0.00001140513566801427
0.033	0.000011410706076185217
0.034	0.000011416279354917178
0.035	0.000011421855506560207
0.036000000000000004	0.000011427434533465023
0.037	0.000011433016437983001
0.038	0.000011438601222466168
0.039	0.000011444188889267191
0.04	0.000011449779440739367
0.041	0.000011455372879236612
0.042	0.000011460969207113457
0.043000000000000003	0.000011466568426725033
0.044	0.000011472170530498368
0.045	0.000011477775541142291
0.046	0.000011483383450590377
0.047	0.000011488994261199938
0.048	0.000011494607975328841
0.049	0.000011500224595335497
0.05	0.000011505844123578854
0.051000000000000004	0.000011511466562418386
0.052000000000000005	0.000011517091914214079
0.053	0.000011522720181326425
0.054	0.000011528351366116409
0.055	0.000011533985470945505
0.056	0.000011539622498175656
0.057	0.000011545262450169274
0.058	0.000011550905329289217
0.059000000000000004	0.000011556551137898791
0.06	0.000011562199878361738
0.061	0.000011567851553042213
0.062	0.00001157350616430479
0.063	0.000011579163714514437
0.064	0.000011584824206036516
0.065	0.000011590490418916268
0.066	0.000011596163891710633
0.067	0.000011601840322282147
0.068	0.000011607519711770268
0.069	0.000011613202061308316
0.07	0.000011618887372023448
0.07100000000000001	0.00001162457564503662
0.07200000000000001	0.000011630266881462554
0.073	0.000011635961082409704
0.074	0.000011641658248980223
0.075	0.000011647358382269921
0.076	0.00001165306148336824
0.077	0.000011658767553358212
0.078	0.000011664476593316428
0.079	0.000011670188604313001
0.08	0.000011675903587411529
0.081	0.000011681621543669067
0.082	0.000011687342474136085
0.083	0.00001169306637985643
0.084	0.0000116987932618673
0.085	0.0000117045231211992
0.08600000000000001	0.00001171025595887591
0.08700000000000001	0.00001171599177591445
0.088	0.00001172173057332504
0.089	0.000011727472352111067
0.09	0.000011733217113269045
0.091	0.000011738964857788589
0.092	0.000011744715586652364
0.093	0.00001175046930083606
0.094	0.00001175622600130835
0.095	0.000011761985689030854
0.096	0.000011767748364958103
0.097	0.000011773514030037504
0.098	0.000011779282685209298
0.099	0.000011785054331406524
0.1	0.000011790828969554991
0.101	0.000011796606600573225
0.10200000000000001	0.000011802387225372442
0.10300000000000001	0.00001180817084485651
0.10400000000000001	0.000011813957459921914
0.105	0.000011819747071457702
0.106	0.000011825539680345471
0.107	0.00001183133528745931
0.108	0.000011837133893665771
0.109	0.000011842935499823833
0.11	0.000011848740106784852
0.111	0.00001185454771539254
0.112	0.00001186035832648291
0.113	0.000011866171940884246
0.114	0.000011871988559417069
0.115	0.000011877808182894082
0.116	0.000011883630812120151
0.117	0.000011889456447892252
0.11800000000000001	0.000011895285090999438
0.11900000000000001	0.000011901116742222797
0.12	0.000011906951402335418
0.121	0.000011912789072102343
0.122	0.00001191862975228054
0.123	0.000011924473443618848
0.124	0.000011930320146857952
0.125	0.000011936169862730334
0.126	0.000011942022591960238
0.127	0.000011947878335263627
0.128	0.000011953737093348143
0.129	0.000011959598866913074
0.13	0.000011965463656649302
0.131	0.000011971331463239273
0.132	0.00001197720228735695
0.133	0.000011983076129667778
0.134	0.000011988952990828639
0.135	0.000011994832871487812
0.136	0.000012000715772284935
0.137	0.000012006601693850963
0.138	0.000012012490636808126
0.139	0.00001201838260176989
0.14	0.000012024277589340913
0.14100000000000001	0.000012030175600117006
0.14200000000000002	0.000012036076634685088
0.14300000000000002	0.000012041980693623154
0.14400000000000002	0.000012047887777500224
0.145	0.000012053797886876305
0.146	0.000012059711022302348
0.147	0.000012065627184320213
0.148	0.000012071546373462612
0.149	0.000012077468590253088
0.15	0.000012083393835205953
0.151	0.000012089322108826261
0.152	0.000012095253411609754
0.153	0.00001210118774404283
0.154	0.000012107125106602493
0.155	0.000012113065499756315
0.156	0.000012119008923962396
0.157	0.00001212495537966931
0.158	0.000012130904867316075
0.159	0.000012136857387332102
0.16	0.00001214281294013716
0.161	0.000012148771526141324
0.162	0.00001215473314574494
0.163	0.000012160697799338574
0.164	0.000012166665487302975
0.165	0.000012172636210009034
0.166	0.000012178609967817728
0.167	0.000012184586761080095
0.168	0.00001219056659013717
0.169	0.000012196549455319964
0.17	0.000012202535356949397
0.171	0.000012208524295336274
0.17200000000000001	0.000012214516270781229
0.17300000000000001	0.000012220511283574685
0.17400000000000002	0.000012226509333996811
0.17500000000000002	0.000012232510422317477
0.176	0.000012238514548796209
0.177	0.000012244521713682145
0.178	0.000012250531917213998
0.179	0.000012256545159619993
0.18	0.000012262561441117845
0.181	0.000012268580761914701
0.182	0.000012274603122207094
0.183	0.000012280628522180912
0.184	0.000012286656962011334
0.185	0.000012292688441862806
0.186	0.000012298722961888975
0.187	0.000012304760522232665
0.188	0.000012310801123025813
0.189	0.000012316844764389438
0.19	0.000012322891446433586
0.191	0.000012328941169257295
0.192	0.000012334993932948538
0.193	0.000012341049737584193
0.194	0.000012347108583229976
0.195	0.000012353170469940413
0.196	0.000012359235397758797
0.197	0.000012365303366717126
0.198	0.000012371374376836063
0.199	0.000012377448428124905
0.2	0.000012383525520581514
0.201	0.000012389605654192293
0.202	0.000012395688828932125
0.203	0.00001240177504476433
0.20400000000000001	0.000012407864301640623
0.20500000000000002	0.000012413956599501065
0.20600000000000002	0.000012420051938274023
0.20700000000000002	0.00001242615031787611
0.20800000000000002	0.000012432251738212155
0.209	0.000012438356199175145
0.21	0.000012444463700646182
0.211	0.000012450574242494443
0.212	0.00001245668782457712
0.213	0.00001246280444673939
0.214	0.000012468924108814351
0.215	0.000012475046810622991
0.216	0.000012481172551974131
0.217	0.000012487301332664386
0.218	0.000012493433162505222
0.219	0.000012499568020840867
0.22	0.000012505705917826053
0.221	0.000012511846853208124
0.222	0.000012517990826721984
0.223	0.000012524137838090042
0.224	0.000012530287887022176
0.225	0.000012536440973215683
0.226	0.000012542597096355228
0.227	0.000012548756256112804
0.228	0.000012554918452147673
0.229	0.000012561083684106334
0.23	0.000012567251951622461
0.231	0.000012573423254316872
0.232	0.000012579597591797464
0.233	0.000012585774963659179
0.234	0.00001259195536948395
0.23500000000000001	0.000012598138808840655
0.23600000000000002	0.000012604325281285072
0.23700000000000002	0.000012610514786359832
0.23800000000000002	0.000012616707323594362
0.23900000000000002	0.00001262290289250485
0.24	0.000012629101492594191
0.241	0.000012635303123351942
0.242	0.000012641507784254269
0.243	0.000012647709391411682
0.244	0.000012653913777494586
0.245	0.000012660121185407857
0.246	0.000012666331615899654
0.247	0.000012672545069711009
0.248	0.0000126787615475758
0.249	0.000012684981050220725
0.25	0.000012691203578365256
0.251	0.000012697429132721614
0.252	0.000012703657713994735
0.253	0.000012709889322882239
0.254	0.000012716123960074386
0.255	0.000012722361626254057
0.256	0.000012728602322096708
0.257	0.000012734846048270342
0.258	0.000012741092805435478
0.259	0.000012747342594245104
0.26	0.000012753595415344665
0.261	0.000012759851269372009
0.262	0.000012766110156957359
0.263	0.000012772372078723288
0.264	0.000012778637035284665
0.265	0.000012784905027248642
0.266	0.000012791176055214612
0.267	0.000012797450119774163
0.268	0.000012803727221511058
0.269	0.000012810007361001197
0.27	0.00001281629053881258
0.271	0.000012822576755505273
0.272	0.00001282886601163137
0.273	0.000012835158307734968
0.274	0.000012841453644352116
0.275	0.000012847752022010794
0.276	0.00001285405344123088
0.277	0.000012860357902524094
0.278	0.000012866665406393986
0.279	0.000012872975953335887
0.28	0.000012879289543836886
0.281	0.00001288560617837577
0.28200000000000003	0.000012891925857423022
0.28300000000000003	0.000012898248581440757
0.28400000000000003	0.000012904574350882703
0.28500000000000003	0.000012910903166194158
0.28600000000000003	0.000012917235027811952
0.28700000000000003	0.000012923569936164421
0.28800000000000003	0.000012929907891671364
0.289	0.000012936248894744004
0.29	0.000012942592945784958
0.291	0.000012948940045188198
0.292	0.00001295529019333902
0.293	0.000012961643390613996
0.294	0.000012967999637380948
0.295	0.000012974358933998912
0.296	0.000012980721280818088
0.297	0.00001298708667817982
0.298	0.000012993455126416558
0.299	0.000012999826625851806
0.3	0.0000130062011768001
0.301	0.000013012578779566964
0.302	0.000013018959434448877
0.303	0.000013025343141733235
0.304	0.000013031729901698314
0.305	0.000013038119714613229
0.306	0.000013044512580737904
0.307	0.000013050908500323032
0.308	0.000013057307473610031
0.309	0.000013063709500831018
0.31	0.000013070114582208766
0.311	0.000013076522717956664
0.312	0.000013082933908278683
0.313	0.000013089348153369338
0.314	0.000013095765453413654
0.315	0.00001310218580858712
0.316	0.000013108609219055652
0.317	0.000013115035684975571
0.318	0.000013121465206493541
0.319	0.000013127897783746552
0.32	0.000013134333416861865
0.321	0.000013140772105956994
0.322	0.000013147213851139643
0.323	0.00001315365865250769
0.324	0.00001316010651014914
0.325	0.00001316655742414208
0.326	0.000013173011394554654
0.327	0.000013179468421445018
0.328	0.000013185928504861298
0.329	0.000013192391644841561
0.33	0.000013198857841413764
0.331	0.000013205327094595729
0.332	0.000013211799404395093
0.333	0.000013218274770809278
0.334	0.000013224753193825447
0.335	0.000013231234673420468
0.336	0.000013237719209560875
0.337	0.000013244206802202823
0.338	0.000013250697451292061
0.339	0.000013257191156763884
0.34	0.000013263687918543097
0.341	0.000013270187736543974
0.342	0.000013276690610670227
0.343	0.00001328319654081495
0.34400000000000003	0.0000132897055268606
0.34500000000000003	0.000013296217568678945
0.34600000000000003	0.00001330273266613103
0.34700000000000003	0.000013309250819067131
0.34800000000000003	0.000013315772027326727
0.34900000000000003	0.000013322296290738449
0.35000000000000003	0.000013328823609120047
0.35100000000000003	0.000013335353982278357
0.352	0.000013341887410009244
0.353	0.000013348423892097579
0.354	0.00001335496342831719
0.355	0.000013361506018430828
0.356	0.000013368051662190125
0.357	0.000013374600359335551
0.358	0.000013381152109596387
0.359	0.000013387706912690664
0.36	0.000013394264768325143
0.361	0.000013400825676195269
0.362	0.000013407389635985127
0.363	0.000013413956647367404
0.364	0.000013420526710003353
0.365	0.000013427099823542751
0.366	0.000013433675987623855
0.367	0.000013440255201873373
0.368	0.00001344683746590641
0.369	0.000013453422779326433
0.37	0.000013460011141725244
0.371	0.00001346660255268292
0.372	0.00001347319701176778
0.373	0.000013479794518536356
0.374	0.000013486395072533335
0.375	0.000013492998673291533
0.376	0.000013499605320331847
0.377	0.00001350621501316322
0.378	0.000013512827751282592
0.379	0.000013519443534174874
0.38	0.000013526062369414782
0.381	0.000013532684239957908
0.382	0.00001353930915365274
0.383	0.000013545937109935681
0.384	0.00001355256810823091
0.385	0.000013559202147950324
0.386	0.000013565839228493505
0.387	0.000013572479349247673
0.388	0.000013579122509587656
0.389	0.000013585768708875838
0.39	0.000013592417946462134
0.391	0.000013599070221683934
0.392	0.00001360572553386607
0.393	0.000013612383882320774
0.394	0.000013619045266347643
0.395	0.000013625709685233588
0.396	0.000013632377138252803
0.397	0.000013639047624666724
0.398	0.000013645721143723981
0.399	0.000013652397694660367
0.4	0.000013659077276698792
0.401	0.000013665759889049244
0.402	0.000013672445530908746
0.403	0.000013679134201461325
0.404	0.000013685825899877963
0.405	0.00001369252062531655
0.406	0.000013699215467305477
0.40700000000000003	0.000013705911359957719
0.40800000000000003	0.000013712610272312055
0.40900000000000003	0.000013719312204664763
0.41000000000000003	0.00001372601715730424
0.41100000000000003	0.000013732725130510967
0.41200000000000003	0.000013739436124557475
0.41300000000000003	0.000013746150139708326
0.41400000000000003	0.000013752867176220068
0.41500000000000004	0.000013759587234341213
0.41600000000000004	0.00001376631031431221
0.417	0.000013773036416365407
0.418	0.000013779765540725018
0.419	0.000013786497687607099
0.42	0.000013793232857219517
0.421	0.00001379997104976192
0.422	0.000013806712265425694
0.423	0.000013813456504393946
0.424	0.000013820203766841472
0.425	0.000013826954052934715
0.426	0.000013833707362831744
0.427	0.00001384046369668222
0.428	0.000013847223054627364
0.429	0.00001385398543679993
0.43	0.00001386075084332416
0.431	0.000013867519274315775
0.432	0.000013874290729881924
0.433	0.000013881065210121164
0.434	0.00001388784271512342
0.435	0.00001389462324496996
0.436	0.00001390140679973336
0.437	0.000013908193379477482
0.438	0.000013914982984257423
0.439	0.000013921775614119503
0.44	0.00001392857126910122
0.441	0.000013935369949231224
0.442	0.000013942171654529286
0.443	0.000013948976385006267
0.444	0.000013955784140664077
0.445	0.000013962594921495657
0.446	0.000013969408727484937
0.447	0.000013976225558606804
0.448	0.000013983045414827082
0.449	0.00001398986829610248
0.45	0.00001399669420238058
0.451	0.00001400352313359979
0.452	0.00001401035508968932
0.453	0.000014017190070569152
0.454	0.000014024028076149991
0.455	0.000014030869106333262
0.456	0.000014037713161011046
0.457	0.000014044560240066073
0.458	0.000014051410343371673
0.459	0.000014058263470791752
0.46	0.00001406511962218076
0.461	0.000014071978797383654
0.462	0.00001407884099623586
0.463	0.000014085706218563265
0.464	0.000014092574464182155
0.465	0.000014099445732899197
0.466	0.000014106320024511406
0.467	0.000014113197338806114
0.468	0.000014120077675560927
0.46900000000000003	0.000014126961034543708
0.47000000000000003	0.000014133847415512531
0.47100000000000003	0.000014140736818215652
0.47200000000000003	0.00001414762924239148
0.47300000000000003	0.000014154524687768546
0.47400000000000003	0.000014161423154065457
0.47500000000000003	0.000014168324640990879
0.47600000000000003	0.000014175229148243495
0.47700000000000004	0.000014182136675511973
0.47800000000000004	0.000014189047222474943
0.47900000000000004	0.00001419596078880094
0.48	0.0000142028773741484
0.481	0.000014209796978165614
0.482	0.000014216719600490687
0.483	0.00001422364524075152
0.484	0.000014230573898565761
0.485	0.000014237505573540794
0.486	0.000014244440265273682
0.487	0.00001425137797335115
0.488	0.000014258318697349545
0.489	0.00001426526243683481
0.49	0.000014272209191362434
0.491	0.000014279158960477443
0.492	0.000014286111743714345
0.493	0.000014293067540597113
0.494	0.000014300026350639146
0.495	0.000014306988173343223
0.496	0.000014313953008201497
0.497	0.000014320920854695438
0.498	0.000014327891712295807
0.499	0.00001433486558046263
0.5	0.000014341842458645155
0.503	0.000014362791147617132
0.506	0.000014383766905862104
0.509	0.000014404769716744641
0.512	0.000014425799562735067
0.515	0.000014446856425401342
0.518	0.000014467940285401004
0.521	0.000014489051122473057
0.524	0.000014510188915429888
0.527	0.000014531353642149177
0.53	0.00001455254527956581
0.533	0.00001457376380903731
0.536	0.00001459500919418908
0.539	0.000014616281415090399
0.542	0.000014637580444825731
0.545	0.000014658906255496522
0.548	0.000014680258818213179
0.551	0.000014701638103087054
0.554	0.000014723044079222471
0.557	0.00001474447671470874
0.56	0.000014765926617001121
0.563	0.000014787400798607582
0.5660000000000001	0.000014808901547132978
0.569	0.000014830428856298428
0.5720000000000001	0.00001485198271913606
0.575	0.000014873563127982551
0.578	0.000014895170074472698
0.581	0.00001491680354953293
0.584	0.000014938463543374871
0.587	0.000014960150045488815
0.59	0.000014981863044637264
0.593	0.000015003602528848414
0.596	0.00001502536848540965
0.599	0.00001504716090086102
0.602	0.00001506897976098873
0.605	0.000015090825050818607
0.608	0.000015112696754609572
0.611	0.000015134594855847102
0.614	0.000015156519337236712
0.617	0.000015178470180697398
0.62	0.000015200447367355121
0.623	0.000015222450877536257
0.626	0.000015244480690761084
0.629	0.00001526653678573724
0.632	0.000015288619140353203
0.635	0.000015310727731671786
0.638	0.000015332862535923607
0.641	0.00001535502352850061
0.644	0.00001537721068394955
0.647	0.000015399423975965534
0.65	0.000015421663377385535
0.653	0.00001544392886018194
0.656	0.000015466220395456108
0.659	0.000015488537953431948
0.662	0.000015510881503449505
0.665	0.000015533251013958566
0.668	0.0000155556464525123
0.671	0.000015578067785760887
0.674	0.00001560051497944522
0.677	0.000015622988001660455
0.6799999999999999	0.00001564548680935029
0.683	0.000015668011369172625
0.6859999999999999	0.000015690561643169405
0.6890000000000001	0.000015713137592442062
0.692	0.00001573573917714532
0.6950000000000001	0.00001575836635648109
0.698	0.000015781019088692368
0.7010000000000001	0.000015803696691156918
0.704	0.000015826390807062117
0.7070000000000001	0.000015849110341153447
0.71	0.00001587185527491796
0.713	0.000015894625589156382
0.716	0.000015917421263977955
0.719	0.000015940242278795296
0.722	0.000015963088612319237
0.725	0.000015985960242553705
0.728	0.000016008857146790584
0.731	0.000016031779301604597
0.734	0.00001605472668284818
0.737	0.000016077699265646382
0.74	0.00001610069702439178
0.743	0.00001612371993273937
0.746	0.000016146767963601532
0.749	0.00001616984108914293
0.752	0.00001619293928077549
0.755	0.000016216062509153366
0.758	0.00001623921074416792
0.761	0.00001626238395494272
0.764	0.000016285582109828582
0.767	0.000016308805176398564
0.77	0.000016332053121443068
0.773	0.000016355325910964884
0.776	0.000016378623510174313
0.779	0.00001640194588348427
0.782	0.000016425292994505447
0.785	0.000016448664806041464
0.788	0.000016472061280084076
0.7909999999999999	0.0000164954823778084
0.794	0.000016518928059568153
0.7969999999999999	0.00001654239828489094
0.8	0.00001656589301247357
0.8029999999999999	0.000016589412200177376
0.806	0.000016612955805023615
0.8089999999999999	0.00001663652378318885
0.812	0.000016660116090000416
0.815	0.000016683732681671094
0.8180000000000001	0.0000167073735080892
0.821	0.00001673103852399232
0.8240000000000001	0.000016754727681266676
0.827	0.000016778440930927015
0.8300000000000001	0.000016802178223112307
0.833	0.00001682593950708146
0.8360000000000001	0.000016849724731209077
0.839	0.000016873527749601513
0.8420000000000001	0.000016897352574384233
0.845	0.000016921201198641355
0.8480000000000001	0.00001694507359260187
0.851	0.000016968969725841087
0.854	0.00001699288956727689
0.857	0.000017016833085165968
0.86	0.000017040800247100068
0.863	0.00001706479102000227
0.866	0.00001708880537012329
0.869	0.000017112843263037778
0.872	0.000017136904663640664
0.875	0.000017160989536143508
0.878	0.000017185097844070864
0.881	0.0000172092295502567
0.884	0.00001723338461684079
0.887	0.00001725756300526519
0.89	0.000017281764676270664
0.893	0.000017305989589893226
0.896	0.000017330237705460623
0.899	0.000017354508981588894
0.902	0.000017378803376178945
0.905	0.00001740312084641315
0.908	0.000017427461348751984
0.911	0.000017451824838930684
0.914	0.000017476211271955927
0.917	0.000017500620602102584
0.9199999999999999	0.000017525052782910447
0.923	0.00001754950776718105
0.9259999999999999	0.000017573985506974437
0.929	0.000017598485953606104
0.9319999999999999	0.000017623009057643806
0.935	0.00001764755476890456
0.938	0.00001767212303645156
0.9410000000000001	0.000017696713808591226
0.944	0.000017721327032870214
0.9470000000000001	0.000017745962656923174
0.95	0.00001777062062493318
0.9530000000000001	0.000017795300883134178
0.956	0.0000178200033760055
0.9590000000000001	0.000017844728047252623
0.962	0.000017869474839804393
0.9650000000000001	0.00001789424369581044
0.968	0.000017919031767959234
0.9710000000000001	0.000017943837582429016
0.974	0.000017968665296275473
0.9770000000000001	0.0000179935148721432
0.98	0.0000180183862720914
0.983	0.000018043279457591355
0.986	0.000018068194389523928
0.989	0.000018093131028177086
0.992	0.00001811808933324344
0.995	0.000018143069263817835
0.998	0.000018168070778394907
1.001	0.000018193093834866726
1.004	0.000018218138390520425
1.0070000000000001	0.000018243204402035867
1.01	0.00001826829182548333
1.013	0.000018293400616321227
1.016	0.000018318530729393853
1.0190000000000001	0.00001834368211892916
1.022	0.000018368854738536525
1.025	0.00001839404854120462
1.028	0.000018419263479299225
1.0310000000000001	0.000018444499504561155
1.034	0.000018469756568104127
1.037	0.00001849503462041275
1.04	0.000018520333611340473
1.0430000000000001	0.0000185456534901076
1.046	0.000018570994205299335
1.049	0.000018596355704863848
1.052	0.000018621737936110387
1.0550000000000002	0.00001864714084570742
1.058	0.000018672564379680797
1.061	0.000018698008483411977
1.064	0.000018723473101636267
1.0670000000000002	0.000018748958178441102
1.07	0.00001877446365726436
1.073	0.000018799989480892733
1.076	0.000018825535591797407
1.079	0.000018851101930717582
1.0819999999999999	0.000018876688438879773
1.085	0.00001890229505645043
1.088	0.000018927921722937165
1.091	0.000018953568377187366
1.0939999999999999	0.00001897923104512944
1.097	0.000019004911447035402
1.1	0.00001903061167094722
1.103	0.00001905633167495917
1.1059999999999999	0.000019082071416665592
1.109	0.000019107830853159393
1.112	0.000019133609941030545
1.115	0.000019159408636364645
1.1179999999999999	0.00001918522689474148
1.121	0.000019211064671233595
1.124	0.000019236921920404906
1.127	0.000019262798596309337
1.13	0.00001928869465248947
1.133	0.000019314610041975223
1.1360000000000001	0.000019340544717282542
1.139	0.00001936649863041213
1.142	0.00001939247173284822
1.145	0.0000194184639755573
1.1480000000000001	0.000019444475308986972
1.151	0.000019470505683064733
1.154	0.000019496555047196844
1.157	0.000019522623350267224
1.1600000000000001	0.000019548710540636324
1.163	0.00001957481656614008
1.166	0.000019600941374088882
1.169	0.00001962708491126654
1.1720000000000002	0.000019653247123929315
1.175	0.000019679427957804962
1.178	0.0000197056273580918
1.181	0.00001973184526945784
1.1840000000000002	0.000019758081636039864
1.187	0.000019784336401442654
1.19	0.000019810609508738143
1.193	0.000019836900900464656
1.1960000000000002	0.000019863210518626158
1.199	0.000019889538304825545
1.202	0.000019915884199699245
1.205	0.00001994224814380671
1.208	0.000019968630077007773
1.2109999999999999	0.00001999502993862467
1.214	0.000020021446615916257
1.217	0.00002004787695625225
1.22	0.000020074325052947356
1.2229999999999999	0.00002010079086302183
1.226	0.00002012727434308771
1.229	0.000020153775449348012
1.232	0.000020180294137595956
1.2349999999999999	0.000020206830363214223
1.238	0.00002023338408117418
1.241	0.000020259955246035186
1.244	0.00002028654381194388
1.2469999999999999	0.00002031314973263348
1.25	0.00002033977296142315
1.2530000000000001	0.000020366413451217315
1.256	0.000020393071154505054
1.259	0.000020419746023359494
1.262	0.000020446438009437213
1.2650000000000001	0.000020473147063977677
1.268	0.000020499873137802685
1.271	0.00002052661618131585
1.274	0.000020553376144502103
1.2770000000000001	0.000020580152976927176
1.28	0.000020606946627737168
1.283	0.00002063375704565808
1.286	0.00002066058417899542
1.2890000000000001	0.000020687427975633777
1.292	0.000020714288383036457
1.295	0.00002074116534824513
1.298	0.00002076805881787949
1.3010000000000002	0.000020794968738136944
1.304	0.000020821895054792333
1.307	0.00002084883771319766
1.31	0.000020875796658281863
1.3130000000000002	0.00002090277183455057
1.316	0.000020929763186085935
1.319	0.000020956770656546446
1.322	0.000020983794189201323
1.3250000000000002	0.000021010833726781166
1.328	0.00002103788921171831
1.331	0.000021064960585975438
1.334	0.000021092044132634708
1.337	0.000021119142706843835
1.3399999999999999	0.00002114625701820046
1.343	0.000021173387024715243
1.346	0.000021200532684076086
1.349	0.00002122769395364779
1.3519999999999999	0.00002125487079047175
1.355	0.000021282063151265623
1.358	0.000021309270992423043
1.361	0.00002133649427001332
1.3639999999999999	0.000021363732939781206
1.367	0.000021390986957146604
1.37	0.000021418256277204347
1.373	0.000021445540854723958
1.376	0.00002147284064414947
1.379	0.00002150015559959918
1.3820000000000001	0.00002152748567486551
1.385	0.000021554830823414824
1.388	0.000021582190998387273
1.391	0.00002160956615259666
1.3940000000000001	0.00002163695623853032
1.397	0.000021664361208349016
1.4	0.000021691781013886847
1.403	0.000021719215606651168
1.4060000000000001	0.00002174666493782254
1.409	0.000021774128958254677
1.412	0.00002180160761847443
1.415	0.000021829100868681755
1.4180000000000001	0.000021856608658749746
1.421	0.000021884130938224634
1.424	0.000021911667656325833
1.427	0.000021939218761945995
1.4300000000000002	0.000021966784203651072
1.433	0.00002199436392968041
1.436	0.00002202195788794687
1.439	0.00002204956602604659
1.4420000000000002	0.000022077188291216805
1.445	0.000022104824630404872
1.448	0.0000221324737332959
1.451	0.000022160134372099237
1.4540000000000002	0.000022187808938720303
1.457	0.000022215497394203692
1.46	0.000022243199699345473
1.463	0.0000222709158146931
1.466	0.000022298645700545304
1.4689999999999999	0.00002232638931695205
1.472	0.00002235414662371446
1.475	0.00002238191758038472
1.478	0.00002240970214626607
1.4809999999999999	0.000022437500280412768
1.484	0.000022465311941630037
1.487	0.000022493137088474056
1.49	0.000022520975679251958
1.4929999999999999	0.000022548827672021836
1.496	0.000022576693024592745
1.499	0.000022604571694524724
1.502	0.00002263246363912883
1.5050000000000001	0.000022660368815467207
1.508	0.000022688287180353093
1.5110000000000001	0.000022716218690350928
1.514	0.0000227441633017764
1.5170000000000001	0.000022772120970696552
1.52	0.000022800091652929866
1.5230000000000001	0.00002282807530404637
1.526	0.00002285607187936776
1.529	0.000022884081333967535
1.532	0.000022912103622671133
1.535	0.00002294013870005607
1.538	0.000022968186520452117
1.541	0.00002299624703794147
1.544	0.000023024320206358938
1.547	0.000023052405979292117
1.55	0.000023080504310081633
1.553	0.00002310861515182133
1.556	0.000023136738457359867
1.559	0.000023164874179294593
1.562	0.000023193020487626643
1.565	0.000023221177860562074
1.568	0.000023249347522984267
1.571	0.000023277529439676857
1.574	0.000023305723575235137
1.577	0.000023333929894066078
1.58	0.00002336214836038837
1.583	0.000023390378938232445
1.586	0.000023418621591440532
1.589	0.00002344687628366671
1.592	0.000023475142978376956
1.595	0.000023503421638849203
1.598	0.00002353171222817343
1.601	0.000023560014709251725
1.604	0.000023588329044798382
1.607	0.000023616655197339958
1.61	0.000023644993129215424
1.613	0.000023673342802576217
1.616	0.000023701704179386394
1.619	0.000023730077221422712
1.622	0.000023758461890274785
1.625	0.000023786858147345202
1.6280000000000001	0.000023815265953849663
1.631	0.00002384368527081713
1.6340000000000001	0.000023872116059089982
1.637	0.00002390055827932417
1.6400000000000001	0.000023929011891989395
1.643	0.00002395747685736926
1.6460000000000001	0.000023985953135561486
1.649	0.000024014440686478063
1.6520000000000001	0.000024042939469845483
1.655	0.0000240714494452049
1.658	0.000024099970571912395
1.661	0.00002412850280913915
1.664	0.00002415704611587168
1.667	0.000024185600450912092
1.67	0.000024214165772878374
1.673	0.000024242740936790383
1.676	0.000024271325633422067
1.679	0.00002429992120475993
1.682	0.000024328527619715067
1.685	0.00002435714484705707
1.688	0.000024385772855414057
1.691	0.000024414411613272797
1.694	0.00002444306108897874
1.697	0.000024471721250736147
1.7	0.000024500392066608128
1.703	0.00002452907350451677
1.706	0.000024557765532243196
1.709	0.00002458646811742772
1.712	0.00002461518122756988
1.715	0.000024643904830028612
1.718	0.000024672638892022308
1.721	0.000024701383380628977
1.724	0.00002473013826278634
1.727	0.000024758903505291958
1.73	0.00002478767907480337
1.733	0.00002481646493783823
1.736	0.000024845261060774435
1.739	0.00002487406740985028
1.742	0.000024902883951164598
1.745	0.000024931710650676915
1.748	0.00002496054747420761
1.7510000000000001	0.000024989393719704694
1.754	0.000025018250769000654
1.7570000000000001	0.000025047117833358074
1.76	0.0000250759948781199
1.7630000000000001	0.000025104881868490954
1.766	0.000025133778769538102
1.7690000000000001	0.00002516268554619046
1.772	0.000025191602163239566
1.7750000000000001	0.000025220528585339587
1.778	0.000025249464777007515
1.781	0.000025278410702623387
1.784	0.000025307364681052094
1.787	0.00002533632797715601
1.79	0.000025365300914150553
1.793	0.000025394283464978068
1.796	0.00002542327560247472
1.799	0.000025452277299370582
1.802	0.000025481288528289706
1.805	0.00002551030926175021
1.808	0.000025539339472164372
1.811	0.000025568379131838727
1.814	0.000025597428212974156
1.817	0.00002562648668766599
1.82	0.000025655554527904092
1.823	0.000025684631705572983
1.826	0.000025713718192451944
1.829	0.000025742813960215112
1.832	0.000025771918980431592
1.835	0.000025801033224565588
1.838	0.000025830156663976505
1.841	0.000025859289269919068
1.844	0.00002588843101354345
1.847	0.00002591758186589539
1.85	0.000025946741797916335
1.853	0.00002597591137417947
1.856	0.000026005089444999333
1.859	0.0000260342765108476
1.862	0.000026063472542185182
1.865	0.000026092677509369414
1.868	0.000026121891382654215
1.871	0.000026151114132190224
1.874	0.000026180345728024968
1.877	0.000026209586140102986
1.8800000000000001	0.000026238835338266022
1.883	0.000026268093292253144
1.8860000000000001	0.00002629735997170095
1.889	0.000026326635346143702
1.8920000000000001	0.000026355918352661204
1.895	0.000026385209433341823
1.8980000000000001	0.0000264145091278156
1.901	0.000026443817412657415
1.9040000000000001	0.000026473134264362295
1.907	0.000026502459659345473
1.91	0.00002653179357394248
1.913	0.000026561135984409197
1.916	0.000026590486866921942
1.919	0.00002661984619757757
1.922	0.000026649213952393513
1.925	0.000026678590107307895
1.928	0.0000267079746381796
1.931	0.000026737367520788384
1.934	0.000026766768730834923
1.937	0.000026796178243940928
1.94	0.000026825596035649237
1.943	0.000026855022081423908
1.946	0.000026884456356650306
1.949	0.000026913898836635202
1.952	0.000026943349496606883
1.955	0.00002697280831171524
1.958	0.00002700227525703188
1.961	0.000027031750307550217
1.964	0.0000270612334381856
1.967	0.00002709072462377541
1.97	0.000027120223839079157
1.973	0.000027149731058778615
1.976	0.000027179246257477916
1.979	0.00002720876940970369
1.982	0.000027238300489905154
1.985	0.00002726783947245425
1.988	0.000027297386331645754
1.991	0.000027326941041697426
1.994	0.0000273565035767501
1.997	0.00002738607391086782
2.	0.000027415650936549075
2.003	0.00002744523552554178
2.0060000000000002	0.00002747482784548555
2.0090000000000003	0.00002750442787618241
2.012	0.000027534035597373896
2.015	0.000027563650988741056
2.018	0.0000275932740299045
2.021	0.000027622904700424484
2.024	0.000027652542979800952
2.027	0.000027682188847473616
2.0300000000000002	0.000027711842282822017
2.0330000000000004	0.000027741503265165596
2.036	0.000027771171773763747
2.0389999999999997	0.00002780084778781592
2.042	0.000027830531286461666
2.045	0.000027860222248780707
2.048	0.000027889920653793023
2.051	0.00002791962648045892
2.0540000000000003	0.000027949339707679114
2.057	0.000027979060314294792
2.06	0.00002800878827908771
2.0629999999999997	0.00002803852358078025
2.066	0.000028068266198035518
2.069	0.000028098016109457424
2.072	0.000028127773293590755
2.075	0.000028157537728921264
2.0780000000000003	0.000028187309393875757
2.081	0.000028217088266822184
2.084	0.000028246874326069715
2.0869999999999997	0.000028276667549868835
2.09	0.000028306467916411438
2.093	0.00002833627540383091
2.096	0.000028366089990202226
2.099	0.000028395911653542047
2.1020000000000003	0.000028425740371808803
2.105	0.00002845557572932825
2.108	0.000028485417484468412
2.1109999999999998	0.00002851526623411194
2.114	0.000028545121960861405
2.117	0.000028574984647272427
2.12	0.000028604854275854384
2.123	0.00002863473082907032
2.1260000000000003	0.00002866461428933699
2.129	0.00002869450463902491
2.132	0.000028724401860458425
2.135	0.000028754305935915733
2.138	0.00002878421684762897
2.141	0.000028814134577784235
2.144	0.000028844059108521663
2.1470000000000002	0.000028873990421935477
2.1500000000000004	0.00002890392850007404
2.153	0.000028933873324939908
2.156	0.000028963824878489902
2.159	0.00002899378314263515
2.162	0.00002902374809924117
2.165	0.000029053719730127894
2.168	0.000029083698017069752
2.1710000000000003	0.000029113682941795747
2.174	0.000029143674485989476
2.177	0.00002917367263128924
2.1799999999999997	0.00002920367735928806
2.183	0.000029233688651533804
2.186	0.000029263706489529175
2.189	0.000029293730854731842
2.192	0.000029323761728554473
2.1950000000000003	0.000029353799092364813
2.198	0.00002938384292748575
2.201	0.00002941389321519539
2.2039999999999997	0.000029443949936727108
2.207	0.000029474013073269663
2.21	0.00002950408242813495
2.213	0.000029534157537929027
2.216	0.000029564239010317106
2.2190000000000003	0.000029594326830241407
2.222	0.00002962442098260901
2.225	0.000029654521452290196
2.2279999999999998	0.00002968462822411949
2.231	0.00002971474128289552
2.234	0.00002974486061338099
2.237	0.000029774986200302774
2.24	0.000029805118028351927
2.2430000000000003	0.000029835256082183753
2.246	0.000029865400346417817
2.249	0.00002989555080563801
2.252	0.000029925707444392576
2.255	0.000029955870247194182
2.258	0.00002998603919851992
2.261	0.00003001621428281139
2.2640000000000002	0.000030046395484474725
2.2670000000000003	0.00003007658278788064
2.27	0.000030106776177364476
2.273	0.000030136975637226272
2.276	0.000030167181151730756
2.279	0.00003019739270510746
2.282	0.00003022761028155071
2.285	0.00003025783386521971
2.2880000000000003	0.000030288063440238582
2.2910000000000004	0.000030318298990696408
2.294	0.000030348540500647292
2.2969999999999997	0.000030378787954110393
2.3	0.000030409041335070013
2.303	0.000030439300627475606
2.306	0.000030469565815241837
2.309	0.00003049983688224867
2.3120000000000003	0.00003053011381234138
2.315	0.00003056039638887543
2.318	0.00003059068435917614
2.3209999999999997	0.000030620978147687706
2.324	0.0000306512777412936
2.327	0.00003068158312684979
2.33	0.000030711894291183144
2.333	0.000030742211221092454
2.3360000000000003	0.00003077253390334826
2.339	0.000030802862324692854
2.342	0.000030833196471840365
2.3449999999999998	0.000030863536331476713
2.348	0.0000308938818902597
2.351	0.000030924233134819044
2.354	0.00003095459005175635
2.357	0.00003098495262764523
2.3600000000000003	0.00003101532084903127
2.363	0.000031045694702432094
2.366	0.0000310760741743374
2.3689999999999998	0.00003110645925120897
2.372	0.000031136849919480757
2.375	0.00003116724616555886
2.378	0.00003119764797582159
2.3810000000000002	0.00003122805533661951
2.3840000000000003	0.00003125846823427546
2.387	0.000031288886655084595
2.39	0.000031319310585314455
2.393	0.00003134974001120492
2.396	0.000031380174918968376
2.399	0.00003141061529478961
2.402	0.00003144106112482596
2.4050000000000002	0.00003147151239520729
2.4080000000000004	0.000031501969092036065
2.411	0.00003153243120138738
2.414	0.00003156289870930899
2.417	0.00003159337160182136
2.42	0.000031623849538213396
2.423	0.00003165433264822147
2.426	0.00003168482110466371
2.4290000000000003	0.000031715314896028575
2.432	0.00003174581401078278
2.435	0.00003177631843736967
2.4379999999999997	0.00003180682816421025
2.441	0.00003183734317970301
2.444	0.00003186786347222391
2.447	0.00003189838903012644
2.45	0.000031928919841741604
2.4530000000000003	0.00003195945589537799
2.456	0.000031989997179321776
2.459	0.00003202054368183677
2.4619999999999997	0.000032051095391164384
2.465	0.00003208165229552374
2.468	0.000032112214383111646
2.471	0.00003214278164210264
2.474	0.00003217335406064898
2.4770000000000003	0.00003220393162688075
2.48	0.00003223451432890581
2.483	0.00003226510215480988
2.4859999999999998	0.00003229569509265652
2.489	0.000032326293130487204
2.492	0.00003235689625632132
2.495	0.0000323875044581562
2.498	0.00003241811772396718
2.501	0.00003244873604170756
2.504	0.00003247935939930874
2.507	0.00003250998778468016
2.5100000000000002	0.00003254062118570935
2.513	0.00003257125959026197
2.516	0.00003260190298618188
2.519	0.00003263255136129111
2.5220000000000002	0.00003266320463131415
2.525	0.000032693862516556204
2.528	0.000032724525346586085
2.531	0.000032755193111238515
2.5340000000000003	0.00003278586580032962
2.537	0.00003281654340365811
2.54	0.00003284722591100367
2.543	0.000032877913312128
2.5460000000000003	0.000032908605596774555
2.549	0.00003293930275466863
2.552	0.00003297000477551735
2.555	0.00003300071164900968
2.558	0.00003303142336481645
2.561	0.000033062139912590414
2.564	0.000033092861281966205
2.567	0.00003312358746256041
2.57	0.000033154318443971545
2.573	0.00003318505421578015
2.576	0.00003321579476754873
2.579	0.00003324654008882182
2.582	0.000033277290169126
2.585	0.000033308044997969916
2.588	0.0000333388045648443
2.591	0.000033369568859221994
2.594	0.000033400337870557967
2.597	0.00003343111158828937
2.6	0.0000334618900018355
2.603	0.00003349267310059787
2.606	0.00003352346087396023
2.609	0.00003355425331128857
2.612	0.00003358505040193115
2.615	0.00003361585213521853
2.618	0.000033646658500463585
2.621	0.000033677469486961565
2.624	0.00003370828508399005
2.6270000000000002	0.00003373910497903473
2.63	0.000033769929431517583
2.633	0.00003380075846538389
2.636	0.000033831592071567245
2.6390000000000002	0.000033862430240985974
2.642	0.00003389327296454426
2.645	0.00003392412023313063
2.648	0.0000339549720376189
2.6510000000000002	0.000033985828368868
2.654	0.000034016689217721944
2.657	0.000034047554575009926
2.66	0.00003407842443154625
2.6630000000000003	0.000034109298778130425
2.666	0.0000341401776055471
2.669	0.00003417106090456615
2.672	0.00003420194866594267
2.6750000000000003	0.00003423284088041699
2.678	0.00003426373753871465
2.681	0.00003429463863154654
2.684	0.00003432554414960877
2.687	0.00003435645408358278
2.69	0.000034387368424135344
2.693	0.000034418287161918554
2.696	0.000034449210287569884
2.699	0.00003448013779171216
2.702	0.00003451106966495364
2.705	0.00003454200589788797
2.708	0.00003457294648109424
2.711	0.000034603891405136995
2.714	0.00003463484066056624
2.717	0.00003466579423791748
2.72	0.000034696752127711736
2.723	0.000034727714320455543
2.726	0.000034758680806641
2.729	0.00003478965135637402
2.732	0.000034820626127234656
2.735	0.000034851605165384366
2.738	0.00003488258846268705
2.741	0.00003491357601099399
2.744	0.00003494456780214472
2.747	0.0000349755638279658
2.75	0.000035006564080271625
2.753	0.00003503756855086423
2.7560000000000002	0.000035068577231533314
2.759	0.00003509959011405627
2.762	0.00003513060719019817
2.765	0.00003516162845171179
2.7680000000000002	0.00003519265389033764
2.771	0.00003522368349780396
2.774	0.000035254717265826735
2.777	0.000035285755186109724
2.7800000000000002	0.000035316797250344456
2.783	0.000035347843450210234
2.786	0.00003537889377737421
2.789	0.00003540994822349132
2.7920000000000003	0.00003544100678020435
2.795	0.00003547206943914392
2.798	0.00003550313619192855
2.801	0.00003553420703016461
2.8040000000000003	0.00003556528194544637
2.807	0.00003559636092935602
2.81	0.000035627443973463675
2.813	0.00003565853106932737
2.816	0.00003568962220849311
2.819	0.000035720717382494897
2.822	0.00003575181658285468
2.825	0.000035782919801082424
2.828	0.00003581402702867611
2.831	0.00003584513806069506
2.834	0.000035876253054870285
2.837	0.00003590737203496838
2.84	0.00003593849499363443
2.843	0.00003596962192350295
2.846	0.00003600075281719862
2.849	0.000036031887667335254
2.852	0.00003606302646651645
2.855	0.00003609416920733551
2.858	0.000036125315882375376
2.861	0.00003615646648420867
2.864	0.00003618762100539771
2.867	0.00003621877943849454
2.87	0.0000362499417760409
2.873	0.00003628110801056827
2.876	0.00003631227813459785
2.879	0.00003634345214064063
2.882	0.000036374630021197336
2.8850000000000002	0.00003640581176875847
2.888	0.00003643699737580432
2.891	0.000036468186834805
2.894	0.00003649938013822041
2.8970000000000002	0.00003653057727850028
2.9	0.00003656177824808418
2.903	0.000036592983039401534
2.906	0.00003662419164487163
2.9090000000000003	0.0000366554040569036
2.912	0.00003668662026789648
2.915	0.000036717840270239233
2.918	0.000036749064056310695
2.9210000000000003	0.000036780291618479646
2.924	0.00003681152294910479
2.927	0.000036842758040534807
2.93	0.00003687399687145093
2.933	0.000036905239271113346
2.936	0.00003693648540957634
2.939	0.000036967735280155955
2.942	0.00003699898887615946
2.945	0.00003703024619088518
2.948	0.000037061507217623144
2.951	0.000037092771949654166
2.954	0.00003712404038025048
2.957	0.00003715531250267553
2.96	0.00003718658831018409
2.963	0.000037217867796022175
2.966	0.000037249150953427095
2.969	0.00003728043777562745
2.972	0.00003731172825584318
2.975	0.000037343022387285505
2.978	0.000037374320163157005
2.981	0.000037405621576651564
2.984	0.00003743692662095446
2.987	0.00003746823528924228
2.99	0.00003749954757468301
2.993	0.000037530863470435996
2.996	0.00003756218296965201
2.999	0.00003759350606547316
3.0020000000000002	0.00003762483275103303
3.005	0.00003765616301945656
3.008	0.00003768749686386017
3.011	0.0000377188342773517
3.0140000000000002	0.00003775017525303043
3.017	0.00003778151978398711
3.02	0.00003781286786330398
3.023	0.000037844219484054736
3.0260000000000002	0.00003787557463930459
3.029	0.000037906933322110216
3.032	0.00003793829545842121
3.035	0.000037969661014658654
3.0380000000000003	0.00003800103007873197
3.041	0.00003803240264452295
3.044	0.000038063778705905914
3.047	0.00003809515825674755
3.0500000000000003	0.00003812654129090744
3.053	0.00003815792780223737
3.056	0.00003818931778458177
3.059	0.000038220711231777625
3.062	0.000038252108137654476
3.065	0.00003828350849603444
3.068	0.00003831491230073222
3.071	0.000038346319545555064
3.074	0.00003837773022430286
3.077	0.00003840914433076807
3.08	0.00003844056185873578
3.083	0.000038471982801983674
3.086	0.000038503407154282085
3.089	0.00003853483490939399
3.092	0.00003856626606107497
3.095	0.0000385977006030733
3.098	0.00003862913852912989
3.101	0.00003866057983297833
3.104	0.00003869202450834489
3.107	0.00003872347254894853
3.11	0.00003875492394850089
3.113	0.00003878637870070634
3.116	0.00003881783679926194
3.119	0.00003884929823785749
3.122	0.00003888076301017552
3.125	0.00003891223110989129
3.128	0.00003894370253067282
3.1310000000000002	0.000038975177266180886
3.134	0.00003900665518792862
3.137	0.00003903813639683838
3.14	0.00003906962090276399
3.1430000000000002	0.000039101108700076816
3.146	0.000039132599783141776
3.149	0.00003916409414631728
3.152	0.00003919559178395563
3.1550000000000002	0.00003922709269040241
3.158	0.000039258596859996915
3.161	0.00003929010428707206
3.164	0.00003932161496595435
3.1670000000000003	0.00003935312889096392
3.17	0.000039384646056414544
3.173	0.00003941616645661361
3.176	0.000039447690085862176
3.1790000000000003	0.00003947921693845494
3.182	0.000039510747008680234
3.185	0.000039542280290820104
3.188	0.00003957381677915023
3.191	0.00003960535646793999
3.194	0.00003963689935145243
3.197	0.00003966844542394431
3.2	0.00003969999467966609
3.203	0.00003973154711286191
3.206	0.00003976310271776968
3.209	0.00003979466148862099
3.212	0.00003982622341964118
3.215	0.00003985778850504932
3.218	0.000039889356739058247
3.221	0.00003992092811587452
3.224	0.00003995250262969849
3.227	0.00003998408027472426
3.23	0.000040015661045139724
3.233	0.0000400472448785408
3.236	0.00004007883176380878
3.239	0.000040110421757904257
3.242	0.00004014201485563213
3.245	0.000040173611051791736
3.248	0.00004020521034117679
3.251	0.00004023681271857566
3.254	0.00004026841817877102
3.257	0.00004030002671654002
3.2600000000000002	0.00004033163832665432
3.263	0.00004036325300388005
3.266	0.00004039487074297783
3.269	0.000040426491538702755
3.2720000000000002	0.00004045811538580444
3.275	0.000040489742279026986
3.278	0.000040521372213109036
3.281	0.000040553005182783716
3.2840000000000003	0.00004058464118277869
3.287	0.00004061628020781616
3.29	0.000040647922252612846
3.293	0.000040679567311880024
3.2960000000000003	0.00004071121538032351
3.299	0.000040742866452643686
3.302	0.00004077452052353549
3.305	0.000040806177587688426
3.3080000000000003	0.000040837837639786576
3.311	0.0000408695006745086
3.314	0.00004090116668652774
3.317	0.000040932835670511855
3.32	0.00004096450762112337
3.323	0.000040996182533019344
3.326	0.00004102786040085145
3.329	0.000041059541219265965
3.332	0.00004109122496479182
3.335	0.00004112291156505633
3.338	0.00004115460110044091
3.341	0.00004118629356613232
3.344	0.0000412179889573125
3.347	0.000041249687269158594
3.35	0.000041281388496842816
3.353	0.0000413130926355328
3.356	0.00004134479968039116
3.359	0.00004137650962657579
3.362	0.00004140822246923976
3.365	0.000041439938203531365
3.368	0.00004147165682459411
3.371	0.00004150337832756673
3.374	0.00004153510270758316
3.3770000000000002	0.000041566829959772595
3.38	0.00004159856007925944
3.383	0.000041630293061163335
3.386	0.00004166202890059921
3.3890000000000002	0.000041693767592677187
3.392	0.00004172550913250269
3.395	0.000041757253515176395
3.398	0.000041789000735794234
3.4010000000000002	0.00004182075078944742
3.404	0.00004185250367122245
3.407	0.000041884259376201094
3.41	0.00004191601789946043
3.4130000000000003	0.00004194777923607281
3.416	0.00004197954338110591
3.419	0.0000420113103296227
3.422	0.00004204308007668147
3.4250000000000003	0.000042074852617335814
3.428	0.00004210662794663467
3.431	0.00004213840605962231
3.434	0.000042170186862827814
3.4370000000000003	0.00004220197043812842
3.44	0.00004223375678317868
3.443	0.00004226554589350061
3.446	0.00004229733776461201
3.449	0.000042329132392026406
3.452	0.00004236092977125329
3.455	0.00004239272989779781
3.458	0.000042424532767160974
3.461	0.00004245633837483956
3.464	0.00004248814671632624
3.467	0.00004251995778710943
3.47	0.00004255177158267341
3.473	0.00004258358809849829
3.476	0.00004261540733006
3.479	0.000042647229272830335
3.482	0.000042679053922276904
3.485	0.00004271088127386318
3.488	0.00004274271132304851
3.491	0.00004277454406528807
3.494	0.00004280637949603291
3.497	0.00004283821761072996
3.5	0.000042870058404822
3.503	0.00004290190187374771
3.5060000000000002	0.00004293374801294165
3.509	0.000042965596817834254
3.512	0.000042997448283851875
3.515	0.000043029302406416746
3.5180000000000002	0.000043061159180946995
3.521	0.000043093018602856684
3.524	0.00004312488066755577
3.527	0.000043156745370450127
3.5300000000000002	0.00004318861270694156
3.533	0.00004322048260238935
3.536	0.00004325235511248121
3.539	0.00004328423024315714
3.5420000000000003	0.000043316107990243914
3.545	0.000043347988349564574
3.548	0.00004337987131693846
3.551	0.000043411756888181336
3.5540000000000003	0.00004344364505910518
3.557	0.00004347553582551833
3.56	0.00004350742918322545
3.563	0.00004353932512802755
3.5660000000000003	0.000043571223655721954
3.569	0.00004360312476210234
3.572	0.000043635028442958734
3.575	0.000043666934694077506
3.578	0.00004369884351124138
3.581	0.000043730754890229445
3.584	0.00004376266882681715
3.587	0.000043794585316776304
3.59	0.00004382650435587508
3.593	0.00004385842593987807
3.596	0.00004389035006454617
3.599	0.000043922276725636726
3.602	0.000043954205918903436
3.605	0.00004398613764009641
3.608	0.000044018071884962146
3.611	0.000044050008649243526
3.614	0.00004408194792867986
3.617	0.00004411388971900688
3.62	0.00004414583401595668
3.623	0.000044177780815257815
3.626	0.00004420973011263525
3.629	0.00004424168190381039
3.632	0.00004427363612305819
3.6350000000000002	0.000044305592817970294
3.638	0.000044337551994540116
3.641	0.00004436951364886951
3.644	0.00004440147777705706
3.6470000000000002	0.00004443344437519808
3.65	0.00004446541343938475
3.653	0.00004449738496570593
3.656	0.00004452935895024725
3.6590000000000003	0.000044561335389091136
3.662	0.00004459331427831677
3.665	0.00004462529561400014
3.668	0.00004465727939221397
3.6710000000000003	0.00004468926560902782
3.674	0.000044721254260507994
3.677	0.000044753245342717635
3.68	0.00004478523885171666
3.6830000000000003	0.00004481723478356177
3.686	0.00004484923313430649
3.689	0.00004488123390000116
3.692	0.000044913237076692914
3.6950000000000003	0.00004494524266042571
3.698	0.00004497725064724032
3.701	0.00004500926103317435
3.704	0.00004504127381426223
3.707	0.0000450732889865352
3.71	0.00004510530654602137
3.713	0.000045137326488745664
3.716	0.000045169348810729846
3.719	0.00004520137350799253
3.722	0.0000452334005765492
3.725	0.000045265430012412154
3.728	0.00004529746181159059
3.731	0.00004532949591048236
3.734	0.00004536153236077453
3.737	0.000045393571163062685
3.74	0.00004542561231369857
3.743	0.00004545765580903106
3.746	0.000045489701645406155
3.749	0.00004552174981916707
3.7520000000000002	0.000045553800326654086
3.755	0.00004558585316420465
3.758	0.000045617908328153396
3.761	0.000045649965814832064
3.7640000000000002	0.00004568202562056958
3.767	0.000045714087741692014
3.77	0.00004574615217452263
3.773	0.00004577821891538184
3.7760000000000002	0.00004581028796058722
3.779	0.00004584235930645353
3.782	0.000045874432949292724
3.785	0.000045906508885413914
3.7880000000000003	0.00004593858711112339
3.791	0.00004597066762272464
3.794	0.000046002750416518365
3.797	0.00004603483548880243
3.8000000000000003	0.000046066922835871904
3.803	0.000046099012454019065
3.806	0.00004613110433953339
3.809	0.000046163198488701575
3.8120000000000003	0.000046195294897807495
3.815	0.00004622739356313227
3.818	0.000046259494480954235
3.821	0.00004629159764754893
3.8240000000000003	0.00004632370305918914
3.827	0.00004635581070723163
3.83	0.000046387920540335326
3.833	0.00004642003260762224
3.836	0.00004645214690567491
3.839	0.00004648426343107335
3.842	0.00004651638218039505
3.845	0.00004654850315021492
3.848	0.00004658062633710542
3.851	0.00004661275173763645
3.854	0.00004664487934837536
3.857	0.00004667700916588701
3.86	0.00004670914118673373
3.863	0.00004674127540747535
3.866	0.00004677341182466918
3.869	0.00004680555043487003
3.872	0.00004683769123463018
3.875	0.00004686983422049946
3.878	0.00004690197938902514
3.8810000000000002	0.000046934126736752035
3.884	0.000046966276260222446
3.887	0.0000469984279559762
3.89	0.000047030581820550616
3.8930000000000002	0.000047062737850480555
3.896	0.00004709489604229836
3.899	0.000047127056392533944
3.902	0.0000471592188977147
3.9050000000000002	0.00004719138355436558
3.908	0.000047223550359009015
3.911	0.00004725571930816505
3.914	0.0000472878903983512
3.9170000000000003	0.00004732006362608254
3.92	0.00004735223898787169
3.923	0.00004738441648022883
3.926	0.000047416596083429606
3.9290000000000003	0.000047448777774566584
3.932	0.00004748096158615911
3.935	0.000047513147514998925
3.938	0.00004754533555787552
3.9410000000000003	0.00004757752571157613
3.944	0.00004760971797288572
3.947	0.0000476419123385871
3.95	0.00004767410880546075
3.9530000000000003	0.00004770630737028498
3.956	0.000047738508029835806
3.959	0.000047770710780887054
3.962	0.00004780291562021031
3.965	0.00004783512254457492
3.968	0.00004786733155074806
3.971	0.00004789954263549461
3.974	0.000047931755795577286
3.977	0.00004796397102775657
3.98	0.000047996188328790726
3.983	0.00004802840769543581
3.986	0.000048060629124445685
3.989	0.00004809285261257198
3.992	0.00004812507815656416
3.995	0.00004815730575316945
3.998	0.000048189535399132915
4.0009999999999994	0.000048221767091197384
4.004	0.00004825400082610353
4.007	0.000048286236600589826
4.01	0.00004831847441139255
4.013	0.0000483507142552458
4.016	0.000048382956128881484
4.019	0.00004841520002902936
4.022	0.00004844744595241698
4.025	0.000048479693867004504
4.0280000000000005	0.00004851194378003533
4.031000000000001	0.00004854419570689394
4.034000000000001	0.000048576449644564824
4.037	0.00004860870559003042
4.04	0.00004864096354027123
4.043	0.00004867322349226575
4.046	0.00004870548544299047
4.0489999999999995	0.00004873774938941988
4.052	0.000048770015328526516
4.055	0.00004880228325728091
4.058	0.000048834553172651606
4.061	0.00004886682507160518
4.064	0.00004889909895110624
4.067	0.00004893137480811739
4.07	0.00004896365263959928
4.073	0.00004899593244251059
4.0760000000000005	0.00004902821421380802
4.079000000000001	0.00004906049795044632
4.082000000000001	0.00004909278364937826
4.085	0.00004912507130755466
4.088	0.00004915736092192438
4.091	0.00004918965248943432
4.093999999999999	0.00004922194600702942
4.0969999999999995	0.00004925424147165269
4.1	0.00004928653888024516
4.103	0.00004931883822974593
4.106	0.00004935113951709215
4.109	0.00004938344273921903
4.112	0.000049415747893059834
4.115	0.0000494480549755459
4.118	0.00004948036398360662
4.121	0.00004951267491416946
4.1240000000000006	0.00004954498772232952
4.127000000000001	0.00004957730244596804
4.13	0.000049609619083350955
4.133	0.00004964193763164093
4.136	0.00004967425808799883
4.139	0.00004970658044958372
4.1419999999999995	0.000049738904713552925
4.145	0.000049771230877062004
4.148	0.00004980355893726471
4.151	0.00004983588889131304
4.154	0.000049868220736357237
4.157	0.00004990055446954578
4.16	0.00004993289008802536
4.163	0.00004996522758894094
4.166	0.000049997566969435704
4.1690000000000005	0.000050029908226651084
4.172000000000001	0.00005006225135772677
4.175000000000001	0.00005009459635980068
4.178	0.00005012694323000898
4.181	0.00005015929196548613
4.184	0.000050191642563364795
4.187	0.00005022399502077592
4.1899999999999995	0.0000502563493348487
4.193	0.000050288705502710604
4.196	0.00005032106352148734
4.199	0.0000503534233883029
4.202	0.00005038578510027954
4.205	0.000050418148654537773
4.208	0.00005045051404819639
4.211	0.000050482881278372464
4.214	0.00005051525034218133
4.2170000000000005	0.0000505476212367366
4.220000000000001	0.00005057999394337556
4.223	0.000050612368451599705
4.226	0.000050644744782206094
4.229	0.00005067712293252411
4.232	0.00005070950289988154
4.234999999999999	0.0000507418846816046
4.2379999999999995	0.00005077426827501795
4.241	0.00005080665367744462
4.244	0.000050839040886206075
4.247	0.00005087142989862222
4.25	0.00005090382071201136
4.253	0.00005093621332369024
4.256	0.00005096860773097402
4.259	0.000051001003931176296
4.2620000000000005	0.0000510334019216091
4.265000000000001	0.00005106580169958287
4.268000000000001	0.00005109820326240653
4.271	0.00005113060660738736
4.274	0.00005116301173183117
4.277	0.00005119541863304214
4.28	0.000051227827308322925
4.2829999999999995	0.000051260237754974597
4.286	0.00005129264997029672
4.289	0.00005132506395158725
4.292	0.00005135747969614263
4.295	0.00005138989720125773
4.298	0.000051422316464225895
4.301	0.0000514547374823389
4.304	0.000051487160252886993
4.307	0.000051519584773158884
4.3100000000000005	0.000051552011040441724
4.313000000000001	0.00005158443905202114
4.316000000000001	0.00005161686880518122
4.319	0.00005164930026525388
4.322	0.00005168173345766451
4.325	0.000051714168383879566
4.328	0.000051746605041381704
4.3309999999999995	0.00005177904342765218
4.334	0.00005181148354017084
4.337	0.000051843925376416124
4.34	0.00005187636893386503
4.343	0.00005190881420999317
4.346	0.00005194126120227473
4.349	0.0000519737099081825
4.352	0.00005200616032518784
4.355	0.000052038612450760746
4.3580000000000005	0.00005207106628236977
4.361000000000001	0.000052103521817482086
4.364	0.00005213597905356345
4.367	0.000052168437988078246
4.37	0.000052200898618489436
4.373	0.0000522333609422586
4.3759999999999994	0.0000522658249568459
4.379	0.000052298290659710154
4.382	0.00005233075804830875
4.385	0.0000523632271200977
4.388	0.00005239569787253163
4.391	0.00005242817030306377
4.394	0.00005246064440914598
4.397	0.000052493120188228734
4.4	0.00005252559763776112
4.4030000000000005	0.00005255807675519086
4.406000000000001	0.00005259055753796428
4.409000000000001	0.00005262303998352635
4.412	0.000052655524089320644
4.415	0.00005268800983849335
4.418	0.00005272049722414998
4.421	0.000052752986262626377
4.4239999999999995	0.00005278547695154919
4.427	0.00005281796928854382
4.43	0.00005285046327123438
4.433	0.00005288295889724372
4.436	0.00005291545616419342
4.439	0.000052947955069703804
4.442	0.000052980455611393933
4.445	0.0000530129577868816
4.448	0.000053045461593783336
4.4510000000000005	0.00005307796702971443
4.454000000000001	0.000053110474092288896
4.457000000000001	0.00005314298277911951
4.46	0.00005317549308781777
4.463	0.00005320800501599395
4.466	0.00005324051856125706
4.468999999999999	0.000053273033721214836
4.4719999999999995	0.00005330555049347382
4.475	0.00005333806887563927
4.478	0.00005337058886531519
4.481	0.00005340311046010438
4.484	0.00005343563365760835
4.487	0.000053468158455427406
4.49	0.0000535006848511606
4.493	0.000053533212842405746
4.496	0.000053565742426759433
4.4990000000000006	0.000053598273601817
4.502	0.00005363080636517255
4.505	0.00005366334071441898
4.508	0.00005369587664714795
4.511	0.000053728414160020384
4.514	0.0000537609532221391
4.517	0.00005379349386068275
4.5200000000000005	0.00005382603607341207
4.523	0.00005385857985808666
4.526	0.00005389112521246499
4.529	0.000053923672134304396
4.532	0.00005395622062136107
4.535	0.00005398877067139007
4.538	0.000054021322282145324
4.541	0.000054053875451379635
4.5440000000000005	0.00005408643017684466
4.547	0.00005411898645629095
4.55	0.00005415154428746792
4.553	0.000054184103668123844
4.556	0.00005421666459600589
4.559	0.00005424922706886011
4.562	0.0000542817910844314
4.565	0.00005431435664046356
4.5680000000000005	0.000054346923734699285
4.571	0.00005437949236488011
4.574	0.0000544120625287465
4.577	0.00005444463422403777
4.58	0.00005447720744849214
4.583	0.000054509782199846706
4.586	0.000054542358475837455
4.589	0.00005457493627419927
4.5920000000000005	0.00005460751559266593
4.595	0.00005464009642897008
4.598	0.000054672678780843295
4.601	0.000054705262646016026
4.604	0.00005473784802221761
4.607	0.000054770434907176304
4.61	0.000054803023279616255
4.613	0.00005483561314738349
4.616	0.00005486820451735212
4.619	0.00005490079738740694
4.622	0.000054933391755431694
4.625	0.00005496598761930913
4.628	0.00005499858497692097
4.631	0.000055031183826147916
4.634	0.000055063784164869646
4.6370000000000005	0.00005509638599096483
4.64	0.000055128989302311124
4.643	0.00005516159409678518
4.646	0.00005519420037226261
4.649	0.00005522680812661805
4.652	0.000055259417357725095
4.655	0.00005529202806345635
4.658	0.000055324640241683414
4.6610000000000005	0.00005535725389027686
4.664	0.00005538986900710627
4.667	0.00005542248559004024
4.67	0.000055455103636946325
4.673	0.00005548772314569111
4.676	0.00005552034411414016
4.679	0.00005555296654015805
4.682	0.00005558559042160836
4.6850000000000005	0.000055618215756353655
4.688	0.000055650842542255525
4.691	0.00005568347077717457
4.694	0.00005571610045897037
4.697	0.000055748731585501545
4.7	0.00005578136415462569
4.703	0.00005581399816419943
4.706	0.000055846633602369065
4.7090000000000005	0.00005587927046061407
4.712	0.00005591190875307405
4.715	0.00005594454847775071
4.718	0.000055977189632644795
4.721	0.000056009832215756145
4.724	0.00005604247622508369
4.727	0.00005607512165862544
4.73	0.00005610776851437849
4.733	0.00005614041679033901
4.736	0.00005617306648450229
4.739	0.00005620571759486268
4.742	0.00005623837011941363
4.745	0.00005627102405614768
4.748	0.000056303679403056464
4.751	0.00005633633615813071
4.7540000000000004	0.00005636899431936022
4.757	0.00005640165388473392
4.76	0.00005643431485223983
4.763	0.00005646697721986505
4.766	0.00005649964098559578
4.769	0.000056532306147417333
4.772	0.00005656497270331411
4.775	0.000056597640651269624
4.7780000000000005	0.000056630309989266486
4.781	0.00005666298071528639
4.784	0.00005669565282731019
4.787	0.00005672832632331778
4.79	0.00005676100120128821
4.793	0.00005679367745919961
4.796	0.00005682635509502923
4.799	0.000056859034106753424
4.8020000000000005	0.00005689171448952401
4.805	0.00005692439622308398
4.808	0.00005695707932661367
4.811	0.00005698976379822404
4.814	0.000057022449636025235
4.817	0.000057055136838126566
4.82	0.0000570878254026365
4.823	0.000057120515327662726
4.8260000000000005	0.00005715320661131207
4.829	0.00005718589925169054
4.832	0.00005721859324690335
4.835	0.00005725128859505486
4.838	0.00005728398529424864
4.841	0.000057316683342587415
4.844	0.00005734938273817311
4.847	0.00005738208347910683
4.8500000000000005	0.000057414785563488855
4.853	0.000057447488989418666
4.856	0.00005748019375499492
4.859	0.00005751289985831547
4.862	0.00005754560729747734
4.865	0.00005757831607057676
4.868	0.00005761102617570915
4.871	0.000057643737610969106
4.874	0.00005767645037445042
4.877	0.0000577091644642461
4.88	0.00005774187987844833
4.883	0.00005777459661514847
4.886	0.00005780731467243712
4.889	0.00005784003404840403
4.892	0.00005787275474113818
4.8950000000000005	0.000057905476748727744
4.898	0.000057938200069260075
4.901	0.000057970924680815454
4.904	0.00005800365059947906
4.907	0.0000580363778255843
4.91	0.00005806910635734366
4.913	0.00005810183619296888
4.916	0.00005813456733067098
4.9190000000000005	0.0000581672997686602
4.922	0.00005820003350514606
4.925	0.00005823276853833735
4.928	0.000058265504866442095
4.931	0.00005829824248766759
4.934	0.00005833098140022041
4.937	0.00005836372160230635
4.94	0.00005839646309213051
4.9430000000000005	0.00005842920586789724
4.946	0.000058461949927810127
4.949	0.000058494695270072085
4.952	0.000058527441892885236
4.955	0.000058560189794451004
4.958	0.00005859293897297006
4.961	0.00005862568942664236
4.964	0.00005865844115366712
4.9670000000000005	0.000058691194152242824
4.97	0.00005872394842056724
4.973	0.00005875670395683741
4.976	0.00005878946075924963
4.979	0.000058822218825999496
4.982	0.00005885497815528186
4.985	0.000058887738745290845
4.988	0.00005892050059421987
4.991	0.00005895326370026162
4.994	0.00005898602806160807
4.997	0.00005901879366143163