0.	7.923188447056864e-6
0.0005	7.927171758476957e-6
0.001	7.931155075581124e-6
0.0015	7.935138395765711e-6
0.002	7.939121716427047e-6
0.0025	7.943105034961462e-6
0.003	7.94708834876529e-6
0.0035	7.951071655234908e-6
0.004	7.955054951766732e-6
0.0045000000000000005	7.959038235757247e-6
0.005	7.963021504603021e-6
0.0055	7.96700475570072e-6
0.006	7.970987986447121e-6
0.006500000000000001	7.974971194239144e-6
0.007	7.978954376473851e-6
0.0075	7.982937530548474e-6
0.008	7.986920653860429e-6
0.0085	7.99090374380733e-6
0.009000000000000001	7.994886797787018e-6
0.0095	7.998869813197556e-6
0.01	8.00285278743727e-6
0.0105	8.00683568251058e-6
0.011	8.010818212084985e-6
0.0115	8.01480069604722e-6
0.012	8.01878313484282e-6
0.0125	8.022765528916984e-6
0.013000000000000001	8.026747878714967e-6
0.0135	8.030730184681966e-6
0.014	8.034712447263134e-6
0.0145	8.038694666903575e-6
0.015	8.04267684404834e-6
0.0155	8.046658979142435e-6
0.016	8.050641072630826e-6
0.0165	8.054623124958427e-6
0.017	8.0586051365701e-6
0.0175	8.06258710791067e-6
0.018000000000000002	8.066569039424918e-6
0.0185	8.070550931557574e-6
0.019	8.074532784753328e-6
0.0195	8.078514599456827e-6
0.02	8.082496376112675e-6
0.0205	8.086478115165426e-6
0.021	8.09045981705961e-6
0.021500000000000002	8.094441482239693e-6
0.022	8.098423111150116e-6
0.0225	8.102404704235278e-6
0.023	8.106386261939527e-6
0.0235	8.110367784707188e-6
0.024	8.114349352243034e-6
0.0245	8.118330928954107e-6
0.025	8.122312470322404e-6
0.025500000000000002	8.126293975736254e-6
0.026000000000000002	8.130275444583988e-6
0.0265	8.134256876253992e-6
0.027	8.138238270134721e-6
0.0275	8.142219625614674e-6
0.028	8.146200942082417e-6
0.0285	8.150182218926574e-6
0.029	8.154163455535833e-6
0.029500000000000002	8.158144651298937e-6
0.03	8.162125805604697e-6
0.0305	8.166106917841987e-6
0.031	8.170087987399743e-6
0.0315	8.174069013666969e-6
0.032	8.178049996032737e-6
0.0325	8.182030933886184e-6
0.033	8.186011826616513e-6
0.0335	8.189992673613003e-6
0.034	8.193973474264997e-6
0.0345	8.197954227961914e-6
0.035	8.20193493409324e-6
0.035500000000000004	8.205915592048539e-6
0.036000000000000004	8.209896201217445e-6
0.0365	8.21387676098967e-6
0.037	8.21785726064347e-6
0.0375	8.221837664226994e-6
0.038	8.225818017149349e-6
0.0385	8.229798319277443e-6
0.039	8.233778570478313e-6
0.0395	8.237758770619021e-6
0.04	8.241738919566643e-6
0.0405	8.245719017188269e-6
0.041	8.24969906335101e-6
0.0415	8.253679057921991e-6
0.042	8.257659000768362e-6
0.0425	8.261638891757283e-6
0.043000000000000003	8.265618730755934e-6
0.043500000000000004	8.269598517631511e-6
0.044	8.27357825225123e-6
0.0445	8.277557934482322e-6
0.045	8.28153756419204e-6
0.0455	8.285517141247649e-6
0.046	8.289496665516433e-6
0.0465	8.293476136865697e-6
0.047	8.297455555162761e-6
0.0475	8.301434920274962e-6
0.048	8.30541423206966e-6
0.0485	8.309393490414227e-6
0.049	8.313372695176056e-6
0.0495	8.317351846222557e-6
0.05	8.32133094342116e-6
0.0505	8.32531004971354e-6
0.051000000000000004	8.329289127051398e-6
0.051500000000000004	8.333268148839565e-6
0.052000000000000005	8.337247114185388e-6
0.0525	8.341226022196343e-6
0.053	8.345204871980028e-6
0.0535	8.349183662644178e-6
0.054	8.353162393296662e-6
0.0545	8.357141063045476e-6
0.055	8.361119670998758e-6
0.0555	8.365098216264784e-6
0.056	8.369076697951974e-6
0.0565	8.373055115168886e-6
0.057	8.377033467024224e-6
0.0575	8.381011752626838e-6
0.058	8.38498997108573e-6
0.0585	8.388968121510052e-6
0.059000000000000004	8.392946203009103e-6
0.059500000000000004	8.396924214692342e-6
0.06	8.400902155669384e-6
0.0605	8.404880025050002e-6
0.061	8.408857821944127e-6
0.0615	8.41283554546186e-6
0.062	8.416813194713457e-6
0.0625	8.420790768809348e-6
0.063	8.424768266860129e-6
0.0635	8.428745627413836e-6
0.064	8.4327227082282e-6
0.0645	8.43669971311418e-6
0.065	8.440676643432781e-6
0.0655	8.444653500544976e-6
0.066	8.44863028581148e-6
0.0665	8.452607000592769e-6
0.067	8.456583646249074e-6
0.0675	8.460560224140394e-6
0.068	8.464536735626492e-6
0.0685	8.468513182066904e-6
0.069	8.47248956482095e-6
0.0695	8.476465885247727e-6
0.07	8.48044214470612e-6
0.07050000000000001	8.48441834455481e-6
0.07100000000000001	8.48839448615227e-6
0.07150000000000001	8.492370570856774e-6
0.07200000000000001	8.496346600026404e-6
0.0725	8.500322575019056e-6
0.073	8.504298497192431e-6
0.0735	8.50827436790406e-6
0.074	8.512250188511292e-6
0.0745	8.516225960371309e-6
0.075	8.520201684841123e-6
0.0755	8.524177363277589e-6
0.076	8.5281529970374e-6
0.0765	8.532128587477101e-6
0.077	8.536104209167582e-6
0.0775	8.540079815904396e-6
0.078	8.544055381910226e-6
0.0785	8.548030907690627e-6
0.079	8.552006393751108e-6
0.0795	8.55598184059712e-6
0.08	8.559957248734068e-6
0.0805	8.563932618667307e-6
0.081	8.56790795090214e-6
0.0815	8.571883245943831e-6
0.082	8.575858504297591e-6
0.0825	8.579833726468579e-6
0.083	8.583808912961919e-6
0.0835	8.587784064282681e-6
0.084	8.591759180935896e-6
0.0845	8.59573426342655e-6
0.085	8.59970931225958e-6
0.0855	8.60368432793989e-6
0.08600000000000001	8.607659310972333e-6
0.08650000000000001	8.611634261861727e-6
0.08700000000000001	8.615609181112843e-6
0.08750000000000001	8.61958406923042e-6
0.088	8.623558926719146e-6
0.0885	8.627533754083682e-6
0.089	8.631508551828645e-6
0.0895	8.635483320458614e-6
0.09	8.63945804464867e-6
0.0905	8.643432689225451e-6
0.091	8.647407306913973e-6
0.0915	8.65138189879522e-6
0.092	8.655356465950097e-6
0.0925	8.659331009459447e-6
0.093	8.663305530404052e-6
0.0935	8.667280029864626e-6
0.094	8.67125450892183e-6
0.0945	8.675228968656266e-6
0.095	8.679203410148488e-6
0.0955	8.683177834478993e-6
0.096	8.68715224272824e-6
0.0965	8.691126635976638e-6
0.097	8.695101015304557e-6
0.0975	8.69907538179233e-6
0.098	8.703049736520252e-6
0.0985	8.707024080568592e-6
0.099	8.710998415017584e-6
0.0995	8.71497274094744e-6
0.1	8.718947059438347e-6
0.1005	8.722921371570474e-6
0.101	8.726895678423964e-6
0.1015	8.730869981078959e-6
0.10200000000000001	8.73484428061558e-6
0.10250000000000001	8.738818578113943e-6
0.10300000000000001	8.742792874654158e-6
0.10350000000000001	8.746767263229414e-6
0.10400000000000001	8.750741686589411e-6
0.1045	8.754716110367248e-6
0.105	8.758690534564095e-6
0.1055	8.762664959181126e-6
0.106	8.766639384219507e-6
0.1065	8.770613809680411e-6
0.107	8.77458823556501e-6
0.1075	8.778562661874473e-6
0.108	8.78253708860997e-6
0.1085	8.786511515772676e-6
0.109	8.790485943363759e-6
0.1095	8.794460371384388e-6
0.11	8.798434799835738e-6
0.1105	8.802409228718976e-6
0.111	8.806383658035273e-6
0.1115	8.810358087785803e-6
0.112	8.814332517971734e-6
0.1125	8.818306948594237e-6
0.113	8.822281379654483e-6
0.1135	8.826255811153644e-6
0.114	8.83023024309289e-6
0.1145	8.83420467547339e-6
0.115	8.838179108296319e-6
0.1155	8.842153541562844e-6
0.116	8.846127975274136e-6
0.1165	8.850102411505923e-6
0.117	8.854076855450545e-6
0.11750000000000001	8.858051299745763e-6
0.11800000000000001	8.862025744312771e-6
0.11850000000000001	8.866000189072775e-6
0.11900000000000001	8.86997463394697e-6
0.11950000000000001	8.873949078856557e-6
0.12	8.877923523722734e-6
0.1205	8.8818979684667e-6
0.121	8.885872413009654e-6
0.1215	8.889846857272798e-6
0.122	8.893821301177328e-6
0.1225	8.897795744644444e-6
0.123	8.901770187595348e-6
0.1235	8.90574462995124e-6
0.124	8.909719071633313e-6
0.1245	8.913693512562774e-6
0.125	8.91766795266082e-6
0.1255	8.921642391848652e-6
0.126	8.925616830047467e-6
0.1265	8.92959126717847e-6
0.127	8.933565703162859e-6
0.1275	8.937540137921836e-6
0.128	8.941514571376604e-6
0.1285	8.94548900344836e-6
0.129	8.94946343405831e-6
0.1295	8.953437863127655e-6
0.13	8.957412226912491e-6
0.1305	8.961386564176646e-6
0.131	8.965360900968652e-6
0.1315	8.969335237970406e-6
0.132	8.9733095758638e-6
0.1325	8.977283915330726e-6
0.133	8.981258257053083e-6
0.1335	8.98523260171277e-6
0.134	8.989206949991693e-6
0.1345	8.993181302571762e-6
0.135	8.997155660134896e-6
0.1355	9.001130023363025e-6
0.136	9.005104392938083e-6
0.1365	9.009078769542023e-6
0.137	9.013053153856803e-6
0.1375	9.017027546564395e-6
0.138	9.021001948346788e-6
0.1385	9.024976359885985e-6
0.139	9.028950781864007e-6
0.1395	9.03292521496289e-6
0.14	9.036899659864694e-6
0.1405	9.040874117251497e-6
0.14100000000000001	9.044848587805391e-6
0.14150000000000001	9.048823072208507e-6
0.14200000000000002	9.052797571142984e-6
0.14250000000000002	9.056772085290998e-6
0.14300000000000002	9.060746647432603e-6
0.14350000000000002	9.064721347571663e-6
0.14400000000000002	9.068696063384239e-6
0.1445	9.072670794238117e-6
0.145	9.076645539501056e-6
0.1455	9.080620298540798e-6
0.146	9.084595070725056e-6
0.1465	9.08856985542153e-6
0.147	9.092544651997892e-6
0.1475	9.096519459821802e-6
0.148	9.1004942782609e-6
0.1485	9.104469106682803e-6
0.149	9.108443944455121e-6
0.1495	9.112418790945445e-6
0.15	9.116393645521353e-6
0.1505	9.120368507550408e-6
0.151	9.124343376400165e-6
0.1515	9.128318251438167e-6
0.152	9.132293132031943e-6
0.1525	9.136268017549018e-6
0.153	9.140242907356908e-6
0.1535	9.14421780082312e-6
0.154	9.148192697315159e-6
0.1545	9.15216759620052e-6
0.155	9.156142496846701e-6
0.1555	9.160117398621163e-6
0.156	9.164092300891487e-6
0.1565	9.168067160167355e-6
0.157	9.17204200108328e-6
0.1575	9.176016841483603e-6
0.158	9.179991681255576e-6
0.1585	9.183966520286457e-6
0.159	9.187941358463499e-6
0.1595	9.191916195673955e-6
0.16	9.195891031805082e-6
0.1605	9.199865866744135e-6
0.161	9.203840700378368e-6
0.1615	9.207815532595043e-6
0.162	9.211790363281411e-6
0.1625	9.215765192324731e-6
0.163	9.21974001961226e-6
0.1635	9.223714845031259e-6
0.164	9.227689668468984e-6
0.1645	9.2316644898127e-6
0.165	9.23563930894966e-6
0.1655	9.239614125767132e-6
0.166	9.243588940152373e-6
0.1665	9.247563751992647e-6
0.167	9.251538561175215e-6
0.1675	9.255513367587342e-6
0.168	9.259488171116294e-6
0.1685	9.263462971649334e-6
0.169	9.267437769079685e-6
0.1695	9.271412262797014e-6
0.17	9.27538556274482e-6
0.1705	9.279358874567118e-6
0.171	9.28333221090373e-6
0.1715	9.287305584395127e-6
0.17200000000000001	9.291279007682827e-6
0.17250000000000001	9.295252493409773e-6
0.17300000000000001	9.299226054220736e-6
0.17350000000000002	9.303199702762716e-6
0.17400000000000002	9.307173451685344e-6
0.17450000000000002	9.31114731364128e-6
0.17500000000000002	9.315121301286633e-6
0.17550000000000002	9.31909542728135e-6
0.176	9.32306970428965e-6
0.1765	9.327044144980427e-6
0.177	9.33101876202767e-6
0.1775	9.334993568110887e-6
0.178	9.338968575915511e-6
0.1785	9.342943798133341e-6
0.179	9.346919247462958e-6
0.1795	9.350894936610142e-6
0.18	9.354870878288321e-6
0.1805	9.358847085218981e-6
0.181	9.362823570132103e-6
0.1815	9.366800345766596e-6
0.182	9.370777423399507e-6
0.1825	9.374754818654966e-6
0.183	9.378736881531428e-6
0.1835	9.382721140158923e-6
0.184	9.386705664167133e-6
0.1845	9.390690412794924e-6
0.185	9.394675345258563e-6
0.1855	9.398660420756043e-6
0.186	9.40264559847136e-6
0.1865	9.406630837578792e-6
0.187	9.410616097247161e-6
0.1875	9.414601336644055e-6
0.188	9.418586514940055e-6
0.1885	9.422571591312927e-6
0.189	9.426556524951803e-6
0.1895	9.430541275061343e-6
0.19	9.434525800865866e-6
0.1905	9.438510061613478e-6
0.191	9.442494016580179e-6
0.1915	9.44647762507394e-6
0.192	9.450460846438773e-6
0.1925	9.45444364005878e-6
0.193	9.458425965362168e-6
0.1935	9.462407781825288e-6
0.194	9.466389048976593e-6
0.1945	9.470369726400633e-6
0.195	9.474349774231213e-6
0.1955	9.478329151381775e-6
0.196	9.482305421995585e-6
0.1965	9.486273821964877e-6
0.197	9.490241538177353e-6
0.1975	9.494208611852813e-6
0.198	9.498175084144919e-6
0.1985	9.502140996145413e-6
0.199	9.506106388888318e-6
0.1995	9.510071303354142e-6
0.2	9.514035780474057e-6
0.2005	9.517999861134106e-6
0.201	9.521963586179375e-6
0.2015	9.525926996418188e-6
0.202	9.529890132626287e-6
0.2025	9.533853035551003e-6
0.203	9.537815745915455e-6
0.20350000000000001	9.541778304422712e-6
0.20400000000000001	9.545740751759988e-6
0.20450000000000002	9.549703128602825e-6
0.20500000000000002	9.55366547561927e-6
0.20550000000000002	9.557627833474068e-6
0.20600000000000002	9.56159024283286e-6
0.20650000000000002	9.56555274436637e-6
0.20700000000000002	9.569515378754609e-6
0.20750000000000002	9.573478186691087e-6
0.20800000000000002	9.57744120891864e-6
0.2085	9.581404486100569e-6
0.209	9.585368059032107e-6
0.2095	9.589336300196664e-6
0.21	9.593306971747598e-6
0.2105	9.597277971786171e-6
0.211	9.601249286548835e-6
0.2115	9.605220902261076e-6
0.212	9.60919280513791e-6
0.2125	9.613164981384344e-6
0.213	9.617137417195852e-6
0.2135	9.621110098758876e-6
0.214	9.625083012251277e-6
0.2145	9.629056143842844e-6
0.215	9.63302947969575e-6
0.2155	9.637003005965051e-6
0.216	9.640976708799158e-6
0.2165	9.644950574340326e-6
0.217	9.648924588725126e-6
0.2175	9.652898738084945e-6
0.218	9.656873008546452e-6
0.2185	9.660847386232092e-6
0.219	9.664821857260572e-6
0.2195	9.668796407747336e-6
0.22	9.672771023805059e-6
0.2205	9.676745691544117e-6
0.221	9.6807203970731e-6
0.2215	9.684695126499248e-6
0.222	9.688669865929035e-6
0.2225	9.69264431760847e-6
0.223	9.696617275479817e-6
0.2235	9.70059021918884e-6
0.224	9.704563149911351e-6
0.2245	9.708536068823125e-6
0.225	9.7125089770999e-6
0.2255	9.716481875917385e-6
0.226	9.72045476645126e-6
0.2265	9.724427649877176e-6
0.227	9.728400527370772e-6
0.2275	9.73237340010766e-6
0.228	9.736346269263447e-6
0.2285	9.740319136013719e-6
0.229	9.744292001534067e-6
0.2295	9.748264867000068e-6
0.23	9.7522377335873e-6
0.2305	9.756210602471354e-6
0.231	9.760183474827817e-6
0.2315	9.764156351832289e-6
0.232	9.768129234660388e-6
0.2325	9.772102124487742e-6
0.233	9.776075022490007e-6
0.2335	9.780047929842857e-6
0.234	9.784020847722e-6
0.23450000000000001	9.787993777303141e-6
0.23500000000000001	9.791966719762102e-6
0.23550000000000001	9.795939676274673e-6
0.23600000000000002	9.799912816288243e-6
0.23650000000000002	9.803886064201063e-6
0.23700000000000002	9.807859326031185e-6
0.23750000000000002	9.811832600724334e-6
0.23800000000000002	9.815805887226203e-6
0.23850000000000002	9.81977918448246e-6
0.23900000000000002	9.823752491438734e-6
0.23950000000000002	9.827725807040642e-6
0.24	9.831699130233765e-6
0.2405	9.835672459963671e-6
0.241	9.839645795175908e-6
0.2415	9.843619134816012e-6
0.242	9.847592477829504e-6
0.2425	9.851565823161897e-6
0.243	9.8555391697587e-6
0.2435	9.859512516565415e-6
0.244	9.86348586252755e-6
0.2445	9.867459206590609e-6
0.245	9.8714325477001e-6
0.2455	9.875405884801546e-6
0.246	9.879379216840475e-6
0.2465	9.88335254276243e-6
0.247	9.887325861512966e-6
0.2475	9.891299172037704e-6
0.248	9.895272473282173e-6
0.2485	9.89924576419203e-6
0.249	9.90321900797418e-6
0.2495	9.90719200167927e-6
0.25	9.911164984532115e-6
0.2505	9.915137957816162e-6
0.251	9.919110922814839e-6
0.2515	9.923083880811532e-6
0.252	9.927056833089618e-6
0.2525	9.931029780932449e-6
0.253	9.935002725623362e-6
0.2535	9.938975668445687e-6
0.254	9.942948610682744e-6
0.2545	9.946921553617856e-6
0.255	9.950894498534348e-6
0.2555	9.954867446715542e-6
0.256	9.958840399444783e-6
0.2565	9.962813358005422e-6
0.257	9.966786323680836e-6
0.2575	9.970759297754418e-6
0.258	9.974732281509591e-6
0.2585	9.978705276229811e-6
0.259	9.982678283198568e-6
0.2595	9.986651303699389e-6
0.26	9.99062433901585e-6
0.2605	9.994597390431549e-6
0.261	9.998570459230194e-6
0.2615	0.0000100025435466955
0.262	0.00001000651665411126
0.2625	0.000010010489948988279
0.263	0.000010014463369309925
0.2635	0.00001001843680970845
0.264	0.00001002241026915749
0.2645	0.000010026383746630642
0.265	0.000010030357241101446
0.2655	0.0000100343307515434
0.266	0.00001003830427692997
0.2665	0.00001004227781623457
0.267	0.000010046251368430587
0.2675	0.000010050224932491373
0.268	0.000010054198507390253
0.2685	0.000010058172092100508
0.269	0.000010062145685595418
0.2695	0.00001006611928684822
0.27	0.00001007009289483214
0.2705	0.000010074066508520386
0.271	0.00001007804012688615
0.2715	0.000010082013748902613
0.272	0.000010085987373542947
0.2725	0.000010089960999780319
0.273	0.00001009393462658788
0.2735	0.000010097908252938799
0.274	0.000010101881877806268
0.2745	0.000010105855500163392
0.275	0.000010109829118983362
0.2755	0.000010113802700711165
0.276	0.000010117775991861764
0.2765	0.000010121749279388978
0.277	0.000010125722564981236
0.2775	0.000010129695850326955
0.278	0.000010133669137114556
0.2785	0.000010137642427032463
0.279	0.00001014161572176911
0.2795	0.000010145589023012957
0.28	0.00001014956233245249
0.2805	0.000010153535651776226
0.281	0.00001015750898267273
0.28150000000000003	0.000010161482326830612
0.28200000000000003	0.00001016545568593854
0.28250000000000003	0.000010169429061685243
0.28300000000000003	0.00001017340245575952
0.28350000000000003	0.000010177375869850255
0.28400000000000003	0.000010181349305646407
0.28450000000000003	0.000010185322764837037
0.28500000000000003	0.000010189296249111295
0.28550000000000003	0.000010193269760158448
0.28600000000000003	0.00001019724329966787
0.28650000000000003	0.000010201216869329055
0.28700000000000003	0.000010205190470831302
0.28750000000000003	0.000010209164105864977
0.28800000000000003	0.000010213137776119715
0.2885	0.000010217111483285567
0.289	0.000010221085521360236
0.2895	0.00001022505980118084
0.29	0.000010229034116262068
0.2905	0.000010233008464055025
0.291	0.000010236982842010619
0.2915	0.000010240957247579551
0.292	0.000010244931678212353
0.2925	0.000010248906131359395
0.293	0.000010252880604470897
0.2935	0.000010256855094996963
0.294	0.000010260829600387574
0.2945	0.000010264804118092622
0.295	0.000010268778645561918
0.2955	0.000010272753180245212
0.296	0.000010276727719592205
0.2965	0.000010280702261052576
0.297	0.000010284676802075978
0.2975	0.000010288651340112078
0.298	0.000010292625872610558
0.2985	0.000010296600397021135
0.299	0.00001030057491079358
0.2995	0.000010304549411377731
0.3	0.000010308523896223509
0.3005	0.000010312498362780943
0.301	0.00001031647280850017
0.3015	0.00001032044723083147
0.302	0.000010324421578243382
0.3025	0.000010328395356311274
0.303	0.000010332369108819066
0.3035	0.000010336342838262615
0.304	0.000010340316547137633
0.3045	0.000010344290237939703
0.305	0.000010348263913164292
0.3055	0.000010352237575306772
0.306	0.000010356211226862434
0.3065	0.000010360184870326498
0.307	0.000010364158508194139
0.3075	0.00001036813214296049
0.308	0.000010372105777120668
0.3085	0.00001037607941316979
0.309	0.000010380053053602978
0.3095	0.000010384026700915387
0.31	0.000010388000357602209
0.3105	0.000010391974026158704
0.311	0.0000103959477090802
0.3115	0.000010399921408862112
0.312	0.00001040389512799997
0.3125	0.000010407868868989418
0.313	0.000010411842634326244
0.3135	0.000010415816424943451
0.314	0.000010419790246230275
0.3145	0.000010423764099340815
0.315	0.00001042773798677329
0.3155	0.00001043171191102637
0.316	0.000010435685874599192
0.3165	0.00001043965987999135
0.317	0.00001044363392970291
0.3175	0.000010447608026234392
0.318	0.00001045158217208678
0.3185	0.000010455556369761493
0.319	0.000010459530621760392
0.3195	0.000010463504930585758
0.32	0.000010467479298740262
0.3205	0.00001047145372872696
0.321	0.000010475428223049258
0.3215	0.000010479402784210882
0.322	0.000010483377414715843
0.3225	0.000010487352117068406
0.323	0.000010491326893773052
0.3235	0.000010495301747334422
0.324	0.000010499276680257282
0.3245	0.000010503251695046457
0.325	0.000010507226794206788
0.3255	0.000010511201980243069
0.326	0.000010515177255659983
0.3265	0.000010519152622962032
0.327	0.00001052312808465347
0.3275	0.000010527103643238226
0.328	0.000010531079301219823
0.3285	0.000010535052416478855
0.329	0.000010538984092591275
0.3295	0.000010542911100715401
0.33	0.000010546833289757832
0.3305	0.000010550750510578974
0.331	0.000010554662616037654
0.3315	0.00001055856946103364
0.332	0.00001056247090254808
0.3325	0.000010566366799681788
0.333	0.000010570257013691446
0.3335	0.000010574141408023655
0.334	0.00001057801984834686
0.3345	0.000010581892202581174
0.335	0.000010585758340926053
0.3355	0.000010589618135885874
0.336	0.000010593471462293429
0.3365	0.000010597318197331316
0.337	0.000010601158220551282
0.3375	0.000010604991413891516
0.338	0.000010608817661691926
0.3385	0.000010612636850707416
0.339	0.00001061644887011922
0.3395	0.000010620253611544266
0.34	0.000010624050969042677
0.3405	0.000010627840839123375
0.341	0.000010631623120747885
0.3415	0.000010635397715332317
0.342	0.000010639164526747621
0.3425	0.000010642923461318125
0.343	0.000010646674427818403
0.3435	0.000010650417337468531
0.34400000000000003	0.000010654152103927759
0.34450000000000003	0.000010657878643286656
0.34500000000000003	0.000010661596874057773
0.34550000000000003	0.00001066530671716487
0.34600000000000003	0.000010669008095930763
0.34650000000000003	0.000010672700936063822
0.34700000000000003	0.000010676385165643199
0.34750000000000003	0.00001068006071510281
0.34800000000000003	0.000010683727517214123
0.34850000000000003	0.000010687420178093136
0.34900000000000003	0.000010691060937503172
0.34950000000000003	0.000010694693898026438
0.35000000000000003	0.000010698319010369234
0.35050000000000003	0.000010701936226168744
0.35100000000000003	0.000010705545497992881
0.35150000000000003	0.000010709146779339927
0.352	0.000010712740024637999
0.3525	0.000010716325189244341
0.353	0.00001071990222944443
0.3535	0.000010723471102450907
0.354	0.00001072703176640232
0.3545	0.000010730584180361737
0.355	0.000010734128304315129
0.3555	0.000010737664099169635
0.356	0.000010741191526751638
0.3565	0.00001074471054980468
0.357	0.000010748170952857023
0.3575	0.000010751661731805284
0.358	0.000010755142874826434
0.3585	0.000010758614358227803
0.359	0.000010762076160073868
0.3595	0.000010765528260154801
0.36	0.000010768970639954899
0.3605	0.000010772403282620925
0.361	0.000010775826172930376
0.3615	0.000010779239297259721
0.362	0.000010782642643552657
0.3625	0.000010786036201288357
0.363	0.000010789419961449806
0.3635	0.000010792793916492182
0.364	0.000010796158060311374
0.3645	0.000010799512388212605
0.365	0.000010802856896879206
0.3655	0.000010806191584341574
0.366	0.000010809516449946306
0.3665	0.000010812831494325562
0.367	0.000010816136719366634
0.3675	0.000010819432128181778
0.368	0.000010822717725078311
0.3685	0.000010825993515528972
0.369	0.000010829259506142577
0.3695	0.000010832515704635
0.37	0.000010835762119800437
0.3705	0.000010838998761483032
0.371	0.000010842225640548818
0.3715	0.000010845442768858028
0.372	0.000010848650159237747
0.3725	0.000010851847825454953
0.373	0.000010855035782189894
0.3735	0.000010858214045009895
0.374	0.00001086138263034351
0.3745	0.000010864541555455097
0.375	0.00001086769083841977
0.3755	0.000010870830498098754
0.376	0.00001087396055411516
0.3765	0.000010877081026830146
0.377	0.000010880191937319502
0.3775	0.000010883293307350642
0.378	0.000010886385159360008
0.3785	0.000010889467516430885
0.379	0.000010892540402271628
0.3795	0.000010895603841194308
0.38	0.00001089865785809377
0.3805	0.000010901702478427094
0.381	0.000010904737728193471
0.3815	0.000010907763633914492
0.382	0.000010910780222614827
0.3825	0.000010913787521803336
0.383	0.000010916785559454542
0.3835	0.000010919774363990546
0.384	0.00001092275396426329
0.3845	0.000010925724389537247
0.385	0.000010928685669472493
0.3855	0.000010931637834108131
0.386	0.000010934580913846144
0.3865	0.00001093751493943558
0.387	0.000010940439941957127
0.3875	0.000010943355952808056
0.388	0.000010946263003687513
0.3885	0.000010949161126582183
0.389	0.000010952050353752278
0.3895	0.000010954930717717912
0.39	0.000010957802251245772
0.3905	0.00001096066498733616
0.391	0.00001096351895921034
0.3915	0.000010966364200298237
0.392	0.000010969200744226417
0.3925	0.000010972028624806421
0.393	0.000010974847876023382
0.3935	0.000010977658532024952
0.394	0.000010980460627110527
0.3945	0.000010983254195720765
0.395	0.000010986039272427388
0.3955	0.000010988815891923267
0.396	0.00001099158408901278
0.3965	0.000010994343898602434
0.397	0.000010997095355691774
0.3975	0.00001099983849536452
0.398	0.00001100257335277998
0.3985	0.000011005299963164702
0.399	0.000011008018361804375
0.3995	0.000011010728584035956
0.4	0.000011013430665240045
0.4005	0.000011016124640833474
0.401	0.000011018810546262131
0.4015	0.000011021488416993986
0.402	0.00001102415828851234
0.4025	0.000011026820196309283
0.403	0.000011029474175879346
0.4035	0.000011032120262713356
0.404	0.000011034758492292488
0.4045	0.000011037388900082491
0.405	0.000011040011521528119
0.4055	0.000011042626392047724
0.406	0.000011045233547028029
0.40650000000000003	0.00001104783302181908
0.40700000000000003	0.000011050424851729353
0.40750000000000003	0.000011053009072021023
0.40800000000000003	0.000011055585717905409
0.40850000000000003	0.000011058154824538554
0.40900000000000003	0.000011060716427016952
0.40950000000000003	0.000011063270560373446
0.41000000000000003	0.000011065817259573253
0.41050000000000003	0.000011068356559510117
0.41100000000000003	0.000011070888495002619
0.41150000000000003	0.000011073413100790604
0.41200000000000003	0.000011075930411531744
0.41250000000000003	0.000011078440461798226
0.41300000000000003	0.000011080943286073548
0.41350000000000003	0.000011083438918749452
0.41400000000000003	0.000011085927394122964
0.41450000000000004	0.00001108840874639354
0.41500000000000004	0.000011090883009660334
0.41550000000000004	0.000011093350217919556
0.41600000000000004	0.000011095810405061949
0.4165	0.000011098263604870355
0.417	0.000011100709851017383
0.4175	0.000011103149177063172
0.418	0.000011105581616453239
0.4185	0.000011108007202516433
0.419	0.000011110425968462958
0.4195	0.000011112837947382485
0.42	0.000011115243172242357
0.4205	0.000011117641675885862
0.421	0.00001112003349103059
0.4215	0.00001112241865026686
0.422	0.00001112479718605622
0.4225	0.000011127169130730031
0.423	0.000011129534516488098
0.4235	0.000011131893375397393
0.424	0.000011134245739390817
0.4245	0.00001113659164026605
0.425	0.000011138931109684449
0.4255	0.000011141264179169995
0.426	0.000011143590880108336
0.4265	0.00001114591124374583
0.427	0.0000111482253011887
0.4275	0.0000111505330834022
0.428	0.000011152834621209843
0.4285	0.00001115512994529271
0.429	0.000011157419086188744
0.4295	0.000011159702074292158
0.43	0.000011161978939852843
0.4305	0.000011164249712975834
0.431	0.000011166514423620835
0.4315	0.000011168773101601753
0.432	0.000011171025776586298
0.4325	0.000011173272478095621
0.433	0.00001117551323550397
0.4335	0.000011177748078038402
0.434	0.000011179977034778533
0.4345	0.0000111822001346563
0.435	0.000011184417406455777
0.4355	0.000011186628878813024
0.436	0.000011188834580215946
0.4365	0.000011191034539004213
0.437	0.000011193228783369183
0.4375	0.00001119541734135387
0.438	0.000011197600240852935
0.4385	0.000011199777509612697
0.439	0.000011201949175231182
0.4395	0.000011204115265158195
0.44	0.000011206275806695405
0.4405	0.000011208430826996469
0.441	0.000011210580353067169
0.4415	0.000011212724411765573
0.442	0.00001121486302980222
0.4425	0.000011216996233740324
0.443	0.00001121912404999601
0.4435	0.000011221246504838532
0.444	0.000011223363624390568
0.4445	0.000011225475434628476
0.445	0.00001122758196138261
0.4455	0.000011229683230337625
0.446	0.000011231779267032821
0.4465	0.000011233870096862479
0.447	0.000011235955745076241
0.4475	0.000011238036236779471
0.448	0.000011240111596933667
0.4485	0.000011242181850356859
0.449	0.000011244247021724029
0.4495	0.00001124630713556755
0.45	0.000011248362216277635
0.4505	0.00001125041228810279
0.451	0.000011252457375150281
0.4515	0.000011254497501386636
0.452	0.00001125653269063811
0.4525	0.000011258562966591211
0.453	0.000011260588352793206
0.4535	0.000011262608872652641
0.454	0.000011264624549439874
0.4545	0.000011266635406287628
0.455	0.000011268641466191521
0.4555	0.000011270642752010647
0.456	0.000011272639286468124
0.4565	0.000011274631092151684
0.457	0.000011276618191514245
0.4575	0.000011278600606874501
0.458	0.000011280578360417523
0.4585	0.000011282551474195356
0.459	0.000011284519970127633
0.4595	0.000011286483870002183
0.46	0.000011288443195475658
0.4605	0.000011290397968074157
0.461	0.00001129234820919385
0.4615	0.000011294293940101628
0.462	0.00001129623518193573
0.4625	0.000011298171955706402
0.463	0.00001130010428229653
0.4635	0.000011302032182462308
0.464	0.00001130395567683389
0.4645	0.000011305874785916053
0.465	0.000011307789530088857
0.4655	0.000011309699929608314
0.466	0.000011311606004607071
0.4665	0.000011313507775095066
0.467	0.000011315405260960214
0.4675	0.000011317298481969086
0.468	0.000011319187457767589
0.4685	0.000011321072207881649
0.46900000000000003	0.000011322952751717899
0.46950000000000003	0.00001132482910856436
0.47000000000000003	0.000011326701297591142
0.47050000000000003	0.000011328569337851123
0.47100000000000003	0.000011330433248280643
0.47150000000000003	0.000011332293047700207
0.47200000000000003	0.000011334148754815166
0.47250000000000003	0.00001133600038821642
0.47300000000000003	0.000011337847966381115
0.47350000000000003	0.000011339691507673333
0.47400000000000003	0.000011341531030344799
0.47450000000000003	0.000011343366552535569
0.47500000000000003	0.000011345198092274733
0.47550000000000003	0.000011347025667481117
0.47600000000000003	0.000011348849295963975
0.47650000000000003	0.000011350668995423689
0.47700000000000004	0.00001135248478345247
0.47750000000000004	0.000011354296677535052
0.47800000000000004	0.000011356104695049396
0.47850000000000004	0.000011357908853267378
0.47900000000000004	0.000011359709169355492
0.47950000000000004	0.000011361505660375547
0.48	0.000011363298343285357
0.4805	0.000011365087234939438
0.481	0.000011366872352089705
0.4815	0.000011368653711386157
0.482	0.000011370431329377574
0.4825	0.000011372205222512204
0.483	0.000011373975407138456
0.4835	0.000011375741899505584
0.484	0.000011377504715764369
0.4845	0.000011379263871967813
0.485	0.000011381019384071818
0.4855	0.000011382771267935865
0.486	0.000011384519539323693
0.4865	0.000011386264213903983
0.487	0.000011388005307251027
0.4875	0.000011389742834845407
0.488	0.000011391476812074663
0.4885	0.000011393207254233966
0.489	0.000011394934176526789
0.4895	0.000011396657594065561
0.49	0.000011398377521872343
0.4905	0.00001140009397487949
0.491	0.000011401806967930293
0.4915	0.000011403516515779657
0.492	0.00001140522263309474
0.4925	0.000011406925334455615
0.493	0.000011408624634355912
0.4935	0.000011410320547203467
0.494	0.000011412013087320964
0.4945	0.000011413702268946587
0.495	0.00001141538810623464
0.4955	0.000011417070613256202
0.496	0.000011418749803999745
0.4965	0.000011420425692371775
0.497	0.000011422098292197457
0.4975	0.000011423767617221234
0.498	0.000011425433681107456
0.4985	0.000011427096497440998
0.499	0.000011428756079727868
0.4995	0.000011430412441395834
0.5	0.00001143206559579502
0.5005000000000001	0.000011433715556198521
0.501	0.000011435362335803002
0.5015000000000001	0.000011437005947729308
0.502	0.000011438646405023044
0.5025000000000001	0.000011440283720655189
0.503	0.000011441917907522673
0.5035000000000001	0.00001144354897844897
0.504	0.000011445233886984403
0.5045000000000001	0.000011446849727829722
0.505	0.000011448463242736938
0.5055000000000001	0.000011450074452891525
0.506	0.000011451683379351608
0.5065000000000001	0.000011453290043048324
0.507	0.000011454894464786175
0.5075000000000001	0.000011456496665243385
0.508	0.000011458096664972275
0.5085000000000001	0.000011459694484399628
0.509	0.000011461290143827078
0.5095000000000001	0.000011462883663431488
0.51	0.000011464475063265348
0.5105000000000001	0.000011466064363257166
0.511	0.000011467651583211867
0.5115000000000001	0.000011469236742811214
0.512	0.000011470819861614198
0.5125	0.000011472400959057478
0.513	0.000011473980054455786
0.5135	0.000011475557167002357
0.514	0.00001147713231576936
0.5145	0.000011478705519708331
0.515	0.000011480276797650618
0.5155	0.000011481846168307815
0.516	0.00001148341365027221
0.5165	0.000011484903473583882
0.517	0.000011486455008513861
0.5175	0.000011488003759019325
0.518	0.00001148954973603425
0.5185	0.000011491092950435242
0.519	0.000011492633413041992
0.5195	0.000011494171134617776
0.52	0.000011495706125869911
0.5205	0.000011497238397450242
0.521	0.000011498767959955603
0.5215	0.000011500294823928281
0.522	0.000011501818999856481
0.5225	0.000011503340498174777
0.523	0.000011504859329264573
0.5235	0.000011506375503454553
0.524	0.000011507889031021118
0.5245	0.000011509399922188847
0.525	0.000011510908187130922
0.5255	0.000011512413835969574
0.526	0.000011513916878776507
0.5265	0.000011515417325573339
0.527	0.000011516915186332021
0.5275	0.000011518410470975264
0.528	0.000011519903189376956
0.5285	0.000011521393351362577
0.529	0.000011522880966709615
0.5295	0.000011524366045147977
0.53	0.00001152584859636039
0.5305	0.000011527328629982801
0.531	0.000011528806155604791
0.5315	0.000011530281182769956
0.532	0.000011531753720976303
0.5325	0.000011533223779676646
0.533	0.000011534691368278984
0.5335	0.000011536156496146889
0.534	0.000011537619172599883
0.5345	0.00001153907940691381
0.535	0.000011540537208321221
0.5355	0.000011541991922403603
0.536	0.00001154344477899197
0.5365	0.000011544895227565627
0.537	0.000011546343276827454
0.5375	0.000011547788935436092
0.538	0.000011549232212006355
0.5385	0.000011550673115109638
0.539	0.000011552111653274351
0.5395	0.000011553547834986305
0.54	0.00001155498166868913
0.5405	0.000011556413162784681
0.541	0.000011557842325633425
0.5415	0.000011559269165554846
0.542	0.000011560693690827836
0.5425	0.000011562115909691081
0.543	0.000011563535830343453
0.5435	0.000011564953460944385
0.544	0.000011566368809614256
0.5445	0.000011567781884434769
0.545	0.000011569192693449313
0.5455	0.000011570601244663346
0.546	0.00001157200754604476
0.5465	0.000011573411605524225
0.547	0.000011574875869355862
0.5475	0.000011576263560137598
0.548	0.000011577650275578367
0.5485	0.000011579036029583128
0.549	0.000011580420835953236
0.5495	0.000011581804708387019
0.55	0.00001158318766048036
0.5505	0.000011584569705727282
0.551	0.000011585950857520539
0.5515	0.00001158733112915218
0.552	0.000011589054879484848
0.5525	0.000011591504487532464
0.553	0.00001159395450563605
0.5535	0.000011596404933790823
0.554	0.000011598855771991822
0.5545	0.000011601307020233904
0.555	0.00001160375867851175
0.5555	0.000011606210746819856
0.556	0.000011608663225152536
0.5565	0.000011611116113503924
0.557	0.000011613569411867973
0.5575	0.000011616023120238451
0.558	0.000011618477238608949
0.5585	0.000011620931766972866
0.559	0.00001162338670532343
0.5595	0.000011625842053653675
0.56	0.000011628297811956461
0.5605	0.000011630753980224459
0.561	0.000011633210558450157
0.5615	0.000011635667546625859
0.562	0.000011638124944743688
0.5625	0.000011640582752795577
0.5630000000000001	0.00001164304097077328
0.5635	0.00001164549959866836
0.5640000000000001	0.000011647958636472203
0.5645	0.000011650418084176
0.5650000000000001	0.000011652877941770762
0.5655	0.000011655338209247317
0.5660000000000001	0.0000116577988865963
0.5665	0.00001166025997380816
0.5670000000000001	0.00001166272147087317
0.5675	0.0000116651833777814
0.5680000000000001	0.000011667645694522747
0.5685	0.000011670108421086913
0.5690000000000001	0.000011672571557463414
0.5695	0.00001167503510364158
0.5700000000000001	0.000011677499059610549
0.5705	0.000011679963425359274
0.5710000000000001	0.000011682428200876522
0.5715	0.000011684893386150865
0.5720000000000001	0.000011687358981170688
0.5725	0.000011689824985924192
0.5730000000000001	0.000011692291400399381
0.5735	0.000011694758224584074
0.5740000000000001	0.000011697225458465897
0.5745	0.00001169969310203229
0.5750000000000001	0.000011702161155270498
0.5755	0.000011704629618167578
0.5760000000000001	0.000011707098490710396
0.5765	0.000011709567772885626
0.577	0.000011712037464679751
0.5775	0.000011714507566079063
0.578	0.00001171697807706966
0.5785	0.000011719448997637451
0.579	0.000011721920327768149
0.5795	0.000011724392067447277
0.58	0.000011726864216660167
0.5805	0.000011729336775391952
0.581	0.000011731809743627576
0.5815	0.000011734283121351792
0.582	0.00001173675690854915
0.5825	0.000011739231105204015
0.583	0.000011741705711300556
0.5835	0.000011744180726822745
0.584	0.000011746656151754357
0.5845	0.00001174913198607898
0.585	0.000011751608229779999
0.5855	0.000011754084882840607
0.586	0.0000117565619452438
0.5865	0.00001175903941697238
0.587	0.000011761517298008953
0.5875	0.000011763995588335923
0.588	0.000011766474287935505
0.5885	0.000011768953396789713
0.589	0.000011771432914880362
0.5895	0.000011773912842189076
0.59	0.000011776393178697272
0.5905	0.000011778873924386179
0.591	0.000011781355079236821
0.5915	0.000011783836643230024
0.592	0.000011786318616346421
0.5925	0.00001178880099856644
0.593	0.000011791283789870312
0.5935	0.000011793766990238071
0.594	0.000011796250599649547
0.5945	0.000011798734618084372
0.595	0.00001180121904552198
0.5955	0.000011803703881941603
0.596	0.000011806189127322271
0.5965	0.000011808674781642815
0.597	0.000011811160844881865
0.5975	0.00001181364731701785
0.598	0.000011816134198028995
0.5985	0.000011818621487893325
0.599	0.000011821109186588665
0.5995	0.000011823597294092634
0.6	0.000011826085810382649
0.6005	0.000011828574735435929
0.601	0.000011831064069229483
0.6015	0.00001183355381174012
0.602	0.000011836043962944447
0.6025	0.000011838534522818866
0.603	0.000011841025491339575
0.6035	0.000011843516868482567
0.604	0.000011846008654223632
0.6045	0.000011848500848538354
0.605	0.000011850993451402113
0.6055	0.000011853486462790084
0.606	0.000011855979882677233
0.6065	0.000011858473711038327
0.607	0.000011860967947847922
0.6075	0.00001186346259308037
0.608	0.000011865957646709813
0.6085	0.000011868453108710194
0.609	0.000011870948979055241
0.6095	0.000011873445257718479
0.61	0.000011875941944673223
0.6105	0.000011878439039892587
0.611	0.000011880936543349467
0.6115	0.00001188343445501656
0.612	0.000011885932774866348
0.6125	0.00001188843150287111
0.613	0.000011890930639002911
0.6135	0.000011893430183233612
0.614	0.000011895930135534858
0.6145	0.000011898430495878093
0.615	0.000011900931264234545
0.6155	0.000011903432440575232
0.616	0.000011905934024870965
0.6165	0.000011908436017092342
0.617	0.00001191093841720975
0.6175	0.00001191344122519337
0.618	0.00001191594444101316
0.6185	0.000011918448064638882
0.619	0.000011920952096040074
0.6195	0.000011923456535186068
0.62	0.000011925961382045982
0.6205	0.000011928466636588719
0.621	0.000011930972298782976
0.6215	0.00001193347836859723
0.622	0.000011935984845999748
0.6225	0.000011938491730958584
0.623	0.000011940999023441576
0.6235	0.00001194350672341635
0.624	0.000011946014830850319
0.6245	0.000011948523345710677
0.625	0.000011951032267964408
0.6255000000000001	0.000011953541597578277
0.626	0.000011956051334518839
0.6265000000000001	0.00001195856147875243
0.627	0.000011961072030245166
0.6275000000000001	0.000011963582988962958
0.628	0.000011966094354871493
0.6285000000000001	0.000011968606127936242
0.629	0.00001197111830812246
0.6295000000000001	0.00001197363089539519
0.63	0.00001197614388971925
0.6305000000000001	0.000011978657291059245
0.631	0.00001198117109937956
0.6315000000000001	0.000011983685314644368
0.632	0.000011986199936817617
0.6325000000000001	0.00001198871496586304
0.633	0.000011991230401744149
0.6335000000000001	0.000011993746244424241
0.634	0.00001199626249386639
0.6345000000000001	0.000011998779150033455
0.635	0.00001200129621288807
0.6355000000000001	0.000012003813682392652
0.636	0.000012006331558509399
0.6365000000000001	0.000012008849841200289
0.637	0.000012011368530427076
0.6375000000000001	0.000012013887626151295
0.638	0.00001201640712833426
0.6385000000000001	0.000012018927036937067
0.639	0.000012021447351920584
0.6395000000000001	0.000012023968073245461
0.64	0.000012026489200872128
0.6405	0.000012029010734760787
0.641	0.000012031532674871421
0.6415	0.000012034055021163793
0.642	0.000012036577773597438
0.6425	0.00001203910093213167
0.643	0.00001204162449672558
0.6435	0.000012044148467338032
0.644	0.00001204667284392767
0.6445	0.000012049197626452911
0.645	0.000012051722814871954
0.6455	0.00001205424840914276
0.646	0.00001205677440922308
0.6465	0.00001205930081507043
0.647	0.000012061827626642104
0.6475	0.00001206435484389517
0.648	0.000012066882466786468
0.6485	0.000012069410495272615
0.649	0.000012071938929310002
0.6495	0.000012074467768854789
0.65	0.000012076997013862912
0.6505	0.000012079526664290083
0.651	0.000012082056720091777
0.6515	0.000012084587181223254
0.652	0.000012087118047639534
0.6525	0.000012089649319295418
0.653	0.000012092180996145474
0.6535	0.000012094713078144043
0.654	0.000012097245565245235
0.6545	0.000012099778457402935
0.655	0.000012102311754570795
0.6555	0.000012104845456702236
0.656	0.000012107379563750457
0.6565	0.000012109914075668417
0.657	0.000012112448992408854
0.6575	0.000012114984313924264
0.658	0.000012117520040166926
0.6585	0.000012120056171088877
0.659	0.000012122592706641928
0.6595	0.000012125129646777656
0.66	0.000012127666991447409
0.6605	0.000012130204740602299
0.661	0.000012132742894193209
0.6615	0.000012135281452170789
0.662	0.000012137820414485456
0.6625	0.000012140359781087391
0.663	0.00001214289955192655
0.6635	0.000012145439726952646
0.664	0.000012147980306115163
0.6645	0.000012150521289363349
0.665	0.00001215306267664622
0.6655	0.000012155604467912559
0.666	0.000012158146663110909
0.6665	0.000012160689262189583
0.667	0.000012163232265096655
0.6675	0.000012165775671779967
0.668	0.000012168319482187122
0.6685	0.000012170863696265492
0.669	0.000012173408313962206
0.6695	0.000012175953335224161
0.67	0.00001217849875999802
0.6705	0.000012181044588230202
0.671	0.000012183590819866894
0.6715	0.000012186137454854043
0.672	0.000012188684493137363
0.6725	0.000012191231934662323
0.673	0.000012193779779374159
0.6735	0.00001219632802721787
0.674	0.00001219887667813821
0.6745	0.0000122014257320797
0.675	0.00001220397518898662
0.6755	0.00001220652504880301
0.676	0.000012209075311472673
0.6765	0.000012211625976939167
0.677	0.000012214177045145815
0.6775	0.0000122167285160357
0.678	0.000012219280389551659
0.6785	0.000012221832665636293
0.679	0.000012224385344231964
0.6795	0.000012226938425280784
0.68	0.000012229491908724633
0.6805	0.000012232045794505145
0.681	0.000012234600082563711
0.6815	0.000012237154772841483
0.682	0.000012239709865279367
0.6825	0.00001224226535981803
0.683	0.000012244821256397894
0.6835	0.000012247377554959136
0.684	0.000012249934255441692
0.6845	0.000012252491357785257
0.685	0.000012255048861929277
0.6855	0.000012257606767812957
0.686	0.000012260165075375255
0.6865	0.000012262723784554889
0.687	0.000012265282895290327
0.6875	0.000012267842407519793
0.6880000000000001	0.000012270402321181272
0.6885	0.000012272962636212493
0.6890000000000001	0.000012275523352550946
0.6895	0.000012278084470133875
0.6900000000000001	0.000012280645988898276
0.6905	0.000012283207908780897
0.6910000000000001	0.000012285770229718244
0.6915	0.000012288332951646568
0.6920000000000001	0.000012290896074501883
0.6925	0.000012293459598219948
0.6930000000000001	0.000012296023522736277
0.6935	0.000012298587847986134
0.6940000000000001	0.00001230115257390454
0.6945	0.00001230371770042626
0.6950000000000001	0.000012306283227485819
0.6955	0.000012308849155017484
0.6960000000000001	0.000012311415482955277
0.6965	0.000012313982211232978
0.6970000000000001	0.000012316549339784103
0.6975	0.000012319116868541928
0.6980000000000001	0.000012321684797439479
0.6985	0.000012324253126409523
0.6990000000000001	0.00001232682185538459
0.6995	0.000012329390984296946
0.7000000000000001	0.000012331960513078614
0.7005	0.000012334530441661363
0.7010000000000001	0.000012337100769976713
0.7015	0.000012339671497955927
0.7020000000000001	0.00001234224262553002
0.7025	0.000012344814152629756
0.7030000000000001	0.000012347386079185642
0.7035	0.000012349958405127936
0.704	0.000012352531130386643
0.7045	0.000012355104254891512
0.705	0.00001235767777857204
0.7055	0.000012360251701357475
0.706	0.000012362826023176801
0.7065	0.000012365400743958757
0.707	0.000012367975863631822
0.7075	0.000012370551382124227
0.708	0.000012373127299363941
0.7085	0.00001237570361527868
0.709	0.000012378280329795908
0.7095	0.00001238085744284283
0.71	0.000012383434954346398
0.7105	0.000012386012864233302
0.711	0.000012388591172429986
0.7115	0.000012391169878862627
0.712	0.000012393748983457152
0.7125	0.00001239632848613923
0.713	0.000012398908386834271
0.7135	0.000012401488685467428
0.714	0.000012404069381963596
0.7145	0.000012406650476247415
0.715	0.000012409231968243263
0.7155	0.000012411813857875265
0.716	0.00001241439614506728
0.7165	0.000012416978829742916
0.717	0.000012419561911825515
0.7175	0.000012422145391238165
0.718	0.000012424729267903691
0.7185	0.00001242731354174466
0.719	0.00001242989821268338
0.7195	0.000012432483280641895
0.72	0.000012435068745541995
0.7205	0.000012437654607305203
0.721	0.000012440240865852784
0.7215	0.000012442827521105743
0.722	0.000012445414572984818
0.7225	0.000012448002021410493
0.723	0.000012450589866302986
0.7235	0.000012453178107582255
0.724	0.000012455766745167991
0.7245	0.000012458355778979631
0.725	0.000012460945208936339
0.7255	0.000012463535034957025
0.726	0.00001246612525696033
0.7265	0.000012468715874864635
0.727	0.000012471306888588053
0.7275	0.00001247389829804844
0.728	0.000012476490103163381
0.7285	0.000012479082303850203
0.729	0.000012481674900025961
0.7295	0.000012484267891607451
0.73	0.000012486861278511203
0.7305	0.00001248945506065348
0.731	0.000012492049237950282
0.7315	0.000012494643810317338
0.732	0.000012497238777670119
0.7325	0.000012499834139923824
0.733	0.000012502429896993387
0.7335	0.000012505026048793474
0.734	0.000012507622595238489
0.7345	0.000012510219536242565
0.735	0.000012512816871719565
0.7355	0.000012515414601583093
0.736	0.000012518012725746476
0.7365	0.00001252061124412278
0.737	0.000012523210156624798
0.7375	0.000012525809463165055
0.738	0.000012528409163655812
0.7385	0.000012531009258009057
0.739	0.000012533609746136506
0.7395	0.000012536210627949616
0.74	0.000012538811903359562
0.7405	0.000012541413572277259
0.741	0.000012544015634613347
0.7415	0.000012546618090278195
0.742	0.000012549220939181904
0.7425	0.000012551824182301082
0.743	0.000012554427817388004
0.7435	0.000012557031845442001
0.744	0.000012559636266372088
0.7445	0.000012562241080087011
0.745	0.00001256484628649524
0.7455	0.000012567451885504978
0.746	0.00001257005787702415
0.7465	0.000012572664260960415
0.747	0.000012575271037221154
0.7475	0.00001257787820571348
0.748	0.000012580485766344228
0.7485	0.00001258309371901996
0.749	0.000012585702063646971
0.7495	0.000012588310800131278
0.75	0.000012590919928378619
0.7505000000000001	0.000012593529448294464
0.751	0.00001259613935978401
0.7515000000000001	0.000012598749662752176
0.752	0.000012601360357103602
0.7525000000000001	0.000012603971442742664
0.753	0.000012606582919573452
0.7535000000000001	0.000012609194787499787
0.754	0.000012611807046425211
0.7545000000000001	0.000012614419696252991
0.755	0.000012617032736886118
0.7555000000000001	0.000012619646168227309
0.756	0.000012622259990179
0.7565000000000001	0.000012624874202643351
0.757	0.00001262748880552225
0.7575000000000001	0.000012630103798717301
0.758	0.000012632719182129833
0.7585000000000001	0.0000126353349556609
0.759	0.000012637951119211274
0.7595000000000001	0.000012640567672681451
0.76	0.000012643183065800599
0.7605000000000001	0.000012645797578856089
0.761	0.000012648412480435294
0.7615000000000001	0.000012651027770542186
0.762	0.000012653643449180604
0.7625000000000001	0.000012656259516354274
0.763	0.000012658875972066789
0.7635000000000001	0.000012661492816321627
0.764	0.000012664110049122138
0.7645000000000001	0.00001266672767047155
0.765	0.000012669345680372964
0.7655000000000001	0.000012671964078829365
0.766	0.000012674582865843604
0.7665000000000001	0.000012677202041418417
0.767	0.000012679821605556408
0.7675000000000001	0.000012682441558260064
0.768	0.00001268506189953174
0.7685	0.000012687682629373669
0.769	0.000012690303747787961
0.7695	0.0000126929252547766
0.77	0.000012695547150341444
0.7705	0.000012698169434484226
0.771	0.000012700792107206551
0.7715	0.000012703415168509906
0.772	0.00001270603861839564
0.7725	0.000012708662456864988
0.773	0.000012711286683919052
0.7735	0.000012713911299558811
0.774	0.000012716536303785113
0.7745	0.000012719161696598685
0.775	0.000012721787478000123
0.7755	0.0000127244136479899
0.776	0.000012727040206568357
0.7765	0.000012729667153735713
0.777	0.000012732294489492057
0.7775	0.000012734922213837348
0.778	0.000012737550326771423
0.7785	0.000012740178828293988
0.779	0.000012742807718404623
0.7795	0.000012745436997102774
0.78	0.000012748066664387766
0.7805	0.000012750696720258792
0.781	0.000012753327164714919
0.7815	0.00001275595799775508
0.782	0.000012758589219378084
0.7825	0.00001276122082958261
0.783	0.00001276385282836721
0.7835	0.000012766485215730299
0.784	0.000012769117991670172
0.7845	0.000012771751156184986
0.785	0.000012774384709272776
0.7855	0.000012777018650931443
0.786	0.000012779652981158757
0.7865	0.000012782287699952358
0.787	0.00001278492280730976
0.7875	0.000012787558303228343
0.788	0.000012790194187705354
0.7885	0.000012792830460737913
0.789	0.000012795467122323007
0.7895	0.000012798104172457495
0.79	0.0000128007416111381
0.7905	0.000012803379438361418
0.791	0.00001280601765412391
0.7915	0.000012808656258421906
0.792	0.000012811295251251607
0.7925	0.000012813934632609078
0.793	0.000012816574402490255
0.7935	0.00001281921456089094
0.794	0.0000128218551078068
0.7945	0.000012824496043233374
0.795	0.000012827137367166068
0.7955	0.000012829779079600151
0.796	0.000012832421180530761
0.7965	0.000012835063669952904
0.797	0.000012837706547861453
0.7975	0.000012840349814251141
0.798	0.000012842993469116578
0.7985	0.000012845637512452232
0.799	0.000012848281944252438
0.7995	0.0000128509267645114
0.8	0.000012853571973223185
0.8005	0.000012856217570381725
0.801	0.00001285886355598082
0.8015	0.000012861509930014136
0.802	0.0000128641566924752
0.8025	0.000012866803843357405
0.803	0.00001286945138265401
0.8035	0.00001287209931035814
0.804	0.00001287474762646278
0.8045	0.000012877396330960782
0.805	0.000012880045423844865
0.8055	0.000012882694905107608
0.806	0.000012885344774741452
0.8065	0.000012887995032738707
0.807	0.000012890645679091545
0.8075	0.000012893296713791998
0.808	0.000012895948136831965
0.8085	0.000012898599948203206
0.809	0.000012901252147897345
0.8095	0.000012903904735905866
0.81	0.000012906557712220124
0.8105	0.000012909211076831325
0.811	0.000012911864829730542
0.8115	0.000012914518970908714
0.812	0.000012917173500356638
0.8125	0.000012919828418064972
0.8130000000000001	0.00001292248372402424
0.8135	0.000012925139418224821
0.8140000000000001	0.000012927795500656962
0.8145	0.000012930451971310767
0.8150000000000001	0.000012933108830176202
0.8155	0.000012935766077243097
0.8160000000000001	0.000012938423712501136
0.8165	0.00001294108173593987
0.8170000000000001	0.000012943740147548707
0.8175	0.000012946398947316916
0.8180000000000001	0.00001294905813523363
0.8185	0.000012951717711287832
0.8190000000000001	0.000012954377675468375
0.8195	0.000012957038027763967
0.8200000000000001	0.000012959698768163177
0.8205	0.000012962359896654432
0.8210000000000001	0.000012965021413226019
0.8215	0.000012967683317866084
0.8220000000000001	0.00001297034561056263
0.8225	0.000012973008291303524
0.8230000000000001	0.000012975671360076487
0.8235	0.000012978334816869095
0.8240000000000001	0.000012980998661668792
0.8245	0.000012983662894462872
0.8250000000000001	0.000012986327515238494
0.8255	0.000012988992523982662
0.8260000000000001	0.000012991657920682254
0.8265	0.000012994323705323996
0.8270000000000001	0.00001299698987789447
0.8275	0.000012999656438380121
0.8280000000000001	0.000013002323386767248
0.8285	0.000013004990723042006
0.8290000000000001	0.000013007658447190407
0.8295	0.000013010326559198322
0.8300000000000001	0.000013012995059051476
0.8305	0.00001301566394673545
0.8310000000000001	0.000013018333222235684
0.8315	0.000013021002885537471
0.8320000000000001	0.00001302367293662596
0.8325	0.000013026343375486157
0.833	0.00001302901420210292
0.8335	0.00001303168541646097
0.834	0.000013034357018544874
0.8345	0.000013037029008339061
0.835	0.000013039701385827811
0.8355	0.000013042374150995259
0.836	0.000013045047303825395
0.8365	0.000013047720844302064
0.837	0.000013050394772408965
0.8375	0.000013053069088129652
0.838	0.00001305574379144753
0.8385	0.000013058418882345859
0.839	0.000013061094360807754
0.8395	0.000013063770226816184
0.84	0.000013066446480353967
0.8405	0.000013069123121403777
0.841	0.000013071800149948141
0.8415	0.000013074477565969442
0.842	0.000013077155369449908
0.8425	0.000013079833560371626
0.843	0.000013082512138716531
0.8435	0.000013085191104466413
0.844	0.000013087870457602914
0.8445	0.00001309055019810753
0.845	0.000013093230325961598
0.8455	0.000013095910841146322
0.846	0.000013098591743642746
0.8465	0.000013101273033431771
0.847	0.000013103954710494144
0.8475	0.000013106636774810467
0.848	0.000013109319226361195
0.8485	0.000013112002065126627
0.849	0.000013114685291086915
0.8495	0.000013117368904222066
0.85	0.000013120052904511929
0.8505	0.00001312273729193621
0.851	0.000013125422066474463
0.8515	0.000013128107228106088
0.852	0.000013130792776810338
0.8525	0.000013133478712566313
0.853	0.000013136165035352967
0.8535	0.000013138851745149098
0.854	0.000013141538841933355
0.8545	0.000013144226325684236
0.855	0.000013146914196380085
0.8555	0.0000131496024539991
0.856	0.000013152291098519318
0.8565	0.000013154980129918636
0.857	0.000013157669548174788
0.8575	0.000013160359353265363
0.858	0.000013163049545167794
0.8585	0.000013165740123859364
0.859	0.000013168431089317199
0.8595	0.000013171122441518277
0.86	0.000013173814180439421
0.8605	0.000013176506306057302
0.861	0.000013179198818348431
0.8615	0.000013181891717289179
0.862	0.00001318458500285575
0.8625	0.000013187278675024201
0.863	0.000013189972733770435
0.8635	0.000013192667179070197
0.864	0.000013195362010899081
0.8645	0.000013198057229232529
0.865	0.00001320075283404582
0.8655	0.00001320344882531409
0.866	0.000013206145203012308
0.8665	0.000013208841967115296
0.867	0.000013211539117597718
0.8675	0.000013214236654434084
0.868	0.000013216934577598746
0.8685	0.000013219632887065903
0.869	0.000013222331582809597
0.8695	0.000013225030664803714
0.87	0.000013227730133021983
0.8705	0.00001323042998743798
0.871	0.000013233130228025117
0.8715	0.000013235830854756661
0.872	0.00001323853186760571
0.8725	0.000013241233266545215
0.873	0.000013243935051547963
0.8735	0.000013246637222586588
0.874	0.000013249339779633565
0.8745	0.00001325204272266121
0.875	0.000013254746051641684
0.8755000000000001	0.000013257449766546987
0.876	0.000013260153867348967
0.8765000000000001	0.000013262858354019306
0.877	0.00001326556322652953
0.8775000000000001	0.00001326826848485101
0.878	0.000013270974128954957
0.8785000000000001	0.000013273680158812421
0.879	0.000013276386574394294
0.8795000000000001	0.000013279093375671308
0.88	0.00001328180056261404
0.8805000000000001	0.0000132845081351929
0.881	0.000013287216093378148
0.8815000000000001	0.000013289924437139876
0.882	0.000013292633166448016
0.8825000000000001	0.000013295342281272348
0.883	0.000013298051781582484
0.8835000000000001	0.00001330076166734788
0.884	0.000013303471938537828
0.8845000000000001	0.000013306182595121463
0.885	0.000013308893637067754
0.8855000000000001	0.000013311605064345514
0.886	0.000013314316876923393
0.8865000000000001	0.00001331702907476988
0.887	0.000013319741657853298
0.8875000000000001	0.000013322454626141817
0.888	0.00001332516797960344
0.8885000000000001	0.000013327881718206008
0.889	0.000013330595841917199
0.8895000000000001	0.000013333310350704531
0.89	0.00001333602524453536
0.8905000000000001	0.000013338740523376877
0.891	0.000013341456187196108
0.8915000000000001	0.000013344172235959927
0.892	0.00001334688866963503
0.8925000000000001	0.000013349605488187961
0.893	0.000013352322691585094
0.8935000000000001	0.000013355040279792644
0.894	0.00001335775825277666
0.8945000000000001	0.00001336047661050303
0.895	0.00001336319535293747
0.8955000000000001	0.000013365914480045542
0.896	0.000013368633991792634
0.8965	0.00001337135388814398
0.897	0.00001337407416906464
0.8975	0.000013376794834519517
0.898	0.00001337951588447334
0.8985	0.000013382237318890681
0.899	0.000013384959137735944
0.8995	0.000013387681340973364
0.9	0.000013390403928567015
0.9005	0.000013393126900480806
0.901	0.000013395850256678476
0.9015	0.0000133985739971236
0.902	0.000013401298121779585
0.9025	0.000013404022630609676
0.903	0.000013406747523576947
0.9035	0.000013409472800644306
0.904	0.000013412198461774497
0.9045	0.000013414924506930095
0.905	0.000013417650936073507
0.9055	0.000013420377749166972
0.906	0.000013423104946172568
0.9065	0.000013425832527052194
0.907	0.000013428560491767591
0.9075	0.00001343128884028033
0.908	0.00001343401757255181
0.9085	0.000013436746688543264
0.909	0.00001343947618821576
0.9095	0.00001344220607153019
0.91	0.000013444936338447287
0.9105	0.000013447666988927604
0.911	0.000013450398022931532
0.9115	0.000013453129440419293
0.912	0.000013455861241350936
0.9125	0.000013458593425686344
0.913	0.000013461325993385229
0.9135	0.000013464058944407132
0.914	0.000013466792278711424
0.9145	0.000013469525996257307
0.915	0.000013472260097003813
0.9155	0.000013474994580909804
0.916	0.000013477729447933968
0.9165	0.000013480464698034824
0.917	0.000013483200331170726
0.9175	0.000013485936347299845
0.918	0.00001348867274638019
0.9185	0.000013491409528369597
0.919	0.000013494146693225727
0.9195	0.000013496884240906071
0.92	0.000013499622171367952
0.9205	0.000013502360484568515
0.921	0.000013505099180464736
0.9215	0.000013507838259013417
0.922	0.000013510577720171192
0.9225	0.000013513317563894515
0.923	0.000013516057790139672
0.9235	0.000013518798398862776
0.924	0.000013521539390019766
0.9245	0.000013524280763566406
0.925	0.000013527022519458291
0.9255	0.000013529764657650836
0.926	0.000013532507178099291
0.9265	0.00001353525008075872
0.927	0.000013537993365584025
0.9275	0.00001354073703252993
0.928	0.000013543481081550978
0.9285	0.000013546225512601544
0.929	0.00001354897032563583
0.9295	0.000013551715520607858
0.93	0.000013554461097471478
0.9305	0.000013557207056180364
0.931	0.000013559953396688013
0.9315	0.000013562700118947752
0.932	0.000013565447222912725
0.9325	0.000013568194708535903
0.933	0.000013570942575770088
0.9335	0.000013573690824567893
0.934	0.000013576439454881764
0.9345	0.000013579188466663969
0.935	0.000013581937859866598
0.9355	0.000013584687634441564
0.936	0.000013587437790340606
0.9365	0.00001359018832751528
0.937	0.000013592939245916975
0.9375	0.00001359569054549689
0.9380000000000001	0.000013598442225897614
0.9385	0.000013601194287696165
0.9390000000000001	0.000013603946730525474
0.9395	0.000013606699554336035
0.9400000000000001	0.000013609452759078165
0.9405	0.000013612206344701999
0.9410000000000001	0.000013614960311157497
0.9415	0.00001361771465839444
0.9420000000000001	0.000013620469386362428
0.9425	0.000013623224495010888
0.9430000000000001	0.00001362597998428906
0.9435	0.000013628735854146011
0.9440000000000001	0.000013631492104530626
0.9445	0.00001363424873539161
0.9450000000000001	0.000013637005746677492
0.9455	0.000013639763138336614
0.9460000000000001	0.000013642520910317145
0.9465	0.000013645279062567073
0.9470000000000001	0.000013648037595034201
0.9475	0.000013650796507666157
0.9480000000000001	0.000013653555800410385
0.9485	0.000013656315473214147
0.9490000000000001	0.000013659075526024532
0.9495	0.000013661835958788437
0.9500000000000001	0.000013664596771452587
0.9505	0.00001366735796396352
0.9510000000000001	0.000013670119536267594
0.9515	0.000013672881488310986
0.9520000000000001	0.000013675643820039692
0.9525	0.000013678406531399522
0.9530000000000001	0.00001368116962233611
0.9535	0.000013683933092794904
0.9540000000000001	0.000013686696942721166
0.9545	0.000013689461172059986
0.9550000000000001	0.00001369222578075626
0.9555	0.000013694990768754709
0.9560000000000001	0.00001369775676474642
0.9565	0.000013700523198177947
0.9570000000000001	0.000013703290010972796
0.9575	0.000013706057203046435
0.9580000000000001	0.000013708824774314107
0.9585	0.00001371159272469084
0.9590000000000001	0.000013714361054091428
0.9595	0.000013717129762430447
0.96	0.00001371989884962225
0.9605	0.000013722668315580968
0.961	0.000013725438160220502
0.9615	0.000013728208383454533
0.962	0.000013730978985196517
0.9625	0.000013733749965359689
0.963	0.000013736521323857051
0.9635	0.000013739293060601389
0.964	0.00001374206517550526
0.9645	0.000013744837668480998
0.965	0.000013747610539440708
0.9655	0.000013750383788296274
0.966	0.000013753157414959352
0.9665	0.000013755931419341373
0.967	0.000013758705801353543
0.9675	0.00001376148056090684
0.968	0.000013764255697912018
0.9685	0.000013767031212279603
0.969	0.000013769807103919896
0.9695	0.000013772583372742972
0.97	0.000013775360018658675
0.9705	0.000013778137041576626
0.971	0.00001378091444140622
0.9715	0.000013783692218056621
0.972	0.000013786470371436765
0.9725	0.000013789248901455366
0.973	0.000013792027808020905
0.9735	0.000013794807091041638
0.974	0.000013797586750425594
0.9745	0.000013800366786080568
0.975	0.00001380314719791413
0.9755	0.000013805927985833626
0.976	0.000013808709149746165
0.9765	0.000013811490689558635
0.977	0.00001381427260517769
0.9775	0.000013817054896509754
0.978	0.000013819837563461027
0.9785	0.000013822620605937477
0.979	0.000013825404023844835
0.9795	0.00001382818781708862
0.98	0.000013830971985574103
0.9805	0.000013833756529206332
0.981	0.000013836541447890127
0.9815	0.000013839326741530075
0.982	0.000013842112410030532
0.9825	0.000013844898453295626
0.983	0.00001384768487122925
0.9835	0.000013850471663735071
0.984	0.00001385325883071652
0.9845	0.0000138560463720768
0.985	0.000013858834287718879
0.9855	0.000013861622577545498
0.986	0.000013864411241459163
0.9865	0.00001386720027936215
0.987	0.000013869989691156502
0.9875	0.00001387277947674403
0.988	0.00001387556963602631
0.9885	0.000013878360168904688
0.989	0.00001388115107528028
0.9895	0.000013883942355053964
0.99	0.000013886734008126387
0.9905	0.000013889526034397961
0.991	0.000013892318433768872
0.9915	0.000013895111206139065
0.992	0.000013897904351408251
0.9925	0.000013900697869475913
0.993	0.000013903491760241295
0.9935	0.00001390628602360341
0.994	0.000013909080659461036
0.9945	0.000013911875667712714
0.995	0.000013914671048256756
0.9955	0.000013917466800991234
0.996	0.000013920262925813988
0.9965	0.000013923059422622624
0.997	0.000013925856291314507
0.9975	0.000013928653531786777
0.998	0.000013931451143936327
0.9985	0.000013934249127659822
0.999	0.000013937047482853689
0.9995	0.000013939846209414121