1.e-6	8.02343182884594e-6
2.e-6	8.023413473658445e-6
3.e-6	8.023569796542693e-6
4.e-6	8.023113564694999e-6
4.9999999999999996e-6	8.023085088299168e-6
5.999999999999999e-6	8.023035090291501e-6
7.e-6	8.021501761588984e-6
8.e-6	8.022923443894957e-6
9.e-6	8.023056375636516e-6
0.00001	8.022807556431162e-6
0.00002	8.02227666838653e-6
0.000030000000000000004	8.021733356844222e-6
0.00004	8.021169564812837e-6
0.00005	8.020591153961484e-6
0.00006	8.020021604295096e-6
0.00007000000000000001	8.019455725544738e-6
0.00008	8.018905935769444e-6
0.00009	8.018368620754828e-6
0.0001	8.017677765674663e-6
0.0002	8.012146833014726e-6
0.00030000000000000003	8.006672430064781e-6
0.0004	8.000933996857526e-6
0.0005	7.995354378240701e-6
0.0006000000000000001	7.989636648941557e-6
0.0007000000000000001	7.983829894608983e-6
0.0008	7.977797794615284e-6
0.0009000000000000001	7.972344819998875e-6
0.001	7.965951215384726e-6
0.0011	7.95971065305487e-6
0.0012000000000000001	7.953648063815868e-6
0.0013000000000000002	7.94778754236583e-6
0.0014000000000000002	7.941647286723904e-6
0.0015	7.935667053228856e-6
0.0016	7.929684461151814e-6
0.0017000000000000001	7.923700068064452e-6
0.0018000000000000002	7.91770560459997e-6
0.0019000000000000002	7.911779134266418e-6
0.002	7.905689908672317e-6
0.0021	7.899665141701027e-6
0.0022	7.89361967247e-6
0.0023	7.887561400263624e-6
0.0024	7.881487728997629e-6
0.0025	7.875392941808859e-6
0.0026	7.869278711932823e-6
0.0027	7.863143945472e-6
0.0028	7.856984811873566e-6
0.0029	7.850804358532879e-6
0.003	7.844598419014269e-6
0.0031	7.838363975575665e-6
0.0032	7.832104968887265e-6
0.0033	7.825818022178153e-6
0.0034	7.81950315943713e-6
0.0035	7.813160119492155e-6
0.0036	7.80678436989167e-6
0.0037	7.800374403393722e-6
0.0038	7.793931288946284e-6
0.0039	7.787456285267702e-6
0.004	7.780939664644867e-6
0.0041	7.774388768147261e-6
0.004200000000000001	7.767783733402126e-6
0.004300000000000001	7.761181425900354e-6
0.0044	7.75449431631387e-6
0.0045000000000000005	7.747998299716087e-6
0.004600000000000001	7.74102012222579e-6
0.0047	7.734213974976473e-6
0.0048000000000000004	7.727360242165441e-6
0.004900000000000001	7.720445065443749e-6
0.005	7.713504207386259e-6
0.0051	7.70649794812432e-6
0.005200000000000001	7.699432385903742e-6
0.005300000000000001	7.692324344763184e-6
0.0054	7.68514545227342e-6
0.0055000000000000005	7.677911108199392e-6
0.005600000000000001	7.670610419921835e-6
0.0057	7.663254382081828e-6
0.0058000000000000005	7.655828742129999e-6
0.005900000000000001	7.64833175131209e-6
0.006	7.640768270106448e-6
0.0061	7.633124884923284e-6
0.006200000000000001	7.625414852586175e-6
0.006300000000000001	7.617649696882282e-6
0.0064	7.609750383983505e-6
0.006500000000000001	7.601793969701306e-6
0.006600000000000001	7.5937484135471485e-6
0.0067	7.585618178421192e-6
0.0068000000000000005	7.577392344871893e-6
0.006900000000000001	7.569070250449281e-6
0.007000000000000001	7.560647919257549e-6
0.0071	7.552122906332966e-6
0.007200000000000001	7.543489844195302e-6
0.007300000000000001	7.534744969362232e-6
0.0074	7.525884280534432e-6
0.007500000000000001	7.516902289840046e-6
0.007600000000000001	7.507792705336434e-6
0.0077	7.498556465074309e-6
0.0078000000000000005	7.489181426252892e-6
0.0079	7.479664339080932e-6
0.008	7.4699985212145396e-6
0.0081	7.4601774769764725e-6
0.008199999999999999	7.450195905365703e-6
0.0083	7.440038446958444e-6
0.0084	7.42970458753281e-6
0.0085	7.419182941606252e-6
0.0086	7.408462685239752e-6
0.0087	7.397532954569422e-6
0.0088	7.3863821076413705e-6
0.0089	7.374996253687454e-6
0.009	7.363361258966022e-6
0.0091	7.351463501193099e-6
0.0092	7.3392900217645475e-6
0.0093	7.326805217335313e-6
0.0094	7.313990455148779e-6
0.0095	7.300814288377184e-6
0.0096	7.2872450280723465e-6
0.0097	7.273233085972148e-6
0.0098	7.258739480662181e-6
0.009899999999999999	7.243666745347066e-6
0.01	7.227942873566171e-6
0.0101	7.131886311016871e-6
0.0102	7.036337849351213e-6
0.0103	6.941267531194006e-6
0.0104	6.846738503093311e-6
0.0105	6.752879201934751e-6
0.0106	6.6598427766549355e-6
0.0107	6.567787594058134e-6
0.0108	6.476871834239269e-6
0.0109	6.387222897731793e-6
0.011	6.298944006916764e-6
0.0111	6.212125097512988e-6
0.0112	6.126817695221768e-6
0.0113	6.043057828164678e-6
0.0114	5.9608636885354955e-6
0.0115	5.880239374433658e-6
0.0116	5.8011775218274925e-6
0.0117	5.723660574115377e-6
0.0118	5.6476665136540375e-6
0.011899999999999999	5.573166161332466e-6
0.012	5.500127657719451e-6
0.0121	5.428519101024136e-6
0.0122	5.358299862585251e-6
0.0123	5.2894387280130185e-6
0.0124	5.221897164389494e-6
0.0125	5.155639369013414e-6
0.0126	5.090629073889605e-6
0.0127	5.026831445193325e-6
0.0128	4.9642117158213146e-6
0.0129	4.90273727395169e-6
0.013	4.842374778173661e-6
0.0131	4.783092455662742e-6
0.0132	4.724860794889549e-6
0.0133	4.6676500737446265e-6
0.0134	4.611432182036115e-6
0.0135	4.556179233479121e-6
0.0136	4.501866324782953e-6
0.0137	4.448464911499741e-6
0.0138	4.395953515413948e-6
0.013900000000000001	4.344306719701786e-6
0.014	4.2935030076108675e-6
0.0141	4.2435201750141e-6
0.0142	4.1943364838972435e-6
0.0143	4.1459320400256996e-6
0.0144	4.098287027595055e-6
0.0145	4.0513826570673696e-6
0.0146	4.005200180370603e-6
0.0147	3.959722417242881e-6
0.0148	3.914932405987595e-6
0.0149	3.870813071857528e-6
0.015	3.8273482360589576e-6
0.0151	3.7845233098688425e-6
0.0152	3.7423235422572424e-6
0.0153	3.7007338014542465e-6
0.0154	3.6597406709478373e-6
0.0155	3.6193302215019607e-6
0.0156	3.5794899133754456e-6
0.015700000000000002	3.5402068380661893e-6
0.0158	3.5014677916910425e-6
0.0159	3.4632630624348e-6
0.016	3.425579657689178e-6
0.0161	3.3884063896666075e-6
0.0162	3.3517326880501054e-6
0.0163	3.3155497207324436e-6
0.0164	3.2798426189122415e-6
0.0165	3.2446059425606926e-6
0.0166	3.2098287437826795e-6
0.0167	3.175501393450504e-6
0.0168	3.1416152523368442e-6
0.016900000000000002	3.1081607038274203e-6
0.017	3.0751300476504983e-6
0.0171	3.0425145670408262e-6
0.0172	3.010306379396899e-6
0.0173	2.978496870339666e-6
0.0174	2.9470792565266735e-6
0.0175	2.9160456251556753e-6
0.0176	2.8853888701841217e-6
0.0177	2.8551014905152744e-6
0.0178	2.825177092101289e-6
0.0179	2.7956083612121632e-6
0.018	2.7663895409339737e-6
0.0181	2.737513444248693e-6
0.0182	2.7089743362285446e-6
0.0183	2.6807661494131943e-6
0.0184	2.652882760784965e-6
0.0185	2.625318437264186e-6
0.018600000000000002	2.5980683362674215e-6
0.0187	2.5711247594048627e-6
0.0188	2.544484529012549e-6
0.0189	2.5181416458140794e-6
0.019	2.492090863049608e-6
0.0191	2.466327979124891e-6
0.019200000000000002	2.440846451119545e-6
0.0193	2.415643104036092e-6
0.0194	2.390712481778256e-6
0.0195	2.366050482340621e-6
0.0196	2.341652376708158e-6
0.0197	2.31751376845314e-6
0.0198	2.2936311648173143e-6
0.0199	2.269999312355202e-6
0.02	2.246614671456279e-6
0.0201	2.2252412132596205e-6
0.0202	2.210388529517491e-6
0.020300000000000002	2.2042007236804734e-6
0.0204	2.207473130337826e-6
0.0205	2.220097296339365e-6
0.0206	2.24133819009597e-6
0.0207	2.2700776291364364e-6
0.0208	2.305020670198249e-6
0.020900000000000002	2.344851019788336e-6
0.021	2.3883336211548054e-6
0.0211	2.4343731695915944e-6
0.0212	2.4820376614333004e-6
0.0213	2.5305604512793864e-6
0.0214	2.5793263326462707e-6
0.021500000000000002	2.627856013032075e-6
0.0216	2.6757801611331233e-6
0.0217	2.7228266877046217e-6
0.0218	2.7687967529810418e-6
0.0219	2.813552223571671e-6
0.022	2.85700162456344e-6
0.0221	2.8990889994940395e-6
0.0222	2.939788619388944e-6
0.0223	2.9790938498804052e-6
0.0224	3.0170147331931282e-6
0.0225	3.0535726623112613e-6
0.022600000000000002	3.0887972869858393e-6
0.0227	3.1227239946089152e-6
0.0228	3.1553926732734103e-6
0.0229	3.1868450580717927e-6
0.023	3.217124170887918e-6
0.0231	3.2462742876069446e-6
0.023200000000000002	3.2743390677893793e-6
0.0233	3.301359737626538e-6
0.0234	3.327379910343181e-6
0.0235	3.3524401070325826e-6
0.0236	3.376579575193065e-6
0.0237	3.3998365414753756e-6
0.0238	3.4222476455356894e-6
0.0239	3.44384720448306e-6
0.024	3.46466971083395e-6
0.0241	3.4847463682317706e-6
0.0242	3.5041079560704474e-6
0.024300000000000002	3.5227839849439203e-6
0.0244	3.540801527936923e-6
0.0245	3.558187783513961e-6
0.0246	3.5749676168312484e-6
0.0247	3.591165492635423e-6
0.0248	3.6068029815438655e-6
0.024900000000000002	3.6219035935204855e-6
0.025	3.636486508364249e-6
0.0251	3.650572018911107e-6
0.0252	3.6641803088663704e-6
0.0253	3.6773277703813042e-6
0.0254	3.6900322953554216e-6
0.025500000000000002	3.7023095823484824e-6
0.0256	3.71417517672486e-6
0.0257	3.7256446535671487e-6
0.0258	3.7367319056203425e-6
0.0259	3.7474501595600915e-6
0.026000000000000002	3.75781286105377e-6
0.0261	3.767832661919076e-6
0.0262	3.7775206324747596e-6
0.0263	3.7868883127535794e-6
0.0264	3.795947582434618e-6
0.0265	3.8047071491434706e-6
0.026600000000000002	3.8131785099259057e-6
0.0267	3.821370094221904e-6
0.0268	3.829291826473619e-6
0.0269	3.836952391483934e-6
0.027	3.844359431244458e-6
0.0271	3.851521863556198e-6
0.027200000000000002	3.858447209819461e-6
0.0273	3.865142681413229e-6
0.0274	3.871616529485365e-6
0.0275	3.877873875269932e-6
0.0276	3.883922568192581e-6
0.027700000000000002	3.889769680912637e-6
0.027800000000000002	3.895418664812899e-6
0.0279	3.900877827959393e-6
0.028	3.906152468811394e-6
0.0281	3.911247432887968e-6
0.0282	3.9161685836046815e-6
0.028300000000000002	3.9209204349791415e-6
0.0284	3.925507418562184e-6
0.0285	3.92993700404912e-6
0.0286	3.934211214346557e-6
0.0287	3.938335066212884e-6
0.0288	3.942312207795722e-6
0.028900000000000002	3.946147428786905e-6
0.029	3.949844342384823e-6
0.0291	3.953408665535708e-6
0.0292	3.956841711198961e-6
0.0293	3.960147860378723e-6
0.029400000000000003	3.9633302186186084e-6
0.029500000000000002	3.9663926683503006e-6
0.0296	3.96933838310268e-6
0.0297	3.972170474911147e-6
0.0298	3.974892158761519e-6
0.0299	3.977506053271736e-6
0.030000000000000002	3.980015309828885e-6