0.	0.
0.0005	12797.189861591723
0.001	25594.37972318088
0.0015	38391.5695847726
0.002	51188.759446364325
0.0025	63985.94930796119
0.003	76783.13916955036
0.0035	89580.32903114206
0.004	102377.51889273121
0.0045000000000000005	115174.70875432294
0.005	127971.89861591467
0.0055	140769.0884775064
0.006	153566.27833909556
0.006500000000000001	166363.4682006873
0.007	179160.6580622841
0.0075	191957.84792387328
0.008	204755.037785465
0.0085	217552.22764705674
0.009000000000000001	230349.41750864845
0.0095	243146.60737023762
0.01	255943.79723182935
0.0105	268740.98709342105
0.011	281538.1769550102
0.0115	294335.36681660195
0.012	307132.5566781988
0.0125	319929.74653979053
0.013000000000000001	332726.9364013797
0.0135	345524.1262629714
0.014	358321.3161245631
0.0145	371118.5059861523
0.015	383915.695847744
0.0155	396712.88570933574
0.016	409510.07557092485
0.0165	422307.26543252176
0.017	435104.4552941135
0.0175	447901.6451557052
0.018000000000000002	460698.83501729433
0.0185	473496.02487888606
0.019	486293.2147404778
0.0195	499090.40460206696
0.02	511887.59446365613
0.0205	524684.7843252504
0.021	537481.9741868397
0.021500000000000002	550279.1640484364
0.022	563076.353910023
0.0225	575873.5437716199
0.023	588670.733633209
0.0235	601467.9234948008
0.024	614265.1133563925
0.0245	627062.3032179816
0.025	639859.4930795733
0.025500000000000002	652656.6829411677
0.026000000000000002	665453.8728027594
0.0265	678251.0626643511
0.027	691048.2525259427
0.0275	703845.4423875371
0.028	716642.6322491211
0.0285	729439.8221107179
0.029	742237.0119723071
0.029500000000000002	755034.2018338963
0.03	767831.391695488
0.0305	780628.5815570848
0.031	793425.7714186766
0.0315	806222.9612802657
0.032	819020.1511418575
0.0325	831817.3410034517
0.033	844614.5308650384
0.0335	857411.7207266301
0.034	870208.9105882192
0.0345	883006.100449811
0.035	895803.2903114079
0.035500000000000004	908600.4801729996
0.036000000000000004	921397.6700345861
0.0365	934194.8598961803
0.037	946992.0497577721
0.0375	959789.2396193612
0.038	972586.429480953
0.0385	985383.6193425447
0.039	998180.8092041366
0.0395	1.0109779990657282e6
0.04	1.0237751889273225e6
0.0405	1.0365723787889143e6
0.041	1.0493695686505032e6
0.0415	1.062166758512095e6
0.042	1.0749639483736868e6
0.0425	1.0877611382352759e6
0.043000000000000003	1.1005583280968678e6
0.043500000000000004	1.1133555179584594e6
0.044	1.1261527078200486e6
0.0445	1.1389498976816454e6
0.045	1.151747087543237e6
0.0455	1.164544277404829e6
0.046	1.177341467266418e6
0.0465	1.1901386571280097e6
0.047	1.2029358469896016e6
0.0475	1.2157330368511907e6
0.048	1.2285302267127773e6
0.0485	1.241327416574374e6
0.049	1.2541246064359632e6
0.0495	1.2669217962975574e6
0.05	1.2797189861591493e6
0.0505	1.2925161760207408e6
0.051000000000000004	1.30531336588233e6
0.051500000000000004	1.3181105557439218e6
0.052000000000000005	1.3309077456055135e6
0.0525	1.3437049354671054e6
0.053	1.356502125328697e6
0.0535	1.3692993151902887e6
0.054	1.3820965050518855e6
0.0545	1.3948936949134723e6
0.055	1.407690884775064e6
0.0555	1.4204880746366556e6
0.056	1.4332852644982473e6
0.0565	1.4460824543598392e6
0.057	1.4588796442214309e6
0.0575	1.4716768340830172e6
0.058	1.4844740239446117e6
0.0585	1.4972712138062061e6
0.059000000000000004	1.5100684036677978e6
0.059500000000000004	1.5228655935293895e6
0.06	1.5356627833909837e6
0.0605	1.548459973252573e6
0.061	1.5612571631141596e6
0.0615	1.574054352975751e6
0.062	1.586851542837343e6
0.0625	1.5996487326989346e6
0.063	1.6124459225605289e6
0.0635	1.6252431124221208e6
0.064	1.6380403022837099e6
0.0645	1.6508374921453015e6
0.065	1.6636346820068958e6
0.0655	1.676431871868485e6
0.066	1.6892290617300768e6
0.0665	1.7020262515916685e6
0.067	1.7148234414532627e6
0.0675	1.7276206313148467e6
0.068	1.7404178211764437e6
0.0685	1.7532150110380354e6
0.069	1.7660122008996245e6
0.0695	1.7788093907612187e6
0.07	1.7916065806228106e6
0.07050000000000001	1.8044037704844023e6
0.07100000000000001	1.8172009603459886e6
0.07150000000000001	1.8299981502075805e6
0.07200000000000001	1.8427953400691748e6
0.0725	1.8555925299307664e6
0.073	1.8683897197923583e6
0.0735	1.88118690965395e6
0.074	1.8939840995155417e6
0.0745	1.9067812893771334e6
0.075	1.9195784792387225e6
0.0755	1.9323756691003144e6
0.076	1.9451728589619033e6
0.0765	1.957970048823498e6
0.077	1.9707672386850922e6
0.0775	1.9835644285466813e6
0.078	1.9963616184082732e6
0.0785	2.0091588082698674e6
0.079	2.0219559981314563e6
0.0795	2.034753187993048e6
0.08	2.0475503778546422e6
0.0805	2.0603475677162316e6
0.081	2.0731447575778207e6
0.0815	2.0859419474394124e6
0.082	2.0987391373010064e6
0.0825	2.111536327162596e6
0.083	2.12433351702419e6
0.0835	2.1371307068857816e6
0.084	2.149927896747371e6
0.0845	2.1627250866089603e6
0.085	2.1755222764705517e6
0.0855	2.1883194663321436e6
0.08600000000000001	2.2011166561937383e6
0.08650000000000001	2.21391384605533e6
0.08700000000000001	2.226711035916921e6
0.08750000000000001	2.239508225778511e6
0.088	2.2523054156401022e6
0.0885	2.2651026055016913e6
0.089	2.2778997953632856e6
0.0895	2.290696985224877e6
0.09	2.3034941750864694e6
0.0905	2.316291364948061e6
0.091	2.3290885548096476e6
0.0915	2.341885744671244e6
0.092	2.354682934532836e6
0.0925	2.367480124394428e6
0.093	2.380277314256022e6
0.0935	2.393074504117609e6
0.094	2.4058716939791976e6
0.0945	2.4186688838407868e6
0.095	2.431466073702384e6
0.0955	2.444263263563978e6
0.096	2.457060453425567e6
0.0965	2.4698576432871576e6
0.097	2.482654833148752e6
0.0975	2.4954520230103415e6
0.098	2.5082492128719357e6
0.0985	2.521046402733522e6
0.099	2.533843592595114e6
0.0995	2.5466407824567067e6
0.1	2.5594379723183e6
0.1005	2.572235162179893e6
0.101	2.585032352041483e6
0.1015	2.5978295419030753e6
0.10200000000000001	2.6106267317646653e6
0.10250000000000001	2.6234239216262572e6
0.10300000000000001	2.6362211114878487e6
0.10350000000000001	2.649018301349439e6
0.10400000000000001	2.6618154912110283e6
0.1045	2.674612681072621e6
0.105	2.6874098709342107e6
0.1055	2.7002070607958063e6
0.106	2.713004250657398e6
0.1065	2.7258014405189897e6
0.107	2.73859863038058e6
0.1075	2.7513958202421707e6
0.108	2.764193010103762e6
0.1085	2.7769901999653517e6
0.109	2.789787389826946e6
0.1095	2.8025845796885374e6
0.11	2.8153817695501302e6
0.1105	2.828178959411726e6
0.111	2.8409761492733127e6
0.1115	2.853773339134903e6
0.112	2.866570528996496e6
0.1125	2.8793677188580865e6
0.113	2.8921649087196807e6
0.1135	2.9049620985812712e6
0.114	2.917759288442859e6
0.1145	2.9305564783044485e6
0.115	2.9433536681660414e6
0.1155	2.956150858027637e6
0.116	2.9689480478892284e6
0.1165	2.981745237750818e6
0.117	2.994542427612413e6
0.11750000000000001	3.0073396174739986e6
0.11800000000000001	3.020136807335593e6
0.11850000000000001	3.0329339971971833e6
0.11900000000000001	3.0457311870587775e6
0.11950000000000001	3.0585283769203695e6
0.12	3.0713255667819637e6
0.1205	3.084122756643553e6
0.121	3.096919946505142e6
0.1215	3.1097171363667347e6
0.122	3.122514326228324e6
0.1225	3.1353115160899195e6
0.123	3.1481087059515077e6
0.1235	3.160905895813099e6
0.124	3.1737030856746887e6
0.1245	3.1865002755362852e6
0.125	3.199297465397873e6
0.1255	3.2120946552594663e6
0.126	3.2248918451210577e6
0.1265	3.2376890349826473e6
0.127	3.25048622484424e6
0.1275	3.263283414705828e6
0.128	3.276080604567422e6
0.1285	3.2888777944290168e6
0.129	3.301674984290608e6
0.1295	3.3144721741522e6
0.13	3.32726936401379e6
0.1305	3.340066553875386e6
0.131	3.352863743736971e6
0.1315	3.3656609335985603e6
0.132	3.3784581234601536e6
0.1325	3.391255313321749e6
0.133	3.4040525031833383e6
0.1335	3.416849693044931e6
0.134	3.4296468829065217e6
0.1345	3.442444072768112e6
0.135	3.4552412626297036e6
0.1355	3.468038452491298e6
0.136	3.4808356423528874e6
0.1365	3.493632832214479e6
0.137	3.506430022076072e6
0.1375	3.519227211937662e6
0.138	3.532024401799253e6
0.1385	3.544821591660846e6
0.139	3.557618781522436e6
0.1395	3.5704159713840294e6
0.14	3.58321316124562e6
0.1405	3.5960103511072113e6
0.14100000000000001	3.608807540968799e6
0.14150000000000001	3.6216047308303923e6
0.14200000000000002	3.6344019206919842e6
0.14250000000000002	3.6471991105535785e6
0.14300000000000002	3.65999630041517e6
0.14350000000000002	3.672793490276762e6
0.14400000000000002	3.685590680138351e6
0.1445	3.69838786999994e6
0.145	3.711185059861533e6
0.1455	3.723982249723121e6
0.146	3.7367794395847195e6
0.1465	3.749576629446308e6
0.147	3.762373819307901e6
0.1475	3.775171009169492e6
0.148	3.7879681990310834e6
0.1485	3.8007653888926767e6
0.149	3.8135625787542667e6
0.1495	3.826359768615861e6
0.15	3.8391569584774477e6
0.1505	3.8519541483390382e6
0.151	3.864751338200631e6
0.1515	3.8775485280622216e6
0.152	3.8903457179238135e6
0.1525	3.9031429077854077e6
0.153	3.915940097647002e6
0.1535	3.928737287508591e6
0.154	3.9415344773701816e6
0.1545	3.9543316672317693e6
0.155	3.9671288570933635e6
0.1555	3.979926046954953e6
0.156	3.9927232368165473e6
0.1565	4.005520426678139e6
0.157	4.018317616539732e6
0.1575	4.031114806401322e6
0.158	4.0439119962629136e6
0.1585	4.0567091861245045e6
0.159	4.069506375986098e6
0.1595	4.08230356584769e6
0.16	4.0951007557092793e6
0.1605	4.1078979455708675e6
0.161	4.120695135432461e6
0.1615	4.133492325294053e6
0.162	4.1462895151556456e6
0.1625	4.1590867050172407e6
0.163	4.17188389487883e6
0.1635	4.1846810847404203e6
0.164	4.19747827460201e6
0.1645	4.2102754644636e6
0.165	4.223072654325193e6
0.1655	4.235869844186788e6
0.166	4.248667034048377e6
0.1665	4.261464223909969e6
0.167	4.274261413771562e6
0.1675	4.287058603633151e6
0.168	4.299855793494745e6
0.1685	4.312652983356334e6
0.169	4.325450173217926e6
0.1695	4.338247363079518e6
0.17	4.351044552941111e6
0.1705	4.363841742802698e6
0.171	4.376638932664292e6
0.1715	4.389436122525886e6
0.17200000000000001	4.402233312387477e6
0.17250000000000001	4.415030502249065e6
0.17300000000000001	4.427827692110657e6
0.17350000000000002	4.4406248819722505e6
0.17400000000000002	4.45342207183384e6
0.17450000000000002	4.466219261695433e6
0.17500000000000002	4.479016451557025e6
0.17550000000000002	4.491813641418614e6
0.176	4.504610831280208e6
0.1765	4.5174080211418e6
0.177	4.530205211003391e6
0.1775	4.543002400864982e6
0.178	4.555799590726567e6
0.1785	4.568596780588163e6
0.179	4.581393970449754e6
0.1795	4.594191160311348e6
0.18	4.606988350172939e6
0.1805	4.619785540034528e6
0.181	4.632582729896122e6
0.1815	4.645379919757713e6
0.182	4.6581771096193055e6
0.1825	4.670974299480896e6
0.183	4.683771489342487e6
0.1835	4.696568679204082e6
0.184	4.709365869065669e6
0.1845	4.722163058927264e6
0.185	4.734960248788854e6
0.1855	4.747757438650447e6
0.186	4.760554628512039e6
0.1865	4.77335181837363e6
0.187	4.786149008235221e6
0.1875	4.798946198096807e6
0.188	4.811743387958401e6
0.1885	4.824540577819994e6
0.189	4.837337767681586e6
0.1895	4.850134957543176e6
0.19	4.86293214740477e6
0.1905	4.87572933726636e6
0.191	4.888526527127952e6
0.1915	4.9013237169895405e6
0.192	4.914120906851134e6
0.1925	4.926918096712726e6
0.193	4.939715286574314e6
0.1935	4.95251247643591e6
0.194	4.965309666297503e6
0.1945	4.978106856159091e6
0.195	4.990904046020686e6
0.1955	5.003701235882277e6
0.196	5.0164984257438695e6
0.1965	5.029295615605459e6
0.197	5.042092805467051e6
0.1975	5.054889995328638e6
0.198	5.067687185190232e6
0.1985	5.080484375051823e6
0.199	5.093281564913417e6
0.1995	5.106078754775011e6
0.2	5.118875944636601e6
0.2005	5.13167313449819e6
0.201	5.144470324359782e6
0.2015	5.157267514221372e6
0.202	5.170064704082963e6
0.2025	5.182861893944557e6
0.203	5.195659083806149e6
0.20350000000000001	5.208456273667742e6
0.20400000000000001	5.221253463529332e6
0.20450000000000002	5.2340506533909235e6
0.20500000000000002	5.2468478432525145e6
0.20550000000000002	5.2596450331141045e6
0.20600000000000002	5.272442222975697e6
0.20650000000000002	5.285239412837288e6
0.20700000000000002	5.298036602698875e6
0.20750000000000002	5.31083379256047e6
0.20800000000000002	5.323630982422066e6
0.2085	5.336428172283655e6
0.209	5.349225362145247e6
0.2095	5.36202255200684e6
0.21	5.37481974186843e6
0.2105	5.387616931730019e6
0.211	5.400414121591611e6
0.2115	5.413211311453202e6
0.212	5.426008501314795e6
0.2125	5.43880569117639e6
0.213	5.451602881037979e6
0.2135	5.46440007089957e6
0.214	5.477197260761162e6
0.2145	5.489994450622755e6
0.215	5.502791640484344e6
0.2155	5.515588830345936e6
0.216	5.528386020207526e6
0.2165	5.541183210069121e6
0.217	5.553980399930707e6
0.2175	5.566777589792299e6
0.218	5.579574779653893e6
0.2185	5.592371969515484e6
0.219	5.605169159377078e6
0.2195	5.61796634923867e6
0.22	5.630763539100261e6
0.2205	5.643560728961847e6
0.221	5.6563579188234415e6
0.2215	5.669155108685033e6
0.222	5.681952298546626e6
0.2225	5.694749488408218e6
0.223	5.70754667826981e6
0.2235	5.720343868131398e6
0.224	5.733141057992991e6
0.2245	5.745938247854583e6
0.225	5.75873543771617e6
0.2255	5.771532627577765e6
0.226	5.784329817439358e6
0.2265	5.797127007300949e6
0.227	5.8099241971625425e6
0.2275	5.822721387024135e6
0.228	5.835518576885723e6
0.2285	5.8483157667473145e6
0.229	5.861112956608906e6
0.2295	5.8739101464705e6
0.23	5.88670733633209e6
0.2305	5.899504526193679e6
0.231	5.912301716055274e6
0.2315	5.925098905916864e6
0.232	5.937896095778454e6
0.2325	5.950693285640049e6
0.233	5.963490475501639e6
0.2335	5.976287665363231e6
0.234	5.98908485522482e6
0.23450000000000001	6.001882045086412e6
0.23500000000000001	6.014679234948003e6
0.23550000000000001	6.027476424809596e6
0.23600000000000002	6.0402736146711875e6
0.23650000000000002	6.053070804532778e6
0.23700000000000002	6.065867994394373e6
0.23750000000000002	6.078665184255962e6
0.23800000000000002	6.091462374117553e6
0.23850000000000002	6.104259563979145e6
0.23900000000000002	6.117056753840733e6
0.23950000000000002	6.129853943702328e6
0.24	6.142651133563919e6
0.2405	6.155448323425511e6
0.241	6.168245513287103e6
0.2415	6.181042703148695e6
0.242	6.193839893010287e6
0.2425	6.2066370828718785e6
0.243	6.21943427273347e6
0.2435	6.232231462595059e6
0.244	6.245028652456648e6
0.2445	6.257825842318241e6
0.245	6.270623032179832e6
0.2455	6.283420222041421e6
0.246	6.29621741190302e6
0.2465	6.30901460176461e6
0.247	6.321811791626205e6
0.2475	6.334608981487792e6
0.248	6.347406171349382e6
0.2485	6.360203361210975e6
0.249	6.373000551072563e6
0.2495	6.385797740934161e6
0.25	6.3985949307957515e6
0.2505	6.411392120657341e6
0.251	6.424189310518935e6
0.2515	6.4369865003805235e6
0.252	6.449783690242115e6
0.2525	6.462580880103706e6
0.253	6.4753780699653e6
0.2535	6.488175259826888e6
0.254	6.500972449688478e6
0.2545	6.513769639550072e6
0.255	6.526566829411665e6
0.2555	6.53936401927326e6
0.256	6.552161209134849e6
0.2565	6.564958398996439e6
0.257	6.577755588858028e6
0.2575	6.590552778719624e6
0.258	6.603349968581212e6
0.2585	6.616147158442802e6
0.259	6.628944348304395e6
0.2595	6.6417415381659875e6
0.26	6.654538728027582e6
0.2605	6.6673359178891685e6
0.261	6.680133107750763e6
0.2615	6.692930297612353e6
0.262	6.705727487473946e6
0.2625	6.718524677335537e6
0.263	6.731321867197127e6
0.2635	6.74411905705872e6
0.264	6.75691624692031e6
0.2645	6.769713436781905e6
0.265	6.782510626643496e6
0.2655	6.795307816505088e6
0.266	6.808105006366678e6
0.2665	6.8209021962282695e6
0.267	6.833699386089859e6
0.2675	6.8464965759514505e6
0.268	6.859293765813044e6
0.2685	6.872090955674636e6
0.269	6.88488814553623e6
0.2695	6.897685335397821e6
0.27	6.910482525259411e6
0.2705	6.923279715121002e6
0.271	6.936076904982591e6
0.2715	6.948874094844184e6
0.272	6.961671284705775e6
0.2725	6.974468474567368e6
0.273	6.987265664428958e6
0.2735	7.000062854290553e6
0.274	7.012860044152143e6
0.2745	7.025657234013734e6
0.275	7.038454423875324e6
0.2755	7.051251613736916e6
0.276	7.06404880359851e6
0.2765	7.076845993460098e6
0.277	7.089643183321695e6
0.2775	7.102440373183284e6
0.278	7.115237563044875e6
0.2785	7.128034752906464e6
0.279	7.140831942768059e6
0.2795	7.15362913262965e6
0.28	7.166426322491241e6
0.2805	7.179223512352829e6
0.281	7.192020702214421e6
0.28150000000000003	7.204817892076012e6
0.28200000000000003	7.2176150819376055e6
0.28250000000000003	7.2304122717991965e6
0.28300000000000003	7.243209461660791e6
0.28350000000000003	7.256006651522383e6
0.28400000000000003	7.268803841383973e6
0.28450000000000003	7.281601031245562e6
0.28500000000000003	7.294398221107154e6
0.28550000000000003	7.307195410968747e6
0.28600000000000003	7.319992600830337e6
0.28650000000000003	7.332789790691932e6
0.28700000000000003	7.345586980553524e6
0.28750000000000003	7.358384170415114e6
0.28800000000000003	7.371181360276705e6
0.2885	7.3839785501382975e6
0.289	7.396775739999886e6
0.2895	7.4095729298614785e6
0.29	7.42237011972307e6
0.2905	7.4351673095846595e6
0.291	7.4479644994462505e6
0.2915	7.4607616893078415e6
0.292	7.473558879169434e6
0.2925	7.486356069031025e6
0.293	7.499153258892616e6
0.2935	7.511950448754213e6
0.294	7.524747638615802e6
0.2945	7.537544828477394e6
0.295	7.550342018338984e6
0.2955	7.563139208200576e6
0.296	7.575936398062167e6
0.2965	7.588733587923761e6
0.297	7.6015307777853515e6
0.2975	7.614327967646941e6
0.298	7.627125157508533e6
0.2985	7.639922347370127e6
0.299	7.652719537231719e6
0.2995	7.665516727093306e6
0.3	7.678313916954902e6
0.3005	7.691111106816486e6
0.301	7.70390829667808e6
0.3015	7.716705486539672e6
0.302	7.729502676401264e6
0.3025	7.742299866262861e6
0.303	7.75509705612445e6
0.3035	7.767894245986042e6
0.304	7.780691435847628e6
0.3045	7.793488625709221e6
0.305	7.806285815570812e6
0.3055	7.819083005432405e6
0.306	7.831880195294e6
0.3065	7.84467738515559e6
0.307	7.85747457501718e6
0.3075	7.870271764878775e6
0.308	7.883068954740364e6
0.3085	7.895866144601955e6
0.309	7.908663334463546e6
0.3095	7.921460524325134e6
0.31	7.934257714186722e6
0.3105	7.94705490404832e6
0.311	7.959852093909911e6
0.3115	7.972649283771506e6
0.312	7.985446473633097e6
0.3125	7.998243663494688e6
0.313	8.011040853356279e6
0.3135	8.023837378404274e6
0.314	8.036632520873216e6
0.3145	8.049426280839309e6
0.315	8.062218658641945e6
0.3155	8.07500965462048e6
0.316	8.087799269114239e6
0.3165	8.10058750246252e6
0.317	8.113374355004588e6
0.3175	8.126159827079685e6
0.318	8.138943919027015e6
0.3185	8.151726631185757e6
0.319	8.164507963895053e6
0.3195	8.177287917494024e6
0.32	8.190066492321759e6
0.3205	8.2028436887173075e6
0.321	8.215619507019698e6
0.3215	8.228393947567919e6
0.322	8.241167010700943e6
0.3225	8.253938696757701e6
0.323	8.266709006077095e6
0.3235	8.279477938997996e6
0.324	8.292245495859252e6
0.3245	8.305011676999673e6
0.325	8.317776482758039e6
0.3255	8.330539913473098e6
0.326	8.343301969483569e6
0.3265	8.356062651128137e6
0.327	8.3688219587454675e6
0.3275	8.381579892674183e6
0.328	8.394336453252876e6
0.3285	8.407091640820112e6
0.329	8.419845455714434e6
0.3295	8.432597898274329e6
0.33	8.445348968838274e6
0.3305	8.45809866774471e6
0.331	8.470846995332044e6
0.3315	8.483593951938648e6
0.332	8.496339537902882e6
0.3325	8.509083753563048e6
0.333	8.521826599257432e6
0.3335	8.534568075324291e6
0.334	8.547308182101838e6
0.3345	8.560046919928268e6
0.335	8.572784289141726e6
0.3355	8.58552029008035e6
0.336	8.59825492308223e6
0.3365	8.610988188485427e6
0.337	8.623720086627968e6
0.3375	8.636450617847856e6
0.338	8.649179782483056e6
0.3385	8.661907580871506e6
0.339	8.67463401335111e6
0.3395	8.687359080259724e6
0.34	8.700082781935196e6
0.3405	8.712805118715338e6
0.341	8.725526090937918e6
0.3415	8.738245698940681e6
0.342	8.750963943061339e6
0.3425	8.76368082363757e6
0.343	8.776396341007013e6
0.3435	8.78911049550729e6
0.34400000000000003	8.801823287475977e6
0.34450000000000003	8.81453471725062e6
0.34500000000000003	8.827244785168745e6
0.34550000000000003	8.839953491567826e6
0.34600000000000003	8.852660836785322e6
0.34650000000000003	8.865366821158646e6
0.34700000000000003	8.878071445025193e6
0.34750000000000003	8.8907747087223e6
0.34800000000000003	8.903476612587303e6
0.34850000000000003	8.916177156957487e6
0.34900000000000003	8.928876342170103e6
0.34950000000000003	8.941574168562375e6
0.35000000000000003	8.954270636471495e6
0.35050000000000003	8.96696574623462e6
0.35100000000000003	8.979659498188872e6
0.35150000000000003	8.992351892671341e6
0.352	9.005042930019086e6
0.3525	9.017732610569127e6
0.353	9.030420934658473e6
0.3535	9.043107902624063e6
0.354	9.055793514802832e6
0.3545	9.068477771531668e6
0.355	9.08116067314743e6
0.3555	9.093842219986951e6
0.356	9.106522412387013e6
0.3565	9.11920125068438e6
0.357	9.131878735215781e6
0.3575	9.1445548663179e6
0.358	9.1572296443274e6
0.3585	9.16990306958091e6
0.359	9.182575142415013e6
0.3595	9.195245863166269e6
0.36	9.207915232171204e6
0.3605	9.220583249766309e6
0.361	9.233249916288039e6
0.3615	9.245915232072813e6
0.362	9.258579197457029e6
0.3625	9.271241812777037e6
0.363	9.283903078369156e6
0.3635	9.296562994569674e6
0.364	9.309221561714847e6
0.3645	9.321878780140886e6
0.365	9.334534650183987e6
0.3655	9.347189172180293e6
0.366	9.359842346465923e6
0.3665	9.372494173376963e6
0.367	9.385144653249456e6
0.3675	9.397793786419416e6
0.368	9.410441573222829e6
0.3685	9.423088013995629e6
0.369	9.435733109073738e6
0.3695	9.448376858793024e6
0.37	9.461019263489334e6
0.3705	9.47366032349847e6
0.371	9.48630003915621e6
0.3715	9.498938410798293e6
0.372	9.511575438760411e6
0.3725	9.524211123378249e6
0.373	9.536845464987427e6
0.3735	9.549478463923553e6
0.374	9.56211012052219e6
0.3745	9.57474043511886e6
0.375	9.587369408049066e6
0.3755	9.599997039648263e6
0.376	9.61262333025188e6
0.3765	9.6252482801953e6
0.377	9.637871889813883e6
0.3775	9.650494159442948e6
0.378	9.663115089417776e6
0.3785	9.675734680073617e6
0.379	9.688352931745686e6
0.3795	9.700969844769161e6
0.38	9.713585419479184e6
0.3805	9.726199656210868e6
0.381	9.738812555299278e6
0.3815	9.75142411707946e6
0.382	9.764034341886401e6
0.3825	9.776643230055084e6
0.383	9.789250781920424e6
0.3835	9.801856997817328e6
0.384	9.81446187808065e6
0.3845	9.827065423045212e6
0.385	9.839667633045806e6
0.3855	9.852268508417184e6
0.386	9.864868049494062e6
0.3865	9.877466256611109e6
0.387	9.890063130102988e6
0.3875	9.902658670304293e6
0.388	9.91525287754961e6
0.3885	9.927845752173463e6
0.389	9.94043729451036e6
0.3895	9.953027504894767e6
0.39	9.9656163836611e6
0.3905	9.97820393114377e6
0.391	9.99079014767712e6
0.3915	1.0003375033595473e7
0.392	1.0015958589233112e7
0.3925	1.0028540814924289e7
0.393	1.0041121711003209e7
0.3935	1.0053701277804045e7
0.394	1.006627951566095e7
0.3945	1.0078856424908003e7
0.395	1.0091432005879287e7
0.3955	1.0104006258908827e7
0.396	1.0116579184330609e7
0.3965	1.0129150782478591e7
0.397	1.0141721053686695e7
0.3975	1.0154289998288793e7
0.398	1.0166857616618741e7
0.3985	1.0179423909010354e7
0.399	1.0191988875797383e7
0.3995	1.0204552517313574e7
0.4	1.0217114833892627e7
0.4005	1.0229675825868197e7
0.401	1.0242235493573915e7
0.4015	1.025479383734336e7
0.402	1.026735085751009e7
0.4025	1.0279906554407604e7
0.403	1.0292460928369392e7
0.4035	1.0305013979728892e7
0.404	1.0317565708819496e7
0.4045	1.0330116115974566e7
0.405	1.034266520152744e7
0.4055	1.0355212965811403e7
0.406	1.0367759409159701e7
0.40650000000000003	1.0380304531905552e7
0.40700000000000003	1.0392848334382141e7
0.40750000000000003	1.0405390816922594e7
0.40800000000000003	1.0417931979860023e7
0.40850000000000003	1.0430471823527483e7
0.40900000000000003	1.0443010348258015e7
0.40950000000000003	1.0455547554384591e7
0.41000000000000003	1.0468083442240171e7
0.41050000000000003	1.0480618012157671e7
0.41100000000000003	1.0493151264469964e7
0.41150000000000003	1.0505683199509885e7
0.41200000000000003	1.0518213817610238e7
0.41250000000000003	1.0530743119103793e7
0.41300000000000003	1.0543271104323257e7
0.41350000000000003	1.0555797773601329e7
0.41400000000000003	1.056832312727065e7
0.41450000000000004	1.0580847165663838e7
0.41500000000000004	1.0593369889113452e7
0.41550000000000004	1.0605891297952041e7
0.41600000000000004	1.0618411392512094e7
0.4165	1.0630930173126074e7
0.417	1.0643447640126396e7
0.4175	1.0655963793845441e7
0.418	1.0668478634615552e7
0.4185	1.0680992162769035e7
0.419	1.0693504378638161e7
0.4195	1.070601528255515e7
0.42	1.071852487485219e7
0.4205	1.0731033155861437e7
0.421	1.0743540125915004e7
0.4215	1.0756045785344956e7
0.422	1.0768550134483341e7
0.4225	1.0781053173662148e7
0.423	1.0793554903213337e7
0.4235	1.0806055323468825e7
0.424	1.0818554434760496e7
0.4245	1.0831052237420183e7
0.425	1.0843548731779695e7
0.4255	1.0856043918170795e7
0.426	1.0868537796925208e7
0.4265	1.0881030368374616e7
0.427	1.0893521632850673e7
0.4275	1.090601159068498e7
0.428	1.0918500242209107e7
0.4285	1.0930987587754587e7
0.429	1.0943473627652911e7
0.4295	1.0955958362235516e7
0.43	1.0968441791833833e7
0.4305	1.0980923916779224e7
0.431	1.0993404737403024e7
0.4315	1.100588425403653e7
0.432	1.1018362467010995e7
0.4325	1.103083937665763e7
0.433	1.1043314983307615e7
0.4335	1.1055789287292086e7
0.434	1.106826228894214e7
0.4345	1.1080733988588832e7
0.435	1.1093204386563178e7
0.4355	1.1105673483196162e7
0.436	1.1118141278818712e7
0.4365	1.1130607773761744e7
0.437	1.11430729683561e7
0.4375	1.1155536862932604e7
0.438	1.1167999457822038e7
0.4385	1.1180460753355134e7
0.439	1.11929207498626e7
0.4395	1.1205379447675085e7
0.44	1.121783684712322e7
0.4405	1.1230292948537579e7
0.441	1.1242747752248699e7
0.4415	1.125520125858708e7
0.442	1.1267653467883179e7
0.4425	1.1280104380467428e7
0.443	1.1292553996670192e7
0.4435	1.1305002316821808e7
0.444	1.1317449341252577e7
0.4445	1.132989507029276e7
0.445	1.1342339504272575e7
0.4455	1.1354782643522196e7
0.446	1.136722448837176e7
0.4465	1.1379665039151363e7
0.447	1.1392104296191063e7
0.4475	1.1404542259820871e7
0.448	1.1416978930370761e7
0.4485	1.1429414308170673e7
0.449	1.1441848393550491e7
0.4495	1.145428118684007e7
0.45	1.1466712688369231e7
0.4505	1.1479142898467738e7
0.451	1.1491571817465317e7
0.4515	1.1503999445691667e7
0.452	1.151642578347643e7
0.4525	1.1528850831149207e7
0.453	1.1541274589039577e7
0.4535	1.1553697057477059e7
0.454	1.1566118236791138e7
0.4545	1.1578538127311258e7
0.455	1.1590956729366824e7
0.4555	1.1603374043287199e7
0.456	1.161579006940169e7
0.4565	1.1628204808039589e7
0.457	1.1640618259530133e7
0.4575	1.1653030424202507e7
0.458	1.1665441302385874e7
0.4585	1.1677850894409347e7
0.459	1.1690259200602004e7
0.4595	1.1702666221292865e7
0.46	1.1715071956810927e7
0.4605	1.1727476407485135e7
0.461	1.1739879573644388e7
0.4615	1.1752281455617568e7
0.462	1.1764682053733483e7
0.4625	1.177708136832092e7
0.463	1.1789479399708617e7
0.4635	1.1801876148225276e7
0.464	1.181427161419955e7
0.4645	1.1826665797960052e7
0.465	1.183905869983536e7
0.4655	1.1851450320154002e7
0.466	1.186384065924446e7
0.4665	1.187622971743519e7
0.467	1.1888617495054597e7
0.4675	1.1901003992431033e7
0.468	1.1913389209892837e7
0.4685	1.1925773147768276e7
0.46900000000000003	1.1938155806385586e7
0.46950000000000003	1.195053718607296e7
0.47000000000000003	1.1962917287158562e7
0.47050000000000003	1.1975296109970491e7
0.47100000000000003	1.1987673654836817e7
0.47150000000000003	1.2000049922085568e7
0.47200000000000003	1.2012424912044724e7
0.47250000000000003	1.202479862504223e7
0.47300000000000003	1.2037171061405977e7
0.47350000000000003	1.2049542221463837e7
0.47400000000000003	1.206191210554361e7
0.47450000000000003	1.2074280713973064e7
0.47500000000000003	1.208664804707994e7
0.47550000000000003	1.209901410519191e7
0.47600000000000003	1.211137888863663e7
0.47650000000000003	1.2123742397741692e7
0.47700000000000004	1.2136104632834656e7
0.47750000000000004	1.2148465594243046e7
0.47800000000000004	1.2160825282294318e7
0.47850000000000004	1.2173183697315915e7
0.47900000000000004	1.2185540839635216e7
0.47950000000000004	1.219789670957957e7
0.48	1.2210251307476271e7
0.4805	1.2222604633652586e7
0.481	1.2234956688435726e7
0.4815	1.224730747215286e7
0.482	1.2259656985131128e7
0.4825	1.22720052276976e7
0.483	1.2284352200179333e7
0.4835	1.2296697902903317e7
0.484	1.2309042336196514e7
0.4845	1.2321385500385834e7
0.485	1.233372739579815e7
0.4855	1.2346068022760285e7
0.486	1.2358407381599026e7
0.4865	1.2370745472641114e7
0.487	1.2383082296213238e7
0.4875	1.2395417852642061e7
0.488	1.2407752142254183e7
0.4885	1.2420085165376183e7
0.489	1.2432416922334572e7
0.4895	1.2444747413455829e7
0.49	1.2457076639066404e7
0.4905	1.246940459949267e7
0.491	1.2481731295060983e7
0.4915	1.2494056726097649e7
0.492	1.2506380892928937e7
0.4925	1.251870379588105e7
0.493	1.2531025435280165e7
0.4935	1.2543345811452411e7
0.494	1.2555664924723877e7
0.4945	1.2567982775420602e7
0.495	1.2580299363868589e7
0.4955	1.2592614690393776e7
0.496	1.2604928755322088e7
0.4965	1.2617241558979386e7
0.497	1.2629553101691494e7
0.4975	1.2641863383784182e7
0.498	1.2654172405583184e7
0.4985	1.26664801674142e7
0.499	1.2678786669602862e7
0.4995	1.2691091912474778e7
0.5	1.2703395896355493e7
0.5005000000000001	1.2715698621570533e7
0.501	1.2728000088445358e7
0.5015000000000001	1.2740300297305392e7
0.502	1.275259924847601e7
0.5025000000000001	1.2764896942282556e7
0.503	1.2777193379050313e7
0.5035000000000001	1.2789488559104526e7
0.504	1.2801782482770395e7
0.5045000000000001	1.281407515037307e7
0.505	1.2826366562237674e7
0.5055000000000001	1.2838656718689272e7
0.506	1.2850945620052878e7
0.5065000000000001	1.2863233266653476e7
0.507	1.2875519658815995e7
0.5075000000000001	1.2887804796865322e7
0.508	1.2900088681126295e7
0.5085000000000001	1.2912371311923722e7
0.509	1.2924652689582355e7
0.5095000000000001	1.2936932814426893e7
0.51	1.2949211686782002e7
0.5105000000000001	1.2961489306972308e7
0.511	1.297376567532238e7
0.5115000000000001	1.2986040792156745e7
0.512	1.2998314657799872e7
0.5125	1.3010587272576211e7
0.513	1.3022858636810163e7
0.5135	1.303512875082606e7
0.514	1.3047397614948217e7
0.5145	1.3059665229500877e7
0.515	1.3071931594808262e7
0.5155	1.3084196711194526e7
0.516	1.3096460578983804e7
0.5165	1.3108723198500162e7
0.517	1.3120984570067637e7
0.5175	1.3133244694010206e7
0.518	1.3145503570651803e7
0.5185	1.315776120031633e7
0.519	1.3170017583327636e7
0.5195	1.3182272720009519e7
0.52	1.3194526610685734e7
0.5205	1.3206779255679993e7
0.521	1.3219030655315956e7
0.5215	1.323128080991725e7
0.522	1.3243529719807446e7
0.5225	1.3255777385310069e7
0.523	1.3268023806748603e7
0.5235	1.3280268984446483e7
0.524	1.3292512918727096e7
0.5245	1.3304755609913794e7
0.525	1.3316997058329867e7
0.5255	1.3329237264298568e7
0.526	1.3341476228143105e7
0.5265	1.3353713950186638e7
0.527	1.3365950430752276e7
0.5275	1.337818567016309e7
0.528	1.3390419668742105e7
0.5285	1.340265242681229e7
0.529	1.3414883944696577e7
0.5295	1.3427114222717838e7
0.53	1.3439343261198936e7
0.5305	1.3451571060462635e7
0.531	1.3463797620831687e7
0.5315	1.3476022942628788e7
0.532	1.3488247026176594e7
0.5325	1.3500469871797703e7
0.533	1.3512691479814675e7
0.5335	1.3524911850550024e7
0.534	1.3537130984326212e7
0.5345	1.3549348881465653e7
0.535	1.3561565542290721e7
0.5355	1.3573780967123743e7
0.536	1.3585995156286998e7
0.5365	1.3598208110102706e7
0.537	1.3610419828893077e7
0.5375	1.3622630312980223e7
0.538	1.3634839562686244e7
0.5385	1.3647047578333179e7
0.539	1.3659254360243035e7
0.5395	1.367145990873776e7
0.54	1.3683664224139249e7
0.5405	1.3695867306769365e7
0.541	1.370806915694992e7
0.5415	1.3720269775002668e7
0.542	1.3732469161249323e7
0.5425	1.3744667316011565e7
0.543	1.3756864239611005e7
0.5435	1.376905993236922e7
0.544	1.378125439460773e7
0.5445	1.379344762664802e7
0.545	1.3805639628811527e7
0.5455	1.3817830401419628e7
0.546	1.383001994479366e7
0.5465	1.3842208259254921e7
0.547	1.3854395345124641e7
0.5475	1.3866581202724019e7
0.548	1.387876583237421e7
0.5485	1.3890949234396309e7
0.549	1.3903131409111366e7
0.5495	1.3915312356840387e7
0.55	1.3927492077904332e7
0.5505	1.3939670572624104e7
0.551	1.395184784132057e7
0.5515	1.3964023884314552e7
0.552	1.3976198701926805e7
0.5525	1.398837229447805e7
0.553	1.4000544662288964e7
0.5535	1.4012715805680163e7
0.554	1.4024885724972224e7
0.5545	1.4037054420485673e7
0.555	1.4049221892540999e7
0.5555	1.4061388141458625e7
0.556	1.4073553167558936e7
0.5565	1.4085716971162263e7
0.557	1.4097879552588908e7
0.5575	1.4110040912159096e7
0.558	1.4122201050193025e7
0.5585	1.4134359967010835e7
0.559	1.4146517662932629e7
0.5595	1.4158674138278438e7
0.56	1.4170829393368281e7
0.5605	1.4182983428522093e7
0.561	1.4195136244059786e7
0.5615	1.4207287840301206e7
0.562	1.4219438217566164e7
0.5625	1.4231587376174413e7
0.5630000000000001	1.4243735316445667e7
0.5635	1.4255882038699578e7
0.5640000000000001	1.426802754325577e7
0.5645	1.42801718304338e7
0.5650000000000001	1.429231490055318e7
0.5655	1.4304456753933378e7
0.5660000000000001	1.4316597390893813e7
0.5665	1.4328736811753852e7
0.5670000000000001	1.4340875016832821e7
0.5675	1.435301200644998e7
0.5680000000000001	1.4365147780924562e7
0.5685	1.4377282340575742e7
0.5690000000000001	1.4389415685722642e7
0.5695	1.4401547816684335e7
0.5700000000000001	1.4413678733779863e7
0.5705	1.4425808437328173e7
0.5710000000000001	1.4437936927648239e7
0.5715	1.4450064205058908e7
0.5720000000000001	1.4462190269879023e7
0.5725	1.4474315122427369e7
0.5730000000000001	1.4486438763022687e7
0.5735	1.4498561191983648e7
0.5740000000000001	1.4510682409628894e7
0.5745	1.452280241627701e7
0.5750000000000001	1.4534921212246543e7
0.5755	1.4547038797855968e7
0.5760000000000001	1.4559155173423734e7
0.5765	1.4571270339268224e7
0.577	1.4583384295707786e7
0.5775	1.4595497043060709e7
0.578	1.4607608581645234e7
0.5785	1.461971891177956e7
0.579	1.4631828033781815e7
0.5795	1.464393594797011e7
0.58	1.4656042654662484e7
0.5805	1.4668148154176928e7
0.581	1.4680252446831388e7
0.5815	1.4692355532943768e7
0.582	1.470445741283191e7
0.5825	1.4716558086813606e7
0.583	1.4728657555206615e7
0.5835	1.4740755818328628e7
0.584	1.4752852876497291e7
0.5845	1.4764948730030205e7
0.585	1.4777043379244912e7
0.5855	1.4789136824458923e7
0.586	1.4801229065989675e7
0.5865	1.4813320104154589e7
0.587	1.4825409939270983e7
0.5875	1.4837498571656179e7
0.588	1.4849586001627415e7
0.5885	1.4861672229501903e7
0.589	1.487375725559678e7
0.5895	1.488584108022915e7
0.59	1.4897923703716062e7
0.5905	1.491000512637452e7
0.591	1.4922085348521475e7
0.5915	1.4934164370473813e7
0.592	1.4946242192548398e7
0.5925	1.4958318815062022e7
0.593	1.4970394238331433e7
0.5935	1.4982468462673336e7
0.594	1.4994541488404369e7
0.5945	1.5006613315841142e7
0.595	1.5018683945300186e7
0.5955	1.5030753377098015e7
0.596	1.504282161155107e7
0.5965	1.5054888648975752e7
0.597	1.5066954489688396e7
0.5975	1.5079019134005303e7
0.598	1.5091082582242725e7
0.5985	1.5103144834716845e7
0.599	1.5115205891743815e7
0.5995	1.512726575363973e7
0.6	1.5139324420720624e7
0.6005	1.5151381893302495e7
0.601	1.5163438171701284e7
0.6015	1.5175493256232886e7
0.602	1.5187547147213133e7
0.6025	1.5199599844957817e7
0.603	1.5211651349782677e7
0.6035	1.5223701662003402e7
0.604	1.5235750781935627e7
0.6045	1.5247798709894946e7
0.605	1.5259845446196882e7
0.6055	1.5271890991156926e7
0.606	1.5283935345090507e7
0.6065	1.5295978508313013e7
0.607	1.5308020481139772e7
0.6075	1.5320061263886064e7
0.608	1.5332100856867122e7
0.6085	1.5344139260398118e7
0.609	1.5356176474794177e7
0.6095	1.5368212500370387e7
0.61	1.538024733744176e7
0.6105	1.5392280986323277e7
0.611	1.540431344732985e7
0.6115	1.5416344720776368e7
0.612	1.5428374806977637e7
0.6125	1.5440403706248429e7
0.613	1.5452431418903451e7
0.6135	1.5464457945257388e7
0.614	1.5476483285624838e7
0.6145	1.5488507440320373e7
0.615	1.5500530409658497e7
0.6155	1.5512552193953678e7
0.616	1.5524572793520316e7
0.6165	1.5536592208672764e7
0.617	1.5548610439725343e7
0.6175	1.55606274869923e7
0.618	1.557264335078782e7
0.6185	1.5584658031426081e7
0.619	1.5596671529221164e7
0.6195	1.5608683844487121e7
0.62	1.5620694977537941e7
0.6205	1.5632704928687574e7
0.621	1.5644713698249914e7
0.6215	1.5656721286538793e7
0.622	1.5668727693868e7
0.6225	1.5680732920551278e7
0.623	1.5692736966902303e7
0.6235	1.5704739833234709e7
0.624	1.5716741519862076e7
0.6245	1.5728742027097939e7
0.625	1.5740741355255762e7
0.6255000000000001	1.575273950464898e7
0.626	1.576473647559096e7
0.6265000000000001	1.5776732268395014e7
0.627	1.5788726883374425e7
0.6275000000000001	1.5800720320842406e7
0.628	1.5812712581112105e7
0.6285000000000001	1.5824703664496655e7
0.629	1.5836693571309097e7
0.6295000000000001	1.5848682301862452e7
0.63	1.5860669856469665e7
0.6305000000000001	1.5872656235443637e7
0.631	1.5884641439097226e7
0.6315000000000001	1.5896625467743227e7
0.632	1.5908608321694378e7
0.6325000000000001	1.5920590001263382e7
0.633	1.5932570506762866e7
0.6335000000000001	1.5944549838505432e7
0.634	1.5956527996803604e7
0.6345000000000001	1.5968504981969876e7
0.635	1.5980480794316666e7
0.6355000000000001	1.5992455434156366e7
0.636	1.6004428901801284e7
0.6365000000000001	1.6016401197563706e7
0.637	1.602837232175584e7
0.6375000000000001	1.6040342274689864e7
0.638	1.6052311056677885e7
0.6385000000000001	1.6064278668031972e7
0.639	1.6076245109064117e7
0.6395000000000001	1.6088210380086299e7
0.64	1.6100174481410407e7
0.6405	1.6112137413348285e7
0.641	1.6124099176211752e7
0.6415	1.6136059770312535e7
0.642	1.6148019195962325e7
0.6425	1.6159977453472773e7
0.643	1.6171934543155458e7
0.6435	1.6183890465321908e7
0.644	1.6195845220283605e7
0.6445	1.6207798808351982e7
0.645	1.6219751229838412e7
0.6455	1.6231702485054202e7
0.646	1.6243652574310629e7
0.6465	1.625560149791891e7
0.647	1.6267549256190207e7
0.6475	1.6279495849435622e7
0.648	1.6291441277966203e7
0.6485	1.6303385542092957e7
0.649	1.6315328642126838e7
0.6495	1.6327270578378739e7
0.65	1.6339211351159496e7
0.6505	1.6351150960779894e7
0.651	1.6363089407550681e7
0.6515	1.6375026691782529e7
0.652	1.6386962813786058e7
0.6525	1.6398897773871858e7
0.653	1.6410831572350437e7
0.6535	1.6422764209532266e7
0.654	1.6434695685727758e7
0.6545	1.6446626001247283e7
0.655	1.6458555156401133e7
0.6555	1.647048315149956e7
0.656	1.6482409986852778e7
0.6565	1.649433566277092e7
0.657	1.650626017956408e7
0.6575	1.65181835375423e7
0.658	1.6530105737015562e7
0.6585	1.6542026778293798e7
0.659	1.6553946661686873e7
0.6595	1.6565865387504622e7
0.66	1.657778295605682e7
0.6605	1.6589699367653167e7
0.661	1.6601614622603334e7
0.6615	1.6613528721216923e7
0.662	1.6625441663803488e7
0.6625	1.6637353450672524e7
0.663	1.6649264082133489e7
0.6635	1.666117355849577e7
0.664	1.6673081880068695e7
0.6645	1.668498904716155e7
0.665	1.6696895060083574e7
0.6655	1.6708799919143934e7
0.666	1.6720703624651745e7
0.6665	1.673260617691609e7
0.667	1.6744507576245965e7
0.6675	1.6756407822950345e7
0.668	1.6768306917338105e7
0.6685	1.678020485971813e7
0.669	1.679210165039919e7
0.6695	1.6803997289690033e7
0.67	1.6815891777899355e7
0.6705	1.6827785115335777e7
0.671	1.6839677302307874e7
0.6715	1.685156833912418e7
0.672	1.686345822609316e7
0.6725	1.687534696352323e7
0.673	1.6887234551722746e7
0.6735	1.689912099100001e7
0.674	1.6911006281663287e7
0.6745	1.6922890424020756e7
0.675	1.693477341838057e7
0.6755	1.6946655265050814e7
0.676	1.6958535964339525e7
0.6765	1.697041551655467e7
0.677	1.6982293922004174e7
0.6775	1.699417118099591e7
0.678	1.7006047293837704e7
0.6785	1.701792226083728e7
0.679	1.7029796082302373e7
0.6795	1.7041668758540623e7
0.68	1.7053540289859626e7
0.6805	1.706541067656691e7
0.681	1.7077279918969978e7
0.6815	1.7089148017376248e7
0.682	1.7101014972093094e7
0.6825	1.7112880783427842e7
0.683	1.7124745451687757e7
0.6835	1.7136608977180045e7
0.684	1.7148471360211857e7
0.6845	1.71603326010903e7
0.685	1.7172192700122416e7
0.6855	1.7184051657615192e7
0.686	1.7195909473875567e7
0.6865	1.7207766149210416e7
0.687	1.7219621683926575e7
0.6875	1.7231476078330792e7
0.6880000000000001	1.7243329332729794e7
0.6885	1.7255181447430238e7
0.6890000000000001	1.726703242273873e7
0.6895	1.7278882258961815e7
0.6900000000000001	1.729073095640598e7
0.6905	1.730257851537767e7
0.6910000000000001	1.7314424936183263e7
0.6915	1.732627021912908e7
0.6920000000000001	1.7338114364521407e7
0.6925	1.7349957372666445e7
0.6930000000000001	1.7361799243870363e7
0.6935	1.7373639978439264e7
0.6940000000000001	1.7385479576679196e7
0.6945	1.739731803889615e7
0.6950000000000001	1.7409155365396068e7
0.6955	1.742099155648483e7
0.6960000000000001	1.7432826612468258e7
0.6965	1.744466053365214e7
0.6970000000000001	1.745649332034218e7
0.6975	1.746832497284403e7
0.6980000000000001	1.748015549146331e7
0.6985	1.7491984876505557e7
0.6990000000000001	1.7503813128276274e7
0.6995	1.751564024708089e7
0.7000000000000001	1.7527466233224787e7
0.7005	1.7539291087013293e7
0.7010000000000001	1.7551114808751676e7
0.7015	1.7562937398745153e7
0.7020000000000001	1.757475885729888e7
0.7025	1.758657918471796e7
0.7030000000000001	1.759839838130744e7
0.7035	1.7610216447372302e7
0.704	1.762203338321749e7
0.7045	1.763384918914788e7
0.705	1.7645663865468286e7
0.7055	1.765747741248349e7
0.706	1.766928983049818e7
0.7065	1.7681101119817037e7
0.707	1.7692911280744635e7
0.7075	1.7704720313585535e7
0.708	1.771652821864421e7
0.7085	1.7728334996225093e7
0.709	1.7740140646632556e7
0.7095	1.775194517017092e7
0.71	1.7763748567144446e7
0.7105	1.7775550837857332e7
0.711	1.778735198261373e7
0.7115	1.779915200171774e7
0.712	1.7810950895473383e7
0.7125	1.7822748664184645e7
0.713	1.783454530815545e7
0.7135	1.784634082768967e7
0.714	1.7858135223091103e7
0.7145	1.7869928494663518e7
0.715	1.7881720642710593e7
0.7155	1.7893511667535987e7
0.716	1.7905301569443274e7
0.7165	1.7917090348735984e7
0.717	1.7928878005717598e7
0.7175	1.794066454069151e7
0.718	1.7952449953961093e7
0.7185	1.7964234245829657e7
0.719	1.797601741660042e7
0.7195	1.798779946657659e7
0.72	1.7999580396061294e7
0.7205	1.801136020535761e7
0.721	1.802313889476855e7
0.7215	1.8034916464597084e7
0.722	1.8046692915146105e7
0.7225	1.8058468246718477e7
0.723	1.8070242459616963e7
0.7235	1.808201555414433e7
0.724	1.809378753060324e7
0.7245	1.8105558389296304e7
0.725	1.8117328130526107e7
0.7255	1.8129096754595138e7
0.726	1.8140864261805855e7
0.7265	1.8152630652460653e7
0.727	1.816439592686186e7
0.7275	1.8176160085311763e7
0.728	1.8187923128112573e7
0.7285	1.8199685055566464e7
0.729	1.8211445867975544e7
0.7295	1.8223205565641865e7
0.73	1.8234964148867402e7
0.7305	1.824672161795412e7
0.731	1.825847797320388e7
0.7315	1.8270233214918505e7
0.732	1.828198734339976e7
0.7325	1.8293740358949367e7
0.733	1.8305492261868957e7
0.7335	1.831724305246013e7
0.734	1.832899273102443e7
0.7345	1.8340741297863323e7
0.735	1.8352488753278244e7
0.7355	1.8364235097570542e7
0.736	1.8375980331041537e7
0.7365	1.8387724453992467e7
0.737	1.839946746672453e7
0.7375	1.8411209369538862e7
0.738	1.8422950162736535e7
0.7385	1.8434689846618574e7
0.739	1.8446428421485934e7
0.7395	1.8458165887639534e7
0.74	1.8469902245380204e7
0.7405	1.8481637495008737e7
0.741	1.8493371636825867e7
0.7415	1.850510467113228e7
0.742	1.8516836598228578e7
0.7425	1.852856741841532e7
0.743	1.8540297131993014e7
0.7435	1.855202573926211e7
0.744	1.8563753240522973e7
0.7445	1.8575479636075955e7
0.745	1.858720492622131e7
0.7455	1.8598929111259263e7
0.746	1.8610652191489954e7
0.7465	1.86223741672135e7
0.747	1.863409503872992e7
0.7475	1.8645814806339215e7
0.748	1.8657533470341295e7
0.7485	1.8669251031036034e7
0.749	1.8680967488723237e7
0.7495	1.869268284370265e7
0.75	1.8704397096273977e7
0.7505000000000001	1.8716110246736836e7
0.751	1.8727822295390826e7
0.7515000000000001	1.8739533242535442e7
0.752	1.8751243088470154e7
0.7525000000000001	1.876295183349437e7
0.753	1.8774659477907423e7
0.7535000000000001	1.8786366022008613e7
0.754	1.8798071466097157e7
0.7545000000000001	1.880977581047222e7
0.755	1.8821479055432934e7
0.7555000000000001	1.883318120127834e7
0.756	1.8844882248307437e7
0.7565000000000001	1.8856582196819153e7
0.757	1.8868281047112383e7
0.7575000000000001	1.8879978799485933e7
0.758	1.8891675454238575e7
0.7585000000000001	1.8903371011669014e7
0.759	1.8915065472075894e7
0.7595000000000001	1.8926758835757803e7
0.76	1.893845110301326e7
0.7605000000000001	1.8950142274140753e7
0.761	1.896183234943869e7
0.7615000000000001	1.897352132920542e7
0.762	1.8985209213739246e7
0.7625000000000001	1.89968960033384e7
0.763	1.9008581698301066e7
0.7635000000000001	1.9020266298925363e7
0.764	1.9031949805509355e7
0.7645000000000001	1.904363221835104e7
0.765	1.9055313537748367e7
0.7655000000000001	1.9066993763999216e7
0.766	1.9078672897401437e7
0.7665000000000001	1.9090350938252777e7
0.767	1.910202788685095e7
0.7675000000000001	1.9113703743493617e7
0.768	1.9125378508478366e7
0.7685	1.9137052182102744e7
0.769	1.914872476466421e7
0.7695	1.9160396256460194e7
0.77	1.917206665778805e7
0.7705	1.9183735968945075e7
0.771	1.9195404190228518e7
0.7715	1.920707132193556e7
0.772	1.9218737364363324e7
0.7725	1.9230402317808874e7
0.773	1.9242066182569213e7
0.7735	1.92537289589413e7
0.774	1.9265390647222012e7
0.7745	1.9277051247708187e7
0.775	1.9288710760696597e7
0.7755	1.9300369186483946e7
0.776	1.9312026525366895e7
0.7765	1.932368277764203e7
0.777	1.9335337943605896e7
0.7775	1.934699202355496e7
0.778	1.9358645017785642e7
0.7785	1.9370296926594306e7
0.779	1.9381947750277247e7
0.7795	1.9393597489130702e7
0.78	1.9405246143450864e7
0.7805	1.9416893713533837e7
0.781	1.9428540199675698e7
0.7815	1.9440185602172446e7
0.782	1.9451829921320025e7
0.7825	1.946347315741433e7
0.783	1.9475115310751162e7
0.7835	1.9486756381626315e7
0.784	1.9498396370335482e7
0.7845	1.951003527717432e7
0.785	1.9521673102438416e7
0.7855	1.953330984642329e7
0.786	1.9544945509424426e7
0.7865	1.9556580091737233e7
0.787	1.956821359365706e7
0.7875	1.95798460154792e7
0.788	1.9591477357498888e7
0.7885	1.960310762001129e7
0.789	1.9614736803311534e7
0.7895	1.9626364907694668e7
0.79	1.9637991933455687e7
0.7905	1.964961788088953e7
0.791	1.966124275029108e7
0.7915	1.9672866541955132e7
0.792	1.9684489256176468e7
0.7925	1.9696110893249784e7
0.793	1.970773145346971e7
0.7935	1.9719350937130813e7
0.794	1.9730969344527636e7
0.7945	1.9742586675954632e7
0.795	1.97542029317062e7
0.7955	1.9765818112076677e7
0.796	1.977743221736035e7
0.7965	1.978904524785144e7
0.797	1.9800657203844108e7
0.7975	1.9812268085632443e7
0.798	1.9823877893510513e7
0.7985	1.983548662777228e7
0.799	1.984709428871167e7
0.7995	1.985870087662256e7
0.8	1.987030639179874e7
0.8005	1.988191083453396e7
0.801	1.9893514205121893e7
0.8015	1.990511650385618e7
0.802	1.991671773103037e7
0.8025	1.9928317886937972e7
0.803	1.9939916971872434e7
0.8035	1.9951514986127134e7
0.804	1.996311192999541e7
0.8045	1.9974707803770505e7
0.805	1.9986302607745644e7
0.8055	1.9997896342213962e7
0.806	2.0009489007468536e7
0.8065	2.002108060380241e7
0.807	2.0032671131508533e7
0.8075	2.0044260590879813e7
0.808	2.0055848982209098e7
0.8085	2.0067436305789165e7
0.809	2.0079022561912756e7
0.8095	2.009060775087251e7
0.81	2.010219187296105e7
0.8105	2.0113774928470913e7
0.811	2.0125356917694587e7
0.8115	2.0136937840924487e7
0.812	2.0148517698452983e7
0.8125	2.016009649057238e7
0.8130000000000001	2.017167421757492e7
0.8135	2.0183250879752774e7
0.8140000000000001	2.0194826477398086e7
0.8145	2.0206401010802902e7
0.8150000000000001	2.0217974480259225e7
0.8155	2.0229546886059005e7
0.8160000000000001	2.0241118228494126e7
0.8165	2.0252688507856388e7
0.8170000000000001	2.0264257724437576e7
0.8175	2.0275825878529374e7
0.8180000000000001	2.0287392970423434e7
0.8185	2.029895900041132e7
0.8190000000000001	2.031052396878457e7
0.8195	2.032208787583463e7
0.8200000000000001	2.0333650721852906e7
0.8205	2.0345212507130723e7
0.8210000000000001	2.0356773231959365e7
0.8215	2.036833289663006e7
0.8220000000000001	2.0379891501433942e7
0.8225	2.039144904666213e7
0.8230000000000001	2.0403005532605648e7
0.8235	2.0414560959555466e7
0.8240000000000001	2.042611532780251e7
0.8245	2.043766863763762e7
0.8250000000000001	2.04492208893516e7
0.8255	2.0460772083235174e7
0.8260000000000001	2.0472322219579022e7
0.8265	2.048387129867375e7
0.8270000000000001	2.0495419320809904e7
0.8275	2.050696628627798e7
0.8280000000000001	2.051851219536841e7
0.8285	2.0530057048371557e7
0.8290000000000001	2.0541600845577724e7
0.8295	2.055314358727717e7
0.8300000000000001	2.0564685273760065e7
0.8305	2.0576225905316547e7
0.8310000000000001	2.058776548223668e7
0.8315	2.059930400481046e7
0.8320000000000001	2.0610841473327834e7
0.8325	2.0622377888078686e7
0.833	2.0633913249352828e7
0.8335	2.0645447557440035e7
0.834	2.065698081263e7
0.8345	2.0668513015212353e7
0.835	2.0680044165476676e7
0.8355	2.0691574263712496e7
0.836	2.0703103310209252e7
0.8365	2.071463130525635e7
0.837	2.0726158249143116e7
0.8375	2.073768414215884e7
0.838	2.074920898459271e7
0.8385	2.0760732776733894e7
0.839	2.0772255518871475e7
0.8395	2.0783777211294476e7
0.84	2.0795297854291875e7
0.8405	2.0806817448152576e7
0.841	2.0818335993165415e7
0.8415	2.0829853489619188e7
0.842	2.0841369937802617e7
0.8425	2.0852885338004354e7
0.843	2.086439969051301e7
0.8435	2.0875912995617118e7
0.844	2.088742525360516e7
0.8445	2.0898936464765556e7
0.845	2.091044662938665e7
0.8455	2.092195574775676e7
0.846	2.0933463820164092e7
0.8465	2.0944970846896842e7
0.847	2.0956476828243095e7
0.8475	2.0967981764490932e7
0.848	2.097948565592832e7
0.8485	2.0990988502843194e7
0.849	2.100249030552341e7
0.8495	2.1013991064256795e7
0.85	2.102549077933106e7
0.8505	2.103698945103391e7
0.851	2.104848707965296e7
0.8515	2.1059983665475775e7
0.852	2.1071479208789833e7
0.8525	2.1082973709882595e7
0.853	2.109446716904142e7
0.8535	2.110595958655362e7
0.854	2.1117450962706454e7
0.8545	2.112894129778711e7
0.855	2.1140430592082717e7
0.8555	2.115191884588035e7
0.856	2.1163406059466995e7
0.8565	2.1174892233129613e7
0.857	2.1186377367155075e7
0.8575	2.1197861461830217e7
0.858	2.120934451744178e7
0.8585	2.1220826534276485e7
0.859	2.123230751262095e7
0.8595	2.1243787452761747e7
0.86	2.1255266354985405e7
0.8605	2.126674421957836e7
0.861	2.127822104682701e7
0.8615	2.128969683701769e7
0.862	2.1301171590436645e7
0.8625	2.13126453073701e7
0.863	2.1324117988104187e7
0.8635	2.1335589632925e7
0.864	2.1347060242118537e7
0.8645	2.1358529815970775e7
0.865	2.1369998354767602e7
0.8655	2.138146585879485e7
0.866	2.1392932328338295e7
0.8665	2.1404397763683647e7
0.867	2.141586216511655e7
0.8675	2.14273255329226e7
0.868	2.1438787867387306e7
0.8685	2.1450249168796152e7
0.869	2.1461709437434524e7
0.8695	2.147316867358777e7
0.87	2.148462687754116e7
0.8705	2.1496084049579915e7
0.871	2.1507540189989187e7
0.8715	2.1518995299054064e7
0.872	2.1530449377059575e7
0.8725	2.1541902424290698e7
0.873	2.1553354441032324e7
0.8735	2.156480542756931e7
0.874	2.1576255384186428e7
0.8745	2.1587704311168406e7
0.875	2.159915220879989e7
0.8755000000000001	2.161059907736549e7
0.876	2.162204491714973e7
0.8765000000000001	2.163348972843709e7
0.877	2.164493351151196e7
0.8775000000000001	2.1656376266658705e7
0.878	2.1667817994161606e7
0.8785000000000001	2.167925869430488e7
0.879	2.16906983673727e7
0.8795000000000001	2.1702137013649154e7
0.88	2.171357463341828e7
0.8805000000000001	2.1725011226964053e7
0.881	2.1736446794570383e7
0.8815000000000001	2.1747881336521134e7
0.882	2.1759314853100073e7
0.8825000000000001	2.1770747344590936e7
0.883	2.1782178811277386e7
0.8835000000000001	2.179360925344303e7
0.884	2.1805038671371385e7
0.8845000000000001	2.181646706534595e7
0.885	2.1827894435650125e7
0.8855000000000001	2.183932078256728e7
0.886	2.1850746106380686e7
0.8865000000000001	2.186217040737357e7
0.887	2.1873593685829107e7
0.8875000000000001	2.1885015942030396e7
0.888	2.189643717626048e7
0.8885000000000001	2.190785738880233e7
0.889	2.1919276579938862e7
0.8895000000000001	2.193069474995293e7
0.89	2.1942111899127334e7
0.8905000000000001	2.1953528027744792e7
0.891	2.196494313608796e7
0.8915000000000001	2.197635722443947e7
0.892	2.1987770293081835e7
0.8925000000000001	2.1999182342297543e7
0.893	2.2010593372369014e7
0.8935000000000001	2.202200338357859e7
0.894	2.2033412376208577e7
0.8945000000000001	2.2044820350541197e7
0.895	2.2056227306858603e7
0.8955000000000001	2.206763324544292e7
0.896	2.207903816657617e7
0.8965	2.209044207054033e7
0.897	2.2101844957617342e7
0.8975	2.211324682808903e7
0.898	2.2124647682237193e7
0.8985	2.2136047520343572e7
0.899	2.214744634268981e7
0.8995	2.2158844149557516e7
0.9	2.217024094122824e7
0.9005	2.218163671798345e7
0.901	2.2193031480104566e7
0.9015	2.220442522787293e7
0.902	2.2215817961569842e7
0.9025	2.2227209681476515e7
0.903	2.2238600387874123e7
0.9035	2.2249990081043765e7
0.904	2.226137876126648e7
0.9045	2.227276642882324e7
0.905	2.2284153083994962e7
0.9055	2.2295538727062482e7
0.906	2.2306923358306605e7
0.9065	2.2318306978008047e7
0.907	2.2329689586447462e7
0.9075	2.234107118390546e7
0.908	2.235245177066258e7
0.9085	2.2363831346999276e7
0.909	2.2375209913195975e7
0.9095	2.238658746953302e7
0.91	2.239796401629069e7
0.9105	2.2409339553749207e7
0.911	2.242071408218874e7
0.9115	2.243208760188937e7
0.912	2.244346011313114e7
0.9125	2.2454831616194006e7
0.913	2.246620211135789e7
0.9135	2.2477571598902635e7
0.914	2.2488940079108004e7
0.9145	2.250030755225373e7
0.915	2.251167401861947e7
0.9155	2.2523039478484813e7
0.916	2.2534403932129275e7
0.9165	2.254576737983234e7
0.917	2.25571298218734e7
0.9175	2.2568491258531798e7
0.918	2.25798516900868e7
0.9185	2.2591211116817642e7
0.919	2.260256953900346e7
0.9195	2.2613926956923336e7
0.92	2.2625283370856307e7
0.9205	2.2636638781081326e7
0.921	2.2647993187877294e7
0.9215	2.265934659152304e7
0.922	2.2670698992297344e7
0.9225	2.2682050390478913e7
0.923	2.2693400786346387e7
0.9235	2.270475018017836e7
0.924	2.271609857225334e7
0.9245	2.272744596284978e7
0.925	2.2738792352246083e7
0.9255	2.2750137740720574e7
0.926	2.2761482128551517e7
0.9265	2.2772825516017117e7
0.927	2.2784167903395522e7
0.9275	2.2795509290964797e7
0.928	2.2806849679002956e7
0.9285	2.2818189067787945e7
0.929	2.282952745759767e7
0.9295	2.2840864848709937e7
0.93	2.2852201241402518e7
0.9305	2.2863536635953087e7
0.931	2.2874871032639313e7
0.9315	2.2886204431738727e7
0.932	2.289753683352887e7
0.9325	2.2908868238287162e7
0.933	2.2920198646291e7
0.9335	2.2931528057817683e7
0.934	2.2942856473144483e7
0.9345	2.2954183892548572e7
0.935	2.2965510316307098e7
0.9355	2.2976835744697098e7
0.936	2.298816017799559e7
0.9365	2.2999483616479505e7
0.937	2.3010806060425717e7
0.9375	2.3022127510111038e7
0.9380000000000001	2.3033447965812206e7
0.9385	2.3044767427805908e7
0.9390000000000001	2.3056085896368768e7
0.9395	2.306740337177733e7
0.9400000000000001	2.3078719854308095e7
0.9405	2.3090035344237488e7
0.9410000000000001	2.3101349841841877e7
0.9415	2.311266334739756e7
0.9420000000000001	2.3123975861180775e7
0.9425	2.3135287383467693e7
0.9430000000000001	2.3146597914534435e7
0.9435	2.3157907454657044e7
0.9440000000000001	2.3169216004111506e7
0.9445	2.3180523563173726e7
0.9450000000000001	2.3191830132119577e7
0.9455	2.3203135711224847e7
0.9460000000000001	2.3214440300765265e7
0.9465	2.3225743901016492e7
0.9470000000000001	2.3237046512254145e7
0.9475	2.324834813475374e7
0.9480000000000001	2.3259648768790774e7
0.9485	2.3270948414640635e7
0.9490000000000001	2.3282247072578695e7
0.9495	2.3293544742880218e7
0.9500000000000001	2.3304841425820436e7
0.9505	2.33161371216745e7
0.9510000000000001	2.33274318307175e7
0.9515	2.333872555322448e7
0.9520000000000001	2.3350018289470386e7
0.9525	2.3361310039730128e7
0.9530000000000001	2.3372600804278534e7
0.9535	2.3383890583390396e7
0.9540000000000001	2.3395179377340425e7
0.9545	2.3406467186403245e7
0.9550000000000001	2.3417754010853462e7
0.9555	2.3429039850965578e7
0.9560000000000001	2.344032470701405e7
0.9565	2.345160857927328e7
0.9570000000000001	2.3462891468017586e7
0.9575	2.347417337352124e7
0.9580000000000001	2.348545429605844e7
0.9585	2.349673423590331e7
0.9590000000000001	2.3508013193329945e7
0.9595	2.3519291168612324e7
0.96	2.353056816202442e7
0.9605	2.35418441738401e7
0.961	2.355311920433318e7
0.9615	2.356439325377742e7
0.962	2.357566632244649e7
0.9625	2.358693841061404e7
0.963	2.359820951855362e7
0.9635	2.3609479646538723e7
0.964	2.362074879484279e7
0.9645	2.363201696373919e7
0.965	2.3643284153501224e7
0.9655	2.3654550364402134e7
0.966	2.3665815596715104e7
0.9665	2.3677079850713234e7
0.967	2.3688343126669582e7
0.9675	2.369960542485714e7
0.968	2.3710866745548822e7
0.9685	2.372212708901749e7
0.969	2.373338645553593e7
0.9695	2.3744644845376886e7
0.97	2.3755902258812997e7
0.9705	2.37671586961169e7
0.971	2.3778414157561094e7
0.9715	2.378966864341809e7
0.972	2.3800922153960276e7
0.9725	2.3812174689459994e7
0.973	2.3823426250189543e7
0.9735	2.383467683642113e7
0.974	2.3845926448426906e7
0.9745	2.385717508647896e7
0.975	2.3868422750849318e7
0.9755	2.3879669441809945e7
0.976	2.389091515963273e7
0.9765	2.390215990458952e7
0.977	2.3913403676952068e7
0.9775	2.3924646476992086e7
0.978	2.393588830498121e7
0.9785	2.3947129161191024e7
0.979	2.395836904589302e7
0.9795	2.3969607959358674e7
0.98	2.3980845901859358e7
0.9805	2.3992082873666376e7
0.981	2.4003318875051007e7
0.9815	2.401455390628443e7
0.982	2.4025787967637766e7
0.9825	2.403702105938209e7
0.983	2.4048253181788392e7
0.9835	2.4059484335127614e7
0.984	2.4070714519670613e7
0.9845	2.4081943735688206e7
0.985	2.4093171983451135e7
0.9855	2.410439926323006e7
0.986	2.411562557529562e7
0.9865	2.412685091991833e7
0.987	2.4138075297368713e7
0.9875	2.414929870791717e7
0.988	2.416052115183404e7
0.9885	2.4171742629389655e7
0.989	2.41829631408542e7
0.9895	2.4194182686497856e7
0.99	2.4205401266590733e7
0.9905	2.4216618881402843e7
0.991	2.4227835531204168e7
0.9915	2.4239051216264613e7
0.992	2.425026593685402e7
0.9925	2.426147969324217e7
0.993	2.427269248569875e7
0.9935	2.4283904314493444e7
0.994	2.4295115179895807e7
0.9945	2.4306325082175374e7
0.995	2.43175340216016e7
0.9955	2.432874199844386e7
0.996	2.43399490129715e7
0.9965	2.4351155065453768e7
0.997	2.4362360156159863e7
0.9975	2.4373564285358936e7
0.998	2.4384767453320026e7
0.9985	2.4395969660312153e7
0.999	2.440717090660426e7
0.9995	2.4418371192465205e7