1.e-6	8.023479085868202e-6
2.e-6	8.02350798769123e-6
3.e-6	8.023715217104021e-6
4.e-6	8.02332577612956e-6
4.9999999999999996e-6	8.023364149288246e-6
5.999999999999999e-6	8.023368065638048e-6
7.e-6	8.02187913850612e-6
8.e-6	8.02336761312167e-6
9.e-6	8.023554128025123e-6
0.00001	8.023370508298854e-6
0.00002	8.023288381568418e-6
0.000030000000000000004	8.023410913422366e-6
0.00004	8.023406496836382e-6
0.00005	8.023348048605249e-6
0.00006	8.023265638540652e-6
0.00007000000000000001	8.023057504661378e-6
0.00008	8.023281211061582e-6
0.00009	8.02338258224949e-6
0.0001	8.023239955326121e-6
0.00011	8.02342689854709e-6
0.00012	8.023357066424338e-6
0.00013000000000000002	8.023458364928105e-6
0.00014000000000000001	8.023779811662075e-6
0.00015000000000000001	8.022510588825445e-6
0.00016	8.023396798335813e-6
0.00017	8.02337334183572e-6
0.00018	8.023397436146445e-6
0.00019	8.023373209782432e-6
0.0002	8.023344034866028e-6
0.00021	8.023414058762093e-6
0.00022000000000000003	8.023383508718e-6
0.00023	8.023312329711941e-6
0.00024000000000000003	8.023441543388792e-6
0.00025	8.023389175659753e-6
0.00026000000000000003	8.022819003450957e-6
0.00027	8.023452832035237e-6
0.00028000000000000003	8.023441568393142e-6
0.00029	8.023399557492594e-6
0.00030000000000000003	8.023459175979595e-6
0.00031	8.02340770729276e-6
0.00032	8.023427074960883e-6
0.00033	8.02355030214745e-6
0.00034	8.023410145346951e-6
0.00035	8.023537897786816e-6
0.00036	8.023390905698386e-6
0.00037	8.023412874940602e-6
0.00038	8.023392976679773e-6
0.00039	8.023479725782139e-6
0.0004	8.023297097645675e-6
0.00041	8.023446173948293e-6
0.00042	8.02339286753809e-6
0.00043000000000000004	8.023383249590815e-6
0.00044	8.023376213554432e-6
0.00045000000000000004	8.023615379590907e-6
0.00046	8.023380240462534e-6
0.00047000000000000004	8.023377982992215e-6
0.00048	8.023403980852432e-6
0.0004900000000000001	8.023430830802321e-6
0.0005	8.023439205347233e-6
0.00051	8.023477027311531e-6
0.0005200000000000001	8.023438418617568e-6
0.0005300000000000001	8.02342514474256e-6
0.00054	8.023392025181693e-6
0.00055	8.02334080701443e-6
0.0005600000000000001	8.023408821100516e-6
0.0005700000000000001	8.02337879033124e-6
0.0005800000000000001	8.023398941556604e-6
0.0005900000000000001	8.023462487862407e-6
0.0006000000000000001	8.023441507387252e-6
0.0006100000000000001	8.023573345957782e-6
0.0006200000000000001	8.023428668983113e-6
0.0006300000000000001	8.02337831318874e-6
0.00064	8.02345248641232e-6
0.0006500000000000001	8.023348128408165e-6
0.0006600000000000001	8.023462966378949e-6
0.0006700000000000001	8.023445908450054e-6
0.00068	8.02391057137772e-6
0.0006900000000000001	8.023485825148615e-6
0.0007000000000000001	8.02350415908793e-6
0.0007100000000000001	8.02351342925844e-6
0.00072	8.023454930806152e-6
0.0007300000000000001	8.02345529460046e-6
0.0007400000000000001	8.023480730597095e-6
0.0007500000000000001	8.023461134754458e-6
0.0007600000000000002	8.023783703507366e-6
0.0007700000000000001	8.023482954119004e-6
0.0007800000000000001	8.023493355124275e-6
0.0007900000000000001	8.023498558874016e-6
0.0008000000000000001	8.023277172725053e-6
0.0008100000000000001	8.023501012113948e-6
0.0008200000000000001	8.023265693766226e-6
0.0008300000000000001	8.023519605675819e-6
0.0008400000000000001	8.023599218472336e-6
0.0008500000000000001	8.023598680036563e-6
0.0008600000000000001	8.023564802153829e-6
0.0008700000000000001	8.023544121268429e-6
0.0008800000000000001	8.023606519048506e-6
0.0008900000000000001	8.023547344426696e-6
0.0009000000000000001	8.023771540134227e-6
0.0009100000000000001	8.023564283874361e-6
0.0009200000000000001	8.0236007113701e-6
0.0009300000000000002	8.023576324029664e-6
0.0009400000000000001	8.023591684861331e-6
0.0009500000000000001	8.023590285780554e-6
0.0009600000000000001	8.023815150056065e-6
0.0009700000000000002	8.023551138571276e-6
0.00098	8.023608643723275e-6
0.00099	8.023492333257004e-6
0.001	8.023624212814644e-6
0.0011	8.023728422288365e-6
0.0012000000000000001	8.023820276215334e-6
0.0013	8.02397715068351e-6
0.0014	8.024159641329734e-6
0.0015	8.024375978164951e-6
0.0016	8.024656100174015e-6
0.0017000000000000001	8.02501825421767e-6
0.0018	8.025480729530833e-6
0.0019000000000000002	8.026091959500418e-6
0.002	8.026915940936364e-6
0.0021000000000000003	8.028003923489036e-6
0.0022	8.029917678372171e-6
0.0023	8.032392372435975e-6
0.0024000000000000002	8.035234736741834e-6
0.0025	8.037853963570733e-6
0.0026	8.039368574713495e-6
0.0027	8.038760388265031e-6
0.0028000000000000004	8.035052014824863e-6
0.0029	8.027672787695377e-6
0.003	8.017564962492988e-6
0.0031000000000000003	8.008749203196484e-6
0.0032	8.00144659397158e-6
0.0033	7.995656969426457e-6
0.0034000000000000002	7.991525703731532e-6
0.0035	7.989148642945125e-6
0.0036000000000000003	7.988467045830908e-6
0.0037	7.989319203538108e-6
0.0038	7.991377744272265e-6
0.0039000000000000003	7.994141777701809e-6
0.004	7.99672062252544e-6
0.0041	7.997712611031563e-6
0.004200000000000001	7.9980314789401e-6
0.0043	7.998217303762284e-6
0.0044	7.998471798312205e-6
0.0045000000000000005	7.998940004016708e-6
0.0046	7.999603289188675e-6
0.0047	8.000526509171064e-6
0.0048000000000000004	8.001648328421632e-6
0.0049	8.002854278781528e-6
0.005	8.003938229934956e-6
0.0051	8.004539185611254e-6
0.005200000000000001	8.00492367808011e-6
0.0053	8.005201849846046e-6
0.0054	8.005480627594775e-6
0.0055000000000000005	8.005795502005984e-6
0.0056	8.006168341174988e-6
0.0057	8.00659591299081e-6
0.0058000000000000005	8.007082375028316e-6
0.0059	8.007588159673898e-6
0.006	8.008052636545505e-6
0.0061	8.008327636094216e-6
0.006200000000000001	8.008465231450505e-6
0.0063	8.008510109029197e-6
0.0064	8.008487453356173e-6
0.006500000000000001	8.008425640327102e-6
0.0066	8.008345218652071e-6
0.0067	8.008274648435771e-6
0.0068000000000000005	8.008228394780062e-6
0.0069	8.00821350930625e-6
0.007	8.00823140728611e-6
0.0071	8.008284228681422e-6
0.007200000000000001	8.008463302344924e-6
0.0073	8.008762328325615e-6
0.0074	8.009141574288399e-6
0.007500000000000001	8.009548699087645e-6
0.0076	8.009959899431907e-6
0.0077	8.01035449090611e-6
0.0078000000000000005	8.010713103873036e-6
0.0079	8.011033477242366e-6
0.008	8.011308431830416e-6
0.0081	8.011534463273623e-6
0.0082	8.01172598840924e-6
0.0083	8.01189395133893e-6
0.008400000000000001	8.01206326397177e-6
0.0085	8.012222103099293e-6
0.0086	8.012381446492337e-6
0.0087	8.012549809636074e-6
0.0088	8.01271478375433e-6
0.008900000000000002	8.012869251755334e-6
0.009000000000000001	8.01327046873643e-6
0.0091	8.01313446180123e-6
0.0092	8.01324888328439e-6
0.0093	8.01334784001177e-6
0.009400000000000002	8.013453239216526e-6
0.009500000000000001	8.013542615312628e-6
0.009600000000000001	8.013644809569286e-6
0.0097	8.013736479830222e-6
0.0098	8.013848478526351e-6
0.009899999999999999	8.013933871458296e-6
0.01	8.01403747605775e-6
0.011	7.28528715932294e-6
0.012	6.677750591219529e-6
0.013000000000000001	6.163283533360876e-6
0.014	5.724814219037259e-6
0.015	5.3432764161754e-6
0.016	5.0089963914965756e-6
0.017	4.7138619169780836e-6
0.018000000000000002	4.451420675727029e-6
0.019000000000000003	4.216537381454326e-6
0.02	4.005090346570914e-6
0.020999999999999998	3.813737416360399e-6
0.022	3.6397404997810047e-6
0.023	3.480837367666641e-6
0.024	3.3351418550459926e-6
0.025	3.2010687723875404e-6
0.026000000000000002	3.077276891082461e-6
0.027000000000000003	2.9626241897612478e-6
0.028000000000000004	2.8561307085409983e-6
0.028999999999999998	2.7569520016865802e-6
0.03	2.6643556835116745e-6
0.031	2.577704453560754e-6
0.032	2.496440620165343e-6
0.033	2.4200734765935213e-6
0.034	2.3481707157928923e-6
0.035	2.2803486929763266e-6
0.036000000000000004	2.2162666462542634e-6
0.037	2.155620656520242e-6
0.038	2.098138740361259e-6
0.039	2.043576734748506e-6
0.04	1.991714873864314e-6
0.041	1.9423547285770305e-6
0.042	1.8953168490816736e-6
0.043000000000000003	1.8504383085562363e-6
0.044000000000000004	1.8075709653465522e-6
0.045000000000000005	1.7665797895232764e-6
0.046000000000000006	1.727341455724702e-6
0.047	1.6897430712422647e-6
0.048	1.6536810791628226e-6
0.049	1.6190603193804108e-6
0.05	1.5857931711061415e-6
0.051000000000000004	1.5537988121099328e-6
0.052000000000000005	1.5230025535436655e-6
0.053000000000000005	1.4933352787661125e-6
0.054	1.4647328839053218e-6
0.055	1.4371358393948208e-6
0.056	1.4104887584068771e-6
0.057	1.3847400590477093e-6
0.058	1.3598415746068118e-6
0.059000000000000004	1.33574828749251e-6
0.060000000000000005	1.3124180463492886e-6
0.061000000000000006	1.2898113177212325e-6
0.062000000000000006	1.2678909600351843e-6
0.063	1.2466220172390736e-6
0.064	1.2259715295275628e-6
0.065	1.20590835896897e-6
0.066	1.186403028012338e-6
0.067	1.1674275708903562e-6
0.068	1.1489553847598865e-6
0.069	1.1309611074452792e-6
0.06999999999999999	1.1134204817642023e-6
0.071	1.0963102340253782e-6
0.072	1.079607952215619e-6
0.073	1.0632919648165833e-6
0.074	1.0473412176054833e-6
0.075	1.0317351457068908e-6
0.076	1.0164535390225299e-6
0.077	1.0014763884980911e-6
0.078	9.86783728951273e-7
0.079	9.723554427991114e-7
0.08	9.581710362034448e-7
0.081	9.442093648338628e-7
0.082	9.304482900369678e-7
0.08299999999999999	9.168642341241731e-7
0.08399999999999999	9.034315854496604e-7
0.08499999999999999	8.901218715877553e-7
0.086	8.769025567287474e-7
0.087	8.637351891003109e-7
0.088	8.505723344487553e-7
0.089	8.373521330646863e-7
0.09	8.239759640318805e-7
0.091	8.102788055332307e-7
0.092	7.961035266147547e-7
0.093	7.814472163023707e-7
0.094	7.663849400024e-7
0.095	7.510322976813187e-7
0.096	7.3551866234463e-7
0.097	7.199692298399925e-7
0.09799999999999999	7.044941822658405e-7
0.09899999999999999	6.891758664092071e-7
0.09999999999999999	6.741101253458758e-7
0.10099999999999999	6.599175562866265e-7
0.102	6.480981688170732e-7
0.103	6.393327453462846e-7
0.104	6.337265826596789e-7
0.105	6.310595408645205e-7
0.106	6.309192207762328e-7
0.107	6.328137958903697e-7
0.108	6.362531870843068e-7
0.109	6.407962515153078e-7
0.11	6.460734798974853e-7
0.111	6.51744241330591e-7
0.112	6.574070131699598e-7
0.113	6.627034232594212e-7
0.114	6.67384764463334e-7
0.11499999999999999	6.712988709677313e-7
0.11599999999999999	6.743746910639774e-7
0.11699999999999999	6.766037534937638e-7
0.118	6.780196375239561e-7
0.119	6.78682418703692e-7
0.12	6.786654540630694e-7
0.121	6.780461363716078e-7
0.122	6.769005719068883e-7
0.123	6.753001166031544e-7
0.124	6.733096884263479e-7
0.125	6.709871993802072e-7
0.126	6.683836092145921e-7
0.127	6.65543340643926e-7
0.128	6.625048674353518e-7
0.129	6.593013819929079e-7
0.13	6.559614554366139e-7
0.131	6.52509584251302e-7
0.132	6.489609457766349e-7
0.133	6.453512795257604e-7
0.134	6.416783882557571e-7
0.135	6.379614696964291e-7
0.136	6.342119379118245e-7
0.137	6.304395948215869e-7
0.138	6.266528606043431e-7
0.139	6.228589700301871e-7
0.14	6.190641396849996e-7
0.14100000000000001	6.152737448819957e-7
0.14200000000000002	6.114922970220362e-7
0.14300000000000002	6.077237965475941e-7
0.14400000000000002	6.039715668972126e-7
0.14500000000000002	6.002385234936355e-7
0.14600000000000002	5.965271322184976e-7
0.14700000000000002	5.928394933397e-7
0.14800000000000002	5.891773894543017e-7
0.14900000000000002	5.855423233978157e-7
0.15000000000000002	5.819355676045623e-7
0.15100000000000002	5.783581741820191e-7
0.15200000000000002	5.748110125169104e-7
0.15300000000000002	5.712948012833144e-7
0.15400000000000003	5.678101205423377e-7
0.155	5.643574005883534e-7
0.156	5.609369936797347e-7
0.157	5.575491493556382e-7
0.158	5.541940351450057e-7
0.159	5.508717468011393e-7
0.16	5.475823172793438e-7
0.161	5.443257246222891e-7
0.162	5.411018988945842e-7
0.163	5.379107282883214e-7
0.164	5.347520645045949e-7
0.165	5.316257275016891e-7
0.166	5.285315096884194e-7
0.167	5.254691796306637e-7
0.168	5.224384853301509e-7
0.169	5.194391571268933e-7
0.17	5.164709102700213e-7
0.171	5.135334471960804e-7
0.17200000000000001	5.10626459548922e-7
0.17300000000000001	5.077496299710698e-7
0.17400000000000002	5.049026336927483e-7
0.17500000000000002	5.02085139941567e-7
0.17600000000000002	4.992968131930706e-7
0.17700000000000002	4.965373142799445e-7
0.17800000000000002	4.938063013755663e-7
0.17900000000000002	4.911034308657403e-7
0.18000000000000002	4.884283581208483e-7
0.18100000000000002	4.857807381792463e-7
0.18200000000000002	4.83160226351492e-7
0.18300000000000002	4.805664787539102e-7
0.18400000000000002	4.779991527790464e-7
0.18500000000000003	4.754579075097219e-7
0.186	4.7294240408266246e-7
0.187	4.704523060070197e-7
0.188	4.679872794425257e-7
0.189	4.655469934415192e-7
0.19	4.6313111535147903e-7
0.191	4.607393303132332e-7
0.192	4.583713123050232e-7
0.193	4.560267437712897e-7
0.194	4.537053108363991e-7
0.195	4.514067033966868e-7
0.196	4.4913061519580544e-7
0.197	4.468767438851392e-7
0.198	4.446447910708526e-7
0.199	4.424344623489866e-7
0.2	4.402454673298885e-7
0.201	4.380775196530957e-7
0.202	4.3593033699380524e-7
0.203	4.338036410615646e-7
0.20400000000000001	4.3169715759229466e-7
0.20500000000000002	4.296106163351051e-7
0.20600000000000002	4.2754375103177134e-7
0.20700000000000002	4.2549629939406293e-7
0.20800000000000002	4.2346800307565267e-7
0.20900000000000002	4.2145860763930425e-7
0.21000000000000002	4.194678625238005e-7
0.21100000000000002	4.1749551780059714e-7
0.21200000000000002	4.155413370131878e-7
0.21300000000000002	4.1360507772309254e-7
0.21400000000000002	4.116865044708003e-7
0.21500000000000002	4.097853854631099e-7
0.21600000000000003	4.079014925256803e-7
0.21700000000000003	4.0603460105639027e-7
0.21800000000000003	4.0418448997619037e-7
0.219	4.0235094167984566e-7
0.22	4.005337419863034e-7
0.221	3.987326800884399e-7
0.222	3.9694754850265033e-7
0.223	3.951781430182798e-7
0.224	3.934242626470276e-7
0.225	3.916857095724045e-7
0.226	3.8996228909932994e-7
0.227	3.882538096039388e-7
0.228	3.865600824836675e-7
0.229	3.848809221076738e-7
0.23	3.8321614576764304e-7
0.231	3.815655736290241e-7
0.232	3.799290286827368e-7
0.233	3.783063366973844e-7
0.234	3.766973261719995e-7
0.23500000000000001	3.7510182828935305e-7
0.23600000000000002	3.735196768698451e-7
0.23700000000000002	3.7195070832599706e-7
0.23800000000000002	3.70394761617564e-7
0.23900000000000002	3.6885167820727534e-7
0.24000000000000002	3.6732130201721964e-7
0.24100000000000002	3.658034793858773e-7
0.24200000000000002	3.642980590258109e-7
0.24300000000000002	3.628048919820161e-7
0.24400000000000002	3.6132383159093644e-7
0.24500000000000002	3.598547334401422e-7
0.24600000000000002	3.583974553286769e-7
0.24700000000000003	3.56951857228066e-7
0.24800000000000003	3.555178012439874e-7
0.24900000000000003	3.540951515786028e-7
0.25	3.5268377449354226e-7
0.251	3.5128353827353905e-7
0.252	3.4989431319070994e-7
0.253	3.4851597146947394e-7
0.254	3.4714838725210343e-7
0.255	3.4579143656490014e-7
0.256	3.444449972849902e-7
0.257	3.431089491077272e-7
0.258	3.417831735147012e-7
0.259	3.4046755374233766e-7
0.26	3.3916197475108454e-7
0.261	3.3786632319517666e-7
0.262	3.365804873929656e-7
0.263	3.3530435729781225e-7
0.264	3.340378244695274e-7
0.265	3.327807820463547e-7
0.266	3.3153312471748525e-7
0.267	3.302947486960969e-7
0.268	3.290655516929064e-7
0.269	3.2784543289022677e-7
0.27	3.266342929165221e-7
0.271	3.254320338214482e-7
0.272	3.242385590513717e-7
0.273	3.2305377342536004e-7
0.274	3.2187758311163067e-7
0.275	3.2070989560445246e-7
0.276	3.1955061970149166e-7
0.277	3.183996654815911e-7
0.278	3.1725694428297793e-7
0.279	3.161223686818882e-7
0.28	3.149958524716026e-7
0.281	3.1387731064188266e-7
0.28200000000000003	3.1276665935880434e-7
0.28300000000000003	3.116638159449739e-7
0.28400000000000003	3.105686988601258e-7
0.28500000000000003	3.0948122768209053e-7
0.28600000000000003	3.084013230881252e-7
0.28700000000000003	3.073289068366029e-7
0.28800000000000003	3.0626390174904787e-7
0.28900000000000003	3.052062316925168e-7
0.29000000000000004	3.0415582156231185e-7
0.29100000000000004	3.0311259726502434e-7
0.29200000000000004	3.0207648570189906e-7
0.29300000000000004	3.010474147525146e-7
0.29400000000000004	3.0002531325877165e-7
0.29500000000000004	2.9901011100918375e-7
0.29600000000000004	2.98001738723466e-7
0.29700000000000004	2.9700012803741097e-7
0.29800000000000004	2.960052114880519e-7
0.299	2.9501692249910316e-7
0.3	2.940351953666718e-7
0.301	2.9305996524524006e-7
0.302	2.920911681339054e-7
0.303	2.9112874086288064e-7
0.304	2.9017262108024186e-7
0.305	2.8922274723892455e-7
0.306	2.8827905858395966e-7
0.307	2.873414951399456e-7
0.308	2.8640999769875197e-7
0.309	2.854845078074489e-7
0.31	2.845649677564584e-7
0.311	2.836513205679241e-7
0.312	2.82743509984291e-7
0.313	2.8184148045709753e-7
0.314	2.80945177135968e-7
0.315	2.8005454585780805e-7
0.316	2.791695331361942e-7
0.317	2.78290086150957e-7
0.318	2.7741615273794984e-7
0.319	2.76547681379006e-7
0.32	2.756846211920716e-7
0.321	2.748269219215197e-7
0.322	2.7397453392863413e-7
0.323	2.731274081822668e-7
0.324	2.7228549624965807e-7
0.325	2.7144875028742256e-7
0.326	2.706171230326935e-7
0.327	2.6979056779442476e-7
0.328	2.689690384448451e-7
0.329	2.6815248941106446e-7
0.33	2.6734087566682564e-7
0.331	2.6653415272440266e-7
0.332	2.657322766266388e-7
0.333	2.6493520393912576e-7
0.334	2.641428917425156e-7
0.335	2.633552976249696e-7
0.336	2.6257237967473554e-7
0.337	2.61794096472854e-7
0.338	2.6102040708599024e-7
0.339	2.6025127105938905e-7
0.34	2.594866484099511e-7
0.341	2.58726499619427e-7
0.342	2.57970785627727e-7
0.343	2.572194678263464e-7
0.34400000000000003	2.5647250805190074e-7
0.34500000000000003	2.557298685797715e-7
0.34600000000000003	2.549915121178587e-7
0.34700000000000003	2.5425740180043904e-7
0.34800000000000003	2.535275011821273e-7
0.34900000000000003	2.5280177423193897e-7
0.35000000000000003	2.520801853274522e-7
0.35100000000000003	2.513626992490675e-7
0.35200000000000004	2.5064928117436186e-7
0.35300000000000004	2.499398966725388e-7
0.35400000000000004	2.4923451169896806e-7
0.35500000000000004	2.4853309258981727e-7
0.35600000000000004	2.47835606056771e-7
0.35700000000000004	2.4714201918183716e-7
0.35800000000000004	2.464522994122391e-7
0.35900000000000004	2.457664145553899e-7
0.36000000000000004	2.450843327739501e-7
0.36100000000000004	2.444060225809657e-7
0.362	2.4373145283508396e-7
0.363	2.430605927358485e-7
0.364	2.423934118190692e-7
0.365	2.4172987995226723e-7
0.366	2.4106996733019315e-7
0.367	2.4041364447041764e-7
0.368	2.397608822089915e-7
0.369	2.391116516961764e-7
0.37	2.3846592439224256e-7
0.371	2.37823672063334e-7
0.372	2.371848667773986e-7
0.373	2.365494809001831e-7
0.374	2.3591748709129157e-7
0.375	2.3528885830030439e-7
0.376	2.3466356776296033e-7
0.377	2.340415889973967e-7
0.378	2.3342289580044905e-7
0.379	2.3280746224400858e-7
0.38	2.321952626714354e-7
0.381	2.3158627169402883e-7
0.382	2.3098046418755095e-7
0.383	2.3037781528880453e-7
0.384	2.2977830039226356e-7
0.385	2.2918189514675548e-7
0.386	2.2858857548967057e-7
0.387	2.2799831713290705e-7
0.388	2.2741109583222554e-7
0.389	2.268268857502883e-7
0.39	2.2624566911037932e-7
0.391	2.2566742499123153e-7
0.392	2.2509210897311066e-7
0.393	2.245197341672943e-7
0.394	2.2395025942767562e-7
0.395	2.2338364221709037e-7
0.396	2.228198998547694e-7
0.397	2.2225897675070862e-7
0.398	2.217008853145494e-7
0.399	2.2114556926763468e-7
0.4	2.20593050928192e-7
0.401	2.2004328261852633e-7
0.402	2.1949623035086956e-7
0.403	2.1895190626602323e-7
0.404	2.1841027023561816e-7
0.405	2.1787130347216408e-7
0.406	2.1733499187566078e-7
0.40700000000000003	2.1680131339780726e-7
0.40800000000000003	2.1627024817542972e-7
0.40900000000000003	2.1574177664300202e-7
0.41000000000000003	2.1521587990186242e-7
0.41100000000000003	2.1469253919929732e-7
0.41200000000000003	2.1417173596397332e-7
0.41300000000000003	2.1365345180375672e-7
0.41400000000000003	2.1313766850356103e-7
0.41500000000000004	2.126243680232271e-7
0.41600000000000004	2.1211353249543347e-7
0.41700000000000004	2.1160514422363572e-7
0.41800000000000004	2.110991856800359e-7
0.41900000000000004	2.1059563950357972e-7
0.42000000000000004	2.1009448849798396e-7
0.42100000000000004	2.0959571562978955e-7
0.42200000000000004	2.0909930402644366e-7
0.42300000000000004	2.0860523697440806e-7
0.42400000000000004	2.0811349791729405e-7
0.42500000000000004	2.076240704540237e-7
0.42600000000000005	2.0713693833701718e-7
0.427	2.066520854704037e-7
0.428	2.061694959082596e-7
0.429	2.0568915385286922e-7
0.43	2.0521104365301038e-7
0.431	2.047351498022637e-7
0.432	2.0426145693734484e-7
0.433	2.0378994983646012e-7
0.434	2.033206134176841e-7
0.435	2.0285343273736008e-7
0.436	2.0238839298852196e-7
0.437	2.019254794993376e-7
0.438	2.0146467773157355e-7
0.439	2.0100597327908052e-7
0.44	2.005493518662995e-7
0.441	2.0009479934678768e-7
0.442	1.996423017017647e-7
0.443	1.9919184503867809e-7
0.444	1.987434155897881e-7
0.445	1.982969997107716e-7
0.446	1.9785258387934438e-7
0.447	1.974101546939022e-7
0.448	1.96969698872179e-7
0.449	1.9653120324992472e-7
0.45	1.9609465477959835e-7
0.451	1.9566004052908032e-7
0.452	1.9522734768040017e-7
0.453	1.9479656352848246e-7
0.454	1.9436767547990809e-7
0.455	1.9394067105169212e-7
0.456	1.9351553787007805e-7
0.457	1.9309226366934705e-7
0.458	1.9267083629064335e-7
0.459	1.922512436808144e-7
0.46	1.9183347389126672e-7
0.461	1.9141751507683567e-7
0.462	1.9100335549467047e-7
0.463	1.9059098350313347e-7
0.464	1.9018038756071355e-7
0.465	1.8977155622495315e-7
0.466	1.893644781513896e-7
0.467	1.889591420925095e-7
0.468	1.885555368967166e-7
0.46900000000000003	1.8815365150731287e-7
0.47000000000000003	1.8775347496149256e-7
0.47100000000000003	1.8735499638934884e-7
0.47200000000000003	1.8695820501289295e-7
0.47300000000000003	1.8656309014508609e-7
0.47400000000000003	1.8616964118888295e-7
0.47500000000000003	1.8577784763628767e-7
0.47600000000000003	1.85387699067422e-7
0.47700000000000004	1.8499918514960382e-7
0.47800000000000004	1.8461229563643864e-7
0.47900000000000004	1.842270203669217e-7
0.48000000000000004	1.8384334926455106e-7
0.48100000000000004	1.8346127233645232e-7
0.48200000000000004	1.830807796725134e-7
0.48300000000000004	1.8270186144453103e-7
0.48400000000000004	1.8232450790536675e-7
0.48500000000000004	1.819487093881138e-7
0.48600000000000004	1.8157445630527427e-7
0.48700000000000004	1.812017391479466e-7
0.48800000000000004	1.808305484850218e-7
0.48900000000000005	1.804608749623915e-7
0.49	1.8009270930216362e-7
0.491	1.797260423018889e-7
0.492	1.793608648337964e-7
0.493	1.7899716784403836e-7
0.494	1.7863494235194368e-7
0.495	1.782741794492815e-7
0.496	1.7791487029953242e-7
0.497	1.7755700613716947e-7
0.498	1.772005782669469e-7
0.499	1.7684557806319819e-7
0.5	1.76491996969142e-7
0.501	1.761398264961968e-7
0.502	1.7578905822330257e-7
0.503	1.7543968379625264e-7
0.504	1.7509169492703115e-7
0.505	1.747450833931599e-7
0.506	1.7439984103705224e-7
0.507	1.740559597653748e-7
0.508	1.7371343154841677e-7
0.509	1.7337224841946625e-7
0.51	1.7303240247419452e-7
0.511	1.726938858700467e-7
0.512	1.723566908256405e-7
0.513	1.7202080962017084e-7
0.514	1.716862345928225e-7
0.515	1.7135295814218898e-7
0.516	1.71020972725698e-7
0.517	1.706902708590442e-7
0.518	1.7036084511562743e-7
0.519	1.7003268812599904e-7
0.52	1.6970579257731276e-7
0.521	1.6938015121278308e-7
0.522	1.6905575683114967e-7
0.523	1.687326022861473e-7
0.524	1.6841068048598287e-7
0.525	1.6808998439281707e-7
0.526	1.6777050702225316e-7
0.527	1.6745224144283103e-7
0.528	1.6713518077552657e-7
0.529	1.668193181932576e-7
0.53	1.6650464692039458e-7
0.531	1.6619116023227746e-7
0.532	1.6587885145473725e-7
0.533	1.655677139636238e-7
0.534	1.6525774118433814e-7
0.535	1.649489265913704e-7
0.536	1.646412637078429e-7
0.537	1.6433474610505819e-7
0.538	1.6402936740205232e-7
0.539	1.6372512126515277e-7
0.54	1.634220014075413e-7
0.541	1.631200015888224e-7
0.542	1.62819115614595e-7
0.543	1.6251933733603063e-7
0.544	1.6222066064945467e-7
0.545	1.6192307949593327e-7
0.546	1.6162658786086445e-7
0.547	1.6133117977357334e-7
0.548	1.610368493069126e-7
0.549	1.6074359057686617e-7
0.55	1.6045139774215835e-7
0.551	1.601602650038666e-7
0.552	1.5987018660503844e-7
0.553	1.5958115683031253e-7
0.554	1.5929317000554468e-7
0.555	1.5900622049743647e-7
0.556	1.587203027131686e-7
0.557	1.5843541110003884e-7
0.558	1.581515401451025e-7
0.559	1.578686843748177e-7
0.56	1.5758683835469427e-7
0.561	1.57305996688946e-7
0.562	1.5702615402014734e-7
0.5630000000000001	1.5674730502889263e-7
0.5640000000000001	1.564694444334608e-7
0.5650000000000001	1.561925669894808e-7
0.5660000000000001	1.5591666748960271e-7
0.5670000000000001	1.55641740763175e-7
0.5680000000000001	1.5536778167591503e-7
0.5690000000000001	1.5509478512959598e-7
0.5700000000000001	1.5482274606173185e-7
0.5710000000000001	1.545516594452572e-7
0.5720000000000001	1.5428152028822854e-7
0.5730000000000001	1.5401232363350793e-7
0.5740000000000001	1.537440645584709e-7
0.5750000000000001	1.5347673817469572e-7
0.5760000000000001	1.532103396276756e-7
0.5770000000000001	1.5294486409652351e-7
0.5780000000000001	1.526803067936766e-7
0.5790000000000001	1.5241666296461578e-7
0.5800000000000001	1.5215392788757732e-7
0.5810000000000001	1.5189209687327204e-7
0.5820000000000001	1.5163116526460746e-7
0.5830000000000001	1.5137112843641136e-7
0.5840000000000001	1.5111198179515943e-7
0.5850000000000001	1.508537207787046e-7
0.5860000000000001	1.5059634085601057e-7
0.587	1.5033983752688615e-7
0.588	1.50084206321724e-7
0.589	1.4982944280124142e-7
0.59	1.4957554255622337e-7
0.591	1.493225012072688e-7
0.592	1.4907031440453886e-7
0.593	1.488189778275083e-7
0.594	1.4856848718471896e-7
0.595	1.4831883821353567e-7
0.596	1.4807002667990516e-7
0.597	1.4782204837811651e-7
0.598	1.4757489913056497e-7
0.599	1.4732857478751753e-7
0.6	1.4708307122688062e-7
0.601	1.4683838435397107e-7
0.602	1.4659451010128825e-7
0.603	1.4635144442828925e-7
0.604	1.461091833211659e-7
0.605	1.4586772279262415e-7
0.606	1.4562705888166565e-7
0.607	1.4538718765337114e-7
0.608	1.4514810519868675e-7
0.609	1.4490980763421153e-7
0.61	1.446722911019875e-7
0.611	1.4443555176929178e-7
0.612	1.4419958582843074e-7
0.613	1.4396438949653591e-7
0.614	1.4372995901536225e-7
0.615	1.4349629065108826e-7
0.616	1.4326338069411754e-7
0.617	1.4303122545888333e-7
0.618	1.4279982128365394e-7
0.619	1.4256916453034045e-7
0.62	1.4233925158430651e-7
0.621	1.4211007885417961e-7
0.622	1.418816427716641e-7
0.623	1.4165393979135657e-7
0.624	1.4142696639056236e-7
0.625	1.4120071906911406e-7
0.626	1.4097519434919224e-7
0.627	1.407503887751467e-7
0.628	1.4052629891332097e-7
0.629	1.40302921351877e-7
0.63	1.4008025270062268e-7
0.631	1.398582895908401e-7
0.632	1.396370286751162e-7
0.633	1.394164666271746e-7
0.634	1.3919660014170888e-7
0.635	1.389774259342178e-7
0.636	1.387589407408421e-7
0.637	1.3854114131820215e-7
0.638	1.383240244432382e-7
0.639	1.3810758691305116e-7
0.64	1.3789182554474526e-7
0.641	1.3767673717527268e-7
0.642	1.374623186612785e-7
0.643	1.3724856687894788e-7
0.644	1.3703547872385498e-7
0.645	1.3682305111081224e-7
0.646	1.3661128097372177e-7
0.647	1.3640016526542822e-7
0.648	1.3618970095757268e-7
0.649	1.3597988504044766e-7
0.65	1.3577071452285427e-7
0.651	1.355621864319599e-7
0.652	1.3535429781315772e-7
0.653	1.351470457299269e-7
0.654	1.3494042726369494e-7
0.655	1.3473443951370065e-7
0.656	1.3452907959685808e-7
0.657	1.3432434464762285e-7
0.658	1.3412023181785857e-7
0.659	1.3391673827670483e-7
0.66	1.337138612104468e-7
0.661	1.335115978223515e-7
0.662	1.3330994533300352e-7
0.663	1.331089009798645e-7
0.664	1.329084620186864e-7
0.665	1.3270862571448687e-7
0.666	1.325093893526466e-7
0.667	1.323107502553404e-7
0.668	1.3211270570766265e-7
0.669	1.3191525306340565e-7
0.67	1.3171838968933635e-7
0.671	1.3152211291822783e-7
0.672	1.313264201691235e-7
0.673	1.3113130878896155e-7
0.674	1.3093677625688385e-7
0.675	1.3074281993998528e-7
0.676	1.3054943728997443e-7
0.677	1.3035662582842088e-7
0.678	1.3016438293811314e-7
0.679	1.299727061732904e-7
0.68	1.2978159302538502e-7
0.681	1.2959104100622797e-7
0.682	1.294010476614204e-7
0.683	1.2921161049553248e-7
0.684	1.2902272712962676e-7
0.685	1.2883439508350623e-7
0.686	1.2864661197179888e-7
0.687	1.2845937541604856e-7
0.6880000000000001	1.2827268300183392e-7
0.6890000000000001	1.280865323788713e-7
0.6900000000000001	1.2790092119091499e-7
0.6910000000000001	1.277158470918854e-7
0.6920000000000001	1.275313077565357e-7
0.6930000000000001	1.2734730087126273e-7
0.6940000000000001	1.2716382413567682e-7
0.6950000000000001	1.2698087526218585e-7
0.6960000000000001	1.2679845197637182e-7
0.6970000000000001	1.266165520168618e-7
0.6980000000000001	1.2643517313523492e-7
0.6990000000000001	1.262543130959299e-7
0.7000000000000001	1.2607396967615285e-7
0.7010000000000001	1.2589414066578667e-7
0.7020000000000001	1.257148238673005e-7
0.7030000000000001	1.2553601709566065e-7
0.7040000000000001	1.2535771817824153e-7
0.7050000000000001	1.25179924954738e-7
0.7060000000000001	1.2500263527707808e-7
0.7070000000000001	1.2482584700933638e-7
0.7080000000000001	1.246495580276485e-7
0.7090000000000001	1.244737662201262e-7
0.7100000000000001	1.2429846948677287e-7
0.7110000000000001	1.241236657393999e-7
0.7120000000000001	1.2394935290154428e-7
0.7130000000000001	1.2377552890838584e-7
0.714	1.2360219170666628e-7
0.715	1.2342933925460794e-7
0.716	1.2325696952183415e-7
0.717	1.2308508048928942e-7
0.718	1.2291367014916073e-7
0.719	1.2274273650479966e-7
0.72	1.2257227757064442e-7
0.721	1.224022913721436e-7
0.722	1.2223277594567945e-7
0.723	1.2206372933849265e-7
0.724	1.2189514960860742e-7
0.725	1.2172703482475678e-7
0.726	1.215593830663093e-7
0.727	1.2139219242319597e-7
0.728	1.2122546099583718e-7
0.729	1.2105918689507167e-7
0.73	1.2089336824208446e-7
0.731	1.2072800316833655e-7
0.732	1.2056308981549465e-7
0.733	1.2039862633536164e-7
0.734	1.2023461088980756e-7
0.735	1.2007104165070112e-7
0.736	1.1990791679984191e-7
0.737	1.1974523452889306e-7
0.738	1.195829930393143e-7
0.739	1.1942119054229595e-7
0.74	1.192598252586931e-7
0.741	1.1909889541896047e-7
0.742	1.1893839926308765e-7
0.743	1.1877833504053516e-7
0.744	1.1861870101017077e-7
0.745	1.1845949544020634e-7
0.746	1.1830071660813522e-7
0.747	1.1814236280067036e-7
0.748	1.1798443231368246e-7
0.749	1.1782692345213913e-7
0.75	1.1766983453004397e-7
0.751	1.1751316387037687e-7
0.752	1.1735690980503394e-7
0.753	1.1720107067476852e-7
0.754	1.1704564482913269e-7
0.755	1.1689063062641854e-7
0.756	1.1673602643360095e-7
0.757	1.1658183062627993e-7
0.758	1.1642804158862374e-7
0.759	1.1627465771331277e-7
0.76	1.1612167740148325e-7
0.761	1.1596909906267201e-7
0.762	1.1581692111476112e-7
0.763	1.1566514198392339e-7
0.764	1.1551376010456819e-7
0.765	1.153627739192875e-7
0.766	1.152121818788026e-7
0.767	1.1506198244191128e-7
0.768	1.1491217407543483e-7
0.769	1.147627552541664e-7
0.77	1.1461372446081904e-7
0.771	1.1446508018597437e-7
0.772	1.1431682092803153e-7
0.773	1.1416894519315704e-7
0.774	1.1402145149523411e-7
0.775	1.1387433835581337e-7
0.776	1.1372760430406323e-7
0.777	1.1358124787672083e-7
0.778	1.1343526761804366e-7
0.779	1.1328966207976116e-7
0.78	1.1314442982102692e-7
0.781	1.1299956940837092e-7
0.782	1.1285507941565307e-7
0.783	1.1271095842401544e-7
0.784	1.1256720502183678e-7
0.785	1.124238178046858e-7
0.786	1.1228079537527584e-7
0.787	1.1213813634341929e-7
0.788	1.119958393259826e-7
0.789	1.1185390294684186e-7
0.79	1.11712325836838e-7
0.791	1.1157110663373314e-7
0.792	1.1143024398216683e-7
0.793	1.1128973653361259e-7
0.794	1.1114958294633516e-7
0.795	1.1100978188534748e-7
0.796	1.1087033202236859e-7
0.797	1.1073123203578138e-7
0.798	1.1059248061059108e-7
0.799	1.1045407643838381e-7
0.8	1.1031601821728504e-7
0.801	1.1017830465191948e-7
0.802	1.1004093445337e-7
0.803	1.0990390633913778e-7
0.804	1.0976721903310228e-7
0.805	1.0963087126548166e-7
0.806	1.0949486177279357e-7
0.807	1.0935918929781589e-7
0.808	1.0922385258954828e-7
0.809	1.0908885040317362e-7
0.81	1.0895418150001993e-7
0.811	1.0881984464752235e-7
0.812	1.086858386191858e-7
0.8130000000000001	1.085521621945473e-7
0.8140000000000001	1.0841881415913943e-7
0.8150000000000001	1.0828579330445313e-7
0.8160000000000001	1.0815309842790133e-7
0.8170000000000001	1.0802072833278294e-7
0.8180000000000001	1.0788868182824662e-7
0.8190000000000001	1.0775695772925509e-7
0.8200000000000001	1.0762555485654996e-7
0.8210000000000001	1.0749447203661628e-7
0.8220000000000001	1.073637081016478e-7
0.8230000000000001	1.0723326188951206e-7
0.8240000000000001	1.0710313224371629e-7
0.8250000000000001	1.0697331801337308e-7
0.8260000000000001	1.0684381805316643e-7
0.8270000000000001	1.0671463122331816e-7
0.8280000000000001	1.0658575638955444e-7
0.8290000000000001	1.0645719242307265e-7
0.8300000000000001	1.063289382005084e-7
0.8310000000000001	1.0620099260390283e-7
0.8320000000000001	1.0607335452067012e-7
0.8330000000000001	1.0594602284356537e-7
0.8340000000000001	1.0581899647065231e-7
0.8350000000000001	1.0569227430527199e-7
0.8360000000000001	1.055658552560107e-7
0.8370000000000001	1.05439738236669e-7
0.8380000000000001	1.0531392216623063e-7
0.8390000000000001	1.0518840596883136e-7
0.8400000000000001	1.0506318857372867e-7
0.8410000000000001	1.0493826891527101e-7
0.8420000000000001	1.0481364593286786e-7
0.843	1.0468931857095955e-7
0.844	1.0456528577898744e-7
0.845	1.0444154651136447e-7
0.846	1.0431809972744574e-7
0.847	1.0419494439149926e-7
0.848	1.0407207947267722e-7
0.849	1.03949503944987e-7
0.85	1.0382721678726269e-7
0.851	1.0370521698313683e-7
0.852	1.035835035210121e-7
0.853	1.0346207539403364e-7
0.854	1.033409316000609e-7
0.855	1.0322007114164048e-7
0.856	1.0309949302597856e-7
0.857	1.0297919626491376e-7
0.858	1.0285917987489003e-7
0.859	1.027394428769301e-7
0.86	1.0261998429660877e-7
0.861	1.0250080316402638e-7
0.862	1.0238189851378263e-7
0.863	1.0226326938495062e-7
0.864	1.0214491482105088e-7
0.865	1.0202683387002568e-7
0.866	1.0190902558421357e-7
0.867	1.0179148902032379e-7
0.868	1.0167422323941159e-7
0.869	1.0155722730685272e-7
0.87	1.0144050029231892e-7
0.871	1.0132404126975321e-7
0.872	1.0120784931734534e-7
0.873	1.0109192351750753e-7
0.874	1.009762567679254e-7
0.875	1.0086086055833066e-7
0.876	1.0074572777354106e-7
0.877	1.0063085751261928e-7
0.878	1.005162488787315e-7
0.879	1.0040190097912385e-7
0.88	1.0028781292509939e-7
0.881	1.0017398383199488e-7
0.882	1.0006041281915824e-7
0.883	9.994709900992552e-8
0.884	9.983404153159856e-8
0.885	9.972123951542261e-8
0.886	9.960869209656383e-8
0.887	9.949639841408752e-8
0.888	9.938435761093596e-8
0.889	9.927256883390672e-8
0.89	9.916103123363087e-8
0.891	9.904974396455175e-8
0.892	9.893870618490322e-8
0.893	9.882791705668884e-8
0.894	9.87173757456605e-8
0.895	9.860708142129757e-8
0.896	9.849703325678631e-8
0.897	9.838723042899882e-8
0.898	9.827767211847289e-8
0.899	9.816835750939147e-8
0.9	9.805928578956223e-8
0.901	9.795045615039799e-8
0.902	9.784186778689615e-8
0.903	9.773351989761911e-8
0.904	9.76254116846747e-8
0.905	9.751754235369635e-8
0.906	9.740991111382375e-8
0.907	9.730251717768355e-8
0.908	9.719535976137004e-8
0.909	9.708843808442633e-8
0.91	9.698175136982513e-8
0.911	9.687529884395011e-8
0.912	9.676907973657712e-8
0.913	9.66630932808557e-8
0.914	9.655733871329054e-8
0.915	9.64518152737232e-8
0.916	9.63465222053139e-8
0.917	9.624145875452345e-8
0.918	9.613662417109526e-8
0.919	9.603201770803737e-8
0.92	9.592763862160504e-8
0.921	9.58234861712827e-8
0.922	9.571955961976677e-8
0.923	9.561585823294806e-8
0.924	9.551238127989474e-8
0.925	9.540912803283493e-8
0.926	9.530609776713965e-8
0.927	9.520328976130604e-8
0.928	9.510070329694044e-8
0.929	9.499833765874163e-8
0.93	9.48961921344841e-8
0.931	9.479426601500202e-8
0.932	9.469255859417206e-8
0.933	9.459106916889782e-8
0.934	9.448979703909312e-8
0.935	9.438874150766626e-8
0.936	9.428790188050385e-8
0.937	9.418727746645483e-8
0.9380000000000001	9.408686757731495e-8
0.9390000000000001	9.398667152781085e-8
0.9400000000000001	9.388668863558458e-8
0.9410000000000001	9.378691822117821e-8
0.9420000000000001	9.368735960801808e-8
0.9430000000000001	9.35880121224e-8
0.9440000000000001	9.348887509347369e-8
0.9450000000000001	9.338994785322792e-8
0.9460000000000001	9.329122973647522e-8
0.9470000000000001	9.319272008083737e-8
0.9480000000000001	9.309441822673013e-8
0.9490000000000001	9.299632351734906e-8
0.9500000000000001	9.289843529865435e-8
0.9510000000000001	9.280075291935668e-8
0.9520000000000001	9.270327573090257e-8
0.9530000000000001	9.260600308746012e-8
0.9540000000000001	9.250893434590476e-8
0.9550000000000001	9.241206886580505e-8
0.9560000000000001	9.231540600940846e-8
0.9570000000000001	9.221894514162777e-8
0.9580000000000001	9.212268563002669e-8
0.9590000000000001	9.202662684480631e-8
0.9600000000000001	9.193076815879142e-8
0.9610000000000001	9.183510894741667e-8
0.9620000000000001	9.173964858871308e-8
0.9630000000000001	9.164438646329468e-8
0.9640000000000001	9.154932195434495e-8
0.9650000000000001	9.145445444760359e-8
0.9660000000000001	9.135978333135329e-8
0.9670000000000001	9.126530799640664e-8
0.9680000000000001	9.117102783609286e-8
0.9690000000000001	9.107694224624515e-8
0.97	9.098305062518749e-8
0.971	9.088935237372188e-8
0.972	9.079584689511575e-8
0.973	9.070253359508917e-8
0.974	9.060941188180223e-8
0.975	9.051648116584259e-8
0.976	9.042374086021315e-8
0.977	9.033119038031944e-8
0.978	9.023882914395752e-8
0.979	9.014665657130177e-8
0.98	9.005467208489274e-8
0.981	8.996287510962502e-8
0.982	8.987126507273536e-8
0.983	8.977984140379075e-8
0.984	8.96886035346764e-8
0.985	8.959755089958434e-8
0.986	8.950668293500138e-8
0.987	8.941599907969754e-8
0.988	8.932549877471478e-8
0.989	8.923518146335516e-8
0.99	8.914504659117437e-8
0.991	8.905509360605956e-8
0.992	8.896532195826068e-8
0.993	8.887573110083665e-8
0.994	8.878632048983874e-8
0.995	8.869708958232329e-8
0.996	8.86080378382023e-8
0.997	8.851916471917273e-8
0.998	8.843046968640323e-8
0.999	8.83419522059103e-8
1.	8.825361174253269e-8