0.	0.
0.0005	12772.264418781524
0.001	25544.52879178793
0.0015	38316.793079278155
0.002	51089.05724191967
0.0025	63861.32124045445
0.003	76633.58503566943
0.0035	89405.84858841963
0.004	102178.11185961534
0.0045000000000000005	114950.37481023232
0.005	127722.63740129772
0.0055	140494.89959390688
0.006	153267.16134921022
0.006500000000000001	166039.42262840964
0.007	178811.683392797
0.0075	191583.94360368204
0.008	204356.20322246064
0.0085	217128.46221058653
0.009000000000000001	229900.72052957243
0.0095	242672.9781409902
0.01	255445.2350064721
0.0105	268217.4910877146
0.011	280989.74634647334
0.0115	293762.00074455654
0.012	306534.25424385205
0.0125	319306.5068062928
0.013000000000000001	332078.7583927632
0.0135	344851.0089080956
0.014	357623.25827222713
0.0145	370395.5064468106
0.015	383167.75339641504
0.0155	395939.99908656377
0.016	408712.2434837337
0.0165	421484.4865553894
0.017	434256.7282699384
0.0175	447028.9685967607
0.018000000000000002	459801.20750620635
0.0185	472573.44496958365
0.019	485345.68095915805
0.0195	498117.915448179
0.02	510890.148410844
0.0205	523662.37982231664
0.021	536434.6096587292
0.021500000000000002	549206.8378971748
0.022	561979.0645157102
0.0225	574751.2894933581
0.023	587523.5128101046
0.0235	600295.7344468983
0.024	613067.9543856513
0.0245	625840.1726092463
0.025	638612.3891015162
0.025500000000000002	651384.6038472658
0.026000000000000002	664156.8168322687
0.0265	676929.028046871
0.027	689701.2373864171
0.0275	702473.4448086728
0.028	715245.6503050654
0.0285	728017.8538690405
0.029	740790.0554960609
0.029500000000000002	753562.255183602
0.03	766334.4529311602
0.0305	779106.6487402656
0.031	791878.8426144357
0.0315	804651.0345592177
0.032	817423.224582178
0.0325	830195.4126929108
0.033	842967.5989029971
0.0335	855739.7832260556
0.034	868511.9656777054
0.0345	881284.146275599
0.035	894056.325039384
0.035500000000000004	906828.5019907416
0.036000000000000004	919600.6771533367
0.0365	932372.8505528702
0.037	945145.022217046
0.0375	957917.1921755847
0.038	970689.3604602175
0.0385	983461.5271046794
0.039	996233.692144723
0.0395	1.009005855613396e6
0.04	1.0217780175797143e6
0.0405	1.0345501781071328e6
0.041	1.047322337238856e6
0.0415	1.06009449501968e6
0.042	1.0728666514960078e6
0.0425	1.0856388067158312e6
0.043000000000000003	1.0984109607287482e6
0.043500000000000004	1.1111831135859627e6
0.044	1.1239552653402619e6
0.0445	1.1367274160460378e6
0.045	1.1494995657592884e6
0.0455	1.1622717145375803e6
0.046	1.1750438624401041e6
0.0465	1.1878160095276353e6
0.047	1.2005881558625428e6
0.0475	1.213360301508791e6
0.048	1.2261324465319323e6
0.0485	1.2389045909991178e6
0.049	1.251676734979091e6
0.0495	1.2644488785421909e6
0.05	1.2772210217603252e6
0.0505	1.2899931647070192e6
0.051000000000000004	1.3027653074573667e6
0.051500000000000004	1.3155374500880723e6
0.052000000000000005	1.3283095926774011e6
0.0525	1.3410817352885169e6
0.053	1.3538538780135447e6
0.0535	1.3666260210170725e6
0.054	1.3793981643833e6
0.0545	1.3921703081973062e6
0.055	1.4049424525450876e6
0.0555	1.4177145975135793e6
0.056	1.4304867431906443e6
0.0565	1.4432588896650556e6
0.057	1.4560310370265257e6
0.0575	1.4688031853656939e6
0.058	1.4815753347741193e6
0.0585	1.4943474853442893e6
0.059000000000000004	1.507119637169611e6
0.059500000000000004	1.51989179034442e6
0.06	1.532663944963983e6
0.0605	1.5454361011244855e6
0.061	1.5582082589230326e6
0.0615	1.5709804184576634e6
0.062	1.5837525798273406e6
0.0625	1.596524743131934e6
0.063	1.6092969084722572e6
0.0635	1.622069075950038e6
0.064	1.6348412456679256e6
0.0645	1.6476134177295016e6
0.065	1.6603855922392528e6
0.0655	1.6731577693042865e6
0.066	1.6859299491874333e6
0.0665	1.6987021323384703e6
0.067	1.7114743188750397e6
0.0675	1.724246508895892e6
0.068	1.737018702496222e6
0.0685	1.7497908997676081e6
0.069	1.762563100798059e6
0.0695	1.7753353056720195e6
0.07	1.7881075144703372e6
0.07050000000000001	1.8008797272702907e6
0.07100000000000001	1.8136519441455754e6
0.07150000000000001	1.8264241651663203e6
0.07200000000000001	1.8391963903990856e6
0.0725	1.851968619906839e6
0.073	1.8647408537490088e6
0.0735	1.877513091981419e6
0.074	1.8902853346563538e6
0.0745	1.9030575818225164e6
0.075	1.915829833525042e6
0.0755	1.928602089805513e6
0.076	1.941374350701929e6
0.0765	1.9541466162487413e6
0.077	1.96691888647683e6
0.0775	1.9796911614135145e6
0.078	1.992463441082549e6
0.0785	2.005235725503143e6
0.079	2.0180080145887884e6
0.0795	2.030780307989172e6
0.08	2.0435526056617275e6
0.0805	2.0563249076220086e6
0.081	2.069097213886576e6
0.0815	2.0818695244730145e6
0.082	2.0946418393999194e6
0.0825	2.107414158686896e6
0.083	2.120186482354585e6
0.0835	2.132958810424628e6
0.084	2.1457311429196815e6
0.0845	2.1585034798634336e6
0.085	2.171275821280569e6
0.0855	2.184048167196805e6
0.08600000000000001	2.1968205176388626e6
0.08650000000000001	2.209592872634493e6
0.08700000000000001	2.2223652322124406e6
0.08750000000000001	2.235137596402476e6
0.088	2.247909965235402e6
0.0885	2.2606823387430124e6
0.089	2.2734547169581493e6
0.0895	2.2862270999146225e6
0.09	2.298999487647299e6
0.0905	2.3117718801920507e6
0.091	2.3245442775857495e6
0.0915	2.3373166798663074e6
0.092	2.350089087154985e6
0.0925	2.362861499593286e6
0.093	2.3756339172191177e6
0.0935	2.3884063400705145e6
0.094	2.4011787681849087e6
0.0945	2.4139512015991453e6
0.095	2.4267236403494915e6
0.0955	2.439496084471602e6
0.096	2.452268534000571e6
0.0965	2.465040988970871e6
0.097	2.4778134494164097e6
0.0975	2.4905859153704843e6
0.098	2.5033583868658254e6
0.0985	2.5161308639345635e6
0.099	2.5289033466082234e6
0.0995	2.541675834917769e6
0.1	2.554448328893551e6
0.1005	2.567220828565347e6
0.101	2.5799933339623297e6
0.1015	2.5927658451130926e6
0.10200000000000001	2.6055383620456355e6
0.10250000000000001	2.61831088478737e6
0.10300000000000001	2.6310834133651215e6
0.10350000000000001	2.6438559478051164e6
0.10400000000000001	2.6566284881329997e6
0.1045	2.6694010343738263e6
0.105	2.682173586522563e6
0.1055	2.694946144534591e6
0.106	2.7077187084447443e6
0.1065	2.7204912782776207e6
0.107	2.73326385405798e6
0.1075	2.7460364358107564e6
0.108	2.7588090235610586e6
0.1085	2.771581617334179e6
0.109	2.7843542171555804e6
0.1095	2.79712682305091e6
0.11	2.8098994350459985e6
0.1105	2.8226720531668356e6
0.111	2.8354446774396063e6
0.1115	2.848217307890669e6
0.112	2.860989944546556e6
0.1125	2.873762587433978e6
0.113	2.8865352365798354e6
0.1135	2.8993078920111894e6
0.114	2.912080553755284e6
0.1145	2.924853221839561e6
0.115	2.937625896291611e6
0.1155	2.9503985771392146e6
0.116	2.9631712644103384e6
0.1165	2.975943958133115e6
0.117	2.9887166583358687e6
0.11750000000000001	3.001489365047085e6
0.11800000000000001	3.0142620782969543e6
0.11850000000000001	3.02703479813271e6
0.11900000000000001	3.039807524611707e6
0.11950000000000001	3.0525802577644256e6
0.12	3.0653529976191986e6
0.1205	3.0781257442041175e6
0.121	3.090898497546994e6
0.1215	3.103671257675398e6
0.122	3.116444024616625e6
0.1225	3.129216798397736e6
0.123	3.1419895790454983e6
0.1235	3.1547623665864575e6
0.124	3.1675351610468724e6
0.1245	3.1803079624527525e6
0.125	3.193080770829858e6
0.1255	3.2058535862036683e6
0.126	3.2186264085994284e6
0.1265	3.2313992380421124e6
0.127	3.244172074556435e6
0.1275	3.2569449181668567e6
0.128	3.2697177688975777e6
0.1285	3.2824906267725467e6
0.129	3.295263491815435e6
0.1295	3.3080363640496726e6
0.13	3.3208092434984324e6
0.1305	3.3335821301846276e6
0.131	3.346355024134383e6
0.1315	3.359127925449004e6
0.132	3.371900834231496e6
0.1325	3.384673750514348e6
0.133	3.397446674315464e6
0.1335	3.410219605650923e6
0.134	3.4229925445350474e6
0.1345	3.435765490980332e6
0.135	3.448538444997479e6
0.1355	3.461311406595401e6
0.136	3.4740843757811957e6
0.1365	3.48685735256018e6
0.137	3.4996303369358596e6
0.1375	3.512403328909949e6
0.138	3.5251763284823555e6
0.1385	3.537949335651195e6
0.139	3.5507223504127795e6
0.1395	3.5634953727616244e6
0.14	3.576268402690455e6
0.1405	3.5890414401901904e6
0.14100000000000001	3.6018144852499347e6
0.14150000000000001	3.614587537857019e6
0.14200000000000002	3.6273605979969664e6
0.14250000000000002	3.640133665653501e6
0.14300000000000002	3.6529067408085363e6
0.14350000000000002	3.6656798234422035e6
0.14400000000000002	3.678452913532814e6
0.1445	3.6912260110423006e6
0.145	3.7039991159089035e6
0.1455	3.716772228090334e6
0.146	3.7295453475588723e6
0.1465	3.742318474285592e6
0.147	3.755091608240334e6
0.1475	3.7678647493917467e6
0.148	3.780637897707245e6
0.1485	3.7934110531530282e6
0.149	3.806184215694077e6
0.1495	3.818957385294175e6
0.15	3.8317305619158647e6
0.1505	3.844503745520483e6
0.151	3.8572769360681484e6
0.1515	3.870050133517766e6
0.152	3.882823337827028e6
0.1525	3.895596548952383e6
0.153	3.908369766849098e6
0.1535	3.9211429914711956e6
0.154	3.9339162227715035e6
0.1545	3.9466894607016183e6
0.155	3.95946270521191e6
0.1555	3.9722359562515533e6
0.156	3.985009213768491e6
0.1565	3.9977824777094536e6
0.157	4.0105557480199486e6
0.1575	4.023329024211122e6
0.158	4.0361023053625296e6
0.1585	4.048875591430798e6
0.159	4.061648882383615e6
0.1595	4.074422178198221e6
0.16	4.08719547886195e6
0.1605	4.0999687843722715e6
0.161	4.112742094736768e6
0.1615	4.125515409973164e6
0.162	4.1382887301092846e6
0.1625	4.1510620551830973e6
0.163	4.163835385242711e6
0.1635	4.176608720346349e6
0.164	4.189382060562381e6
0.1645	4.2021554059693245e6
0.165	4.214928756655852e6
0.1655	4.227702112720773e6
0.166	4.240475474273071e6
0.1665	4.253248841431871e6
0.167	4.266022214326495e6
0.1675	4.278795593096435e6
0.168	4.291568977891358e6
0.1685	4.30434236887113e6
0.169	4.317115766205827e6
0.1695	4.329889170075715e6
0.17	4.342662580671295e6
0.1705	4.3554359990686765e6
0.171	4.368209429410339e6
0.1715	4.380982872335694e6
0.17200000000000001	4.393756327979732e6
0.17250000000000001	4.406529796442924e6
0.17300000000000001	4.419303277789585e6
0.17350000000000002	4.4320767720478745e6
0.17400000000000002	4.444850279209776e6
0.17450000000000002	4.4576237992310915e6
0.17500000000000002	4.4703973320314335e6
0.17550000000000002	4.483170877494223e6
0.176	4.4959444354667105e6
0.1765	4.508718005759943e6
0.177	4.521491588148825e6
0.1775	4.53426518237209e6
0.178	4.54703878813235e6
0.1785	4.559812405096091e6
0.179	4.572586032893713e6
0.1795	4.585359671119564e6
0.18	4.598133319331974e6
0.1805	4.610906977053263e6
0.181	4.623680643769827e6
0.1815	4.636454318932143e6
0.182	4.649228001954846e6
0.1825	4.662001692216783e6
0.183	4.674775389061013e6
0.1835	4.687549091134325e6
0.184	4.700322791817725e6
0.1845	4.713096489085107e6
0.185	4.725870182297695e6
0.1855	4.738643870825308e6
0.186	4.751417554070563e6
0.1865	4.764191231468849e6
0.187	4.776964902488271e6
0.1875	4.789738566629573e6
0.188	4.802512223426157e6
0.1885	4.8152858724439945e6
0.189	4.828059513281608e6
0.1895	4.840833145570048e6
0.19	4.8536067689728495e6
0.1905	4.866380383186035e6
0.191	4.879153987938058e6
0.1915	4.891927582989815e6
0.192	4.904701168134642e6
0.1925	4.917474743198264e6
0.193	4.930248308038836e6
0.1935	4.943021862546922e6
0.194	4.955795406645493e6
0.1945	4.9685689402899165e6
0.195	4.9813424634680385e6
0.1955	4.994115976200108e6
0.196	5.006889478538847e6
0.1965	5.019662970599179e6
0.197	5.032436455661097e6
0.1975	5.045209935996781e6
0.198	5.057983411732491e6
0.1985	5.070756882964128e6
0.199	5.083530349773594e6
0.1995	5.096303812228784e6
0.2	5.1090772703835815e6
0.2005	5.121850724277842e6
0.201	5.134624173937382e6
0.2015	5.1473976193739725e6
0.202	5.160171060585346e6
0.2025	5.172944497555165e6
0.203	5.185717930253026e6
0.20350000000000001	5.19849135863446e6
0.20400000000000001	5.211264782640891e6
0.20450000000000002	5.224038202199692e6
0.20500000000000002	5.236811617224119e6
0.20550000000000002	5.249585027613345e6
0.20600000000000002	5.262358433252427e6
0.20650000000000002	5.275131834012322e6
0.20700000000000002	5.28790522974987e6
0.20750000000000002	5.300678620307816e6
0.20800000000000002	5.313452005514759e6
0.2085	5.326225385185195e6
0.209	5.338998759119481e6
0.2095	5.351772127103868e6
0.21	5.364545488362952e6
0.2105	5.377318841379154e6
0.211	5.39009218527632e6
0.2115	5.402865519817245e6
0.212	5.415638844781355e6
0.2125	5.428412159955623e6
0.213	5.441185465134573e6
0.2135	5.453958760120301e6
0.214	5.4667320447224425e6
0.2145	5.479505318758219e6
0.215	5.492278582052411e6
0.2155	5.505051834437365e6
0.216	5.517825075753006e6
0.2165	5.530598305846839e6
0.217	5.543371524573964e6
0.2175	5.556144731797034e6
0.218	5.568917927386317e6
0.2185	5.581691111219647e6
0.219	5.594464283182476e6
0.2195	5.607237443167824e6
0.22	5.620010591076329e6
0.2205	5.632783726816213e6
0.221	5.645556850303297e6
0.2215	5.658329961461019e6
0.222	5.671103060220415e6
0.2225	5.683876146520113e6
0.223	5.696649220349955e6
0.2235	5.7094222819422595e6
0.224	5.7221953315856e6
0.2245	5.734968369258329e6
0.225	5.747741394922347e6
0.2255	5.760514408541286e6
0.226	5.773287410080493e6
0.2265	5.786060399507062e6
0.227	5.798833376789813e6
0.2275	5.811606341899269e6
0.228	5.824379294807728e6
0.2285	5.8371522354891775e6
0.229	5.849925163919358e6
0.2295	5.862698080075729e6
0.23	5.875470983937493e6
0.2305	5.8882438754855655e6
0.231	5.901016754702611e6
0.2315	5.913789621573009e6
0.232	5.926562476082875e6
0.2325	5.939335318220063e6
0.233	5.952108147974153e6
0.2335	5.96488096533645e6
0.234	5.977653770300006e6
0.23450000000000001	5.990426562859584e6
0.23500000000000001	6.003199343011681e6
0.23550000000000001	6.015972110754556e6
0.23600000000000002	6.028744866069241e6
0.23650000000000002	6.041517608784811e6
0.23700000000000002	6.05429033893713e6
0.23750000000000002	6.067063056544391e6
0.23800000000000002	6.079835761618014e6
0.23850000000000002	6.092608454172484e6
0.23900000000000002	6.105381134225308e6
0.23950000000000002	6.118153801797052e6
0.24	6.130926456911306e6
0.2405	6.143699099594715e6
0.241	6.156471729876955e6
0.2415	6.169244347790749e6
0.242	6.182016953371855e6
0.2425	6.194789546659073e6
0.243	6.207562127694235e6
0.2435	6.220334696522239e6
0.244	6.233107253190978e6
0.2445	6.245879797751416e6
0.245	6.258652330257551e6
0.2455	6.271424850766415e6
0.246	6.284197359338079e6
0.2465	6.2969698560356395e6
0.247	6.309742340925247e6
0.2475	6.322514814076097e6
0.248	6.3352872755603865e6
0.2485	6.34805972545339e6
0.249	6.360832163835846e6
0.2495	6.373604590972189e6
0.25	6.386377007209286e6
0.2505	6.399149412665553e6
0.251	6.411921807421593e6
0.2515	6.4246941915567815e6
0.252	6.437466565149285e6
0.2525	6.450238928276029e6
0.253	6.463011281012752e6
0.2535	6.475783623433942e6
0.254	6.4885559556128895e6
0.2545	6.501328277621678e6
0.255	6.514100589531136e6
0.2555	6.52687289141091e6
0.256	6.5396451833294e6
0.2565	6.552417465353815e6
0.257	6.565189737550118e6
0.2575	6.577961999983082e6
0.258	6.59073425271623e6
0.2585	6.603506495811899e6
0.259	6.616278729331191e6
0.2595	6.629050953333989e6
0.26	6.641823167878972e6
0.2605	6.654595373023583e6
0.261	6.667367568824052e6
0.2615	6.680139755335402e6
0.262	6.69291193261143e6
0.2625	6.70568410059371e6
0.263	6.718456259145533e6
0.2635	6.731228408308964e6
0.264	6.744000548139254e6
0.2645	6.756772678693142e6
0.265	6.769544800028858e6
0.2655	6.782316912206156e6
0.266	6.795089015286271e6
0.2665	6.807861109331967e6
0.267	6.820633194407473e6
0.2675	6.833405270578553e6
0.268	6.84617733791245e6
0.2685	6.858949396477927e6
0.269	6.871721446345225e6
0.2695	6.88449348758611e6
0.27	6.897265520273831e6
0.2705	6.910037544483156e6
0.271	6.922809560290334e6
0.2715	6.935581567773137e6
0.272	6.948353567010827e6
0.2725	6.961125558084163e6
0.273	6.973897541075415e6
0.2735	6.986669516068344e6
0.274	6.999441483148234e6
0.2745	7.0122134424018385e6
0.275	7.0249853939174395e6
0.2755	7.037757337868525e6
0.276	7.0505292747066915e6
0.2765	7.06330120459697e6
0.277	7.076073127624483e6
0.2775	7.088845043871294e6
0.278	7.101616953416413e6
0.2785	7.11438885633581e6
0.279	7.127160752702394e6
0.2795	7.139932642586024e6
0.28	7.152704526053505e6
0.2805	7.165476403168609e6
0.281	7.178248273992033e6
0.28150000000000003	7.191020138581438e6
0.28200000000000003	7.203791996991434e6
0.28250000000000003	7.216563849273571e6
0.28300000000000003	7.22933569547637e6
0.28350000000000003	7.242107535645279e6
0.28400000000000003	7.254879369822711e6
0.28450000000000003	7.267651198048017e6
0.28500000000000003	7.280423020357524e6
0.28550000000000003	7.2931948367844755e6
0.28600000000000003	7.305966647359097e6
0.28650000000000003	7.3187384521085555e6
0.28700000000000003	7.331510251056954e6
0.28750000000000003	7.344282044225378e6
0.28800000000000003	7.357053831631836e6
0.2885	7.3698256132522505e6
0.289	7.382597388782458e6
0.2895	7.395369158194537e6
0.29	7.408140921501544e6
0.2905	7.420912678716602e6
0.291	7.433684429853254e6
0.2915	7.446456174925426e6
0.292	7.459227913947451e6
0.2925	7.471999646934046e6
0.293	7.484771373900344e6
0.2935	7.497543094861882e6
0.294	7.510314809834568e6
0.2945	7.523086518834736e6
0.295	7.53585822187911e6
0.2955	7.548629918984814e6
0.296	7.561401610169361e6
0.2965	7.57417329545069e6
0.297	7.586944974847114e6
0.2975	7.59971664837735e6
0.298	7.612488316060529e6
0.2985	7.625259977916166e6
0.299	7.638031633964187e6
0.2995	7.650803284224913e6
0.3	7.663574928719064e6
0.3005	7.676346567467767e6
0.301	7.68911820049254e6
0.3015	7.701889827815311e6
0.302	7.714661449548612e6
0.3025	7.727433065971395e6
0.303	7.740204677118783e6
0.3035	7.752976283007309e6
0.304	7.765747883650729e6
0.3045	7.778519479060022e6
0.305	7.791291069243409e6
0.3055	7.804062654206312e6
0.306	7.816834233951409e6
0.3065	7.82960580847858e6
0.307	7.842377377784954e6
0.3075	7.855148941864856e6
0.308	7.867920500709864e6
0.3085	7.88069205430877e6
0.309	7.893463602647583e6
0.3095	7.906235145709552e6
0.31	7.919006683475128e6
0.3105	7.931778215922012e6
0.311	7.94454974302509e6
0.3115	7.9573212647565035e6
0.312	7.97009278108559e6
0.3125	7.982864291978919e6
0.313	7.995635797400268e6
0.3135	8.008407296431546e6
0.314	8.021178791373004e6
0.3145	8.033950280416402e6
0.315	8.046721748700858e6
0.3155	8.059493174064411e6
0.316	8.072264552392848e6
0.3165	8.085035879537674e6
0.317	8.097807151222124e6
0.3175	8.110578363042796e6
0.318	8.123349510471262e6
0.3185	8.13612058885574e6
0.319	8.148891593422779e6
0.3195	8.161662519279002e6
0.32	8.174433361474064e6
0.3205	8.187204114805863e6
0.321	8.199974774070085e6
0.3215	8.212745333919709e6
0.322	8.225515788898344e6
0.3225	8.23828613344217e6
0.323	8.251056361881919e6
0.3235	8.263826468444939e6
0.324	8.276596447257157e6
0.3245	8.289366292345142e6
0.325	8.302135997638155e6
0.3255	8.31490555697021e6
0.326	8.327674964082077e6
0.3265	8.34044421262343e6
0.327	8.353213296154846e6
0.3275	8.365982208149922e6
0.328	8.378750942042129e6
0.3285	8.39151949171336e6
0.329	8.40428785055933e6
0.3295	8.417056011713633e6
0.33	8.429823968226178e6
0.3305	8.442591713065218e6
0.331	8.455359239119409e6
0.3315	8.46812653919978e6
0.332	8.4808936060418e6
0.3325	8.493660432307355e6
0.333	8.506427010586722e6
0.3335	8.51919333340055e6
0.334	8.531959393201824e6
0.3345	8.544725182377793e6
0.335	8.557490693251897e6
0.3355	8.570255918085653e6
0.336	8.583020849080568e6
0.3365	8.595785478379985e6
0.337	8.60854979807093e6
0.3375	8.621313800185919e6
0.338	8.634077476704793e6
0.3385	8.646840819556454e6
0.339	8.659603820620643e6
0.3395	8.672366471729659e6
0.34	8.685128764670083e6
0.3405	8.69789069118442e6
0.341	8.710652242896505e6
0.3415	8.723413409305558e6
0.342	8.736174181063272e6
0.3425	8.748934549799602e6
0.343	8.761694507137084e6
0.3435	8.774454044692436e6
0.34400000000000003	8.78721315407807e6
0.34450000000000003	8.799971826903665e6
0.34500000000000003	8.812730054777592e6
0.34550000000000003	8.825487829308439e6
0.34600000000000003	8.838245142106393e6
0.34650000000000003	8.85100198478469e6
0.34700000000000003	8.863758348960977e6
0.34750000000000003	8.876514226258652e6
0.34800000000000003	8.889269608308218e6
0.34850000000000003	8.902024486748548e6
0.34900000000000003	8.914778853228167e6
0.34950000000000003	8.927532699406514e6
0.35000000000000003	8.940286016955107e6
0.35050000000000003	8.953038797558773e6
0.35100000000000003	8.96579103291679e6
0.35150000000000003	8.978542714744013e6
0.352	8.991293834771985e6
0.3525	9.004044384750022e6
0.353	9.016794356446236e6
0.3535	9.029543741648601e6
0.354	9.042292532185365e6
0.3545	9.055040720424857e6
0.355	9.067788298458965e6
0.3555	9.080535258152561e6
0.356	9.093281591387963e6
0.3565	9.106027290065775e6
0.357	9.11877234610575e6
0.3575	9.131516751447624e6
0.358	9.144260498051897e6
0.3585	9.157003577900616e6
0.359	9.169745982998142e6
0.3595	9.182487705371855e6
0.36	9.195228737072904e6
0.3605	9.207969070176853e6
0.361	9.220708696784388e6
0.3615	9.233447609021937e6
0.362	9.246185799042283e6
0.3625	9.258923259025235e6
0.363	9.271659981178131e6
0.3635	9.284395957736468e6
0.364	9.297131180964414e6
0.3645	9.309865643155351e6
0.365	9.322599336632384e6
0.3655	9.335332253748827e6
0.366	9.348064386888677e6
0.3665	9.360795728467103e6
0.367	9.373526270946052e6
0.3675	9.386256007130746e6
0.368	9.398984929661252e6
0.3685	9.4117130310741e6
0.369	9.424440303934745e6
0.3695	9.43716674083799e6
0.37	9.44989233440829e6
0.3705	9.462617077300107e6
0.371	9.475340962198215e6
0.3715	9.488063981818015e6
0.372	9.500786128905797e6
0.3725	9.51350739623908e6
0.373	9.526227776626797e6
0.3735	9.538947262909608e6
0.374	9.551665847960098e6
0.3745	9.564383524683036e6
0.375	9.57710028601558e6
0.3755	9.589816124927457e6
0.376	9.6025310344212e6
0.3765	9.615245007532278e6
0.377	9.627958037329322e6
0.3775	9.64067011691424e6
0.378	9.653381239422388e6
0.3785	9.666091398022719e6
0.379	9.678800585917894e6
0.3795	9.691508796344416e6
0.38	9.704216022582412e6
0.3805	9.716922258126786e6
0.381	9.729627496388204e6
0.3815	9.74233173073524e6
0.382	9.755034955140145e6
0.3825	9.76773716191686e6
0.383	9.78043834507704e6
0.3835	9.793138498117186e6
0.384	9.805837614565926e6
0.3845	9.818535687984074e6
0.385	9.831232711964644e6
0.3855	9.843928680132905e6
0.386	9.856623586146405e6
0.3865	9.869317423694953e6
0.387	9.882010186500676e6
0.3875	9.89470186831801e6
0.388	9.90739246293367e6
0.3885	9.920081964166699e6
0.389	9.93277036586842e6
0.3895	9.945457661922421e6
0.39	9.958143846244562e6
0.3905	9.970828912782919e6
0.391	9.983512855517764e6
0.3915	9.996195668461539e6
0.392	1.000887734565882e7
0.3925	1.0021557881186245e7
0.393	1.0034237269169385e7
0.3935	1.0046915504186118e7
0.394	1.0059592580597429e7
0.3945	1.0072268492597735e7
0.395	1.008494323440756e7
0.3955	1.0097616800273484e7
0.396	1.0110289184468053e7
0.3965	1.0122960381289745e7
0.397	1.013563038506287e7
0.3975	1.014829919013753e7
0.398	1.0160966790889535e7
0.3985	1.017363318172029e7
0.399	1.018629835705677e7
0.3995	1.0198962311351389e7
0.4	1.0211625039081948e7
0.4005	1.0224286534751529e7
0.401	1.0236946792888412e7
0.4015	1.0249605808045981e7
0.402	1.0262263574802646e7
0.4025	1.0274920087761704e7
0.403	1.028757534155129e7
0.4035	1.0300229330824258e7
0.404	1.0312882050258057e7
0.4045	1.0325533494554674e7
0.405	1.0338183658440484e7
0.4055	1.0350832536666185e7
0.406	1.0363480124003261e7
0.40650000000000003	1.0376126414990982e7
0.40700000000000003	1.0388771404292194e7
0.40750000000000003	1.040141508675988e7
0.40800000000000003	1.041405745727452e7
0.40850000000000003	1.0426698510743957e7
0.40900000000000003	1.0439338242103307e7
0.40950000000000003	1.045197664631481e7
0.41000000000000003	1.0464613718367737e7
0.41050000000000003	1.0477249453278258e7
0.41100000000000003	1.0489883846089326e7
0.41150000000000003	1.0502516891870538e7
0.41200000000000003	1.0515148585718045e7
0.41250000000000003	1.0527778922754403e7
0.41300000000000003	1.0540407898128463e7
0.41350000000000003	1.055303550701524e7
0.41400000000000003	1.0565661744615793e7
0.41450000000000004	1.0578286606157096e7
0.41500000000000004	1.0590910086891927e7
0.41550000000000004	1.0603532182098713e7
0.41600000000000004	1.0616152887081444e7
0.4165	1.0628772197169516e7
0.417	1.0641390107717609e7
0.4175	1.0654006614105575e7
0.418	1.066662171173829e7
0.4185	1.0679235396045558e7
0.419	1.0691847662481941e7
0.4195	1.0704458506922696e7
0.42	1.0717067925304005e7
0.4205	1.0729675913143344e7
0.421	1.074228246597492e7
0.4215	1.075488757934981e7
0.422	1.0767491248835856e7
0.4225	1.0780093470017508e7
0.423	1.0792694238495752e7
0.4235	1.0805293549887924e7
0.424	1.0817891399827644e7
0.4245	1.0830487783964673e7
0.425	1.0843082697964776e7
0.4255	1.0855676137509625e7
0.426	1.0868268098296668e7
0.4265	1.0880858576038994e7
0.427	1.0893447566465229e7
0.4275	1.0906035065319415e7
0.428	1.0918621068360861e7
0.4285	1.093120557136407e7
0.429	1.0943788570118565e7
0.4295	1.0956370060428811e7
0.43	1.096895003811406e7
0.4305	1.0981528499008257e7
0.431	1.0994105438959928e7
0.4315	1.100668085383201e7
0.432	1.1019254739501782e7
0.4325	1.1031827091946306e7
0.433	1.1044397907264758e7
0.4335	1.1056967181380974e7
0.434	1.106953491022262e7
0.4345	1.1082101089728583e7
0.435	1.1094665715848846e7
0.4355	1.1107228784544395e7
0.436	1.1119790291787086e7
0.4365	1.1132350233559519e7
0.437	1.114490860585494e7
0.4375	1.1157465404677117e7
0.438	1.117002062604022e7
0.4385	1.1182574265968708e7
0.439	1.1195126320497226e7
0.4395	1.1207676785670454e7
0.44	1.1220225657543046e7
0.4405	1.1232772932179455e7
0.441	1.1245318605653875e7
0.4415	1.125786267405008e7
0.442	1.1270405133461343e7
0.4425	1.1282945979990317e7
0.443	1.1295485209748892e7
0.4435	1.130802281885812e7
0.444	1.1320558803448096e7
0.4445	1.1333093159657827e7
0.445	1.1345625883635126e7
0.4455	1.1358156971796729e7
0.446	1.1370686421588724e7
0.4465	1.1383214229342826e7
0.447	1.1395740391210545e7
0.4475	1.140826490333666e7
0.448	1.1420787761859093e7
0.4485	1.1433308962908803e7
0.449	1.1445828502609652e7
0.4495	1.1458346377078258e7
0.45	1.1470862582423933e7
0.4505	1.148337711474846e7
0.451	1.1495889970146054e7
0.4515	1.1508401144703185e7
0.452	1.1520910634498438e7
0.4525	1.1533418435602408e7
0.453	1.1545924543149747e7
0.4535	1.1558428955077e7
0.454	1.1570931666475033e7
0.4545	1.1583432673381073e7
0.455	1.1595931971823657e7
0.4555	1.1608429557822494e7
0.456	1.1620925427388335e7
0.4565	1.1633419576522805e7
0.457	1.1645912001218295e7
0.4575	1.1658402697457772e7
0.458	1.1670891661214668e7
0.4585	1.1683378888578152e7
0.459	1.1695864376896212e7
0.4595	1.170834812248755e7
0.46	1.1720830121256132e7
0.4605	1.173331036907882e7
0.461	1.1745788861805167e7
0.4615	1.1758265595257187e7
0.462	1.177074056522916e7
0.4625	1.1783213767487396e7
0.463	1.1795685197770026e7
0.4635	1.1808154851786735e7
0.464	1.1820622725218559e7
0.4645	1.1833088813717633e7
0.465	1.1845553112906918e7
0.4655	1.1858015618379984e7
0.466	1.187047632570072e7
0.4665	1.1882935230403095e7
0.467	1.1895392327990862e7
0.4675	1.1907847613937296e7
0.468	1.1920301083684912e7
0.4685	1.1932752732645161e7
0.46900000000000003	1.194520255619816e7
0.46950000000000003	1.195765054969237e7
0.47000000000000003	1.1970096708444295e7
0.47050000000000003	1.1982541027738176e7
0.47100000000000003	1.1994983502825683e7
0.47150000000000003	1.2007424128214661e7
0.47200000000000003	1.2019862890301209e7
0.47250000000000003	1.20322997816868e7
0.47300000000000003	1.2044734797670422e7
0.47350000000000003	1.2057167933627661e7
0.47400000000000003	1.2069599185010927e7
0.47450000000000003	1.208202854734976e7
0.47500000000000003	1.2094456016251067e7
0.47550000000000003	1.210688158739937e7
0.47600000000000003	1.2119305256557034e7
0.47650000000000003	1.2131727019564511e7
0.47700000000000004	1.2144146872340512e7
0.47750000000000004	1.2156564810882207e7
0.47800000000000004	1.2168980831265451e7
0.47850000000000004	1.2181394929644885e7
0.47900000000000004	1.2193807102254178e7
0.47950000000000004	1.2206217345406082e7
0.48	1.221862565549261e7
0.4805	1.2231032028985187e7
0.481	1.2243436462434677e7
0.4815	1.225583895247153e7
0.482	1.2268239495805847e7
0.4825	1.2280638089227432e7
0.483	1.2293034729605874e7
0.4835	1.230542941389053e7
0.484	1.2317822139110604e7
0.4845	1.2330212903078437e7
0.485	1.23426017048939e7
0.4855	1.2354988541904198e7
0.486	1.2367373411402263e7
0.4865	1.2379756310735429e7
0.487	1.2392137237305427e7
0.4875	1.2404516188568318e7
0.488	1.2416893162034392e7
0.4885	1.242926815526816e7
0.489	1.2441641165888246e7
0.4895	1.245401219156733e7
0.49	1.246638123003203e7
0.4905	1.2478748279062841e7
0.491	1.2491113336494043e7
0.4915	1.2503476400213607e7
0.492	1.251583746816304e7
0.4925	1.2528196538337355e7
0.493	1.2540553608784875e7
0.4935	1.255290867760718e7
0.494	1.256526174295893e7
0.4945	1.2577612803047784e7
0.495	1.2589961856134204e7
0.4955	1.2602308900531357e7
0.496	1.2614653934604958e7
0.4965	1.2626996956773119e7
0.497	1.2639337965526279e7
0.4975	1.2651676960668338e7
0.498	1.2664013941526202e7
0.4985	1.2676348906693248e7
0.499	1.2688681854795542e7
0.4995	1.2701012784491722e7
0.5	1.2713341694472887e7
0.5005000000000001	1.2725668583462484e7
0.501	1.2737993450216128e7
0.5015000000000001	1.2750316293521555e7
0.502	1.2762637112198431e7
0.5025000000000001	1.277495590509825e7
0.503	1.2787272671104202e7
0.5035000000000001	1.279958740913105e7
0.504	1.2811900118124982e7
0.5045000000000001	1.2824210797063492e7
0.505	1.2836519444955237e7
0.5055000000000001	1.2848826060839904e7
0.506	1.2861130643788079e7
0.5065000000000001	1.2873433192901112e7
0.507	1.2885733707310969e7
0.5075000000000001	1.2898032186180094e7
0.508	1.2910328628701275e7
0.5085000000000001	1.2922623034097508e7
0.509	1.293491540162184e7
0.5095000000000001	1.2947205730557244e7
0.51	1.2959494020283429e7
0.5105000000000001	1.297178027080692e7
0.511	1.2984064481662031e7
0.5115000000000001	1.299634665223352e7
0.512	1.30086267819273e7
0.5125	1.3020904870170346e7
0.513	1.3033180916410584e7
0.5135	1.304545492011676e7
0.514	1.3057726880778363e7
0.5145	1.30699967979055e7
0.515	1.3082264671028795e7
0.5155	1.3094530499699239e7
0.516	1.3106794283488149e7
0.5165	1.3119056021986991e7
0.517	1.3131315714807326e7
0.5175	1.3143573361580638e7
0.518	1.31558289619583e7
0.5185	1.316808251561139e7
0.519	1.318033402223062e7
0.5195	1.3192583481526228e7
0.52	1.3204830893227855e7
0.5205	1.321707625708443e7
0.521	1.3229319572864097e7
0.5215	1.3241560840354033e7
0.522	1.3253800059360404e7
0.5225	1.3266037229708232e7
0.523	1.3278272351287043e7
0.5235	1.3290505424563546e7
0.524	1.3302736449599728e7
0.5245	1.331496542628016e7
0.525	1.332719235450053e7
0.5255	1.3339417234167509e7
0.526	1.335164006519868e7
0.5265	1.3363860847522529e7
0.527	1.3376079581078323e7
0.5275	1.3388296265816053e7
0.528	1.340051090169639e7
0.5285	1.3412723487747066e7
0.529	1.3424934026170516e7
0.5295	1.343714251558491e7
0.53	1.3449348956013517e7
0.5305	1.3461553347487623e7
0.531	1.347375569004638e7
0.5315	1.3485955983736673e7
0.532	1.3498154228613053e7
0.5325	1.3510350424737513e7
0.533	1.352254457217942e7
0.5335	1.3534736671015376e7
0.534	1.354692672132908e7
0.5345	1.3559114723211193e7
0.535	1.3571300676759247e7
0.5355	1.3583482651338913e7
0.536	1.3595665773870021e7
0.5365	1.3607846191510797e7
0.537	1.3620024159356555e7
0.5375	1.3632200810138198e7
0.538	1.3644376276587235e7
0.5385	1.3656550560900927e7
0.539	1.3668723665275538e7
0.5395	1.3680895591906428e7
0.54	1.3693066342987979e7
0.5405	1.3705235920713624e7
0.541	1.3717404327275828e7
0.5415	1.3729571564866092e7
0.542	1.3741737635674948e7
0.5425	1.3753902541891942e7
0.543	1.376606628570565e7
0.5435	1.377822886930367e7
0.544	1.3790390294872593e7
0.5445	1.3802550564598028e7
0.545	1.3814709680664584e7
0.5455	1.3826867645255866e7
0.546	1.3839024460554479e7
0.5465	1.385118012874201e7
0.547	1.3863334651999049e7
0.5475	1.3875488032505136e7
0.548	1.388764027243883e7
0.5485	1.389979137397762e7
0.549	1.3911941339297997e7
0.5495	1.3924090170575801e7
0.55	1.393623787037622e7
0.5505	1.3948384441212192e7
0.551	1.3960529885245549e7
0.5515	1.3972674204631133e7
0.552	1.3984817401516804e7
0.5525	1.3996959478043502e7
0.553	1.4009100436345266e7
0.5535	1.4021240278549269e7
0.554	1.403337900677584e7
0.5545	1.4045516623138493e7
0.555	1.405765312974398e7
0.5555	1.4069788528692275e7
0.556	1.4081922822076675e7
0.5565	1.4094056011983743e7
0.557	1.4106188100493418e7
0.5575	1.4118319089678982e7
0.558	1.4130448981607124e7
0.5585	1.4142577778337965e7
0.559	1.4154705481925078e7
0.5595	1.4166832094415499e7
0.56	1.4178957617849806e7
0.5605	1.4191082054262094e7
0.561	1.4203205405680036e7
0.5615	1.4215327674124885e7
0.562	1.4227448861611538e7
0.5625	1.4239568970148519e7
0.5630000000000001	1.4251688001738034e7
0.5635	1.4263805958437769e7
0.5640000000000001	1.427592284239514e7
0.5645	1.428803865559891e7
0.5650000000000001	1.4300153400021877e7
0.5655	1.4312267077628843e7
0.5660000000000001	1.4324379690376673e7
0.5665	1.4336491240214324e7
0.5670000000000001	1.4348601729082907e7
0.5675	1.4360711158915665e7
0.5680000000000001	1.4372819531638067e7
0.5685	1.4384926849167794e7
0.5690000000000001	1.4397033113414815e7
0.5695	1.4409138326281382e7
0.5700000000000001	1.4421242489662098e7
0.5705	1.4433345605443908e7
0.5710000000000001	1.4445447675506195e7
0.5715	1.4457548701720735e7
0.5720000000000001	1.4469648685951786e7
0.5725	1.4481747630056107e7
0.5730000000000001	1.4493845535882987e7
0.5735	1.4505942405274248e7
0.5740000000000001	1.4518038240064343e7
0.5745	1.453013304208031e7
0.5750000000000001	1.4542226813141875e7
0.5755	1.4554319555061419e7
0.5760000000000001	1.4566411269644042e7
0.5765	1.4578501958687594e7
0.577	1.4590591623982506e7
0.5775	1.460268026697038e7
0.578	1.461476788912102e7
0.5785	1.462685449221212e7
0.579	1.4638940078019248e7
0.5795	1.4651024648315832e7
0.58	1.46631082048732e7
0.5805	1.4675190749460528e7
0.581	1.4687272283844892e7
0.5815	1.4699352809791274e7
0.582	1.4711432329062521e7
0.5825	1.4723510843419395e7
0.583	1.4735588354620583e7
0.5835	1.4747664864422645e7
0.584	1.4759740374580074e7
0.5845	1.4771814886845276e7
0.585	1.4783888402968595e7
0.5855	1.479596092469828e7
0.586	1.4808032453780532e7
0.5865	1.4820102991959482e7
0.587	1.4832172540977206e7
0.5875	1.4844241102573719e7
0.588	1.4856308678487001e7
0.5885	1.4868375270452978e7
0.589	1.4880440880205536e7
0.5895	1.4892505509476531e7
0.59	1.4904569159995785e7
0.5905	1.491663183349111e7
0.591	1.4928693531688262e7
0.5915	1.4940754256734775e7
0.592	1.495281401088723e7
0.5925	1.4964872795855528e7
0.593	1.4976930613338508e7
0.5935	1.498898746502587e7
0.594	1.5001043352598235e7
0.5945	1.5013098277727153e7
0.595	1.5025152242075123e7
0.5955	1.50372052472957e7
0.596	1.5049257295033457e7
0.5965	1.5061308386924062e7
0.597	1.5073358524594286e7
0.5975	1.508540770966209e7
0.598	1.5097455943736577e7
0.5985	1.510950322841811e7
0.599	1.512154956529829e7
0.5995	1.5133594955964306e7
0.6	1.514563940198126e7
0.6005	1.5157682904919611e7
0.601	1.5169725466336327e7
0.6015	1.5181767087779796e7
0.602	1.5193807770789852e7
0.6025	1.5205847516897833e7
0.603	1.5217886327626573e7
0.6035	1.5229924204490481e7
0.604	1.5241961148995519e7
0.6045	1.5253997162639288e7
0.605	1.5266032246911008e7
0.6055	1.5278066405100798e7
0.606	1.5290099650766391e7
0.6065	1.5302131987197138e7
0.607	1.5314163415914789e7
0.6075	1.532619393789784e7
0.608	1.5338223554110996e7
0.6085	1.5350252265396694e7
0.609	1.5362280072475346e7
0.6095	1.5374306975945475e7
0.61	1.5386332976283833e7
0.6105	1.5398358073845506e7
0.611	1.5410382268863875e7
0.6115	1.542240556145062e7
0.612	1.5434427951595595e7
0.6125	1.5446449439166738e7
0.613	1.5458470023909837e7
0.6135	1.547048970544831e7
0.614	1.5482508483282927e7
0.6145	1.549452635679142e7
0.615	1.5506543325228143e7
0.6155	1.5518559387723591e7
0.616	1.553057454328389e7
0.6165	1.5542588790790254e7
0.617	1.5554602128998399e7
0.6175	1.556661455653782e7
0.618	1.5578626071911117e7
0.6185	1.5590636673493192e7
0.619	1.5602646359530421e7
0.6195	1.5614655128144111e7
0.62	1.562666297421022e7
0.6205	1.5638669886173628e7
0.621	1.5650675861181786e7
0.6215	1.566268089700154e7
0.622	1.5674684991362728e7
0.6225	1.5686688141957896e7
0.623	1.5698690346441971e7
0.6235	1.5710691602431998e7
0.624	1.5722691907506775e7
0.6245	1.573469125920659e7
0.625	1.574668965503284e7
0.6255000000000001	1.5758687092447737e7
0.626	1.5770683568873968e7
0.6265000000000001	1.5782679081694327e7
0.627	1.5794673628251381e7
0.6275000000000001	1.5806667205847105e7
0.628	1.581865981174254e7
0.6285000000000001	1.5830651443157382e7
0.629	1.5842642097269611e7
0.6295000000000001	1.5854631771215154e7
0.63	1.5866620462087404e7
0.6305000000000001	1.5878608166936897e7
0.631	1.5890594882770855e7
0.6315000000000001	1.5902580606552793e7
0.632	1.5914565335202072e7
0.6325000000000001	1.5926549065713352e7
0.633	1.5938531794524275e7
0.6335000000000001	1.5950513518840345e7
0.634	1.5962494234093959e7
0.6345000000000001	1.5974473931839323e7
0.635	1.5986452608142633e7
0.6355000000000001	1.5998430259690465e7
0.636	1.6010406883177184e7
0.6365000000000001	1.602238247530514e7
0.637	1.6034357032784821e7
0.6375000000000001	1.6046330552335015e7
0.638	1.6058303030683002e7
0.6385000000000001	1.607027446456474e7
0.639	1.6082244850724997e7
0.6395000000000001	1.609421418591758e7
0.64	1.610618246690546e7
0.6405	1.6118149690461004e7
0.641	1.6130115853366114e7
0.6415	1.6142080952412412e7
0.642	1.6154044984401448e7
0.6425	1.616600794614485e7
0.643	1.6177969834464526e7
0.6435	1.6189930646192849e7
0.644	1.6201890378172817e7
0.6445	1.6213849027258266e7
0.645	1.6225806590314055e7
0.6455	1.6237763064216228e7
0.646	1.6249718445852235e7
0.6465	1.6261672732121076e7
0.647	1.6273625919933554e7
0.6475	1.6285578006064286e7
0.648	1.6297528985989481e7
0.6485	1.630947885629326e7
0.649	1.6321427613960655e7
0.6495	1.6333375256006451e7
0.65	1.6345321779475555e7
0.6505	1.6357267181443362e7
0.651	1.6369211459016124e7
0.6515	1.6381154609331317e7
0.652	1.6393096629557993e7
0.6525	1.6405037516897172e7
0.653	1.6416977268582173e7
0.6535	1.642891588187897e7
0.654	1.64408533540866e7
0.6545	1.6452789682537457e7
0.655	1.6464724864597684e7
0.6555	1.6476658897667492e7
0.656	1.6488591779181581e7
0.6565	1.6500523506609416e7
0.657	1.6512454077455573e7
0.6575	1.652438348926016e7
0.658	1.6536311739599064e7
0.6585	1.654823882608434e7
0.659	1.656016474636456e7
0.6595	1.6572089498125091e7
0.66	1.658401307908849e7
0.6605	1.659593548701476e7
0.661	1.6607856719603702e7
0.6615	1.6619776774580657e7
0.662	1.6631695649822176e7
0.6625	1.6643613343245551e7
0.663	1.665552985280905e7
0.6635	1.66674451765122e7
0.664	1.6679359312396154e7
0.6645	1.6691272258543938e7
0.665	1.6703184013080822e7
0.6655	1.6715094574174587e7
0.666	1.672700394003581e7
0.6665	1.6738912108918197e7
0.667	1.6750819079118827e7
0.6675	1.6762724848978478e7
0.668	1.677462941688185e7
0.6685	1.67865327812579e7
0.669	1.6798434940580066e7
0.6695	1.681033589336653e7
0.67	1.6822235638180505e7
0.6705	1.683413417363044e7
0.671	1.6846031498370323e7
0.6715	1.6857927611099843e7
0.672	1.6869822510564707e7
0.6725	1.68817161955568e7
0.673	1.6893608664914448e7
0.6735	1.6905499917524807e7
0.674	1.6917389952732295e7
0.6745	1.6929278769819252e7
0.675	1.6941166367802247e7
0.6755	1.6953052745738674e7
0.676	1.696493790272684e7
0.6765	1.6976821837906186e7
0.677	1.6988704550457418e7
0.6775	1.7000586039602626e7
0.678	1.7012466304605465e7
0.6785	1.7024345344771255e7
0.679	1.703622315944713e7
0.6795	1.7048099748022165e7
0.68	1.705997510992747e7
0.6805	1.7071849244636327e7
0.681	1.7083722151664328e7
0.6815	1.7095593830569383e7
0.682	1.710746428095192e7
0.6825	1.711933350245494e7
0.683	1.7131201494764075e7
0.6835	1.7143068257607713e7
0.684	1.7154933790757045e7
0.6845	1.716679809402616e7
0.685	1.717866116727209e7
0.6855	1.719052301039487e7
0.686	1.7202383623337615e7
0.6865	1.721424300625342e7
0.687	1.7226101160332177e7
0.6875	1.723795808585645e7
0.6880000000000001	1.7249813782914247e7
0.6885	1.7261668251622465e7
0.6890000000000001	1.7273521492126893e7
0.6895	1.7285373504602265e7
0.6900000000000001	1.729722428925221e7
0.6905	1.7309073846309338e7
0.6910000000000001	1.7320922176035173e7
0.6915	1.733276927872022e7
0.6920000000000001	1.7344615154683907e7
0.6925	1.7356459804274637e7
0.6930000000000001	1.736830322786976e7
0.6935	1.738014542587555e7
0.6940000000000001	1.7391986398727234e7
0.6945	1.740382614688895e7
0.6950000000000001	1.741566467085375e7
0.6955	1.742750197114358e7
0.6960000000000001	1.743933804830926e7
0.6965	1.7451172902930453e7
0.6970000000000001	1.7463006535615657e7
0.6975	1.7474838947002172e7
0.6980000000000001	1.7486670137756072e7
0.6985	1.7498500108573653e7
0.6990000000000001	1.7510328860174e7
0.6995	1.752215639418015e7
0.7000000000000001	1.7533982712604046e7
0.7005	1.7545807816236444e7
0.7010000000000001	1.7557631705867697e7
0.7015	1.7569454382297255e7
0.7020000000000001	1.758127584633371e7
0.7025	1.759309609879471e7
0.7030000000000001	1.7604915140507005e7
0.7035	1.76167329723064e7
0.704	1.762854959503776e7
0.7045	1.7640365009554967e7
0.705	1.7652179216720928e7
0.7055	1.7663992217407566e7
0.706	1.767580401249576e7
0.7065	1.7687614602875378e7
0.707	1.7699423989445243e7
0.7075	1.7711232173113108e7
0.708	1.7723039154795643e7
0.7085	1.773484493541843e7
0.709	1.774664951591592e7
0.7095	1.775845289723145e7
0.71	1.7770255080317177e7
0.7105	1.778205606613412e7
0.711	1.7793855855652105e7
0.7115	1.7805654449849676e7
0.712	1.78174518497022e7
0.7125	1.7829248055946156e7
0.713	1.784104306948447e7
0.7135	1.785283689133697e7
0.714	1.78646295225356e7
0.7145	1.7876420964124385e7
0.715	1.7888211217159383e7
0.7155	1.7900000282708686e7
0.716	1.791178816185238e7
0.7165	1.7923574855682503e7
0.717	1.7935360365303036e7
0.7175	1.7947144691829875e7
0.718	1.795892783639075e7
0.7185	1.7970709800125275e7
0.719	1.798249058418485e7
0.7195	1.7994270189732656e7
0.72	1.8006048617943637e7
0.7205	1.801782587000442e7
0.721	1.802960194711332e7
0.7215	1.8041376850480326e7
0.722	1.805315058132701e7
0.7225	1.8064923140886534e7
0.723	1.8076694530403584e7
0.7235	1.8088464751134407e7
0.724	1.8100233804346655e7
0.7245	1.8112001691320635e7
0.725	1.8123768413805723e7
0.7255	1.813553397631717e7
0.726	1.814729838074405e7
0.7265	1.8159061628331725e7
0.727	1.817082372029866e7
0.7275	1.818258465783653e7
0.728	1.819434444211029e7
0.7285	1.820610307425822e7
0.729	1.8217860555392016e7
0.7295	1.8229616886596836e7
0.73	1.8241372068931375e7
0.7305	1.825312610342794e7
0.731	1.826487899109247e7
0.7315	1.8276630732904635e7
0.732	1.8288381329817843e7
0.7325	1.8300130782759335e7
0.733	1.831187909263022e7
0.7335	1.8323626260305516e7
0.734	1.8335372286634196e7
0.7345	1.8347117172439247e7
0.735	1.835886091851767e7
0.7355	1.8370603525640596e7
0.736	1.8382344994553234e7
0.7365	1.8394085325974967e7
0.737	1.8405824520599354e7
0.7375	1.841756257909445e7
0.738	1.8429299501814555e7
0.7385	1.8441035287415847e7
0.739	1.8452769936140038e7
0.7395	1.8464503448598363e7
0.74	1.8476235825399533e7
0.7405	1.848796706714973e7
0.741	1.8499697174452595e7
0.7415	1.8511426147909258e7
0.742	1.8523153988118317e7
0.7425	1.8534880695670906e7
0.743	1.854660627117448e7
0.7435	1.8558330715208355e7
0.744	1.8570054028100308e7
0.7445	1.8581776208643176e7
0.745	1.859349725707914e7
0.7455	1.86052171739883e7
0.746	1.8616935959948353e7
0.7465	1.8628653615534563e7
0.747	1.864037014131978e7
0.7475	1.8652085537874464e7
0.748	1.8663799805766612e7
0.7485	1.867551294556186e7
0.749	1.8687224957823392e7
0.7495	1.8698935843112018e7
0.75	1.871064560198613e7
0.7505000000000001	1.8722354235001698e7
0.751	1.8734061742717415e7
0.7515000000000001	1.8745768125730265e7
0.752	1.8757473384599477e7
0.7525000000000001	1.8769177519870378e7
0.753	1.8780880532085355e7
0.7535000000000001	1.879258242178387e7
0.754	1.880428318950243e7
0.7545000000000001	1.881598283577463e7
0.755	1.882768136113112e7
0.7555000000000001	1.883937876609962e7
0.756	1.885107505120492e7
0.7565000000000001	1.886277021696889e7
0.757	1.8874464263910476e7
0.7575000000000001	1.88861571925457e7
0.758	1.889784900338765e7
0.7585000000000001	1.8909539696946513e7
0.759	1.892122927372955e7
0.7595000000000001	1.8932917734241113e7
0.76	1.894460507898263e7
0.7605000000000001	1.8956291308452632e7
0.761	1.8967976423146732e7
0.7615000000000001	1.8979660423557624e7
0.762	1.8991343310175095e7
0.7625000000000001	1.9003025083486058e7
0.763	1.901470574397448e7
0.7635000000000001	1.9026385292121463e7
0.764	1.9038063728401907e7
0.7645000000000001	1.904974105323651e7
0.765	1.9061417267078746e7
0.7655000000000001	1.907309237039932e7
0.766	1.9084766363666736e7
0.7665000000000001	1.909643924734729e7
0.767	1.9108111021905042e7
0.7675000000000001	1.9119781687801875e7
0.768	1.913145124549742e7
0.7685	1.9143119695449114e7
0.769	1.9154787038112186e7
0.7695	1.916645327393966e7
0.77	1.9178118403382342e7
0.7705	1.9189782426888827e7
0.771	1.920144534490552e7
0.7715	1.9213107157876614e7
0.772	1.9224767866244085e7
0.7725	1.923642747044771e7
0.773	1.9248085970925093e7
0.7735	1.9259743368111588e7
0.774	1.927139966244037e7
0.7745	1.9283054854342423e7
0.775	1.929470894424653e7
0.7755	1.930636193257924e7
0.776	1.931801381976496e7
0.7765	1.932966460622585e7
0.777	1.9341314292380426e7
0.7775	1.9352962878551044e7
0.778	1.9364610365096986e7
0.7785	1.9376256752433866e7
0.779	1.938790204097649e7
0.7795	1.939954623113877e7
0.78	1.9411189323333826e7
0.7805	1.9422831317973897e7
0.781	1.94344722154704e7
0.7815	1.9446112016233895e7
0.782	1.9457750720674112e7
0.7825	1.9469388329199933e7
0.783	1.948102484221939e7
0.7835	1.949266026013969e7
0.784	1.9504294583367176e7
0.7845	1.9515927812307373e7
0.785	1.952755994736494e7
0.7855	1.953919098894372e7
0.786	1.9550820937446695e7
0.7865	1.9562449793276e7
0.787	1.9574077556832965e7
0.7875	1.9585704228518028e7
0.788	1.959732980873083e7
0.7885	1.9608954297870144e7
0.789	1.962057769633392e7
0.7895	1.9632200004519247e7
0.79	1.96438212228224e7
0.7905	1.9655441351638682e7
0.791	1.966706039136254e7
0.7915	1.9678678342387706e7
0.792	1.9690295205107108e7
0.7925	1.9701910979912795e7
0.793	1.9713525667196013e7
0.7935	1.972513926734714e7
0.794	1.973675178075575e7
0.7945	1.974836320781056e7
0.795	1.9759973548899446e7
0.7955	1.977158280440946e7
0.796	1.978319097472681e7
0.7965	1.9794798060236868e7
0.797	1.9806404061324175e7
0.7975	1.981800897837242e7
0.798	1.982961281176449e7
0.7985	1.984121556188238e7
0.799	1.985281722910731e7
0.7995	1.986441781381962e7
0.8	1.9876017316398844e7
0.8005	1.988761573722365e7
0.801	1.9899213076671895e7
0.8015	1.9910809335120585e7
0.802	1.9922404512945905e7
0.8025	1.9933998610523183e7
0.803	1.994559162822694e7
0.8035	1.995718356644815e7
0.804	1.9968774425599847e7
0.8045	1.998036420605502e7
0.805	1.9991952908183664e7
0.8055	2.000354053235441e7
0.806	2.0015127078934554e7
0.8065	2.0026712548289992e7
0.807	2.0038296940785326e7
0.8075	2.004988025678377e7
0.808	2.006146249664719e7
0.8085	2.0073043660736103e7
0.809	2.0084623749409683e7
0.8095	2.0096202763025742e7
0.81	2.010778070194073e7
0.8105	2.0119357566509757e7
0.811	2.01309333570866e7
0.8115	2.014250807402365e7
0.812	2.0154081717671957e7
0.8125	2.016565428838123e7
0.8130000000000001	2.0177225786499824e7
0.8135	2.018879621237474e7
0.8140000000000001	2.0200365566351622e7
0.8145	2.0211933848774772e7
0.8150000000000001	2.0223501059987143e7
0.8155	2.023506720033031e7
0.8160000000000001	2.024663227014454e7
0.8165	2.0258196269752e7
0.8170000000000001	2.0269759199407887e7
0.8175	2.028132105943824e7
0.8180000000000001	2.029288185017989e7
0.8185	2.030444157196926e7
0.8190000000000001	2.03160002251424e7
0.8195	2.032755781003499e7
0.8200000000000001	2.0339114326982286e7
0.8205	2.0350669776319183e7
0.8210000000000001	2.0362224158380184e7
0.8215	2.03737774734994e7
0.8220000000000001	2.0385329722010557e7
0.8225	2.0396880904246986e7
0.8230000000000001	2.0408431020541646e7
0.8235	2.0419980071227103e7
0.8240000000000001	2.0431528056635525e7
0.8245	2.0443074977098703e7
0.8250000000000001	2.0454620832948036e7
0.8255	2.046616562451453e7
0.8260000000000001	2.047770935212882e7
0.8265	2.048925201612113e7
0.8270000000000001	2.050079361682131e7
0.8275	2.051233415455882e7
0.8280000000000001	2.052387362966273e7
0.8285	2.0535412042461723e7
0.8290000000000001	2.0546949393284082e7
0.8295	2.0558485682444684e7
0.8300000000000001	2.057002091009689e7
0.8305	2.0581555076515004e7
0.8310000000000001	2.0593088182029627e7
0.8315	2.0604620226973083e7
0.8320000000000001	2.0616151211679433e7
0.8325	2.0627681136484433e7
0.833	2.063921000172559e7
0.8335	2.0650737807742123e7
0.834	2.0662264554874957e7
0.8345	2.0673790243466746e7
0.835	2.0685314873861875e7
0.8355	2.069683844640644e7
0.836	2.070836096144825e7
0.8365	2.0719882419336837e7
0.837	2.0731402820423473e7
0.8375	2.0742922165061105e7
0.838	2.075444045360443e7
0.8385	2.076595768640987e7
0.839	2.077747386383552e7
0.8395	2.0788988986241248e7
0.84	2.080050305398858e7
0.8405	2.0812016067440804e7
0.841	2.0823528026962902e7
0.8415	2.083503893292157e7
0.842	2.0846548785685226e7
0.8425	2.085805758562694e7
0.843	2.0869565333465707e7
0.8435	2.088107202981042e7
0.844	2.0892577675028097e7
0.8445	2.0904082269482333e7
0.845	2.0915585813533284e7
0.8455	2.092708830753772e7
0.846	2.0938589751848966e7
0.8465	2.0950090146816954e7
0.847	2.096158949278817e7
0.8475	2.0973087790105708e7
0.848	2.098458503910923e7
0.8485	2.099608124013499e7
0.849	2.1007576393515833e7
0.8495	2.1019070499581173e7
0.85	2.1030563558657017e7
0.8505	2.104205557106596e7
0.851	2.105354653712717e7
0.8515	2.1065036457156427e7
0.852	2.107652533146605e7
0.8525	2.108801316036499e7
0.853	2.109949994415876e7
0.8535	2.1110985683149472e7
0.854	2.11224703776358e7
0.8545	2.113395402791303e7
0.855	2.1145436634273015e7
0.8555	2.1156918197004203e7
0.856	2.1168398844950493e7
0.8565	2.117987877486544e7
0.857	2.1191357951294124e7
0.8575	2.1202836335402206e7
0.858	2.121431388897408e7
0.8585	2.1225790574602075e7
0.859	2.1237266355888836e7
0.8595	2.1248741197661314e7
0.86	2.1260215066194586e7
0.8605	2.1271687929442734e7
0.861	2.1283159757273916e7
0.8615	2.1294630521705925e7
0.862	2.1306100197138105e7
0.8625	2.1317568760575168e7
0.863	2.1329036191838127e7
0.8635	2.1340502473757446e7
0.864	2.1351967592343695e7
0.8645	2.1363431536931224e7
0.865	2.1374894300290905e7
0.8655	2.13863558787089e7
0.866	2.1397816272029005e7
0.8665	2.140927548365743e7
0.867	2.1420733520529877e7
0.8675	2.143219039304185e7
0.868	2.1443646114944205e7
0.8685	2.1455100703207027e7
0.869	2.1466554170260366e7
0.8695	2.14780065302028e7
0.87	2.148945783783319e7
0.8705	2.150090813116767e7
0.871	2.1512357429182433e7
0.8715	2.1523805729873423e7
0.872	2.1535252988008194e7
0.8725	2.154669919367708e7
0.873	2.1558144385426503e7
0.8735	2.156958862961648e7
0.874	2.158103192255177e7
0.8745	2.15924741856419e7
0.875	2.1603915347496618e7
0.8755000000000001	2.1615355407298923e7
0.876	2.1626794420655016e7
0.8765000000000001	2.1638232409927417e7
0.877	2.164966937495545e7
0.8775000000000001	2.166110530653425e7
0.878	2.167254020649082e7
0.8785000000000001	2.1683974083790835e7
0.879	2.169540694226557e7
0.8795000000000001	2.1706838775479723e7
0.88	2.1718269565671973e7
0.8805000000000001	2.1729699319489986e7
0.881	2.174112808029745e7
0.8815000000000001	2.1752555884877417e7
0.882	2.1763982715893168e7
0.8825000000000001	2.1775408486806896e7
0.883	2.178683315656488e7
0.8835000000000001	2.179825674920754e7
0.884	2.180967932877394e7
0.8845000000000001	2.1821100908012196e7
0.885	2.1832521463881835e7
0.8855000000000001	2.1843940976137403e7
0.886	2.185535944710037e7
0.8865000000000001	2.18667768946827e7
0.887	2.18781933275432e7
0.8875000000000001	2.188960874904651e7
0.888	2.1901023159620713e7
0.8885000000000001	2.1912436558321554e7
0.889	2.1923848942196533e7
0.8895000000000001	2.193526030623089e7
0.89	2.1946670643720776e7
0.8905000000000001	2.1958079946670607e7
0.891	2.1969488201487023e7
0.8915000000000001	2.1980895371813297e7
0.892	2.199230143307435e7
0.8925000000000001	2.2003706418672636e7
0.893	2.2015110432179417e7
0.8935000000000001	2.2026513505137257e7
0.894	2.203791559261835e7
0.8945000000000001	2.204931659449852e7
0.895	2.2060716505888075e7
0.8955000000000001	2.207211541144313e7
0.896	2.2083513368974335e7
0.8965	2.2094910376717575e7
0.897	2.2106306384435438e7
0.8975	2.2117701370100155e7
0.898	2.212909532538686e7
0.8985	2.214048825232441e7
0.899	2.2151880171185482e7
0.8995	2.2163271149889115e7
0.9	2.2174661212268487e7
0.9005	2.2186050314325016e7
0.901	2.219743832873449e7
0.9015	2.2208825216118377e7
0.902	2.22202110268169e7
0.9025	2.223159582695559e7
0.903	2.2242979629536465e7
0.9035	2.2254362418076564e7
0.904	2.226574418562105e7
0.9045	2.2277124933467608e7
0.905	2.2288504666278224e7
0.9055	2.229988338918932e7
0.906	2.231126111303394e7
0.9065	2.2322637844531357e7
0.907	2.2334013580914237e7
0.9075	2.2345388309415415e7
0.908	2.2356762023678567e7
0.9085	2.236813471449109e7
0.909	2.2379506376630098e7
0.9095	2.2390877038024105e7
0.91	2.2402246793491926e7
0.9105	2.241361567837552e7
0.911	2.2424983635975022e7
0.9115	2.2436350484208513e7
0.912	2.244771615973257e7
0.9125	2.2459080734249234e7
0.913	2.247044430376425e7
0.9135	2.248180688142335e7
0.914	2.2493168426457867e7
0.9145	2.2504528926851735e7
0.915	2.251588840690035e7
0.9155	2.252724691059024e7
0.916	2.2538604442904033e7
0.9165	2.25499609719171e7
0.917	2.2561316471482556e7
0.9175	2.2572670944620572e7
0.918	2.25840244157214e7
0.9185	2.259537690023687e7
0.919	2.260672841566378e7
0.9195	2.261807897700968e7
0.92	2.2629428573783614e7
0.9205	2.264077715634531e7
0.921	2.2652124692768995e7
0.9215	2.2663471189332355e7
0.922	2.267481668382594e7
0.9225	2.268616118566852e7
0.923	2.2697504683111086e7
0.9235	2.2708847159964137e7
0.924	2.2720188615321003e7
0.9245	2.273152905743624e7
0.925	2.2742868493192215e7
0.9255	2.27542069304347e7
0.926	2.2765544378500782e7
0.9265	2.2776880835756056e7
0.927	2.27882162839579e7
0.9275	2.279955071045122e7
0.928	2.281088412161219e7
0.9285	2.282221654181918e7
0.929	2.2833547981525026e7
0.9295	2.284487844057072e7
0.93	2.2856207913290136e7
0.9305	2.2867536397663184e7
0.931	2.2878863890334282e7
0.9315	2.289019038999417e7
0.932	2.2901515899218462e7
0.9325	2.2912840425295517e7
0.933	2.292416396731986e7
0.9335	2.293548651494183e7
0.934	2.2946808056278523e7
0.9345	2.2958128589877304e7
0.935	2.2969448123376623e7
0.9355	2.2980766660472676e7
0.936	2.2992084200207684e7
0.9365	2.3003400738821454e7
0.937	2.301471627532419e7
0.9375	2.3026030809525684e7
0.9380000000000001	2.3037344342353024e7
0.9385	2.304865687518705e7
0.9390000000000001	2.3059968406252015e7
0.9395	2.3071278946559194e7
0.9400000000000001	2.3082588532013796e7
0.9405	2.30938972048236e7
0.9410000000000001	2.310520495251646e7
0.9415	2.3116511691682957e7
0.9420000000000001	2.3127817362188604e7
0.9425	2.3139121970831558e7
0.9430000000000001	2.3150425576400757e7
0.9435	2.3161728200520884e7
0.9440000000000001	2.317302984355597e7
0.9445	2.3184330499675054e7
0.9450000000000001	2.3195630172790192e7
0.9455	2.3206928876647566e7
0.9460000000000001	2.3218226611043964e7
0.9465	2.3229523352864135e7
0.9470000000000001	2.324081905862964e7
0.9475	2.3252113731829494e7
0.9480000000000001	2.32634074321331e7
0.9485	2.3274700204307925e7
0.9490000000000001	2.3285992041510213e7
0.9495	2.3297282886148054e7
0.9500000000000001	2.3308572714363288e7
0.9505	2.3319861535732433e7
0.9510000000000001	2.3331149376415044e7
0.9515	2.3342436240593437e7
0.9520000000000001	2.3353722115264986e7
0.9525	2.3365006996452633e7
0.9530000000000001	2.3376290900273398e7
0.9535	2.3387573864463735e7
0.9540000000000001	2.3398855891579848e7
0.9545	2.3410136943333924e7
0.9550000000000001	2.3421416970718153e7
0.9555	2.3432695978309482e7
0.9560000000000001	2.3443974025697768e7
0.9565	2.3455251137996677e7
0.9570000000000001	2.3466527296177518e7
0.9575	2.3477802444803253e7
0.9580000000000001	2.348907656909079e7
0.9585	2.3500349684286777e7
0.9590000000000001	2.351162181083397e7
0.9595	2.352289295946098e7
0.96	2.3534163143185984e7
0.9605	2.3545432364336688e7
0.961	2.3556700610273544e7
0.9615	2.3567967859256167e7
0.962	2.35792341105896e7
0.9625	2.3590499383323647e7
0.963	2.3601763691247188e7
0.9635	2.3613027040020857e7
0.964	2.3624289439740565e7
0.9645	2.363555086230873e7
0.965	2.3646811195029307e7
0.9655	2.3658070322042704e7
0.966	2.366932831629396e7
0.9665	2.3680585423755594e7
0.967	2.369184173598609e7
0.9675	2.370309723185035e7
0.968	2.3714351799654696e7
0.9685	2.372560539257165e7
0.969	2.3736857981423493e7
0.9695	2.3748109553073324e7
0.97	2.375936011592755e7
0.9705	2.3770609711454645e7
0.971	2.3781858358044263e7
0.9715	2.3793106056010008e7
0.972	2.380435279493945e7
0.9725	2.3815598566748384e7
0.973	2.382684335350068e7
0.9735	2.3838087145078596e7
0.974	2.384932994708168e7
0.9745	2.3860571780231833e7
0.975	2.387181265302792e7
0.9755	2.3883052566653654e7
0.976	2.389429151843023e7
0.9765	2.3905529505120013e7
0.977	2.3916766517584726e7
0.9775	2.3928002552036118e7
0.978	2.3939237621719457e7
0.9785	2.3950471758183617e7
0.979	2.3961704922439236e7
0.9795	2.39729369121775e7
0.98	2.3984167596496757e7
0.9805	2.3995397184995137e7
0.981	2.400662609631298e7
0.9815	2.4017854415075094e7
0.982	2.4029082038720973e7
0.9825	2.4040308658929966e7
0.983	2.405153416831858e7
0.9835	2.4062758615528602e7
0.984	2.407398206205941e7
0.9845	2.408520453316429e7
0.985	2.4096426059510477e7
0.9855	2.4107646644022543e7
0.986	2.4118866249725617e7
0.9865	2.4130084828346483e7
0.987	2.4141302389572486e7
0.9875	2.4152519002924357e7
0.988	2.4163734700006127e7
0.9885	2.4174949467514258e7
0.989	2.4186163257252276e7
0.9895	2.419737604466432e7
0.99	2.420858780133793e7
0.9905	2.4219798517166886e7
0.991	2.4231008224255223e7
0.9915	2.4242217005216733e7
0.992	2.4253424893358663e7
0.9925	2.4264631881600827e7
0.993	2.4275837938461762e7
0.9935	2.428704305499307e7
0.994	2.4298247230900496e7
0.9945	2.4309450465203304e7
0.995	2.4320652753591068e7
0.9955	2.433185409139569e7
0.996	2.434305446974328e7
0.9965	2.435425386864466e7
0.997	2.4365452267569084e7
0.9975	2.4376649702819332e7
0.998	2.43878430758042e7
0.9985	2.439903765466984e7
0.999	2.4410232193194497e7
0.9995	2.442142584128912e7