0.	8.007761565616886e-6
0.0005	8.01178763013537e-6
0.001	8.01581366883393e-6
0.0015	8.01983968062807e-6
0.002	8.023865664433366e-6
0.0025	8.02789161916547e-6
0.003	8.031917543740107e-6
0.0035	8.035943437073087e-6
0.004	8.039969298080302e-6
0.0045000000000000005	8.043995125677737e-6
0.005	8.04802091878146e-6
0.0055	8.052046676307637e-6
0.006	8.056072397172528e-6
0.006500000000000001	8.06009808029249e-6
0.007	8.064123724583985e-6
0.0075	8.068149328963574e-6
0.008	8.07217489234793e-6
0.0085	8.076200413653838e-6
0.009000000000000001	8.080225891798192e-6
0.0095	8.084251325698004e-6
0.01	8.088276714270407e-6
0.0105	8.09230205643265e-6
0.011	8.096327351102115e-6
0.0115	8.100352597196305e-6
0.012	8.104377793632862e-6
0.0125	8.108402939329549e-6
0.013000000000000001	8.112428015788913e-6
0.0135	8.116452947703394e-6
0.014	8.120477826746347e-6
0.0145	8.124502652793341e-6
0.015	8.128527425719958e-6
0.0155	8.132552145401799e-6
0.016	8.13657681171448e-6
0.0165	8.140601424533637e-6
0.017	8.144625983734919e-6
0.0175	8.148650489193989e-6
0.018000000000000002	8.152674940786538e-6
0.0185	8.156699338388263e-6
0.019	8.160723681874881e-6
0.0195	8.164747971122127e-6
0.02	8.168772206005752e-6
0.0205	8.172796386401524e-6
0.021	8.176820512185232e-6
0.021500000000000002	8.180844583232672e-6
0.022	8.184868599419664e-6
0.0225	8.188892560622048e-6
0.023	8.192916466715674e-6
0.0235	8.196940317576413e-6
0.024	8.200964113080155e-6
0.0245	8.204987853102802e-6
0.025	8.209011537520278e-6
0.025500000000000002	8.213035166208522e-6
0.026000000000000002	8.217058739043493e-6
0.0265	8.221082286665645e-6
0.027	8.225105778507518e-6
0.0275	8.229129213578375e-6
0.028	8.233152591479505e-6
0.0285	8.23717591181226e-6
0.029	8.241199174178038e-6
0.029500000000000002	8.245222378178305e-6
0.03	8.24924552341458e-6
0.0305	8.253268609488441e-6
0.031	8.257291636001524e-6
0.0315	8.261314602555527e-6
0.032	8.265337508752203e-6
0.0325	8.26936035419337e-6
0.033	8.273383138480906e-6
0.0335	8.277405861216743e-6
0.034	8.281428522002883e-6
0.0345	8.285451120441382e-6
0.035	8.289473656134364e-6
0.035500000000000004	8.293496128684014e-6
0.036000000000000004	8.297518537692574e-6
0.0365	8.301540882762353e-6
0.037	8.305563163495729e-6
0.0375	8.309585379495134e-6
0.038	8.313607530363072e-6
0.0385	8.317629615702106e-6
0.039	8.321651635114866e-6
0.0395	8.325673570497646e-6
0.04	8.329695434701654e-6
0.0405	8.333717232139075e-6
0.041	8.33773896260809e-6
0.0415	8.3417606259069e-6
0.042	8.345782221833748e-6
0.0425	8.349803750186907e-6
0.043000000000000003	8.353825210764694e-6
0.043500000000000004	8.357846603365443e-6
0.044	8.361867927787539e-6
0.0445	8.365889183829391e-6
0.045	8.369910371289447e-6
0.0455	8.373931489966189e-6
0.046	8.377952539658132e-6
0.0465	8.381973520163829e-6
0.047	8.385994431281866e-6
0.0475	8.390015272810863e-6
0.048	8.394036044549479e-6
0.0485	8.398056746296404e-6
0.049	8.402077377850367e-6
0.0495	8.40609793901013e-6
0.05	8.410118429574489e-6
0.0505	8.414138849342281e-6
0.051000000000000004	8.418159198112373e-6
0.051500000000000004	8.422179475683672e-6
0.052000000000000005	8.426199681855117e-6
0.0525	8.430219745948252e-6
0.053	8.434239690751123e-6
0.0535	8.438259565209862e-6
0.054	8.442279370159686e-6
0.0545	8.446299106435653e-6
0.055	8.450318774872688e-6
0.0555	8.454338376305578e-6
0.056	8.458357911568968e-6
0.0565	8.46237738149736e-6
0.057	8.466396786925133e-6
0.0575	8.47041612868652e-6
0.058	8.474435407615631e-6
0.0585	8.478454624546446e-6
0.059000000000000004	8.482473780312804e-6
0.059500000000000004	8.48649287574843e-6
0.06	8.490511911686923e-6
0.0605	8.494530888961753e-6
0.061	8.498549808406274e-6
0.0615	8.502568670853714e-6
0.062	8.506587477137193e-6
0.0625	8.510606228089705e-6
0.063	8.514624924544136e-6
0.0635	8.518643567333255e-6
0.064	8.52266215728972e-6
0.0645	8.526680695246081e-6
0.065	8.530699182034782e-6
0.0655	8.534717629494208e-6
0.066	8.538736045071843e-6
0.0665	8.542754411630531e-6
0.067	8.54677272975151e-6
0.0675	8.550791000015944e-6
0.068	8.554809223004931e-6
0.0685	8.558827399299499e-6
0.069	8.562845529480607e-6
0.0695	8.566863614129151e-6
0.07	8.57088165382596e-6
0.07050000000000001	8.574899649151794e-6
0.07100000000000001	8.578917600687358e-6
0.07150000000000001	8.582935509013284e-6
0.07200000000000001	8.58695337471015e-6
0.0725	8.590971198358466e-6
0.073	8.594988980538684e-6
0.0735	8.599006721831195e-6
0.074	8.603024422816333e-6
0.0745	8.607042084074373e-6
0.075	8.611059706185531e-6
0.0755	8.615077289729973e-6
0.076	8.619094835287797e-6
0.0765	8.623112343439061e-6
0.077	8.627129814763755e-6
0.0775	8.631147249841829e-6
0.078	8.635164649253168e-6
0.0785	8.639181998321709e-6
0.079	8.643199234909107e-6
0.0795	8.647216438519827e-6
0.08	8.651233610548666e-6
0.0805	8.65525075239032e-6
0.081	8.659267865439376e-6
0.0815	8.663284951090318e-6
0.082	8.667302010737543e-6
0.0825	8.671319045775348e-6
0.083	8.675336057597952e-6
0.0835	8.679353047599491e-6
0.084	8.683370017174023e-6
0.0845	8.68738696771554e-6
0.085	8.691403900617965e-6
0.0855	8.695420817275158e-6
0.08600000000000001	8.699437719080927e-6
0.08650000000000001	8.703454607429027e-6
0.08700000000000001	8.707471483713165e-6
0.08750000000000001	8.711488349327002e-6
0.088	8.715505205664174e-6
0.0885	8.71952205411827e-6
0.089	8.723538896082864e-6
0.0895	8.727555735845537e-6
0.09	8.731572566117712e-6
0.0905	8.735589396975011e-6
0.091	8.739606226916906e-6
0.0915	8.743623057336905e-6
0.092	8.74764011113732e-6
0.0925	8.75165717880139e-6
0.093	8.755674248236905e-6
0.0935	8.759691317692733e-6
0.094	8.763708386508897e-6
0.0945	8.767725454025426e-6
0.095	8.771742519582342e-6
0.0955	8.775759582519684e-6
0.096	8.779776642177485e-6
0.0965	8.783793697895783e-6
0.097	8.787810749014626e-6
0.0975	8.791827794874075e-6
0.098	8.795844834814187e-6
0.0985	8.799861868175039e-6
0.099	8.803878894296714e-6
0.0995	8.807895912519308e-6
0.1	8.811912922182932e-6
0.1005	8.81592992262771e-6
0.101	8.819946913193773e-6
0.1015	8.823963893221282e-6
0.10200000000000001	8.827980862050409e-6
0.10250000000000001	8.831997819021344e-6
0.10300000000000001	8.836014763474292e-6
0.10350000000000001	8.84003169474949e-6
0.10400000000000001	8.844048612187186e-6
0.1045	8.848065515127654e-6
0.105	8.852082299090356e-6
0.1055	8.856099026149408e-6
0.106	8.860115738912764e-6
0.1065	8.86413243799336e-6
0.107	8.868149124004109e-6
0.1075	8.8721657975579e-6
0.108	8.87618245926761e-6
0.1085	8.880199109746092e-6
0.109	8.884215749606187e-6
0.1095	8.888232379460718e-6
0.11	8.89224899992249e-6
0.1105	8.896265611604293e-6
0.111	8.90028221511891e-6
0.1115	8.904298811079106e-6
0.112	8.908315400097636e-6
0.1125	8.912331982787246e-6
0.113	8.916348559760669e-6
0.1135	8.920365131630634e-6
0.114	8.924381699009857e-6
0.1145	8.928398262511049e-6
0.115	8.93241482274692e-6
0.1155	8.936431380330165e-6
0.116	8.940447936097029e-6
0.1165	8.94446448998957e-6
0.117	8.948481043291114e-6
0.11750000000000001	8.952497596390805e-6
0.11800000000000001	8.956514157716105e-6
0.11850000000000001	8.960530728324585e-6
0.11900000000000001	8.964547300360282e-6
0.11950000000000001	8.96856387429505e-6
0.12	8.972580450600748e-6
0.1205	8.976597029749242e-6
0.121	8.980613612212394e-6
0.1215	8.984630198462075e-6
0.122	8.98864678897016e-6
0.1225	8.992663384208527e-6
0.123	8.996679984649061e-6
0.1235	9.000696590763653e-6
0.124	9.0047132030242e-6
0.1245	9.008729821902608e-6
0.125	9.012746447870785e-6
0.1255	9.016763081400658e-6
0.126	9.02077972296415e-6
0.1265	9.024796373033204e-6
0.127	9.02881303207977e-6
0.1275	9.032829700575806e-6
0.128	9.036846378993282e-6
0.1285	9.04086306780418e-6
0.129	9.044879767480495e-6
0.1295	9.048896478494236e-6
0.13	9.052913201317422e-6
0.1305	9.056929936422088e-6
0.131	9.060946718415047e-6
0.1315	9.064963612370985e-6
0.132	9.06898051856571e-6
0.1325	9.072997436308888e-6
0.133	9.077014364910167e-6
0.1335	9.08103130367917e-6
0.134	9.085048251925505e-6
0.1345	9.089065208958764e-6
0.135	9.093082174088524e-6
0.1355	9.09709914662435e-6
0.136	9.10111612587579e-6
0.1365	9.105133111152382e-6
0.137	9.109150101763655e-6
0.1375	9.113167097019133e-6
0.138	9.117184096228317e-6
0.1385	9.12120109870072e-6
0.139	9.125218101825117e-6
0.1395	9.129235112601975e-6
0.14	9.133252118792191e-6
0.1405	9.137269127412407e-6
0.14100000000000001	9.1412861358433e-6
0.14150000000000001	9.14530314339436e-6
0.14200000000000002	9.149320149375075e-6
0.14250000000000002	9.153337153094943e-6
0.14300000000000002	9.157354153863452e-6
0.14350000000000002	9.161371150990108e-6
0.14400000000000002	9.165388142747128e-6
0.1445	9.169405096595982e-6
0.145	9.173422045037128e-6
0.1455	9.177438987676505e-6
0.146	9.181455924120071e-6
0.1465	9.18547285397378e-6
0.147	9.1894897768436e-6
0.1475	9.193506692335499e-6
0.148	9.197523600055459e-6
0.1485	9.201540499609464e-6
0.149	9.205557390603509e-6
0.1495	9.209574272643595e-6
0.15	9.213591145335736e-6
0.1505	9.217608008285954e-6
0.151	9.221624861100278e-6
0.1515	9.225641703384746e-6
0.152	9.229658534745412e-6
0.1525	9.233675354788335e-6
0.153	9.237692163119587e-6
0.1535	9.241708959345252e-6
0.154	9.24572574307143e-6
0.1545	9.249742513904224e-6
0.155	9.253759271449755e-6
0.1555	9.257776015314172e-6
0.156	9.261792745103587e-6
0.1565	9.265809460424188e-6
0.157	9.269826160882145e-6
0.1575	9.273841495671271e-6
0.158	9.277856497131224e-6
0.1585	9.28187150898788e-6
0.159	9.285886545493775e-6
0.1595	9.289901620902315e-6
0.16	9.293916749468284e-6
0.1605	9.297931945448361e-6
0.161	9.301947223101616e-6
0.1615	9.305962596690015e-6
0.162	9.309978080478935e-6
0.1625	9.313993688737668e-6
0.163	9.318009435739927e-6
0.1635	9.322025335764353e-6
0.164	9.326041403095027e-6
0.1645	9.330057652021981e-6
0.165	9.334074096841697e-6
0.1655	9.338090751857634e-6
0.166	9.34210763138072e-6
0.1665	9.34612474972988e-6
0.167	9.35014212123254e-6
0.1675	9.354159760225144e-6
0.168	9.358177681053663e-6
0.1685	9.362195898074119e-6
0.169	9.366214425649886e-6
0.1695	9.37023327816697e-6
0.17	9.374252470008679e-6
0.1705	9.378275833696339e-6
0.171	9.382302357682791e-6
0.1715	9.386329174254885e-6
0.17200000000000001	9.39035623952503e-6
0.17250000000000001	9.394383509578504e-6
0.17300000000000001	9.398410940478246e-6
0.17350000000000002	9.402438488269636e-6
0.17400000000000002	9.406466108985294e-6
0.17450000000000002	9.410493758649882e-6
0.17500000000000002	9.414521393284899e-6
0.17550000000000002	9.418548968913481e-6
0.176	9.422576441565212e-6
0.1765	9.426603767280913e-6
0.177	9.430630902117453e-6
0.1775	9.434657802152512e-6
0.178	9.438684423489404e-6
0.1785	9.442710722261817e-6
0.179	9.446736654638608e-6
0.1795	9.450762176828542e-6
0.18	9.454787245085052e-6
0.1805	9.458811815710951e-6
0.181	9.46283584506317e-6
0.1815	9.466859289557439e-6
0.182	9.470882105690998e-6
0.1825	9.474904249965363e-6
0.183	9.478925679031863e-6
0.1835	9.482942281788145e-6
0.184	9.486952202570622e-6
0.1845	9.490961406716223e-6
0.185	9.49496993796784e-6
0.1855	9.498977839995281e-6
0.186	9.502985156400095e-6
0.1865	9.506991930720344e-6
0.187	9.51099820643538e-6
0.1875	9.515004026970593e-6
0.188	9.519009435702148e-6
0.1885	9.523014475961704e-6
0.189	9.52701919104112e-6
0.1895	9.531023624197146e-6
0.19	9.53502781865612e-6
0.1905	9.53903181761862e-6
0.191	9.543035664264151e-6
0.1915	9.5470394017558e-6
0.192	9.551043073244884e-6
0.1925	9.555046721875608e-6
0.193	9.559050390789715e-6
0.1935	9.563054123131136e-6
0.194	9.567057962050634e-6
0.1945	9.571061950710456e-6
0.195	9.575066132285773e-6
0.1955	9.579070549983679e-6
0.196	9.583075247023942e-6
0.1965	9.58708097203899e-6
0.197	9.591093020685523e-6
0.1975	9.595105416313672e-6
0.198	9.599118144317909e-6
0.1985	9.603131190080578e-6
0.199	9.607144538972411e-6
0.1995	9.611158176353053e-6
0.2	9.61517208757161e-6
0.2005	9.619186257967167e-6
0.201	9.623200672869314e-6
0.2015	9.627215317598706e-6
0.202	9.631230177467567e-6
0.2025	9.635245237780245e-6
0.203	9.63926048383374e-6
0.20350000000000001	9.643275900918244e-6
0.20400000000000001	9.647291474317675e-6
0.20450000000000002	9.651307189310222e-6
0.20500000000000002	9.655323031168875e-6
0.20550000000000002	9.659338985161974e-6
0.20600000000000002	9.663355036553737e-6
0.20650000000000002	9.667371170604813e-6
0.20700000000000002	9.671387372572813e-6
0.20750000000000002	9.675403627712858e-6
0.20800000000000002	9.679419921278088e-6
0.2085	9.683436238520325e-6
0.209	9.687452564690398e-6
0.2095	9.691468885038873e-6
0.21	9.695483601126446e-6
0.2105	9.699498051580587e-6
0.211	9.703512481787965e-6
0.2115	9.707526892960225e-6
0.212	9.711541286308948e-6
0.2125	9.71555566304566e-6
0.213	9.719570024381844e-6
0.2135	9.723584371528926e-6
0.214	9.7275987056983e-6
0.2145	9.731613028101313e-6
0.215	9.73562733994928e-6
0.2155	9.739641642453482e-6
0.216	9.743655936825177e-6
0.2165	9.747670224275593e-6
0.217	9.75168450601594e-6
0.2175	9.755698783257407e-6
0.218	9.759713054714859e-6
0.2185	9.76372732908841e-6
0.219	9.767741600100275e-6
0.2195	9.77175587145793e-6
0.22	9.775770144372534e-6
0.2205	9.779784420055253e-6
0.221	9.783798699717259e-6
0.2215	9.787812984569738e-6
0.222	9.791827275823893e-6
0.2225	9.795841574690946e-6
0.223	9.799856057668102e-6
0.2235	9.803870655018538e-6
0.224	9.807885259638862e-6
0.2245	9.811899870289669e-6
0.225	9.815914485731533e-6
0.2255	9.819929106278472e-6
0.226	9.823943726030667e-6
0.2265	9.827958348409032e-6
0.227	9.831972970620641e-6
0.2275	9.835987591426039e-6
0.228	9.840002209585768e-6
0.2285	9.844016823860382e-6
0.229	9.848031433010442e-6
0.2295	9.852046035796531e-6
0.23	9.856060630979246e-6
0.2305	9.86007521731921e-6
0.231	9.864089793577073e-6
0.2315	9.868104358513521e-6
0.232	9.872118910889261e-6
0.2325	9.876133449465056e-6
0.233	9.880147973001697e-6
0.2335	9.884162480260034e-6
0.234	9.88817697000096e-6
0.23450000000000001	9.89219144098542e-6
0.23500000000000001	9.896205891974422e-6
0.23550000000000001	9.900220321729036e-6
0.23600000000000002	9.904234604932192e-6
0.23650000000000002	9.908248664962928e-6
0.23700000000000002	9.912262703958712e-6
0.23750000000000002	9.916276723509788e-6
0.23800000000000002	9.920290725206331e-6
0.23850000000000002	9.924304710638439e-6
0.23900000000000002	9.928318681396155e-6
0.23950000000000002	9.93233263906945e-6
0.24	9.936346585248253e-6
0.2405	9.940360521522449e-6
0.241	9.944374449481874e-6
0.2415	9.94838837071634e-6
0.242	9.952402287838984e-6
0.2425	9.956416199369503e-6
0.243	9.96043010996771e-6
0.2435	9.96444402019999e-6
0.244	9.96845793165608e-6
0.2445	9.97247184592573e-6
0.245	9.976485764598689e-6
0.2455	9.980499689264729e-6
0.246	9.984513621513647e-6
0.2465	9.98852756293527e-6
0.247	9.992541515119458e-6
0.2475	9.996555479656117e-6
0.248	0.000010000569458135204
0.2485	0.000010004583452146723
0.249	0.000010008597508472765
0.2495	0.00001001261186809658
0.25	0.000010016626244755113
0.2505	0.000010020640637159518
0.251	0.000010024655044020908
0.2515	0.00001002866946405034
0.252	0.000010032683895958836
0.2525	0.000010036698338457372
0.253	0.000010040712790256898
0.2535	0.00001004472725006833
0.254	0.000010048741716602558
0.2545	0.000010052756188570453
0.255	0.000010056770663889048
0.2555	0.000010060785143650634
0.256	0.000010064799624184586
0.2565	0.000010068814104995549
0.257	0.000010072828584794345
0.2575	0.000010076843062291802
0.258	0.000010080857536198752
0.2585	0.000010084872005226042
0.259	0.000010088886468084533
0.2595	0.000010092900923485106
0.26	0.000010096915370138664
0.2605	0.000010100929806756144
0.261	0.000010104944232048509
0.2615	0.00001010895864472676
0.262	0.000010112973043501941
0.2625	0.000010116987119799782
0.263	0.000010121001146030216
0.2635	0.000010125015160170759
0.264	0.000010129029163928397
0.2645	0.000010133043159010072
0.265	0.000010137057147122693
0.2655	0.000010141071129992538
0.266	0.000010145085109268256
0.2665	0.00001014909908671489
0.267	0.000010153113064019873
0.2675	0.000010157127042890034
0.268	0.000010161141025032211
0.2685	0.000010165155012153255
0.269	0.000010169169005960037
0.2695	0.000010173183008159461
0.27	0.000010177197020458461
0.2705	0.000010181211044564021
0.271	0.000010185225082183165
0.2715	0.000010189239135022985
0.272	0.000010193253204790631
0.2725	0.000010197267293193329
0.273	0.00001020128140193838
0.2735	0.000010205295532733175
0.274	0.000010209309687285193
0.2745	0.000010213323867302028
0.275	0.000010217338074491366
0.2755	0.000010221352631504508
0.276	0.000010225367389443706
0.2765	0.000010229382172584584
0.277	0.000010233396978327775
0.2775	0.000010237411804073755
0.278	0.000010241426647222885
0.2785	0.000010245441505175404
0.279	0.000010249456375331456
0.2795	0.000010253471255091104
0.28	0.000010257486141854359
0.2805	0.000010261501033021174
0.281	0.000010265515925991483
0.28150000000000003	0.000010269530818165198
0.28200000000000003	0.00001027354570694225
0.28250000000000003	0.00001027756058972258
0.28300000000000003	0.000010281575463906172
0.28350000000000003	0.00001028559032689307
0.28400000000000003	0.00001028960517608338
0.28450000000000003	0.00001029362000887731
0.28500000000000003	0.000010297634822675166
0.28550000000000003	0.000010301649614877377
0.28600000000000003	0.000010305664382884517
0.28650000000000003	0.000010309679124097313
0.28700000000000003	0.000010313693835916663
0.28750000000000003	0.00001031770851574366
0.28800000000000003	0.000010321723160979604
0.2885	0.000010325737530092312
0.289	0.000010329751517629703
0.2895	0.000010333765469959456
0.29	0.000010337779389562548
0.2905	0.00001034179327891976
0.291	0.00001034580714051168
0.2915	0.000010349820976818729
0.292	0.000010353834790321168
0.2925	0.000010357848583499119
0.293	0.000010361862358832583
0.2935	0.000010365876118801442
0.294	0.000010369889865885489
0.2945	0.000010373903602564435
0.295	0.000010377917332984104
0.2955	0.00001038193105462556
0.296	0.000010385944774966907
0.2965	0.00001038995849482151
0.297	0.000010393972216668913
0.2975	0.000010397985942988673
0.298	0.000010401999676260372
0.2985	0.000010406013418963635
0.299	0.000010410027173578148
0.2995	0.000010414040942583671
0.3	0.000010418054728460048
0.3005	0.000010422068533687234
0.301	0.000010426082360745295
0.3015	0.000010430096212114442
0.302	0.00001043411009027503
0.3025	0.00001043812399770758
0.303	0.000010442137936892791
0.3035	0.000010446151910311566
0.304	0.000010450165920445013
0.3045	0.000010454179969774472
0.305	0.000010458194060781517
0.3055	0.000010462208195947992
0.306	0.000010466222377756003
0.3065	0.000010470236608687946
0.307	0.00001047425089122653
0.3075	0.000010478265227854768
0.308	0.000010482279621056021
0.3085	0.000010486294073313993
0.309	0.000010490308587112753
0.3095	0.000010494323164936753
0.31	0.00001049833780927084
0.3105	0.000010502352522600277
0.311	0.000010506367307410742
0.3115	0.000010510382166188367
0.312	0.000010514397101419736
0.3125	0.000010518412115591908
0.313	0.00001052242721119243
0.3135	0.000010526536476437686
0.314	0.000010530512181367826
0.3145	0.000010534484049469557
0.315	0.000010538451981079083
0.3155	0.000010542415877108789
0.316	0.000010546375639060058
0.3165	0.000010550331169035912
0.317	0.00001055428236975349
0.3175	0.000010558229144556338
0.318	0.000010562171397426523
0.3185	0.000010566109032996575
0.319	0.000010570041956561242
0.3195	0.00001057397007408904
0.32	0.000010577868775676293
0.3205	0.000010581778746660103
0.321	0.000010585682308944847
0.3215	0.00001058957933033879
0.322	0.000010593469681127263
0.3225	0.000010597353234095749
0.323	0.000010601229864550695
0.3235	0.000010605099450338074
0.324	0.000010608961871859686
0.3245	0.000010612817012087286
0.325	0.000010616664756574517
0.3255	0.000010620504993466679
0.326	0.000010624337613508441
0.3265	0.00001062816251004943
0.327	0.000010631979579047823
0.3275	0.00001063578871907193
0.328	0.000010639589831299844
0.3285	0.000010643382819517198
0.329	0.000010647167590113065
0.3295	0.000010650944052074048
0.33	0.000010654712116976647
0.3305	0.000010658471698977909
0.331	0.000010662222714804446
0.3315	0.000010665965083739856
0.332	0.000010669698727610617
0.3325	0.000010673423570770502
0.333	0.000010677139540083572
0.3335	0.000010680846564905812
0.334	0.000010684544577065442
0.3345	0.000010688233510842012
0.335	0.000010691913302944268
0.3355	0.000010695583892486912
0.336	0.000010699245220966273
0.3365	0.00001070289723223496
0.337	0.000010706539872475557
0.3375	0.0000107101730901734
0.338	0.000010713796836088516
0.3385	0.000010717411063226763
0.339	0.000010721015726810221
0.3395	0.000010724610784246902
0.34	0.000010728196195099824
0.3405	0.000010731771921055492
0.341	0.000010735337925891864
0.3415	0.000010738894175445818
0.342	0.000010742440637580182
0.3425	0.000010745977282150395
0.343	0.0000107495040809708
0.3435	0.000010753021007780673
0.34400000000000003	0.000010756528038209959
0.34450000000000003	0.000010760025149744832
0.34500000000000003	0.000010763512321693072
0.34550000000000003	0.000010766989535149306
0.34600000000000003	0.000010770456772960173
0.34650000000000003	0.000010773914019689415
0.34700000000000003	0.000010777361261582964
0.34750000000000003	0.000010780798486534044
0.34800000000000003	0.000010784225684048307
0.34850000000000003	0.00001078764284520907
0.34900000000000003	0.000010791049962642639
0.34950000000000003	0.000010794447030483799
0.35000000000000003	0.000010797834044341434
0.35050000000000003	0.00001080121100126438
0.35100000000000003	0.000010804577899707458
0.35150000000000003	0.000010807934739497778
0.352	0.000010811281521801268
0.3525	0.000010814618249089546
0.353	0.000010817944925107022
0.3535	0.00001082126155483838
0.354	0.00001082456814447637
0.3545	0.000010827864701389959
0.355	0.000010831151234092857
0.3555	0.000010834427752212421
0.356	0.000010837694266458964
0.3565	0.000010840950788595451
0.357	0.000010844197331407641
0.3575	0.00001084743390867464
0.358	0.000010850660535139881
0.3585	0.000010853877226482588
0.359	0.000010857083999289642
0.3595	0.000010860280871027932
0.36	0.000010863467860017175
0.3605	0.000010866644985403173
0.361	0.000010869812267131583
0.3615	0.000010872969725922109
0.362	0.000010876117383243226
0.3625	0.00001087925526128733
0.363	0.0000108823833829464
0.3635	0.000010885501771788124
0.364	0.000010888610452032504
0.3645	0.000010891709448528949
0.365	0.000010894798786733823
0.3655	0.000010897878492688485
0.366	0.000010900948592997796
0.3665	0.000010904009114809093
0.367	0.000010907060085791624
0.3675	0.000010910101534116456
0.368	0.000010913133488436845
0.3685	0.000010916155977869028
0.369	0.000010919169031973507
0.3695	0.000010922172680736755
0.37	0.000010925166954553358
0.3705	0.00001092815188420861
0.371	0.000010931127500861515
0.3715	0.000010934093836028233
0.372	0.00001093705092156592
0.3725	0.000010939998789657005
0.373	0.000010942937472793853
0.3735	0.000010945867003763831
0.374	0.000010948787415634768
0.3745	0.000010951698741740807
0.375	0.000010954601015668618
0.3755	0.000010957494271243997
0.376	0.000010960378542518835
0.3765	0.00001096325386375842
0.377	0.000010966120269429127
0.3775	0.00001096897779418642
0.378	0.000010971826472863207
0.3785	0.000010974666340458536
0.379	0.000010977497432126582
0.3795	0.00001098031978316599
0.38	0.000010983133429009496
0.3805	0.00001098593840521388
0.381	0.000010988734747450187
0.3815	0.000010991522491494262
0.382	0.000010994238607793661
0.3825	0.00001099700798731632
0.383	0.00001099976887727201
0.3835	0.00001100252131448632
0.384	0.0000110052653358468
0.3845	0.00001100800097829436
0.385	0.00001101072827881493
0.3855	0.000011013447274431367
0.386	0.000011016158002195628
0.3865	0.000011018860499181122
0.387	0.00001102155480247536
0.3875	0.000011024240949172794
0.388	0.000011026918976367887
0.3885	0.000011029588921148395
0.389	0.000011032250820588878
0.3895	0.000011034904711744399
0.39	0.000011037550631644435
0.3905	0.000011040188617286984
0.391	0.000011042818705632868
0.3915	0.000011045440933600228
0.392	0.000011048055338059183
0.3925	0.000011050661955826693
0.393	0.000011053260823661596
0.3935	0.000011055851978259792
0.394	0.000011058435456249623
0.3945	0.000011061011294187395
0.395	0.000011063579528553083
0.3955	0.000011066140195746146
0.396	0.000011068693332081556
0.3965	0.000011071238973785918
0.397	0.000011073777156993761
0.3975	0.000011076307917743973
0.398	0.000011078831291976346
0.3985	0.000011081347315528286
0.399	0.000011083856024131625
0.3995	0.000011086357453409584
0.4	0.000011088851638873824
0.4005	0.000011091338615921655
0.401	0.000011093818419833339
0.4015	0.000011096291085769502
0.402	0.000011098756648768671
0.4025	0.000011101215143744909
0.403	0.00001110366660548555
0.4035	0.00001110611106864905
0.404	0.000011108548567762907
0.4045	0.000011110979137221723
0.405	0.00001111340281128531
0.4055	0.000011115819624076914
0.406	0.000011118229609581525
0.40650000000000003	0.000011120632801644259
0.40700000000000003	0.000011123029233968836
0.40750000000000003	0.000011125418940116137
0.40800000000000003	0.000011127801953502825
0.40850000000000003	0.000011130178307400065
0.40900000000000003	0.000011132548034932291
0.40950000000000003	0.00001113491116907607
0.41000000000000003	0.000011137267742659014
0.41050000000000003	0.000011139617788358778
0.41100000000000003	0.000011141961338702103
0.41150000000000003	0.00001114429842606394
0.41200000000000003	0.000011146629082666625
0.41250000000000003	0.000011148953340579116
0.41300000000000003	0.000011151271231716293
0.41350000000000003	0.0000111535827878383
0.41400000000000003	0.000011155888040549959
0.41450000000000004	0.000011158187021300221
0.41500000000000004	0.00001116047976138168
0.41550000000000004	0.000011162766291930123
0.41600000000000004	0.000011165046643924141
0.4165	0.00001116732084818478
0.417	0.00001116958893537523
0.4175	0.000011171850936000574
0.418	0.00001117410688040756
0.4185	0.00001117635679878443
0.419	0.00001117860072116077
0.4195	0.000011180838677407417
0.42	0.000011183070697236393
0.4205	0.000011185296810200867
0.421	0.000011187517045695165
0.4215	0.000011189731432954811
0.422	0.000011191940001056587
0.4225	0.000011194142778918635
0.423	0.000011196339795300588
0.4235	0.000011198531078803723
0.424	0.000011200716657871159
0.4245	0.00001120289656078805
0.425	0.000011205070815681837
0.4255	0.000011207239450522503
0.426	0.000011209402493122863
0.4265	0.000011211559971138867
0.427	0.000011213711912069937
0.4275	0.000011215858343259316
0.428	0.00001121799929189444
0.4285	0.000011220134785007336
0.429	0.00001122226484947502
0.4295	0.00001122438951201994
0.43	0.000011226508799210416
0.4305	0.000011228622737461102
0.431	0.000011230731353033468
0.4315	0.000011232834672036298
0.432	0.000011234932720426185
0.4325	0.00001123702552400807
0.433	0.000011239113108435777
0.4335	0.00001124119549921255
0.434	0.000011243272721691632
0.4345	0.000011245344801076827
0.435	0.000011247411762423084
0.4355	0.000011249473630637108
0.436	0.000011251530430477945
0.4365	0.000011253582186557615
0.437	0.000011255628923341726
0.4375	0.000011257670665150115
0.438	0.000011259707436157482
0.4385	0.000011261739260394048
0.439	0.000011263766161746206
0.4395	0.000011265788163957193
0.44	0.000011267805290627754
0.4405	0.00001126981756521682
0.441	0.000011271825011042195
0.4415	0.000011273827651281242
0.442	0.000011275825508971581
0.4425	0.00001127781860701178
0.443	0.000011279806968162069
0.4435	0.000011281790615045035
0.444	0.000011283769570146346
0.4445	0.000011285743855815463
0.445	0.000011287713494266348
0.4455	0.000011289678507578205
0.446	0.000011291638917696182
0.4465	0.000011293594746432118
0.447	0.000011295546015465258
0.4475	0.000011297492746342993
0.448	0.000011299434960481588
0.4485	0.000011301372679166916
0.449	0.000011303305923555202
0.4495	0.000011305234714673749
0.45	0.000011307159073421682
0.4505	0.000011309079020570682
0.451	0.000011310994576765738
0.4515	0.00001131290576252587
0.452	0.000011314812598244873
0.4525	0.00001131671510419207
0.453	0.000011318679718071085
0.4535	0.000011320572587220407
0.454	0.000011322461188081706
0.4545	0.000011324345540798764
0.455	0.000011326225665388848
0.4555	0.000011328101581743323
0.456	0.000011329973309628265
0.4565	0.000011331840868685086
0.457	0.00001133370427843117
0.4575	0.000011335563558260487
0.458	0.000011337418727444233
0.4585	0.000011339269805131473
0.459	0.000011341116810349767
0.4595	0.000011342959762005831
0.46	0.000011344798678886167
0.4605	0.000011346633579657725
0.461	0.000011348464482868545
0.4615	0.000011350291406948415
0.462	0.000011352114370209533
0.4625	0.000011353933390847165
0.463	0.000011355748486940295
0.4635	0.000011357559676452306
0.464	0.000011359366977231636
0.4645	0.000011361170407012443
0.465	0.00001136296998341529
0.4655	0.000011364765723947797
0.466	0.000011366557646005325
0.4665	0.000011368345766871647
0.467	0.000011370130103719625
0.4675	0.000011371910673611887
0.468	0.000011373687493501499
0.4685	0.000011375460580232653
0.46900000000000003	0.000011377229950541344
0.46950000000000003	0.00001137899562105604
0.47000000000000003	0.00001138075760829838
0.47050000000000003	0.000011382515928683843
0.47100000000000003	0.000011384270598522439
0.47150000000000003	0.000011386021634019384
0.47200000000000003	0.000011387769051275783
0.47250000000000003	0.000011389512866289326
0.47300000000000003	0.000011391253094954952
0.47350000000000003	0.000011392989753065547
0.47400000000000003	0.00001139472285631262
0.47450000000000003	0.000011396452420286988
0.47500000000000003	0.00001139817846047946
0.47550000000000003	0.000011399900992281516
0.47600000000000003	0.000011401620030985987
0.47650000000000003	0.00001140333559178775
0.47700000000000004	0.00001140504768978439
0.47750000000000004	0.00001140675633997689
0.47800000000000004	0.000011408461557270316
0.47850000000000004	0.000011410163356474477
0.47900000000000004	0.000011411861752304625
0.47950000000000004	0.000011413556759382117
0.48	0.00001141524839223509
0.4805	0.000011416936665299146
0.481	0.000011418621592918018
0.4815	0.000011420303189344239
0.482	0.000011421981468739817
0.4825	0.000011423656445176907
0.483	0.000011425328132638472
0.4835	0.000011426996545018952
0.484	0.000011428661696124928
0.4845	0.000011430323599675785
0.485	0.000011431982269304374
0.4855	0.000011433637718557671
0.486	0.00001143528996089743
0.4865	0.000011436939009700847
0.487	0.000011438584878261201
0.4875	0.000011440227579788521
0.488	0.000011441867127410221
0.4885	0.000011443503534171755
0.489	0.000011445136813037261
0.4895	0.000011446766976890202
0.49	0.000011448394038534004
0.4905	0.000011450018010692703
0.491	0.00001145163890601157
0.4915	0.000011453256737057748
0.492	0.000011454871516320888
0.4925	0.000011456483256213771
0.493	0.000011458091969072934
0.4935	0.000011459697667159295
0.494	0.000011461300362658774
0.4945	0.000011462900067682908
0.495	0.000011464496794269465
0.4955	0.00001146609055438306
0.496	0.000011467681359915766
0.4965	0.00001146926922268771
0.497	0.000011470854154447691
0.4975	0.000011472436166873763
0.498	0.000011474015271573854
0.4985	0.00001147559148008634
0.499	0.00001147716480388065
0.4995	0.000011478735254357853
0.5	0.000011480302842851237
0.5005000000000001	0.000011481867580626897
0.501	0.000011483429478884312
0.5015000000000001	0.000011484988548756925
0.502	0.00001148654480131271
0.5025000000000001	0.000011488098247554748
0.503	0.000011489648898421783
0.5035000000000001	0.000011491196764788803
0.504	0.000011492741857467583
0.5045000000000001	0.000011494284187207248
0.505	0.000011495823764694832
0.5055000000000001	0.000011497360600555816
0.506	0.000011498894705354686
0.5065000000000001	0.000011500426089595471
0.507	0.000011501954763722282
0.5075000000000001	0.000011503480738119856
0.508	0.000011505004023114076
0.5085000000000001	0.000011506524628972516
0.509	0.00001150804256590495
0.5095000000000001	0.000011509557844063895
0.51	0.000011511070473545115
0.5105000000000001	0.00001151258046438814
0.511	0.000011514087826576781
0.5115000000000001	0.00001151559257003964
0.512	0.000011517094704650614
0.5125	0.000011518594240229393
0.513	0.000011520091186541963
0.5135	0.0000115215855533011
0.514	0.000011523077350166861
0.5145	0.000011524566586747071
0.515	0.000011526053272597809
0.5155	0.000011527537417223883
0.516	0.000011529019030079319
0.5165	0.000011530498120567819
0.517	0.000011531974698043245
0.5175	0.000011533448771810077
0.518	0.000011534920351123878
0.5185	0.000011536389445191755
0.519	0.000011537856063172813
0.5195	0.000011539320214178608
0.52	0.000011540781907273594
0.5205	0.00001154224115147557
0.521	0.00001154369795575612
0.5215	0.000011545152329041054
0.522	0.000011546604280210838
0.5225	0.000011548053818101028
0.523	0.000011549500951502694
0.5235	0.000011550945689162853
0.524	0.000011552388039784873
0.5245	0.000011553828012028907
0.525	0.000011555265614512295
0.5255	0.000011556700855809976
0.526	0.000011558133744454896
0.5265	0.000011559564288938412
0.527	0.000011560992497710686
0.5275	0.000011562418379181086
0.528	0.000011563841941718576
0.5285	0.000011565321158431141
0.529	0.00001156672870937813
0.5295	0.000011568135197079599
0.53	0.000011569540636122366
0.5305	0.000011570945040984263
0.531	0.000011572348426034754
0.5315	0.000011573750805535542
0.532	0.000011575152193641187
0.5325	0.000011576552604399706
0.533	0.00001157795205175319
0.5335	0.000011579350549538411
0.534	0.00001158074811148743
0.5345	0.000011582144751228199
0.535	0.000011583540482285173
0.5355	0.000011582328322393351
0.536	0.000011584788612330289
0.5365	0.00001158724930811412
0.537	0.000011589710409725669
0.5375	0.000011592171917145552
0.538	0.000011594633830354195
0.5385	0.000011597096149331822
0.539	0.000011599558874058463
0.5395	0.000011602022004513942
0.54	0.000011604485540677892
0.5405	0.000011606949482529743
0.541	0.000011609413830048729
0.5415	0.00001161187858321388
0.542	0.000011614343742004029
0.5425	0.00001161680930639781
0.543	0.000011619275276373658
0.5435	0.0000116217416519098
0.544	0.000011624208432984274
0.5445	0.000011626675619574907
0.545	0.000011629143211659332
0.5455	0.000011631611209214974
0.546	0.000011634079612219063
0.5465	0.000011636548420648624
0.547	0.000011639017634480481
0.5475	0.000011641487253691255
0.548	0.000011643957278257362
0.5485	0.000011646427708155019
0.549	0.000011648898543360239
0.5495	0.000011651369783848833
0.55	0.000011653841429596406
0.5505	0.000011656313480578359
0.551	0.00001165878593676989
0.5515	0.000011661258798145995
0.552	0.000011663732064681463
0.5525	0.000011666205736350878
0.553	0.000011668679813128622
0.5535	0.000011671154294988867
0.554	0.000011673629181905584
0.5545	0.000011676104473852536
0.555	0.00001167858017080328
0.5555	0.00001168105627273117
0.556	0.000011683532779609348
0.5565	0.000011686009691410754
0.557	0.000011688487008108122
0.5575	0.000011690964729673973
0.558	0.000011693442856080625
0.5585	0.000011695921387300188
0.559	0.000011698400323304563
0.5595	0.000011700879664065444
0.56	0.000011703359409554316
0.5605	0.000011705839559742457
0.561	0.000011708320114600933
0.5615	0.000011710801074100605
0.562	0.00001171328243821212
0.5625	0.000011715764206905918
0.5630000000000001	0.00001171824638015223
0.5635	0.000011720728957921076
0.5640000000000001	0.000011723211940182267
0.5645	0.0000117256953269054
0.5650000000000001	0.000011728179118059865
0.5655	0.000011730663313614838
0.5660000000000001	0.000011733147913539287
0.5665	0.000011735632917801966
0.5670000000000001	0.000011738118326371416
0.5675	0.000011740604139215974
0.5680000000000001	0.000011743090356303752
0.5685	0.000011745576977602658
0.5690000000000001	0.00001174806400308039
0.5695	0.000011750551432704423
0.5700000000000001	0.000011753039266442027
0.5705	0.000011755527504260257
0.5710000000000001	0.000011758016146125952
0.5715	0.00001176050519200574
0.5720000000000001	0.00001176299464186603
0.5725	0.000011765484495673022
0.5730000000000001	0.000011767974753392701
0.5735	0.000011770465414990832
0.5740000000000001	0.000011772956480432971
0.5745	0.000011775447949684454
0.5750000000000001	0.000011777939822710404
0.5755	0.000011780432099475728
0.5760000000000001	0.000011782924779945115
0.5765	0.00001178541786408304
0.577	0.000011787911351853757
0.5775	0.000011790405243221311
0.578	0.000011792899538149524
0.5785	0.000011795394236602002
0.579	0.000011797889338542131
0.5795	0.000011800384843933087
0.58	0.000011802880752737818
0.5805	0.00001180537706491906
0.581	0.000011807873780439327
0.5815	0.000011810370899260922
0.582	0.000011812868421345915
0.5825	0.00001181536634665617
0.583	0.000011817864675153324
0.5835	0.0000118203634067988
0.584	0.000011822862541553792
0.5845	0.000011825362079379284
0.585	0.000011827862020236032
0.5855	0.000011830362364084575
0.586	0.00001183286311088523
0.5865	0.000011835364260598096
0.587	0.000011837865813183042
0.5875	0.000011840367768599727
0.588	0.000011842870126807574
0.5885	0.000011845372887765798
0.589	0.000011847876051433384
0.5895	0.000011850379617769096
0.59	0.00001185288358673147
0.5905	0.000011855387958278832
0.591	0.000011857892732369269
0.5915	0.000011860397908960654
0.592	0.000011862903488010632
0.5925	0.000011865409469476632
0.593	0.000011867915853315844
0.5935	0.000011870422639485246
0.594	0.000011872929827941586
0.5945	0.000011875437418641387
0.595	0.000011877945411540947
0.5955	0.000011880453806596342
0.596	0.000011882962603763415
0.5965	0.000011885471802997789
0.597	0.000011887981404254858
0.5975	0.00001189049140748979
0.598	0.000011893001812657527
0.5985	0.000011895512619712782
0.599	0.000011898023828610045
0.5995	0.000011900535439303572
0.6	0.000011903047451747395
0.6005	0.00001190555986589532
0.601	0.00001190807268170092
0.6015	0.000011910585899117547
0.602	0.000011913099518098312
0.6025	0.000011915613538596108
0.603	0.000011918127960563598
0.6035	0.000011920642783953208
0.604	0.000011923158008717141
0.6045	0.00001192567363480737
0.605	0.000011928189662175634
0.6055	0.000011930706090773442
0.606	0.000011933222920552076
0.6065	0.000011935740151462585
0.607	0.000011938257783455787
0.6075	0.000011940775816482267
0.608	0.000011943294250492381
0.6085	0.000011945813085436253
0.609	0.000011948332321263772
0.6095	0.000011950851957924597
0.61	0.000011953371995368154
0.6105	0.000011955892433543638
0.611	0.000011958413272400005
0.6115	0.000011960934511885987
0.612	0.000011963456151950073
0.6125	0.000011965978192540526
0.613	0.000011968500633605368
0.6135	0.000011971023475092393
0.614	0.000011973546716949155
0.6145	0.00001197607035912298
0.615	0.000011978594401560949
0.6155	0.000011981118844209919
0.616	0.000011983643687016503
0.6165	0.000011986168929927084
0.617	0.000011988694572887804
0.6175	0.000011991220615844574
0.618	0.000011993747058743063
0.6185	0.00001199627390152871
0.619	0.000011998801144146709
0.6195	0.000012001328786542025
0.62	0.000012003856828659378
0.6205	0.00001200638527044326
0.621	0.000012008914111837912
0.6215	0.00001201144335278735
0.622	0.000012013972993235342
0.6225	0.000012016503033125425
0.623	0.00001201903347240089
0.6235	0.000012021564311004793
0.624	0.00001202409554887995
0.6245	0.000012026627185968941
0.625	0.000012029159222214097
0.6255000000000001	0.000012031691657557519
0.626	0.000012034224491941062
0.6265000000000001	0.000012036757725306341
0.627	0.00001203929135759473
0.6275000000000001	0.000012041825388747367
0.628	0.000012044359818705144
0.6285000000000001	0.000012046894647408712
0.629	0.000012049429874798477
0.6295000000000001	0.000012051965500814612
0.63	0.000012054501525397038
0.6305000000000001	0.000012057037948485442
0.631	0.000012059574770019264
0.6315000000000001	0.000012062111989937701
0.632	0.000012064649608179709
0.6325000000000001	0.000012067187624683996
0.633	0.000012069726039389031
0.6335000000000001	0.00001207226485223304
0.634	0.000012074804063153998
0.6345000000000001	0.000012077343672089645
0.635	0.00001207988367897747
0.6355000000000001	0.000012082424083754718
0.636	0.000012084964886358392
0.6365000000000001	0.000012087506086725244
0.637	0.000012090047684791789
0.6375000000000001	0.000012092589680494288
0.638	0.00001209513207376876
0.6385000000000001	0.00001209767486455098
0.639	0.000012100218052776469
0.6395000000000001	0.000012102761638380508
0.64	0.000012105305621298131
0.6405	0.00001210785000146412
0.641	0.000012110394778813016
0.6415	0.000012112939953279106
0.642	0.000012115485524796435
0.6425	0.000012118031493298793
0.643	0.00001212057785871973
0.6435	0.000012123124620992539
0.644	0.000012125671780050272
0.6445	0.000012128219335825723
0.645	0.000012130767288251448
0.6455	0.000012133315637259743
0.646	0.000012135864382782661
0.6465	0.000012138413524752001
0.647	0.000012140963063099314
0.6475	0.0000121435129977559
0.648	0.00001214606332865281
0.6485	0.000012148614055720838
0.649	0.000012151165178890534
0.6495	0.000012153716698092194
0.65	0.000012156268613255862
0.6505	0.000012158820924311328
0.651	0.000012161373631188134
0.6515	0.000012163926733815567
0.652	0.000012166480232122664
0.6525	0.000012169034126038204
0.653	0.00001217158841549072
0.6535	0.000012174143100408485
0.654	0.000012176698180719524
0.6545	0.000012179253656351604
0.655	0.000012181809527232243
0.6555	0.000012184365793288696
0.656	0.000012186922454447974
0.6565	0.000012189479510636828
0.657	0.00001219203696178175
0.6575	0.000012194594807808988
0.658	0.000012197153048644525
0.6585	0.000012199711684214092
0.659	0.000012202270714443163
0.6595	0.000012204830139256956
0.66	0.000012207389958580437
0.6605	0.000012209950172338306
0.661	0.000012212510780455017
0.6615	0.000012215071782854762
0.662	0.000012217633179461472
0.6625	0.000012220194970198826
0.663	0.000012222757154990245
0.6635	0.00001222531973375889
0.664	0.000012227882706427666
0.6645	0.000012230446072919215
0.665	0.000012233009833155928
0.6655	0.000012235573987059928
0.666	0.000012238138534553087
0.6665	0.000012240703475557013
0.667	0.000012243268809993058
0.6675	0.00001224583453778231
0.668	0.0000122484006588456
0.6685	0.000012250967173103498
0.669	0.000012253534080476314
0.6695	0.000012256101380884096
0.67	0.000012258669074246633
0.6705	0.000012261237160483451
0.671	0.000012263805639513815
0.6715	0.000012266374511256731
0.672	0.00001226894377563094
0.6725	0.00001227151343255492
0.673	0.000012274083481946892
0.6735	0.00001227665392372481
0.674	0.000012279224757806366
0.6745	0.00001228179598410899
0.675	0.00001228436760254985
0.6755	0.000012286939613045846
0.676	0.000012289512015513621
0.6765	0.000012292084809869548
0.677	0.00001229465799602974
0.6775	0.000012297231573910043
0.678	0.00001229980554342604
0.6785	0.000012302379904493047
0.679	0.000012304954657026121
0.6795	0.000012307529800940048
0.68	0.00001231010533614935
0.6805	0.00001231268126256828
0.681	0.000012315257580110835
0.6815	0.000012317834288690735
0.682	0.000012320411388221442
0.6825	0.000012322988878616145
0.683	0.000012325566759787769
0.6835	0.000012328145031648974
0.684	0.000012330723694112146
0.6845	0.000012333302747089414
0.685	0.000012335882190492632
0.6855	0.000012338462024233384
0.686	0.000012341042248222992
0.6865	0.000012343622862372509
0.687	0.000012346203866592715
0.6875	0.000012348785260794123
0.6880000000000001	0.000012351367044886983
0.6885	0.000012353949218781264
0.6890000000000001	0.000012356531782386677
0.6895	0.000012359114735612656
0.6900000000000001	0.000012361698078368368
0.6905	0.000012364281810562708
0.6910000000000001	0.000012366865932104306
0.6915	0.000012369450442901513
0.6920000000000001	0.000012372035342862417
0.6925	0.00001237462063189483
0.6930000000000001	0.000012377206309906295
0.6935	0.000012379792376804082
0.6940000000000001	0.000012382378832495192
0.6945	0.000012384965676886351
0.6950000000000001	0.000012387552909884017
0.6955	0.000012390140531394369
0.6960000000000001	0.000012392728541323321
0.6965	0.000012395316939576508
0.6970000000000001	0.000012397905726059298
0.6975	0.00001240049490067678
0.6980000000000001	0.000012403084463333772
0.6985	0.00001240567441393482
0.6990000000000001	0.000012408264752384194
0.6995	0.00001241085547858589
0.7000000000000001	0.000012413446592443632
0.7005	0.000012416038093860868
0.7010000000000001	0.000012418629982740769
0.7015	0.000012421222258986233
0.7020000000000001	0.000012423814922499886
0.7025	0.000012426407973184072
0.7030000000000001	0.000012429001410940865
0.7035	0.000012431595235672062
0.704	0.000012434189447279182
0.7045	0.00001243678404566347
0.705	0.000012439379030725892
0.7055	0.000012441974402367141
0.706	0.00001244457016048763
0.7065	0.000012447166304987496
0.707	0.000012449762835766598
0.7075	0.000012452359752724518
0.708	0.000012454957055760563
0.7085	0.000012457554744773756
0.709	0.000012460152819662848
0.7095	0.000012462751280326307
0.71	0.000012465350126662326
0.7105	0.000012467949358568817
0.711	0.000012470548975943413
0.7115	0.00001247314897868347
0.712	0.00001247574936668606
0.7125	0.000012478350139847984
0.713	0.000012480951298065752
0.7135	0.0000124835528412356
0.714	0.000012486154769253484
0.7145	0.00001248875708201508
0.715	0.00001249135977941578
0.7155	0.0000124939628613507
0.716	0.000012496566327714667
0.7165	0.000012499170178402237
0.717	0.000012501774413307677
0.7175	0.000012504379032324972
0.718	0.000012506984035347832
0.7185	0.000012509589422269676
0.719	0.000012512195192983648
0.7195	0.000012514801347382605
0.72	0.000012517407885359124
0.7205	0.000012520014806805495
0.721	0.00001252262211161373
0.7215	0.000012525229799675553
0.722	0.000012527837870882409
0.7225	0.000012530446325125454
0.723	0.000012533055162295562
0.7235	0.000012535664382283329
0.724	0.000012538273984979055
0.7245	0.000012540883970272764
0.725	0.000012543494338054191
0.7255	0.000012546105088212791
0.726	0.000012548716220637727
0.7265	0.00001255132773521788
0.727	0.000012553939631841845
0.7275	0.000012556551910397936
0.728	0.00001255916457077417
0.7285	0.000012561777612858286
0.729	0.000012564391036537737
0.7295	0.000012567004841699685
0.73	0.000012569619028231006
0.7305	0.00001257223359601829
0.731	0.000012574848544947844
0.7315	0.00001257746387490568
0.732	0.000012580079585777525
0.7325	0.000012582695677448818
0.733	0.000012585312149804715
0.7335	0.000012587929002730075
0.734	0.000012590546236109477
0.7345	0.000012593163849827203
0.735	0.000012595781843767251
0.7355	0.000012598400217813333
0.736	0.000012601018971848867
0.7365	0.00001260363810575698
0.737	0.000012606257619420514
0.7375	0.000012608877512722019
0.738	0.000012611497785543756
0.7385	0.000012614118437767694
0.739	0.00001261673946927551
0.7395	0.000012619360879948597
0.74	0.000012621982669668052
0.7405	0.00001262460483831468
0.741	0.000012627227385768998
0.7415	0.000012629850311911232
0.742	0.000012632473616621311
0.7425	0.000012635104911551008
0.743	0.000012637725969052173
0.7435	0.000012640347403290323
0.744	0.000012642969214256021
0.7445	0.000012645591401939704
0.745	0.000012648213966331674
0.7455	0.000012650836907422106
0.746	0.00001265346022520104
0.7465	0.000012656083919658393
0.747	0.000012658707990783944
0.7475	0.000012661332438567339
0.748	0.000012663957262998099
0.7485	0.000012666582464065612
0.749	0.000012669208041759128
0.7495	0.000012671833996067772
0.75	0.000012674460326980536
0.7505000000000001	0.00001267708703448628
0.751	0.000012679714118573725
0.7515000000000001	0.000012682341579231471
0.752	0.000012684969416447977
0.7525000000000001	0.000012687597630211571
0.753	0.000012690226220510449
0.7535000000000001	0.000012692855187332675
0.754	0.000012695484530666179
0.7545000000000001	0.000012698114250498759
0.755	0.000012700744346818073
0.7555000000000001	0.000012703374819611655
0.756	0.000012706005668866899
0.7565000000000001	0.000012708636894571068
0.757	0.00001271126849671129
0.7575000000000001	0.000012713900475274558
0.758	0.00001271653283024773
0.7585000000000001	0.000012719165561617534
0.759	0.000012721798669370562
0.7595000000000001	0.000012724432153493265
0.76	0.000012727066013971965
0.7605000000000001	0.000012729700250792852
0.761	0.000012732334863941973
0.7615000000000001	0.000012734969853405243
0.762	0.000012737605219168445
0.7625000000000001	0.000012740240961217224
0.763	0.000012742877079537085
0.7635000000000001	0.000012745513574113403
0.764	0.000012748150444931414
0.7645000000000001	0.00001275078769197622
0.765	0.000012753425315232785
0.7655000000000001	0.000012756063314685937
0.766	0.000012758701690320366
0.7665000000000001	0.000012761340442120631
0.767	0.000012763979570071143
0.7675000000000001	0.000012766619074156189
0.768	0.000012769258954359908
0.7685	0.000012771899210666309
0.769	0.000012774539843059261
0.7695	0.000012777180851522493
0.77	0.000012779822236039601
0.7705	0.000012782463996594036
0.771	0.000012785106133169123
0.7715	0.000012787748645748035
0.772	0.000012790391534313815
0.7725	0.000012793034798849365
0.773	0.000012795678439337452
0.7735	0.000012798322455760696
0.774	0.000012800966848101588
0.7745	0.000012803611616342473
0.775	0.00001280625676046556
0.7755	0.000012808902280452916
0.776	0.000012811548176286471
0.7765	0.000012814194447948014
0.777	0.000012816841095419198
0.7775	0.000012819488118681529
0.778	0.000012822135517716378
0.7785	0.000012824783292504974
0.779	0.00001282743144302841
0.7795	0.00001283007996926763
0.78	0.000012832728871203446
0.7805	0.00001283537814881652
0.781	0.000012838027802087385
0.7815	0.00001284067783099642
0.782	0.000012843328235523875
0.7825	0.000012845979015649848
0.783	0.000012848630171354302
0.7835	0.000012851281702617058
0.784	0.000012853933609417794
0.7845	0.000012856585891736042
0.785	0.000012859238549551198
0.7855	0.000012861891582842514
0.786	0.000012864544991589098
0.7865	0.000012867198775769916
0.787	0.000012869852935363795
0.7875	0.000012872507470349413
0.788	0.00001287516238070531
0.7885	0.000012877817666409879
0.789	0.000012880473327441373
0.7895	0.000012883129363777901
0.79	0.000012885785775397426
0.7905	0.00001288844256227777
0.791	0.000012891099724396612
0.7915	0.00001289375726173148
0.792	0.00001289641517425977
0.7925	0.000012899073461958723
0.793	0.000012901732124805439
0.7935	0.000012904391162776874
0.794	0.000012907050575849842
0.7945	0.000012909710364001006
0.795	0.000012912370527206891
0.7955	0.000012915031065443868
0.796	0.000012917691978688171
0.7965	0.000012920353266915888
0.797	0.000012923014930102954
0.7975	0.000012925676968225164
0.798	0.000012928339381258169
0.7985	0.000012931002169177468
0.799	0.00001293366533195842
0.7995	0.000012936328869576233
0.8	0.000012938992782005971
0.8005	0.00001294165706922255
0.801	0.00001294432173120074
0.8015	0.000012946986767915166
0.802	0.000012949652179340302
0.8025	0.000012952317965450475
0.803	0.000012954984126219871
0.8035	0.00001295765066162252
0.804	0.000012960317571632312
0.8045	0.000012962984856222983
0.805	0.000012965652515368124
0.8055	0.000012968320549041178
0.806	0.00001297098895721544
0.8065	0.000012973657739864057
0.807	0.000012976326896960025
0.8075	0.000012978996428476192
0.808	0.00001298166633438526
0.8085	0.00001298433661465978
0.809	0.000012987007269272154
0.8095	0.000012989678298194636
0.81	0.000012992349701399327
0.8105	0.000012995021478858184
0.811	0.000012997693630543008
0.8115	0.000013000366156425456
0.812	0.000013003039056477034
0.8125	0.000013005712330669094
0.8130000000000001	0.00001300838597897284
0.8135	0.000013011060001359326
0.8140000000000001	0.000013013734397799459
0.8145	0.000013016409168263989
0.8150000000000001	0.000013019084312723515
0.8155	0.000013021759831148493
0.8160000000000001	0.00001302443572350922
0.8165	0.000013027111989775845
0.8170000000000001	0.000013029788629918368
0.8175	0.000013032465643906629
0.8180000000000001	0.000013035143031710324
0.8185	0.000013037820793298997
0.8190000000000001	0.000013040498928642037
0.8195	0.000013043177437708681
0.8200000000000001	0.000013045856320468017
0.8205	0.000013048535576888973
0.8210000000000001	0.000013051215206940336
0.8215	0.000013053895210590729
0.8220000000000001	0.000013056575587808629
0.8225	0.000013059256338562357
0.8230000000000001	0.000013061937462820085
0.8235	0.000013064618960549826
0.8240000000000001	0.00001306730083171944
0.8245	0.000013069983076296639
0.8250000000000001	0.000013072665694248978
0.8255	0.000013075348685543854
0.8260000000000001	0.000013078032050148518
0.8265	0.00001308071578803006
0.8270000000000001	0.00001308339989915542
0.8275	0.00001308608438349138
0.8280000000000001	0.000013088769241004571
0.8285	0.000013091454471661468
0.8290000000000001	0.000013094140075428387
0.8295	0.000013096826052271497
0.8300000000000001	0.000013099512402156807
0.8305	0.000013102199125050168
0.8310000000000001	0.000013104886220917277
0.8315	0.000013107573689723683
0.8320000000000001	0.000013110261531434772
0.8325	0.00001311294974601577
0.833	0.000013115638333431756
0.8335	0.000013118327293647649
0.834	0.00001312101662662821
0.8345	0.000013123706332338047
0.835	0.000013126396410741608
0.8355	0.000013129086861803185
0.836	0.000013131777685486916
0.8365	0.000013134468881756778
0.837	0.000013137160450576592
0.8375	0.000013139852391910023
0.838	0.000013142544705720578
0.8385	0.000013145237391971603
0.839	0.000013147930450626292
0.8395	0.000013150623881647677
0.84	0.000013153317684998632
0.8405	0.000013156011860641876
0.841	0.000013158706408539967
0.8415	0.0000131614013286553
0.842	0.000013164096620950122
0.8425	0.000013166792285386514
0.843	0.000013169488321926395
0.8435	0.000013172184730531535
0.844	0.000013174881511163536
0.8445	0.000013177578663783844
0.845	0.000013180276188353743
0.8455	0.000013182974084834362
0.846	0.000013185672353186667
0.8465	0.000013188370993371464
0.847	0.000013191070005349399
0.8475	0.000013193769389080958
0.848	0.000013196469144526465
0.8485	0.00001319916927164609
0.849	0.000013201869770399832
0.8495	0.000013204570640747536
0.85	0.000013207271882648887
0.8505	0.000013209973496063402
0.851	0.000013212675480950445
0.8515	0.000013215377837269213
0.852	0.000013218080564978741
0.8525	0.000013220783664037909
0.853	0.000013223487134405425
0.8535	0.000013226190976039846
0.854	0.000013228895188899556
0.8545	0.000013231599772942785
0.855	0.000013234304728127596
0.8555	0.000013237010054411892
0.856	0.000013239715751753412
0.8565	0.000013242421820109732
0.857	0.000013245128259438265
0.8575	0.000013247835069696262
0.858	0.000013250542250840809
0.8585	0.00001325324980282883
0.859	0.000013255957725617085
0.8595	0.000013258666019162168
0.86	0.000013261374683420512
0.8605	0.000013264083718348387
0.861	0.000013266793123901895
0.8615	0.000013269502900036975
0.862	0.000013272213046709405
0.8625	0.000013274923563874792
0.863	0.000013277634451488582
0.8635	0.000013280345709506061
0.864	0.000013283057337882338
0.8645	0.000013285769336572368
0.865	0.000013288481705530935
0.8655	0.000013291194444712658
0.866	0.000013293907554071992
0.8665	0.000013296621033563225
0.867	0.00001329933488314048
0.8675	0.000013302049102757715
0.868	0.000013304763692368716
0.8685	0.000013307478651927113
0.869	0.000013310193981386358
0.8695	0.000013312909680699746
0.87	0.000013315625749820397
0.8705	0.00001331834218870127
0.871	0.00001332105899729516
0.8715	0.00001332377617555468
0.872	0.000013326493723432295
0.8725	0.000013329211640880288
0.873	0.000013331929927850781
0.8735	0.000013334648584295727
0.874	0.000013337367610166909
0.8745	0.000013340087005415946
0.875	0.000013342806769994286
0.8755000000000001	0.00001334552690385321
0.876	0.000013348247406943829
0.8765000000000001	0.000013350968279217086
0.877	0.000013353689520623755
0.8775000000000001	0.000013356411131114442
0.878	0.000013359133110639585
0.8785000000000001	0.000013361855459149449
0.879	0.00001336457817659413
0.8795000000000001	0.000013367301262923563
0.88	0.0000133700247180875
0.8805000000000001	0.000013372748542035534
0.881	0.000013375472734717084
0.8815000000000001	0.000013378197296081397
0.882	0.000013380922226077554
0.8825000000000001	0.000013383647524654463
0.883	0.00001338637319176086
0.8835000000000001	0.000013389099227345316
0.884	0.000013391825631356224
0.8845000000000001	0.000013394552403741814
0.885	0.000013397279544450138
0.8855000000000001	0.00001340000705342908
0.886	0.00001340273493062635
0.8865000000000001	0.000013405463175989495
0.887	0.000013408191789465878
0.8875000000000001	0.0000134109207710027
0.888	0.000013413650120546985
0.8885000000000001	0.000013416379838045587
0.889	0.000013419109923445187
0.8895000000000001	0.000013421840376692294
0.89	0.000013424571197733246
0.8905000000000001	0.000013427302386514205
0.891	0.000013430033942981162
0.8915000000000001	0.000013432765867079937
0.892	0.000013435498158756177
0.8925000000000001	0.00001343823081795535
0.893	0.000013440963844622755
0.8935000000000001	0.000013443697238703522
0.894	0.000013446431000142597
0.8945000000000001	0.000013449165128884763
0.895	0.000013451899624874621
0.8955000000000001	0.000013454634488056603
0.896	0.000013457369718374963
0.8965	0.000013460105315773785
0.897	0.000013462841280196976
0.8975	0.000013465577611588267
0.898	0.000013468314309891218
0.8985	0.000013471051375049213
0.899	0.000013473788807005455
0.8995	0.000013476526605702983
0.9	0.000013479264771084653
0.9005	0.000013482003303093144
0.901	0.000013484742201670969
0.9015	0.000013487481466760456
0.902	0.000013490221098303758
0.9025	0.000013492961096242858
0.903	0.000013495701460519556
0.9035	0.000013498442191075482
0.904	0.000013501183287852084
0.9045	0.000013503924750790638
0.905	0.000013506666579832241
0.9055	0.000013509408774917812
0.906	0.000013512151335988097
0.9065	0.00001351489426298366
0.907	0.000013517637555844892
0.9075	0.000013520381214512005
0.908	0.000013523125238925034
0.9085	0.000013525869629023833
0.909	0.000013528614384748083
0.9095	0.000013531359506037285
0.91	0.000013534104992830762
0.9105	0.000013536850845067659
0.911	0.000013539597062686942
0.9115	0.0000135423436456274
0.912	0.000013545090593827641
0.9125	0.000013547837907226094
0.913	0.000013550585585761016
0.9135	0.000013553333629370474
0.914	0.000013556082037992367
0.9145	0.000013558830811564403
0.915	0.000013561579950024125
0.9155	0.00001356432945330888
0.916	0.000013567079321355849
0.9165	0.000013569829554102023
0.917	0.000013572580151484222
0.9175	0.00001357533111343908
0.918	0.000013578082439903051
0.9185	0.000013580834130812414
0.919	0.000013583586186103257
0.9195	0.000013586338605711498
0.92	0.00001358909138957287
0.9205	0.000013591844537622921
0.921	0.000013594598049797028
0.9215	0.000013597351926030373
0.922	0.00001360010616625797
0.9225	0.000013602860770414645
0.923	0.00001360561573843504
0.9235	0.00001360837107025362
0.924	0.000013611126765804668
0.9245	0.00001361388282502228
0.925	0.000013616639247840376
0.9255	0.00001361939603419269
0.926	0.000013622153184012774
0.9265	0.000013624910697233996
0.927	0.000013627668573789547
0.9275	0.000013630426813612427
0.928	0.000013633185416635462
0.9285	0.000013635944382791287
0.929	0.000013638703712012355
0.9295	0.00001364146340423094
0.93	0.00001364422345937913
0.9305	0.000013646983877388828
0.931	0.000013649744658191754
0.9315	0.000013652505801719446
0.932	0.000013655267307903255
0.9325	0.00001365802917667435
0.933	0.000013660791407963716
0.9335	0.000013663554001702148
0.934	0.000013666316957820265
0.9345	0.000013669080276248494
0.935	0.000013671843956917082
0.9355	0.000013674607999756088
0.936	0.000013677372404695387
0.9365	0.000013680137171664668
0.937	0.000013682902300593437
0.9375	0.00001368566779141101
0.9380000000000001	0.000013688432165770502
0.9385	0.000013691198982297541
0.9390000000000001	0.000013693966160772523
0.9395	0.000013696733701099068
0.9400000000000001	0.000013699501603180572
0.9405	0.000013702269866920213
0.9410000000000001	0.000013705038492220951
0.9415	0.000013707807478985526
0.9420000000000001	0.000013710576827116458
0.9425	0.000013713346536516046
0.9430000000000001	0.000013716116607086375
0.9435	0.000013718887038729302
0.9440000000000001	0.000013721657831346468
0.9445	0.000013724428984839294
0.9450000000000001	0.00001372720049910898
0.9455	0.000013729972374056505
0.9460000000000001	0.000013732744609582626
0.9465	0.000013735517205587884
0.9470000000000001	0.000013738290161972594
0.9475	0.000013741063478636853
0.9480000000000001	0.000013743837155480533
0.9485	0.00001374661119240329
0.9490000000000001	0.000013749385589304555
0.9495	0.000013752160346083536
0.9500000000000001	0.000013754935462639225
0.9505	0.000013757710938870387
0.9510000000000001	0.000013760486774675564
0.9515	0.000013763262969953083
0.9520000000000001	0.00001376603952460104
0.9525	0.000013768816438517315
0.9530000000000001	0.000013771593711599561
0.9535	0.000013774371343745212
0.9540000000000001	0.000013777149334851477
0.9545	0.000013779927684815344
0.9550000000000001	0.000013782706393533577
0.9555	0.000013785485460902712
0.9560000000000001	0.000013788264886819069
0.9565	0.00001379104467117874
0.9570000000000001	0.000013793824813877598
0.9575	0.000013796605314811287
0.9580000000000001	0.000013799386173875229
0.9585	0.000013802167390964624
0.9590000000000001	0.000013804948965974447
0.9595	0.000013807730898799442
0.96	0.000013810513189334142
0.9605	0.000013813295837472846
0.961	0.000013816078843109626
0.9615	0.000013818862206138341
0.962	0.000013821645926452611
0.9625	0.000013824430003945842
0.963	0.000013827214438511209
0.9635	0.000013829999230041662
0.964	0.00001383278437842993
0.9645	0.000013835569883568513
0.965	0.000013838355745349683
0.9655	0.00001384114196366549
0.966	0.00001384392853840776
0.9665	0.000013846715469468084
0.967	0.000013849502756737838
0.9675	0.000013852290400108165
0.968	0.000013855078399469981
0.9685	0.000013857866754713981
0.969	0.000013860655465730627
0.9695	0.000013863444532410159
0.97	0.000013866233954642586
0.9705	0.000013869023732317695
0.971	0.000013871813865325041
0.9715	0.000013874604353553953
0.972	0.000013877395196893534
0.9725	0.000013880186395232657
0.973	0.000013882977948459972
0.9735	0.000013885769856463897
0.974	0.000013888562119132621
0.9745	0.000013891354736354111
0.975	0.000013894147708016099
0.9755	0.000013896941034006092
0.976	0.000013899734714211369
0.9765	0.00001390252874851898
0.977	0.000013905323136815747
0.9775	0.00001390811787898826
0.978	0.000013910912974922883
0.9785	0.000013913708424505751
0.979	0.000013916504227622768
0.9795	0.000013919300384159615
0.98	0.000013922096894001733
0.9805	0.00001392489375703434
0.981	0.000013927690973142426
0.9815	0.000013930488542210745
0.982	0.000013933286464123829
0.9825	0.000013936084738765975
0.983	0.00001393888336602125
0.9835	0.000013941682345773489
0.984	0.000013944481677906302
0.9845	0.000013947281362303067
0.985	0.000013950081398846927
0.9855	0.0000139528817874208
0.986	0.00001395568252790737
0.9865	0.000013958483620189091
0.987	0.000013961285064148186
0.9875	0.000013964086859666646
0.988	0.000013966889006626229
0.9885	0.000013969691504908467
0.989	0.000013972494354394657
0.9895	0.000013975297554965865
0.99	0.000013978101106502923
0.9905	0.000013980905008886435
0.991	0.00001398370926199677
0.9915	0.000013986513865714067
0.992	0.000013989318819918231
0.9925	0.000013992124124488937
0.993	0.000013994929779305624
0.9935	0.000013997735784247503
0.994	0.000014000542139193548
0.9945	0.000014003348844022502
0.995	0.000014006155898612876
0.9955	0.000014008963302842949
0.996	0.000014011771056590762
0.9965	0.000014014579159734126
0.997	0.00001401738761215062
0.9975	0.000014020196413717589
0.998	0.000014023005564312141
0.9985	0.000014025815063811156
0.999	0.000014028624912091273
0.9995	0.000014031435109028904