0.	-0.000011489442935786754
0.001	-0.000011483774385153046
0.002	-0.000011478108632593686
0.003	-0.00001147244567810561
0.004	-0.000011466785521683705
0.005	-0.00001146112816332082
0.006	-0.000011455473603007754
0.007	-0.00001144982184073326
0.008	-0.00001144417287648406
0.009000000000000001	-0.000011438526710244816
0.01	-0.000011432883341998145
0.011	-0.000011427242771724642
0.012	-0.000011421604999402835
0.013000000000000001	-0.000011415970025009217
0.014	-0.000011410337848518241
0.015	-0.000011404708469902306
0.016	-0.00001139908188913178
0.017	-0.000011393458106174976
0.018000000000000002	-0.000011387837120998171
0.019	-0.000011382218933565601
0.02	-0.000011376603543839447
0.021	-0.000011370990951779861
0.022	-0.000011365381157344941
0.023	-0.000011359774160490751
0.024	-0.000011354169961171307
0.025	-0.000011348568559338585
0.026000000000000002	-0.000011342969954942515
0.027	-0.000011337374147930997
0.028	-0.000011331781138249874
0.029	-0.000011326190925842954
0.03	-0.000011320603510652003
0.031	-0.000011315018892616754
0.032	-0.000011309437071674883
0.033	-0.000011303858047762039
0.034	-0.000011298281820811822
0.035	-0.0000112927083907558
0.036000000000000004	-0.00001128713775752349
0.037	-0.000011281569921042384
0.038	-0.000011276004881237918
0.039	-0.000011270442638033501
0.04	-0.000011264883191350499
0.041	-0.000011259326541108238
0.042	-0.00001125377268722401
0.043000000000000003	-0.000011248221629613062
0.044	-0.000011242673368188611
0.045	-0.000011237127902861832
0.046	-0.000011231585233541868
0.047	-0.00001122604536013581
0.048	-0.000011220508282548733
0.049	-0.000011214974000683666
0.05	-0.000011209442514441601
0.051000000000000004	-0.0000112039138237215
0.052000000000000005	-0.000011198387928420281
0.053	-0.000011192864828432841
0.054	-0.000011187344523652028
0.055	-0.000011181827013968668
0.056	-0.000011176312299271546
0.057	-0.00001117080037944742
0.058	-0.000011165291254381004
0.059000000000000004	-0.000011159784923955
0.06	-0.000011154281388050058
0.061	-0.000011148780646544808
0.062	-0.000011143282699315844
0.063	-0.000011137787546237736
0.064	-0.00001113229518718301
0.065	-0.000011126805622022186
0.066	-0.000011121318850623732
0.067	-0.000011115834872854095
0.068	-0.000011110353688577705
0.069	-0.000011104875297656947
0.07	-0.000011099399699952186
0.07100000000000001	-0.000011093926895321767
0.07200000000000001	-0.000011088456883622
0.073	-0.000011082989664707173
0.074	-0.000011077525238429551
0.075	-0.000011072063604639368
0.076	-0.000011066604763184842
0.077	-0.000011061148713912163
0.078	-0.0000110556954566655
0.079	-0.000011050244991286995
0.08	-0.000011044797317616777
0.081	-0.000011039352435492945
0.082	-0.000011033910344751586
0.083	-0.000011028471045226764
0.084	-0.000011023034536750514
0.085	-0.00001101760081915287
0.08600000000000001	-0.000011012169892261835
0.08700000000000001	-0.000011006741755903394
0.088	-0.00001100131640990153
0.089	-0.00001099589385407819
0.09	-0.000010990474088253323
0.091	-0.000010985057112244845
0.092	-0.000010979642925868674
0.093	-0.000010974231528938706
0.094	-0.000010968822921266833
0.095	-0.000010963417102662916
0.096	-0.000010958014072934825
0.097	-0.000010952613831888413
0.098	-0.000010947216379327515
0.099	-0.000010941821715053959
0.1	-0.00001093642983886758
0.101	-0.000010931040750566183
0.10200000000000001	-0.00001092565444994558
0.10300000000000001	-0.000010920270936799569
0.10400000000000001	-0.000010914890210919946
0.105	-0.000010909512272096502
0.106	-0.000010904137120117023
0.107	-0.000010898764754767295
0.108	-0.000010893395175831095
0.109	-0.0000108880283830902
0.11	-0.000010882664376324389
0.111	-0.000010877303155311438
0.112	-0.000010871944719827124
0.113	-0.00001086658906964523
0.114	-0.000010861236204537532
0.115	-0.000010855886124273813
0.116	-0.000010850538828621864
0.117	-0.000010845194317347478
0.11800000000000001	-0.000010839852590214448
0.11900000000000001	-0.000010834513646984582
0.12	-0.00001082917748741769
0.121	-0.000010823844111271591
0.122	-0.000010818513518302112
0.123	-0.000010813185708263096
0.124	-0.000010807860680906385
0.125	-0.000010802538435981845
0.126	-0.000010797218973237348
0.127	-0.000010791902292418775
0.128	-0.000010786588393270031
0.129	-0.000010781277275533035
0.13	-0.000010775968938947713
0.131	-0.000010770663383252018
0.132	-0.000010765360608181919
0.133	-0.000010760060613471394
0.134	-0.000010754763398852456
0.135	-0.000010749468964055133
0.136	-0.00001074417730880747
0.137	-0.00001073888843283554
0.138	-0.000010733602335863445
0.139	-0.000010728319017613297
0.14	-0.00001072303847780525
0.14100000000000001	-0.000010717760716157471
0.14200000000000002	-0.000010712485732386166
0.14300000000000002	-0.000010707213526205561
0.14400000000000002	-0.000010701944097327923
0.145	-0.000010696677445463537
0.146	-0.000010691413570320729
0.147	-0.000010686152471605856
0.148	-0.000010680894149023306
0.149	-0.000010675638602275508
0.15	-0.00001067038583106292
0.151	-0.000010665135835084045
0.152	-0.000010659888614035417
0.153	-0.000010654644167611618
0.154	-0.00001064940249550526
0.155	-0.000010644163597407007
0.156	-0.000010638927473005559
0.157	-0.000010633694121987659
0.158	-0.000010628463544038105
0.159	-0.000010623235738839729
0.16	-0.000010618010706073417
0.161	-0.000010612788445418106
0.162	-0.000010607568956550774
0.163	-0.00001060235223914645
0.164	-0.00001059713829287823
0.165	-0.000010591927117417245
0.166	-0.00001058671871243269
0.167	-0.00001058151307759181
0.168	-0.000010576310212559918
0.169	-0.000010571110117000366
0.17	-0.000010565912790574582
0.171	-0.000010560718232942048
0.17200000000000001	-0.000010555526443760299
0.17300000000000001	-0.000010550337422684949
0.17400000000000002	-0.000010545151169369669
0.17500000000000002	-0.000010539967683466188
0.176	-0.00001053478696462431
0.177	-0.000010529609012491903
0.178	-0.000010524433826714906
0.179	-0.000010519261406937328
0.18	-0.000010514091752801245
0.181	-0.00001050892486394681
0.182	-0.000010503760740012247
0.183	-0.000010498599380633862
0.184	-0.000010493440785446028
0.185	-0.000010488284954081202
0.186	-0.000010483131886169926
0.187	-0.000010477981581340802
0.188	-0.000010472834039220533
0.189	-0.0000104676892594339
0.19	-0.00001046254724160377
0.191	-0.000010457407985351085
0.192	-0.000010452271490294892
0.193	-0.000010447137756052308
0.194	-0.000010442006782238555
0.195	-0.000010436878568466936
0.196	-0.00001043175311434885
0.197	-0.000010426630419493794
0.198	-0.000010421510483509355
0.199	-0.000010416393306001216
0.2	-0.000010411278886573166
0.201	-0.000010406167224827081
0.202	-0.00001040105832036295
0.203	-0.000010395952172778857
0.20400000000000001	-0.000010390848781670993
0.20500000000000002	-0.00001038574814663365
0.20600000000000002	-0.000010380650267259232
0.20700000000000002	-0.000010375555143138253
0.20800000000000002	-0.000010370462773859326
0.209	-0.00001036537315900918
0.21	-0.000010360286298172665
0.211	-0.000010355202190932733
0.212	-0.000010350120836870458
0.213	-0.000010345042235565024
0.214	-0.000010339966386593743
0.215	-0.00001033489328953204
0.216	-0.00001032982294395346
0.217	-0.000010324755349429676
0.218	-0.000010319690505530484
0.219	-0.000010314628411823808
0.22	-0.00001030956906787569
0.221	-0.000010304512473250312
0.222	-0.000010299458627509975
0.223	-0.000010294407530215125
0.224	-0.000010289359180924335
0.225	-0.000010284313579194302
0.226	-0.000010279270724579886
0.227	-0.000010274230616634057
0.228	-0.000010269193254907944
0.229	-0.000010264158638950807
0.23	-0.000010259126768310053
0.231	-0.000010254097642531239
0.232	-0.000010249071261158053
0.233	-0.000010244047623732339
0.234	-0.000010239026729794096
0.23500000000000001	-0.000010234008578881468
0.23600000000000002	-0.000010228993170530747
0.23700000000000002	-0.000010223980504276389
0.23800000000000002	-0.000010218970579650995
0.23900000000000002	-0.000010213963396185337
0.24	-0.00001020895895340833
0.241	-0.000010203957250847062
0.242	-0.000010198958288026774
0.243	-0.000010193962064470881
0.244	-0.000010188968579700958
0.245	-0.00001018397783323674
0.246	-0.000010178989824596148
0.247	-0.000010174004553295254
0.248	-0.000010169022018848317
0.249	-0.00001016404222076777
0.25	-0.000010159065158564209
0.251	-0.000010154090831746412
0.252	-0.000010149119239821353
0.253	-0.000010144150382294158
0.254	-0.000010139184258668162
0.255	-0.000010134220868444863
0.256	-0.00001012926021112396
0.257	-0.000010124302286203333
0.258	-0.000010119347093179049
0.259	-0.000010114394631545376
0.26	-0.000010109444900794763
0.261	-0.00001010449790041786
0.262	-0.000010099553629903516
0.263	-0.00001009461208873877
0.264	-0.00001008967327640887
0.265	-0.00001008473719239726
0.266	-0.000010079803836185589
0.267	-0.000010074873207253709
0.268	-0.000010069945305079683
0.269	-0.000010065020129139784
0.27	-0.00001006009767890849
0.271	-0.00001005517795385849
0.272	-0.000010050260953460704
0.273	-0.000010045346677184243
0.274	-0.000010040435124496457
0.275	-0.000010035526294862904
0.276	-0.000010030620187747373
0.277	-0.000010025716802611863
0.278	-0.00001002081613891661
0.279	-0.000010015918196120073
0.28	-0.000010011022973678945
0.281	-0.000010006130471048138
0.28200000000000003	-0.000010001240687680808
0.28300000000000003	-9.996353623028341e-6
0.28400000000000003	-9.991469276540366e-6
0.28500000000000003	-9.986587647664732e-6
0.28600000000000003	-9.981708735847552e-6
0.28700000000000003	-9.976832540533167e-6
0.28800000000000003	-9.971959061164166e-6
0.289	-9.967088297181383e-6
0.29	-9.962220248023902e-6
0.291	-9.95735491312905e-6
0.292	-9.952492291932419e-6
0.293	-9.947632383867839e-6
0.294	-9.94277518836741e-6
0.295	-9.937920704861477e-6
0.296	-9.933068932778652e-6
0.297	-9.928219871545811e-6
0.298	-9.923373520588084e-6
0.299	-9.918529879328873e-6
0.3	-9.913688947189847e-6
0.301	-9.908850723590939e-6
0.302	-9.904015207950364e-6
0.303	-9.899182399684598e-6
0.304	-9.894352298208396e-6
0.305	-9.8895249029348e-6
0.306	-9.88470021327512e-6
0.307	-9.879878228638946e-6
0.308	-9.87505894843416e-6
0.309	-9.870242372066919e-6
0.31	-9.865428498941675e-6
0.311	-9.860617328461172e-6
0.312	-9.855808860026436e-6
0.313	-9.851003093036789e-6
0.314	-9.846200026889853e-6
0.315	-9.841399660981543e-6
0.316	-9.83660199470607e-6
0.317	-9.831807027455955e-6
0.318	-9.827014758622016e-6
0.319	-9.82222518759338e-6
0.32	-9.81743831375748e-6
0.321	-9.812654136500057e-6
0.322	-9.807872655205165e-6
0.323	-9.803093869255177e-6
0.324	-9.798317778030769e-6
0.325	-9.793544380910947e-6
0.326	-9.788773677273035e-6
0.327	-9.784005666492669e-6
0.328	-9.779240347943824e-6
0.329	-9.774477720998793e-6
0.33	-9.769717785028195e-6
0.331	-9.764960539400983e-6
0.332	-9.760205983484446e-6
0.333	-9.755454116644203e-6
0.334	-9.750704938244208e-6
0.335	-9.745958447646756e-6
0.336	-9.741214644212493e-6
0.337	-9.73647352730039e-6
0.338	-9.731735096267774e-6
0.339	-9.726999350470316e-6
0.34	-9.722266289262045e-6
0.341	-9.71753591199533e-6
0.342	-9.712808218020898e-6
0.343	-9.708083206687835e-6
0.34400000000000003	-9.703360877343587e-6
0.34500000000000003	-9.698641229333951e-6
0.34600000000000003	-9.693924262003092e-6
0.34700000000000003	-9.689209974693545e-6
0.34800000000000003	-9.684498366746204e-6
0.34900000000000003	-9.679789437500334e-6
0.35000000000000003	-9.675083186293575e-6
0.35100000000000003	-9.670379612461937e-6
0.352	-9.665678715339808e-6
0.353	-9.660980494259949e-6
0.354	-9.656284948553506e-6
0.355	-9.651592077550007e-6
0.356	-9.64690188057736e-6
0.357	-9.642214356961868e-6
0.358	-9.637529506028214e-6
0.359	-9.632847327099481e-6
0.36	-9.628167819497134e-6
0.361	-9.623490982541046e-6
0.362	-9.618816815549477e-6
0.363	-9.6141453178391e-6
0.364	-9.609476488724972e-6
0.365	-9.604810327520572e-6
0.366	-9.60014683353778e-6
0.367	-9.595486006086882e-6
0.368	-9.590827844476578e-6
0.369	-9.586172348013983e-6
0.37	-9.581519516004621e-6
0.371	-9.576869347752444e-6
0.372	-9.57222184255982e-6
0.373	-9.567576999727537e-6
0.374	-9.562934818554811e-6
0.375	-9.558295298339288e-6
0.376	-9.55365843837704e-6
0.377	-9.549024237962567e-6
0.378	-9.54439269638881e-6
0.379	-9.539763812947149e-6
0.38	-9.535137586927389e-6
0.381	-9.53051401761779e-6
0.382	-9.525893104305052e-6
0.383	-9.52127484627432e-6
0.384	-9.51665924280918e-6
0.385	-9.512046293191678e-6
0.386	-9.50743599670231e-6
0.387	-9.502828352620031e-6
0.388	-9.498223360222243e-6
0.389	-9.493621018784811e-6
0.39	-9.489021327582074e-6
0.391	-9.484424285886819e-6
0.392	-9.47982989297031e-6
0.393	-9.475238148102275e-6
0.394	-9.470649050550916e-6
0.395	-9.466062599582914e-6
0.396	-9.461478794463408e-6
0.397	-9.456897634456037e-6
0.398	-9.452319118822911e-6
0.399	-9.447743246824627e-6
0.4	-9.443170017720255e-6
0.401	-9.438599430767376e-6
0.402	-9.434031485222042e-6
0.403	-9.4294661803388e-6
0.404	-9.424903515370702e-6
0.405	-9.420343489569293e-6
0.406	-9.415786102184614e-6
0.40700000000000003	-9.41123135246521e-6
0.40800000000000003	-9.406679239658139e-6
0.40900000000000003	-9.402129763008953e-6
0.41000000000000003	-9.397582921761723e-6
0.41100000000000003	-9.39303871515903e-6
0.41200000000000003	-9.388497142441963e-6
0.41300000000000003	-9.383958202850142e-6
0.41400000000000003	-9.379421895621696e-6
0.41500000000000004	-9.37488821999327e-6
0.41600000000000004	-9.370357175200049e-6
0.417	-9.36582876047573e-6
0.418	-9.361302975052552e-6
0.419	-9.356779818161273e-6
0.42	-9.352259289031192e-6
0.421	-9.347741386890141e-6
0.422	-9.343226110964501e-6
0.423	-9.338713460479173e-6
0.424	-9.334203434657623e-6
0.425	-9.329696032721854e-6
0.426	-9.325191253892416e-6
0.427	-9.320689097388415e-6
0.428	-9.3161895624275e-6
0.429	-9.311692648225894e-6
0.43	-9.307198353998361e-6
0.431	-9.302706678958237e-6
0.432	-9.298217622317414e-6
0.433	-9.293731183286356e-6
0.434	-9.289247361074092e-6
0.435	-9.284766154888221e-6
0.436	-9.280287563934918e-6
0.437	-9.275811587418931e-6
0.438	-9.271338224543589e-6
0.439	-9.2668674745108e-6
0.44	-9.262399336521059e-6
0.441	-9.25793380977344e-6
0.442	-9.253470893465608e-6
0.443	-9.249010586793819e-6
0.444	-9.244552888952926e-6
0.445	-9.240097799136377e-6
0.446	-9.235645316536212e-6
0.447	-9.231195440343075e-6
0.448	-9.226748169746215e-6
0.449	-9.222303503933488e-6
0.45	-9.217861442091356e-6
0.451	-9.21342198340489e-6
0.452	-9.208985127057778e-6
0.453	-9.204550872232325e-6
0.454	-9.200119218109446e-6
0.455	-9.19569016386869e-6
0.456	-9.19126370868822e-6
0.457	-9.186839851744825e-6
0.458	-9.18241859221393e-6
0.459	-9.177999929269584e-6
0.46	-9.173583862084474e-6
0.461	-9.16917038982992e-6
0.462	-9.164759511675885e-6
0.463	-9.16035122679097e-6
0.464	-9.155945534342417e-6
0.465	-9.15154243349612e-6
0.466	-9.147141923416626e-6
0.467	-9.142744003267121e-6
0.468	-9.138348672209457e-6
0.46900000000000003	-9.13395592940413e-6
0.47000000000000003	-9.129565774010314e-6
0.47100000000000003	-9.125178205185827e-6
0.47200000000000003	-9.120793222087162e-6
0.47300000000000003	-9.116410823869471e-6
0.47400000000000003	-9.112031009686586e-6
0.47500000000000003	-9.107653778691003e-6
0.47600000000000003	-9.103279130033892e-6
0.47700000000000004	-9.098907062865108e-6
0.47800000000000004	-9.09453757633318e-6
0.47900000000000004	-9.090170669585318e-6
0.48	-9.085806341767427e-6
0.481	-9.081444592024083e-6
0.482	-9.07708541949857e-6
0.483	-9.072728823332856e-6
0.484	-9.068374802667601e-6
0.485	-9.06402335664217e-6
0.486	-9.059674484394628e-6
0.487	-9.05532818506174e-6
0.488	-9.050984457778976e-6
0.489	-9.046643301680523e-6
0.49	-9.042304715899266e-6
0.491	-9.037968699566816e-6
0.492	-9.033635251813492e-6
0.493	-9.029304371768337e-6
0.494	-9.02497605855911e-6
0.495	-9.020650311312304e-6
0.496	-9.016327129153127e-6
0.497	-9.012006511205521e-6
0.498	-9.007688456592167e-6
0.499	-9.003372964434473e-6
0.5	-8.99906003385258e-6
0.503	-8.986136602744322e-6
0.506	-8.973236194022933e-6
0.509	-8.96035878372938e-6
0.512	-8.947504347804067e-6
0.515	-8.934672862087446e-6
0.518	-8.921864302320706e-6
0.521	-8.909078644146366e-6
0.524	-8.896315863108966e-6
0.527	-8.883575934655672e-6
0.53	-8.870858834136967e-6
0.533	-8.858164536807251e-6
0.536	-8.845493017825527e-6
0.539	-8.832844252256029e-6
0.542	-8.820218215068877e-6
0.545	-8.807614881140745e-6
0.548	-8.795034225255483e-6
0.551	-8.782476222104789e-6
0.554	-8.769940846288854e-6
0.557	-8.75742807231703e-6
0.56	-8.744937874608458e-6
0.563	-8.732470227492747e-6
0.5660000000000001	-8.720025105210618e-6
0.569	-8.707602481914552e-6
0.5720000000000001	-8.695202331669474e-6
0.575	-8.682824628453371e-6
0.578	-8.670469346157977e-6
0.581	-8.65813645858943e-6
0.584	-8.645825939468907e-6
0.587	-8.633537762433305e-6
0.59	-8.621271901035887e-6
0.593	-8.609028328746943e-6
0.596	-8.59680701895445e-6
0.599	-8.58460794496473e-6
0.602	-8.572431080003103e-6
0.605	-8.560276397214558e-6
0.608	-8.548143869664393e-6
0.611	-8.536033470338901e-6
0.614	-8.523945172146e-6
0.617	-8.511878947915908e-6
0.62	-8.499834770401798e-6
0.623	-8.487812612280458e-6
0.626	-8.475812446152949e-6
0.629	-8.463834244545252e-6
0.632	-8.451877979908952e-6
0.635	-8.43994362462187e-6
0.638	-8.428031150988726e-6
0.641	-8.416140531241812e-6
0.644	-8.40427173754163e-6
0.647	-8.392424741977552e-6
0.65	-8.380599516568489e-6
0.653	-8.368796033263534e-6
0.656	-8.357014263942615e-6
0.659	-8.34525418041716e-6
0.662	-8.333515754430747e-6
0.665	-8.321798957659755e-6
0.668	-8.310103761714022e-6
0.671	-8.298430138137491e-6
0.674	-8.286778058408868e-6
0.677	-8.27514749394227e-6
0.6799999999999999	-8.263538416087882e-6
0.683	-8.251950796132591e-6
0.6859999999999999	-8.240384605300657e-6
0.6890000000000001	-8.22883981475434e-6
0.692	-8.217316395594563e-6
0.6950000000000001	-8.205814318861554e-6
0.698	-8.19433355553549e-6
0.7010000000000001	-8.182874076537145e-6
0.704	-8.171435852728527e-6
0.7070000000000001	-8.16001885491354e-6
0.71	-8.148623053838598e-6
0.713	-8.137248420193293e-6
0.716	-8.125894924611018e-6
0.719	-8.114562537669618e-6
0.722	-8.103251229892018e-6
0.725	-8.091960971746874e-6
0.728	-8.080691733649187e-6
0.731	-8.069443485960964e-6
0.734	-8.058216198991833e-6
0.737	-8.047009842999682e-6
0.74	-8.035824388191301e-6
0.743	-8.024659804722985e-6
0.746	-8.0135160627012e-6
0.749	-8.002393132183177e-6
0.752	-7.991290983177558e-6
0.755	-7.980209585645019e-6
0.758	-7.969148909498892e-6
0.761	-7.95810892460578e-6
0.764	-7.947089600786197e-6
0.767	-7.936090907815165e-6
0.77	-7.925112815422853e-6
0.773	-7.91415529329518e-6
0.776	-7.903218311074437e-6
0.779	-7.892301838359904e-6
0.782	-7.881405844708456e-6
0.785	-7.870530299635172e-6
0.788	-7.859675172613956e-6
0.7909999999999999	-7.848840433078144e-6
0.794	-7.838026050421093e-6
0.7969999999999999	-7.827231993996806e-6
0.8	-7.816458233120527e-6
0.8029999999999999	-7.805704737069341e-6
0.806	-7.794971475082779e-6
0.8089999999999999	-7.784258416363414e-6
0.812	-7.773565530077457e-6
0.815	-7.762892785355357e-6
0.8180000000000001	-7.752240151292383e-6
0.821	-7.741607596949229e-6
0.8240000000000001	-7.730995091352596e-6
0.827	-7.72040260349578e-6
0.8300000000000001	-7.709830102339262e-6
0.833	-7.699277556811294e-6
0.8360000000000001	-7.688744935808475e-6
0.839	-7.678232208196334e-6
0.8420000000000001	-7.667739342809919e-6
0.845	-7.657266308454355e-6
0.8480000000000001	-7.646813073905439e-6
0.851	-7.6363796079102e-6
0.854	-7.6259658791874746e-6
0.857	-7.615571856428479e-6
0.86	-7.6051975082973775e-6
0.863	-7.594842803431843e-6
0.866	-7.5845077104436235e-6
0.869	-7.574192197919102e-6
0.872	-7.563896234419865e-6
0.875	-7.553619788483242e-6
0.878	-7.543362828622886e-6
0.881	-7.533125323329302e-6
0.884	-7.522907241070423e-6
0.887	-7.512708550292139e-6
0.89	-7.502529219418856e-6
0.893	-7.492369216854034e-6
0.896	-7.482228510980745e-6
0.899	-7.472107070162199e-6
0.902	-7.462004862742285e-6
0.905	-7.451921857046117e-6
0.908	-7.441858021380567e-6
0.911	-7.431813324034785e-6
0.914	-7.421787733280749e-6
0.917	-7.4117812173737786e-6
0.9199999999999999	-7.401793744553069e-6
0.923	-7.3918252830422115e-6
0.9259999999999999	-7.381875801049721e-6
0.929	-7.3719452667695466e-6
0.9319999999999999	-7.362033648381597e-6
0.935	-7.352140914052254e-6
0.938	-7.3422670319348825e-6
0.9410000000000001	-7.332411970170347e-6
0.944	-7.322575696887514e-6
0.9470000000000001	-7.312758180203763e-6
0.95	-7.302959388225492e-6
0.9530000000000001	-7.293179289048608e-6
0.956	-7.283417850759044e-6
0.9590000000000001	-7.273675041433242e-6
0.962	-7.263950829138657e-6
0.9650000000000001	-7.254245181934244e-6
0.968	-7.244558067870951e-6
0.9710000000000001	-7.234889454992205e-6
0.974	-7.225239311334404e-6
0.9770000000000001	-7.2156076049273885e-6
0.98	-7.205994303794942e-6
0.983	-7.1963993759552425e-6
0.986	-7.1868227894213675e-6
0.989	-7.177264512201747e-6
0.992	-7.167724512300646e-6
0.995	-7.158202757718634e-6
0.998	-7.148699216453042e-6
1.001	-7.139213856498441e-6
1.004	-7.129746645847094e-6
1.0070000000000001	-7.120297552489424e-6
1.01	-7.1108665444144614e-6
1.013	-7.101453589610307e-6
1.016	-7.092058656064585e-6
1.0190000000000001	-7.082681711764888e-6
1.022	-7.073322724699233e-6
1.025	-7.063981662856493e-6
1.028	-7.054658494226858e-6
1.0310000000000001	-7.045353186802266e-6
1.034	-7.036065708576841e-6
1.037	-7.02679602754733e-6
1.04	-7.0175441117135335e-6
1.0430000000000001	-7.0083099290787506e-6
1.046	-6.99909344765019e-6
1.049	-6.989894635439407e-6
1.052	-6.9807134604627155e-6
1.0550000000000002	-6.971549890741633e-6
1.058	-6.962403894303276e-6
1.061	-6.953275439180785e-6
1.064	-6.944164493413747e-6
1.0670000000000002	-6.935071025048588e-6
1.07	-6.925995002139004e-6
1.073	-6.916936392746354e-6
1.076	-6.907895164940068e-6
1.079	-6.8988712867980545e-6
1.0819999999999999	-6.889864726407091e-6
1.085	-6.880875451863223e-6
1.088	-6.871903431272171e-6
1.091	-6.8629486327497014e-6
1.0939999999999999	-6.854011024422041e-6
1.097	-6.845090574426242e-6
1.1	-6.8361872509105824e-6
1.103	-6.827301022034943e-6
1.1059999999999999	-6.8184318559711875e-6
1.109	-6.8095797209035395e-6
1.112	-6.800744585028962e-6
1.115	-6.7919264165575275e-6
1.1179999999999999	-6.783125183712788e-6
1.121	-6.774340854732148e-6
1.124	-6.7655733978672195e-6
1.127	-6.756822781384196e-6
1.13	-6.748088973564215e-6
1.133	-6.739371942703703e-6
1.1360000000000001	-6.730671657114743e-6
1.139	-6.721988085125428e-6
1.142	-6.713321195080207e-6
1.145	-6.704670955340235e-6
1.1480000000000001	-6.696037334283723e-6
1.151	-6.687420300306282e-6
1.154	-6.678819821821263e-6
1.157	-6.670235867260087e-6
1.1600000000000001	-6.661668405072605e-6
1.163	-6.653117403727411e-6
1.166	-6.6445828317121836e-6
1.169	-6.636064657534011e-6
1.1720000000000002	-6.627562849719729e-6
1.175	-6.619077376816233e-6
1.178	-6.610608207390809e-6
1.181	-6.6021553100314494e-6
1.1840000000000002	-6.593718653347179e-6
1.187	-6.585298205968357e-6
1.19	-6.576893936547005e-6
1.193	-6.568505813757105e-6
1.1960000000000002	-6.560133806294922e-6
1.199	-6.5517778828792944e-6
1.202	-6.543438012251953e-6
1.205	-6.53511416317781e-6
1.208	-6.526806304445272e-6
1.2109999999999999	-6.518514404866521e-6
1.214	-6.510238433277821e-6
1.217	-6.501978358539808e-6
1.22	-6.4937341495377764e-6
1.2229999999999999	-6.48550577518197e-6
1.226	-6.477293204407869e-6
1.229	-6.469096406176469e-6
1.232	-6.460915349474564e-6
1.2349999999999999	-6.452750003315025e-6
1.238	-6.4446003367370775e-6
1.241	-6.436466318806575e-6
1.244	-6.428347918616272e-6
1.2469999999999999	-6.420245105286087e-6
1.25	-6.412157847963381e-6
1.2530000000000001	-6.404086115823215e-6
1.256	-6.396029878068614e-6
1.259	-6.387989103930832e-6
1.262	-6.3799637626696e-6
1.2650000000000001	-6.371953823573401e-6
1.268	-6.363959255959697e-6
1.271	-6.355980029175214e-6
1.274	-6.348016112596159e-6
1.2770000000000001	-6.34006747562849e-6
1.28	-6.332134087708156e-6
1.283	-6.324215918301335e-6
1.286	-6.3163129369046756e-6
1.2890000000000001	-6.308425113045544e-6
1.292	-6.3005524162822505e-6
1.295	-6.292694816204293e-6
1.298	-6.28485228243258e-6
1.3010000000000002	-6.277024784619671e-6
1.304	-6.269212292449996e-6
1.307	-6.261414775640086e-6
1.31	-6.253632203938796e-6
1.3130000000000002	-6.245864547127527e-6
1.316	-6.238111775020445e-6
1.319	-6.2303738574647035e-6
1.322	-6.222650764340646e-6
1.3250000000000002	-6.214942465562036e-6
1.328	-6.20724893107626e-6
1.331	-6.19957013086453e-6
1.334	-6.191906034942107e-6
1.337	-6.184256613358493e-6
1.3399999999999999	-6.1766218361976385e-6
1.343	-6.169001673578148e-6
1.346	-6.161396095653471e-6
1.349	-6.153805072612105e-6
1.3519999999999999	-6.146228574677788e-6
1.355	-6.138666572109692e-6
1.358	-6.131119035202617e-6
1.361	-6.1235859342871816e-6
1.3639999999999999	-6.116067239729993e-6
1.367	-6.108562921933863e-6
1.37	-6.101072951337962e-6
1.373	-6.093597298418016e-6
1.376	-6.0861359336864845e-6
1.379	-6.0786888276927325e-6
1.3820000000000001	-6.071255951023217e-6
1.385	-6.063837274301641e-6
1.388	-6.056432768189149e-6
1.391	-6.049042403384477e-6
1.3940000000000001	-6.041666150624136e-6
1.397	-6.034303980682565e-6
1.4	-6.026955864372304e-6
1.403	-6.01962177254415e-6
1.4060000000000001	-6.0123016760873255e-6
1.409	-6.004995545929628e-6
1.412	-5.997703353037597e-6
1.415	-5.9904250684166565e-6
1.4180000000000001	-5.983160663111276e-6
1.421	-5.9759101082051265e-6
1.424	-5.9686733748212115e-6
1.427	-5.961450434122045e-6
1.4300000000000002	-5.954241257309762e-6
1.433	-5.9470458156262935e-6
1.436	-5.939864080353487e-6
1.439	-5.932696022813259e-6
1.4420000000000002	-5.9255416143677316e-6
1.445	-5.918400826419367e-6
1.448	-5.911273630411105e-6
1.451	-5.904159997826493e-6
1.4540000000000002	-5.897059900189825e-6
1.457	-5.889973309066271e-6
1.46	-5.882900196061991e-6
1.463	-5.875840532824279e-6
1.466	-5.868794291041685e-6
1.4689999999999999	-5.861761442444133e-6
1.472	-5.854741958803044e-6
1.475	-5.847735811931457e-6
1.478	-5.840742973684149e-6
1.4809999999999999	-5.833763415957754e-6
1.484	-5.826797110690865e-6
1.487	-5.819844029864167e-6
1.49	-5.812904145500537e-6
1.4929999999999999	-5.8059774296651506e-6
1.496	-5.7990638544656035e-6
1.499	-5.792163392052007e-6
1.502	-5.785276014617103e-6
1.5050000000000001	-5.778401694396356e-6
1.508	-5.771540403668073e-6
1.5110000000000001	-5.76469211475348e-6
1.514	-5.75785680001685e-6
1.5170000000000001	-5.751034431865575e-6
1.52	-5.74422498275028e-6
1.5230000000000001	-5.737428425164907e-6
1.526	-5.730644731646814e-6
1.529	-5.723873874776865e-6
1.532	-5.717115827179516e-6
1.535	-5.710370561522915e-6
1.538	-5.703638050518974e-6
1.541	-5.696918266923471e-6
1.544	-5.690211183536117e-6
1.547	-5.683516773200657e-6
1.55	-5.676835008804934e-6
1.553	-5.670165863280983e-6
1.556	-5.663509309605098e-6
1.559	-5.656865320797921e-6
1.562	-5.650233869924507e-6
1.565	-5.643614930094406e-6
1.568	-5.637008474461727e-6
1.571	-5.630414476225226e-6
1.574	-5.623832908628349e-6
1.577	-5.617263744959335e-6
1.58	-5.610706958551252e-6
1.583	-5.604162522782085e-6
1.586	-5.597630411074787e-6
1.589	-5.591110596897351e-6
1.592	-5.584603053762865e-6
1.595	-5.578107755229583e-6
1.598	-5.571624674900971e-6
1.601	-5.565153786425778e-6
1.604	-5.558695063498079e-6
1.607	-5.55224847985735e-6
1.61	-5.545814009288501e-6
1.613	-5.539391625621943e-6
1.616	-5.532981302733634e-6
1.619	-5.526583014545135e-6
1.622	-5.52019673502365e-6
1.625	-5.513822438182086e-6
1.6280000000000001	-5.507460098079085e-6
1.631	-5.501109688819085e-6
1.6340000000000001	-5.494771184552355e-6
1.637	-5.488444559475039e-6
1.6400000000000001	-5.482129787829198e-6
1.643	-5.475826843902862e-6
1.6460000000000001	-5.469535702030047e-6
1.649	-5.4632563365908155e-6
1.6520000000000001	-5.456988722011299e-6
1.655	-5.450732832763747e-6
1.658	-5.444488643366544e-6
1.661	-5.438256128384265e-6
1.664	-5.432035262427694e-6
1.667	-5.425826020153856e-6
1.67	-5.419628376266054e-6
1.673	-5.413442305513894e-6
1.676	-5.407267782693316e-6
1.679	-5.401104782646617e-6
1.682	-5.394953280262481e-6
1.685	-5.388813250476005e-6
1.688	-5.3826846682687144e-6
1.691	-5.376567508668601e-6
1.694	-5.37046174675013e-6
1.697	-5.364367357634271e-6
1.7	-5.358284316488511e-6
1.703	-5.352212598526878e-6
1.706	-5.346152179009959e-6
1.709	-5.340103033244908e-6
1.712	-5.334065136585474e-6
1.715	-5.328038464432012e-6
1.718	-5.3220229922314895e-6
1.721	-5.31601869547751e-6
1.724	-5.310025549710314e-6
1.727	-5.304043530516801e-6
1.73	-5.298072613530532e-6
1.733	-5.292112774431739e-6
1.736	-5.286163988947333e-6
1.739	-5.280226232850919e-6
1.742	-5.2742994819627925e-6
1.745	-5.268383712149942e-6
1.748	-5.262478899326066e-6
1.7510000000000001	-5.256585019451567e-6
1.754	-5.250702048533557e-6
1.7570000000000001	-5.2448299626258585e-6
1.76	-5.238968737829004e-6
1.7630000000000001	-5.233118350290239e-6
1.766	-5.2272787762035175e-6
1.7690000000000001	-5.2214499918095e-6
1.772	-5.215631973395557e-6
1.7750000000000001	-5.209824697295758e-6
1.778	-5.204028139890869e-6
1.781	-5.198242277608348e-6
1.784	-5.1924670869223385e-6
1.787	-5.186702544353671e-6
1.79	-5.180948626469829e-6
1.793	-5.175205309884975e-6
1.796	-5.1694725712599205e-6
1.799	-5.163750387302114e-6
1.802	-5.158038734765642e-6
1.805	-5.152337590451209e-6
1.808	-5.14664693120613e-6
1.811	-5.140966733924306e-6
1.814	-5.135296975546229e-6
1.817	-5.129637633058947e-6
1.82	-5.123988683496063e-6
1.823	-5.1183501039377145e-6
1.826	-5.11272187151055e-6
1.829	-5.107103963387724e-6
1.832	-5.101496356788863e-6
1.835	-5.095899028980062e-6
1.838	-5.090311957273848e-6
1.841	-5.0847351190291775e-6
1.844	-5.0791684916514e-6
1.847	-5.073612052592247e-6
1.85	-5.068065779349796e-6
1.853	-5.062529649468462e-6
1.856	-5.057003640538966e-6
1.859	-5.051487730198309e-6
1.862	-5.045981896129746e-6
1.865	-5.04048611606277e-6
1.868	-5.03500036777307e-6
1.871	-5.029524629082513e-6
1.874	-5.02405887785912e-6
1.877	-5.018603092017023e-6
1.8800000000000001	-5.01315724951645e-6
1.883	-5.007721328363688e-6
1.8860000000000001	-5.002295306611052e-6
1.889	-4.9968791623568626e-6
1.8920000000000001	-4.991472873745398e-6
1.895	-4.986076418966878e-6
1.8980000000000001	-4.980689776257422e-6
1.901	-4.975312923899019e-6
1.9040000000000001	-4.969945840219489e-6
1.907	-4.964588503592459e-6
1.91	-4.959240892437312e-6
1.913	-4.953902985219165e-6
1.916	-4.948574760448826e-6
1.919	-4.943256196682758e-6
1.922	-4.937947272523045e-6
1.925	-4.932647966617348e-6
1.928	-4.92735825765887e-6
1.931	-4.922078124386318e-6
1.934	-4.9168075455838605e-6
1.937	-4.9115465000810916e-6
1.94	-4.906294966752985e-6
1.943	-4.901052924519856e-6
1.946	-4.895820352347321e-6
1.949	-4.890597229246255e-6
1.952	-4.885383534272744e-6
1.955	-4.880179246528052e-6
1.958	-4.874984345158562e-6
1.961	-4.869798809355751e-6
1.964	-4.86462261835613e-6
1.967	-4.859455751441208e-6
1.97	-4.85429818793744e-6
1.973	-4.849149907216186e-6
1.976	-4.844010888693666e-6
1.979	-4.838881111830905e-6
1.982	-4.833760556133693e-6
1.985	-4.828649201152539e-6
1.988	-4.823547026482613e-6
1.991	-4.818454011763708e-6
1.994	-4.813370136680184e-6
1.997	-4.808295380960922e-6
2.	-4.803229724379278e-6
2.003	-4.7981731467530215e-6
2.0060000000000002	-4.7931256279442925e-6
2.0090000000000003	-4.788087147859554e-6
2.012	-4.783057686449532e-6
2.015	-4.778037223709172e-6
2.018	-4.773025739677577e-6
2.021	-4.768023214437965e-6
2.024	-4.76302962811761e-6
2.027	-4.758044960887792e-6
2.0300000000000002	-4.753069192963738e-6
2.0330000000000004	-4.748102304604573e-6
2.036	-4.743144276113268e-6
2.0389999999999997	-4.7381950878365775e-6
2.042	-4.733254720164985e-6
2.045	-4.728323153532658e-6
2.048	-4.723400368417379e-6
2.051	-4.718486345340499e-6
2.0540000000000003	-4.713581064866877e-6
2.057	-4.70868450760482e-6
2.06	-4.703796654206033e-6
2.0629999999999997	-4.698917485365553e-6
2.066	-4.694046981821705e-6
2.069	-4.689185124356024e-6
2.072	-4.684331893793214e-6
2.075	-4.6794872710010824e-6
2.0780000000000003	-4.67465123689048e-6
2.081	-4.6698237724152435e-6
2.084	-4.665004858572134e-6
2.0869999999999997	-4.660194476400782e-6
2.09	-4.655392606983616e-6
2.093	-4.6505992314458225e-6
2.096	-4.6458143309552615e-6
2.099	-4.6410378867224205e-6
2.1020000000000003	-4.636269880000349e-6
2.105	-4.6315102920845975e-6
2.108	-4.6267591043131525e-6
2.1109999999999998	-4.622016298066382e-6
2.114	-4.617281854766966e-6
2.117	-4.612555755879837e-6
2.12	-4.607837982912111e-6
2.123	-4.603128517413039e-6
2.1260000000000003	-4.598427340973927e-6
2.129	-4.593734435228086e-6
2.132	-4.589049781850756e-6
2.135	-4.5843733625590555e-6
2.138	-4.5797051591119e-6
2.141	-4.575045153309958e-6
2.144	-4.570393326995569e-6
2.1470000000000002	-4.5657496620526856e-6
2.1500000000000004	-4.56111414040681e-6
2.153	-4.556486744024928e-6
2.156	-4.551867454915438e-6
2.159	-4.5472562551280924e-6
2.162	-4.542653126753929e-6
2.165	-4.538058051925202e-6
2.168	-4.533471012815319e-6
2.1710000000000003	-4.528891991638774e-6
2.174	-4.524320970651084e-6
2.177	-4.519757932148711e-6
2.1799999999999997	-4.515202858469004e-6
2.183	-4.510655731990138e-6
2.186	-4.506116535131026e-6
2.189	-4.5015852503512755e-6
2.192	-4.497061860151102e-6
2.1950000000000003	-4.492546347071267e-6
2.198	-4.488038693693018e-6
2.201	-4.483538882638012e-6
2.2039999999999997	-4.479046896568239e-6
2.207	-4.474562718185972e-6
2.21	-4.470086330233691e-6
2.213	-4.4656177154940015e-6
2.216	-4.4611568567895846e-6
2.2190000000000003	-4.456703736983118e-6
2.222	-4.452258338977207e-6
2.225	-4.4478206457143125e-6
2.2279999999999998	-4.443390640176694e-6
2.231	-4.438968305386321e-6
2.234	-4.4345536244048176e-6
2.237	-4.43014658033339e-6
2.24	-4.425747156312748e-6
2.2430000000000003	-4.421355335523049e-6
2.246	-4.416971101183811e-6
2.249	-4.4125944365538575e-6
2.252	-4.408225324931243e-6
2.255	-4.403863749653165e-6
2.258	-4.3995096940959246e-6
2.261	-4.3951631416748285e-6
2.2640000000000002	-4.390824075844134e-6
2.2670000000000003	-4.386492480096968e-6
2.27	-4.382168337965264e-6
2.273	-4.377851633019682e-6
2.276	-4.3735423488695475e-6
2.279	-4.369240469162769e-6
2.282	-4.364945977585774e-6
2.285	-4.360658857863437e-6
2.2880000000000003	-4.356379093759007e-6
2.2910000000000004	-4.352106669074029e-6
2.294	-4.347841567648283e-6
2.2969999999999997	-4.343583773359706e-6
2.3	-4.3393332701243155e-6
2.303	-4.3350900418961515e-6
2.306	-4.330854072667189e-6
2.309	-4.326625346467274e-6
2.3120000000000003	-4.322403847364051e-6
2.315	-4.318189559462887e-6
2.318	-4.313982466906801e-6
2.3209999999999997	-4.309782553876392e-6
2.324	-4.305589804589767e-6
2.327	-4.3014042033024646e-6
2.33	-4.2972257343073905e-6
2.333	-4.293054381934733e-6
2.3360000000000003	-4.288890130551901e-6
2.339	-4.284732964563446e-6
2.342	-4.2805828684109866e-6
2.3449999999999998	-4.276439826573144e-6
2.348	-4.272303823565463e-6
2.351	-4.268174843940332e-6
2.354	-4.264052872286934e-6
2.357	-4.259937893231144e-6
2.3600000000000003	-4.255829891435474e-6
2.363	-4.251728851598997e-6
2.366	-4.24763475845727e-6
2.3689999999999998	-4.243547596782264e-6
2.372	-4.23946735138229e-6
2.375	-4.235394007101924e-6
2.378	-4.231327548821939e-6
2.3810000000000002	-4.227267961459225e-6
2.3840000000000003	-4.2232152299667184e-6
2.387	-4.219169339333334e-6
2.39	-4.21513027458388e-6
2.393	-4.211098020778998e-6
2.396	-4.207072563015075e-6
2.399	-4.203053886424189e-6
2.402	-4.199041976174018e-6
2.4050000000000002	-4.195036817467773e-6
2.4080000000000004	-4.191038395544126e-6
2.411	-4.1870466956771406e-6
2.414	-4.183061703176186e-6
2.417	-4.179083403385877e-6
2.42	-4.175111781685993e-6
2.423	-4.171146823491405e-6
2.426	-4.167188514252011e-6
2.4290000000000003	-4.163236839452646e-6
2.432	-4.159291784613024e-6
2.435	-4.1553533352876565e-6
2.4379999999999997	-4.151421477065785e-6
2.441	-4.1474961955712995e-6
2.444	-4.143577476462673e-6
2.447	-4.139665305432886e-6
2.45	-4.135759668209346e-6
2.4530000000000003	-4.131860550553833e-6
2.456	-4.127967938262401e-6
2.459	-4.1240818171653235e-6
2.4619999999999997	-4.120202173127018e-6
2.465	-4.11632899204596e-6
2.468	-4.112462259854627e-6
2.471	-4.108601962519416e-6
2.474	-4.104748086040571e-6
2.4770000000000003	-4.100900616452112e-6
2.48	-4.097059539821759e-6
2.483	-4.093224842250863e-6
2.4859999999999998	-4.08939650987433e-6
2.489	-4.08557452886055e-6
2.492	-4.081758885411323e-6
2.495	-4.077949565761784e-6
2.498	-4.074146556180335e-6
2.501	-4.07034984296857e-6
2.504	-4.066559412461203e-6
2.507	-4.062775251025989e-6
2.5100000000000002	-4.058997345063665e-6
2.513	-4.055225681007862e-6
2.516	-4.05146024532504e-6
2.519	-4.04770102451442e-6
2.5220000000000002	-4.043948005107904e-6
2.525	-4.0402011736700045e-6
2.528	-4.036460516797771e-6
2.531	-4.032726021120725e-6
2.5340000000000003	-4.028997673300776e-6
2.537	-4.0252754600321616e-6
2.54	-4.0215593680413654e-6
2.543	-4.0178493840870465e-6
2.5460000000000003	-4.0141454949599775e-6
2.549	-4.0104476874829575e-6
2.552	-4.006755948510751e-6
2.555	-4.0030702649300095e-6
2.558	-3.9993906236592065e-6
2.561	-3.995717011648563e-6
2.564	-3.992049415879965e-6
2.567	-3.988387823366913e-6
2.57	-3.984732221154433e-6
2.573	-3.9810825963190145e-6
2.576	-3.977438935968533e-6
2.579	-3.973801227242178e-6
2.582	-3.970169457310395e-6
2.585	-3.966543613374796e-6
2.588	-3.962923682668097e-6
2.591	-3.95930965245405e-6
2.594	-3.955701510027368e-6
2.597	-3.952099242713652e-6
2.6	-3.948502837869323e-6
2.603	-3.944912282881555e-6
2.606	-3.941327565168197e-6
2.609	-3.937748672177703e-6
2.612	-3.9341755913890715e-6
2.615	-3.930608310311759e-6
2.618	-3.927046816485625e-6
2.621	-3.923491097480853e-6
2.624	-3.9199411408978745e-6
2.6270000000000002	-3.916396934367317e-6
2.63	-3.912858465549922e-6
2.633	-3.90932572213647e-6
2.636	-3.9057986918477194e-6
2.6390000000000002	-3.902277362434336e-6
2.642	-3.898761721676822e-6
2.645	-3.895251757385441e-6
2.648	-3.891747457400156e-6
2.6510000000000002	-3.88824880959056e-6
2.654	-3.884755801855798e-6
2.657	-3.881268422124504e-6
2.66	-3.877786658354737e-6
2.6630000000000003	-3.874310498533897e-6
2.666	-3.870839930678673e-6
2.669	-3.867374942834958e-6
2.672	-3.863915523077797e-6
2.6750000000000003	-3.8604616595112975e-6
2.678	-3.857013340268583e-6
2.681	-3.8535705535117104e-6
2.684	-3.850133287431602e-6
2.687	-3.846701530247982e-6
2.69	-3.8432752702093065e-6
2.693	-3.839854495592694e-6
2.696	-3.83643919470386e-6
2.699	-3.8330293558770444e-6
2.702	-3.8296249674749485e-6
2.705	-3.826226017888664e-6
2.708	-3.822832495537607e-6
2.711	-3.819444388869445e-6
2.714	-3.816061686360041e-6
2.717	-3.8126843765133736e-6
2.72	-3.8093124478614783e-6
2.723	-3.805945888964375e-6
2.726	-3.802584688409999e-6
2.729	-3.7992288348141466e-6
2.732	-3.7958783168203913e-6
2.735	-3.7925331231000275e-6
2.738	-3.7891932423520027e-6
2.741	-3.7858586633028474e-6
2.744	-3.782529374706609e-6
2.747	-3.779205365344791e-6
2.75	-3.775886624026277e-6
2.753	-3.7725731395872744e-6
2.7560000000000002	-3.7692649008912407e-6
2.759	-3.7659618968288225e-6
2.762	-3.762664116317787e-6
2.765	-3.7593715483029554e-6
2.7680000000000002	-3.75608418175614e-6
2.771	-3.752802005676079e-6
2.774	-3.7495250090883636e-6
2.777	-3.7462531810453827e-6
2.7800000000000002	-3.7429865106262538e-6
2.783	-3.7397249869367525e-6
2.786	-3.736468599109255e-6
2.789	-3.733217336302672e-6
2.7920000000000003	-3.729971187702376e-6
2.795	-3.7267301425201525e-6
2.798	-3.723494189994116e-6
2.801	-3.720263319388658e-6
2.8040000000000003	-3.717037519994381e-6
2.807	-3.713816781128032e-6
2.81	-3.7106010921324394e-6
2.813	-3.707390442376447e-6
2.816	-3.7041848212548548e-6
2.819	-3.700984218188349e-6
2.822	-3.697788622623442e-6
2.825	-3.694598024032409e-6
2.828	-3.6914124119132232e-6
2.831	-3.688231775789493e-6
2.834	-3.6850561052103954e-6
2.837	-3.681885389750623e-6
2.84	-3.678719619010307e-6
2.843	-3.675558782614962e-6
2.846	-3.6724028702154265e-6
2.849	-3.669251871487791e-6
2.852	-3.666105776133346e-6
2.855	-3.6629645738785066e-6
2.858	-3.6598282544747635e-6
2.861	-3.6566968076986133e-6
2.864	-3.653570223351495e-6
2.867	-3.6504484912597342e-6
2.87	-3.6473316012744763e-6
2.873	-3.644219543271624e-6
2.876	-3.641112307151784e-6
2.879	-3.6380098828401912e-6
2.882	-3.634912260286659e-6
2.8850000000000002	-3.6318194294655168e-6
2.888	-3.6287313803755426e-6
2.891	-3.625648103039909e-6
2.894	-3.622569587506112e-6
2.8970000000000002	-3.619495823845925e-6
2.9	-3.6164268021553258e-6
2.903	-3.61336251255444e-6
2.906	-3.610302945187482e-6
2.9090000000000003	-3.6072480902226936e-6
2.912	-3.604197937852283e-6
2.915	-3.6011524782923633e-6
2.918	-3.598111701782897e-6
2.9210000000000003	-3.5950755985876324e-6
2.924	-3.592044158994045e-6
2.927	-3.589017373313276e-6
2.93	-3.5859952318800768e-6
2.933	-3.582977725052745e-6
2.936	-3.5799648432130716e-6
2.939	-3.5769565767662695e-6
2.942	-3.5739529161409296e-6
2.945	-3.5709538517889538e-6
2.948	-3.5679593741854924e-6
2.951	-3.564969473828894e-6
2.954	-3.561984141240643e-6
2.957	-3.5590033669652994e-6
2.96	-3.556027141570442e-6
2.963	-3.553055455646612e-6
2.966	-3.5500882998072526e-6
2.969	-3.54712566468865e-6
2.972	-3.5441675409498783e-6
2.975	-3.5412139192727407e-6
2.978	-3.5382647903617115e-6
2.981	-3.5353201449438807e-6
2.984	-3.5323799737688903e-6
2.987	-3.5294442676088848e-6
2.99	-3.5265130172584515e-6
2.993	-3.5235862135345586e-6
2.996	-3.520663847276506e-6
2.999	-3.5177459093458658e-6
3.0020000000000002	-3.5148323906264204e-6
3.005	-3.5119232820241144e-6
3.008	-3.5090185744669905e-6
3.011	-3.5061182589051412e-6
3.0140000000000002	-3.5032223263106447e-6
3.017	-3.5003307676775134e-6
3.02	-3.4974435740216345e-6
3.023	-3.494560736380724e-6
3.0260000000000002	-3.4916822458142534e-6
3.029	-3.488808093403413e-6
3.032	-3.4859382702510424e-6
3.035	-3.4830727674815837e-6
3.0380000000000003	-3.480211576241021e-6
3.041	-3.477354687696829e-6
3.044	-3.4745020930379143e-6
3.047	-3.471653783474564e-6
3.0500000000000003	-3.4688097502383916e-6
3.053	-3.4659699845822774e-6
3.056	-3.463134477780317e-6
3.059	-3.4603032211277714e-6
3.062	-3.4574762059410027e-6
3.065	-3.4546534235574284e-6
3.068	-3.4518348653354643e-6
3.071	-3.449020522654472e-6
3.074	-3.4462103869147015e-6
3.077	-3.4434044495372445e-6
3.08	-3.4406027019639698e-6
3.083	-3.437805135657483e-6
3.086	-3.435011742101064e-6
3.089	-3.4322225127986164e-6
3.092	-3.429437439274615e-6
3.095	-3.426656513074054e-6
3.098	-3.423879725762391e-6
3.101	-3.4211070689254953e-6
3.104	-3.4183385341695995e-6
3.107	-3.4155741131212413e-6
3.11	-3.4128137974272126e-6
3.113	-3.410057578754512e-6
3.116	-3.407305448790285e-6
3.119	-3.4045573992417776e-6
3.122	-3.4018134218362833e-6
3.125	-3.3990735083210897e-6
3.128	-3.39633765046343e-6
3.1310000000000002	-3.3936058400504294e-6
3.134	-3.3908780688890526e-6
3.137	-3.3881543288060526e-6
3.14	-3.385434611647924e-6
3.1430000000000002	-3.382718909280849e-6
3.146	-3.380007213590644e-6
3.149	-3.377299516482714e-6
3.152	-3.374595809881995e-6
3.1550000000000002	-3.371896085732912e-6
3.158	-3.369200335999323e-6
3.161	-3.366508552664467e-6
3.164	-3.3638207277309206e-6
3.1670000000000003	-3.361136853220543e-6
3.17	-3.358456921174425e-6
3.173	-3.3557809236528448e-6
3.176	-3.3531088527352132e-6
3.1790000000000003	-3.350440700520024e-6
3.182	-3.34777645912481e-6
3.185	-3.3451161206860844e-6
3.188	-3.342459677359302e-6
3.191	-3.3398071213188017e-6
3.194	-3.3371584447577625e-6
3.197	-3.334513639888154e-6
3.2	-3.3318726989406844e-6
3.203	-3.329235614164753e-6
3.206	-3.3266023778284068e-6
3.209	-3.323972982218284e-6
3.212	-3.321347419639572e-6
3.215	-3.3187256824159557e-6
3.218	-3.316107762889572e-6
3.221	-3.313493653420957e-6
3.224	-3.3108833463890065e-6
3.227	-3.3082768341909206e-6
3.23	-3.3056741092421586e-6
3.233	-3.3030751639763922e-6
3.236	-3.3004799908454575e-6
3.239	-3.2978885823193095e-6
3.242	-3.295300930885971e-6
3.245	-3.2927170290514895e-6
3.248	-3.29013686933989e-6
3.251	-3.2875604442931244e-6
3.254	-3.284987746471027e-6
3.257	-3.2824187684512704e-6
3.2600000000000002	-3.2798535028293162e-6
3.263	-3.27729194221837e-6
3.266	-3.2747340792493324e-6
3.269	-3.2721799065707574e-6
3.2720000000000002	-3.2696294168488032e-6
3.275	-3.2670826027671868e-6
3.278	-3.264539457027139e-6
3.281	-3.261999972347356e-6
3.2840000000000003	-3.2594641414639595e-6
3.287	-3.256931957130449e-6
3.29	-3.2544034121176484e-6
3.293	-3.2518784992136765e-6
3.2960000000000003	-3.2493572112238853e-6
3.299	-3.2468395409708296e-6
3.302	-3.2443254812942097e-6
3.305	-3.241815025050836e-6
3.3080000000000003	-3.2393081651145798e-6
3.311	-3.236804894376328e-6
3.314	-3.234305205743944e-6
3.317	-3.231809092142215e-6
3.32	-3.2293165465128164e-6
3.323	-3.226827561814261e-6
3.326	-3.224342131021859e-6
3.329	-3.2218602471276723e-6
3.332	-3.2193819031404738e-6
3.335	-3.2169070920856972e-6
3.338	-3.2144358070054003e-6
3.341	-3.2119680409582183e-6
3.344	-3.2095037870193206e-6
3.347	-3.2070430382803675e-6
3.35	-3.2045857878494677e-6
3.353	-3.2021320288511376e-6
3.356	-3.1996817544262517e-6
3.359	-3.197234957732007e-6
3.362	-3.1947916319418758e-6
3.365	-3.1923517702455657e-6
3.368	-3.1899153658489776e-6
3.371	-3.187482411974158e-6
3.374	-3.185052901859264e-6
3.3770000000000002	-3.182626828758515e-6
3.38	-3.180204185942157e-6
3.383	-3.177784966696415e-6
3.386	-3.1753691643234523e-6
3.3890000000000002	-3.172956772141333e-6
3.392	-3.170547783483975e-6
3.395	-3.1681421917011096e-6
3.398	-3.165739990158245e-6
3.4010000000000002	-3.1633411722366184e-6
3.404	-3.1609457313331576e-6
3.407	-3.1585536608604412e-6
3.41	-3.156164954246658e-6
3.4130000000000003	-3.153779604935561e-6
3.416	-3.151397606386434e-6
3.419	-3.1490189520740417e-6
3.422	-3.146643635488602e-6
3.4250000000000003	-3.1442716501357324e-6
3.428	-3.1419029895364197e-6
3.431	-3.13953764722697e-6
3.434	-3.137175616758981e-6
3.4370000000000003	-3.1348168916992897e-6
3.44	-3.1324614656299426e-6
3.443	-3.1301093321481455e-6
3.446	-3.1277604848662332e-6
3.449	-3.1254149174116262e-6
3.452	-3.1230726234267904e-6
3.455	-3.1207335965691985e-6
3.458	-3.1183978305112903e-6
3.461	-3.1160653189404347e-6
3.464	-3.1137360555588884e-6
3.467	-3.1114100340837603e-6
3.47	-3.109087248246967e-6
3.473	-3.1067676917952024e-6
3.476	-3.1044513584898917e-6
3.479	-3.1021382421071526e-6
3.482	-3.099828336437765e-6
3.485	-3.0975216352871224e-6
3.488	-3.095218132475202e-6
3.491	-3.09291782183652e-6
3.494	-3.090620697220097e-6
3.497	-3.0883267524894197e-6
3.5	-3.086035981522403e-6
3.503	-3.0837483782113523e-6
3.5060000000000002	-3.081463936462924e-6
3.509	-3.0791826501980897e-6
3.512	-3.0769045133520975e-6
3.515	-3.074629519874439e-6
3.5180000000000002	-3.072357663728804e-6
3.521	-3.0700889388930496e-6
3.524	-3.0678233393591616e-6
3.527	-3.0655608591332166e-6
3.5300000000000002	-3.0633014922353463e-6
3.533	-3.0610452326996977e-6
3.536	-3.058792074574402e-6
3.539	-3.056542011921532e-6
3.5420000000000003	-3.0542950388170693e-6
3.545	-3.0520511493508683e-6
3.548	-3.0498103376266148e-6
3.551	-3.047572597761796e-6
3.5540000000000003	-3.0453379238876625e-6
3.557	-3.0431063101491912e-6
3.56	-3.040877750705047e-6
3.563	-3.0386522397275504e-6
3.5660000000000003	-3.036429771402643e-6
3.569	-3.0342103399298508e-6
3.572	-3.031993939522244e-6
3.575	-3.0297805644064077e-6
3.578	-3.0275702088224033e-6
3.581	-3.025362867023733e-6
3.584	-3.023158533277307e-6
3.587	-3.020957201863408e-6
3.59	-3.018758867075652e-6
3.593	-3.0165635232209587e-6
3.596	-3.0143711646195156e-6
3.599	-3.0121817856047396e-6
3.602	-3.009995380523248e-6
3.605	-3.0078119437348176e-6
3.608	-3.0056314696123567e-6
3.611	-3.0034539525418664e-6
3.614	-3.001279386922408e-6
3.617	-2.9991077671660673e-6
3.62	-2.9969390876979247e-6
3.623	-2.994773342956015e-6
3.626	-2.9926105273912993e-6
3.629	-2.9904506354676263e-6
3.632	-2.988293661661704e-6
3.6350000000000002	-2.9861396004630595e-6
3.638	-2.983988446374012e-6
3.641	-2.981840193909634e-6
3.644	-2.9796948375977235e-6
3.6470000000000002	-2.977552371978764e-6
3.65	-2.975412791605898e-6
3.653	-2.9732760910448883e-6
3.656	-2.971142264874089e-6
3.6590000000000003	-2.969011307684412e-6
3.662	-2.9668832140792906e-6
3.665	-2.964757978674651e-6
3.668	-2.96263559609888e-6
3.6710000000000003	-2.960516060992787e-6
3.674	-2.958399368009579e-6
3.677	-2.956285511814821e-6
3.68	-2.954174487086409e-6
3.6830000000000003	-2.952066288514536e-6
3.686	-2.949960910801659e-6
3.689	-2.9478583486624665e-6
3.692	-2.945758596823852e-6
3.6950000000000003	-2.9436616500248743e-6
3.698	-2.9415675030167305e-6
3.701	-2.939476150562723e-6
3.704	-2.937387587438229e-6
3.707	-2.9353018084306666e-6
3.71	-2.933218808339467e-6
3.713	-2.9311385819760385e-6
3.716	-2.929061124163741e-6
3.719	-2.9269864297378486e-6
3.722	-2.9249144935455228e-6
3.725	-2.922845310445781e-6
3.728	-2.9207788753094637e-6
3.731	-2.9187151830192063e-6
3.734	-2.916654228469404e-6
3.737	-2.914596006566187e-6
3.74	-2.912540512227387e-6
3.743	-2.9104877403825026e-6
3.746	-2.9084376859726774e-6
3.749	-2.9063903439506637e-6
3.7520000000000002	-2.904345709280793e-6
3.755	-2.9023037769389477e-6
3.758	-2.900264541912528e-6
3.761	-2.8982279992004254e-6
3.7640000000000002	-2.896194143812992e-6
3.767	-2.894162970772007e-6
3.77	-2.892134475110653e-6
3.773	-2.8901086518734797e-6
3.7760000000000002	-2.888085496116379e-6
3.779	-2.886065002906557e-6
3.782	-2.884047167322496e-6
3.785	-2.882031984453936e-6
3.7880000000000003	-2.8800194494018385e-6
3.791	-2.878009557278358e-6
3.794	-2.8760023032068146e-6
3.797	-2.873997682321665e-6
3.8000000000000003	-2.8719956897684733e-6
3.803	-2.869996320703881e-6
3.806	-2.867999570295576e-6
3.809	-2.866005433722271e-6
3.8120000000000003	-2.86401390617367e-6
3.815	-2.862024982850439e-6
3.818	-2.8600386589641784e-6
3.821	-2.8580549297373973e-6
3.8240000000000003	-2.8560737904034812e-6
3.827	-2.854095236206665e-6
3.83	-2.852119262402007e-6
3.833	-2.850145864255357e-6
3.836	-2.848175037043335e-6
3.839	-2.8462067760532915e-6
3.842	-2.844241076583292e-6
3.845	-2.8422779339420825e-6
3.848	-2.840317343449064e-6
3.851	-2.8383593004342627e-6
3.854	-2.8364038002383037e-6
3.857	-2.8344508382123858e-6
3.86	-2.8325004097182497e-6
3.863	-2.830552510128155e-6
3.866	-2.828607134824848e-6
3.869	-2.82666427920154e-6
3.872	-2.8247239386618763e-6
3.875	-2.8227861086199124e-6
3.878	-2.8208507845000804e-6
3.8810000000000002	-2.8189179617371703e-6
3.884	-2.8169876357763002e-6
3.887	-2.815059802072886e-6
3.89	-2.8131344560926204e-6
3.8930000000000002	-2.8112115933114437e-6
3.896	-2.8092912092155145e-6
3.899	-2.807373299301188e-6
3.902	-2.8054578590749868e-6
3.9050000000000002	-2.803544884053575e-6
3.908	-2.801634369763735e-6
3.911	-2.7997263117423345e-6
3.914	-2.797820705536308e-6
3.9170000000000003	-2.795917546702626e-6
3.92	-2.794016830808269e-6
3.923	-2.792118553430205e-6
3.926	-2.7902227101553607e-6
3.9290000000000003	-2.7883292965805983e-6
3.932	-2.7864383083126866e-6
3.935	-2.7845497409682774e-6
3.938	-2.78266359017388e-6
3.9410000000000003	-2.7807798515658366e-6
3.944	-2.778898520790294e-6
3.947	-2.777019593503179e-6
3.95	-2.775143065370178e-6
3.9530000000000003	-2.773268932066705e-6
3.956	-2.7713971892778816e-6
3.959	-2.769527832698507e-6
3.962	-2.7676608580330397e-6
3.965	-2.765796260995566e-6
3.968	-2.7639340373097786e-6
3.971	-2.7620741827089513e-6
3.974	-2.7602166929359153e-6
3.977	-2.7583615637430327e-6
3.98	-2.7565087908921736e-6
3.983	-2.754658370154689e-6
3.986	-2.7528102973113898e-6
3.989	-2.7509645681525208e-6
3.992	-2.749121178477735e-6
3.995	-2.7472801240960733e-6
3.998	-2.7454414008259353e-6
4.0009999999999994	-2.7436050044950592e-6
4.004	-2.741770930940497e-6
4.007	-2.739939176008588e-6
4.01	-2.738109735554939e-6
4.013	-2.7362826054443965e-6
4.016	-2.734457781551025e-6
4.019	-2.7326352597580847e-6
4.022	-2.7308150359580055e-6
4.025	-2.7289971060523635e-6
4.0280000000000005	-2.7271814659518583e-6
4.031000000000001	-2.72536811157629e-6
4.034000000000001	-2.7235570388545354e-6
4.037	-2.7217482437245256e-6
4.04	-2.7199417221332183e-6
4.043	-2.7181374700365817e-6
4.046	-2.7163354833995664e-6
4.0489999999999995	-2.7145357581960847e-6
4.052	-2.7127382904089844e-6
4.055	-2.710943076030032e-6
4.058	-2.7091501110598816e-6
4.061	-2.7073593915080596e-6
4.064	-2.705570913392938e-6
4.067	-2.703784672741713e-6
4.07	-2.702000665590381e-6
4.073	-2.7002188879837195e-6
4.0760000000000005	-2.6984393359752593e-6
4.079000000000001	-2.6966620056272665e-6
4.082000000000001	-2.69488689301072e-6
4.085	-2.6931139942052863e-6
4.088	-2.6913433052992972e-6
4.091	-2.689574822389732e-6
4.093999999999999	-2.6878085415821927e-6
4.0969999999999995	-2.6860444589908806e-6
4.1	-2.684282570738577e-6
4.103	-2.682522872956618e-6
4.106	-2.680765361784875e-6
4.109	-2.6790100333717356e-6
4.112	-2.6772568838740763e-6
4.115	-2.675505909457241e-6
4.118	-2.673757106295027e-6
4.121	-2.672010470569652e-6
4.1240000000000006	-2.670265998471745e-6
4.127000000000001	-2.6685236862003137e-6
4.13	-2.6667835299627308e-6
4.133	-2.665045525974707e-6
4.136	-2.663309670460274e-6
4.139	-2.6615759596517645e-6
4.1419999999999995	-2.659844389789785e-6
4.145	-2.6581149571231984e-6
4.148	-2.656387657909105e-6
4.151	-2.654662488412817e-6
4.154	-2.6529394449078393e-6
4.157	-2.6512185236758523e-6
4.16	-2.649499721006686e-6
4.163	-2.647783033198301e-6
4.166	-2.646068456556768e-6
4.1690000000000005	-2.644355987396249e-6
4.172000000000001	-2.6426456220389716e-6
4.175000000000001	-2.640937356815216e-6
4.178	-2.6392311880632866e-6
4.181	-2.6375271121294985e-6
4.184	-2.635825125368151e-6
4.187	-2.634125224141513e-6
4.1899999999999995	-2.632427404819799e-6
4.193	-2.63073166378115e-6
4.196	-2.6290379974116117e-6
4.199	-2.6273464021051217e-6
4.202	-2.6256568742634774e-6
4.205	-2.6239694102963277e-6
4.208	-2.6222840066211433e-6
4.211	-2.6206006596632064e-6
4.214	-2.6189193658555828e-6
4.2170000000000005	-2.6172401216391065e-6
4.220000000000001	-2.615562923462359e-6
4.223	-2.6138877677816516e-6
4.226	-2.6122146510609987e-6
4.229	-2.610543569772108e-6
4.232	-2.608874520394356e-6
4.234999999999999	-2.607207499414768e-6
4.2379999999999995	-2.6055425033279995e-6
4.241	-2.6038795286363187e-6
4.244	-2.6022185718495846e-6
4.247	-2.6005596294852314e-6
4.25	-2.5989026980682417e-6
4.253	-2.597247774131139e-6
4.256	-2.595594854213958e-6
4.259	-2.593943934864232e-6
4.2620000000000005	-2.5922950126369707e-6
4.265000000000001	-2.5906480840946447e-6
4.268000000000001	-2.5890031458071627e-6
4.271	-2.587360194351853e-6
4.274	-2.5857192263134506e-6
4.277	-2.5840802382840716e-6
4.28	-2.582443226863197e-6
4.2829999999999995	-2.580808188657657e-6
4.286	-2.579175120281605e-6
4.289	-2.577544018356509e-6
4.292	-2.5759148795111264e-6
4.295	-2.5742877003814875e-6
4.298	-2.572662477610875e-6
4.301	-2.5710392078498117e-6
4.304	-2.5694178877560363e-6
4.307	-2.5677985139944864e-6
4.3100000000000005	-2.5661810832372855e-6
4.313000000000001	-2.564565592163716e-6
4.316000000000001	-2.5629520374602072e-6
4.319	-2.5613404158203206e-6
4.322	-2.5597307239447212e-6
4.325	-2.5581229585411687e-6
4.328	-2.556517116324499e-6
4.3309999999999995	-2.5549131940166015e-6
4.334	-2.5533111883464052e-6
4.337	-2.551711096049861e-6
4.34	-2.550112913869923e-6
4.343	-2.5485166385565305e-6
4.346	-2.5469222668665903e-6
4.349	-2.5453297955639624e-6
4.352	-2.54373922141944e-6
4.355	-2.5421505412107287e-6
4.3580000000000005	-2.5405637517224384e-6
4.361000000000001	-2.5389788497460565e-6
4.364	-2.5373958320799364e-6
4.367	-2.535814695529278e-6
4.37	-2.5342354369061106e-6
4.373	-2.5326580530292786e-6
4.3759999999999994	-2.531082540724419e-6
4.379	-2.5295088968239506e-6
4.382	-2.527937118167051e-6
4.385	-2.5263672015996455e-6
4.388	-2.5247991439743864e-6
4.391	-2.5232329421506364e-6
4.394	-2.5216685929944564e-6
4.397	-2.5201060933785803e-6
4.4	-2.5185454401824058e-6
4.4030000000000005	-2.516986630291975e-6
4.406000000000001	-2.5154296605999578e-6
4.409000000000001	-2.5138745280056337e-6
4.412	-2.5123212294148817e-6
4.415	-2.510769761740155e-6
4.418	-2.5092201219004694e-6
4.421	-2.507672306821389e-6
4.4239999999999995	-2.5061263134350057e-6
4.427	-2.5045821386799243e-6
4.43	-2.5030397795012457e-6
4.433	-2.5014992328505556e-6
4.436	-2.4999604956858995e-6
4.439	-2.498423564971775e-6
4.442	-2.4968884376791113e-6
4.445	-2.495355110785251e-6
4.448	-2.4938235812739436e-6
4.4510000000000005	-2.4922938461353183e-6
4.454000000000001	-2.4907659023658756e-6
4.457000000000001	-2.489239746968468e-6
4.46	-2.487715376952285e-6
4.463	-2.4861927893328382e-6
4.466	-2.4846719811319445e-6
4.468999999999999	-2.483152949377714e-6
4.4719999999999995	-2.481635691104525e-6
4.475	-2.480120203353023e-6
4.478	-2.478606483170089e-6
4.481	-2.477094527608839e-6
4.484	-2.4755843337285956e-6
4.487	-2.4740758985948846e-6
4.49	-2.472569219279407e-6
4.493	-2.471064292860037e-6
4.496	-2.4695611164207962e-6
4.4990000000000006	-2.468059687051843e-6
4.502	-2.466560001849458e-6
4.505	-2.4650620579160244e-6
4.508	-2.4635658523600206e-6
4.511	-2.4620713822959968e-6
4.514	-2.4605786448445654e-6
4.517	-2.459087637132386e-6
4.5200000000000005	-2.457598356292145e-6
4.523	-2.456110799462548e-6
4.526	-2.4546249637883016e-6
4.529	-2.4531408464200974e-6
4.532	-2.4516584445145973e-6
4.535	-2.450177755234422e-6
4.538	-2.4486987757481337e-6
4.541	-2.4472215032302196e-6
4.5440000000000005	-2.445745934861085e-6
4.547	-2.444272067827028e-6
4.55	-2.4427998993202334e-6
4.553	-2.4413294265387537e-6
4.556	-2.4398606466864972e-6
4.559	-2.4383935569732118e-6
4.562	-2.4369281546144718e-6
4.565	-2.4354644368316627e-6
4.5680000000000005	-2.4340024008519683e-6
4.571	-2.432542043908354e-6
4.574	-2.431083363239555e-6
4.577	-2.429626356090061e-6
4.58	-2.4281710197101036e-6
4.583	-2.4267173513556386e-6
4.586	-2.425265348288335e-6
4.589	-2.423815007775562e-6
4.5920000000000005	-2.42236632709037e-6
4.595	-2.4209193035114836e-6
4.598	-2.419473934323282e-6
4.601	-2.418030216815784e-6
4.604	-2.416588148284646e-6
4.607	-2.4151477260311294e-6
4.61	-2.413708947362104e-6
4.613	-2.4122718095900235e-6
4.616	-2.4108363100329196e-6
4.619	-2.4094024460143787e-6
4.622	-2.4079702148635385e-6
4.625	-2.4065396139150685e-6
4.628	-2.4051106405091576e-6
4.631	-2.4036832919915e-6
4.634	-2.4022575657132864e-6
4.6370000000000005	-2.40083345903118e-6
4.64	-2.399410969307316e-6
4.643	-2.3979900939092807e-6
4.646	-2.396570830210099e-6
4.649	-2.39515317558822e-6
4.652	-2.3937371274275095e-6
4.655	-2.39232268311723e-6
4.658	-2.390909840052031e-6
4.6610000000000005	-2.389498595631935e-6
4.664	-2.3880889472623264e-6
4.667	-2.386680892353935e-6
4.67	-2.385274428322824e-6
4.673	-2.38386955259038e-6
4.676	-2.3824662625832972e-6
4.679	-2.3810645557335634e-6
4.682	-2.3796644294784503e-6
4.6850000000000005	-2.378265881260498e-6
4.688	-2.3768689085275066e-6
4.691	-2.375473508732515e-6
4.694	-2.374079679333797e-6
4.697	-2.3726874177948436e-6
4.7	-2.371296721584353e-6
4.703	-2.369907588176214e-6
4.706	-2.368520015049499e-6
4.7090000000000005	-2.367133999688446e-6
4.712	-2.3657495395824494e-6
4.715	-2.364366632226048e-6
4.718	-2.3629852751189096e-6
4.721	-2.3616054657658192e-6
4.724	-2.3602272016766694e-6
4.727	-2.358850480366446e-6
4.73	-2.3574752993552153e-6
4.733	-2.3561016561681117e-6
4.736	-2.354729548335328e-6
4.739	-2.353358973392099e-6
4.742	-2.351989928878693e-6
4.745	-2.3506224123403967e-6
4.748	-2.3492564213275086e-6
4.751	-2.3478919533953166e-6
4.7540000000000004	-2.3465290061040973e-6
4.757	-2.3451675770190972e-6
4.76	-2.3438076637105207e-6
4.763	-2.3424492637535225e-6
4.766	-2.3410923747281925e-6
4.769	-2.339736994219542e-6
4.772	-2.338383119817497e-6
4.775	-2.337030749116883e-6
4.7780000000000005	-2.3356798797174114e-6
4.781	-2.334330509223674e-6
4.784	-2.332982635245124e-6
4.787	-2.3316362553960685e-6
4.79	-2.3302913672956578e-6
4.793	-2.328947968567869e-6
4.796	-2.3276060568414988e-6
4.799	-2.3262656297501512e-6
4.8020000000000005	-2.3249266849322248e-6
4.805	-2.323589220030901e-6
4.808	-2.3222532326941316e-6
4.811	-2.320918720574632e-6
4.814	-2.319585681329864e-6
4.817	-2.318254112622031e-6
4.82	-2.3169240121180566e-6
4.823	-2.3155953774895867e-6
4.8260000000000005	-2.314268206412964e-6
4.829	-2.312942496569227e-6
4.832	-2.3116182456440953e-6
4.835	-2.310295451327959e-6
4.838	-2.3089741113158646e-6
4.841	-2.3076542233075077e-6
4.844	-2.306335785007221e-6
4.847	-2.305018794123963e-6
4.8500000000000005	-2.3037032483713015e-6
4.853	-2.3023891454674157e-6
4.856	-2.30107648313507e-6
4.859	-2.2997652591016146e-6
4.862	-2.298455471098966e-6
4.865	-2.2971471168636066e-6
4.868	-2.29584019413656e-6
4.871	-2.294534700663392e-6
4.874	-2.293230634194193e-6
4.877	-2.291927992483573e-6
4.88	-2.290626773290643e-6
4.883	-2.2893269743790113e-6
4.886	-2.2880285935167682e-6
4.889	-2.286731628476479e-6
4.892	-2.2854360770351714e-6
4.8950000000000005	-2.2841419369743225e-6
4.898	-2.2828492060798544e-6
4.901	-2.281557882142117e-6
4.904	-2.280267962955883e-6
4.907	-2.2789794463203317e-6
4.91	-2.277692330039044e-6
4.913	-2.276406611919988e-6
4.916	-2.2751222897755123e-6
4.9190000000000005	-2.2738393614223307e-6
4.922	-2.272557824681517e-6
4.925	-2.2712776773784903e-6
4.928	-2.2699989173430078e-6
4.931	-2.2687215424091525e-6
4.934	-2.267445550415324e-6
4.937	-2.2661709392042295e-6
4.94	-2.26489770662287e-6
4.9430000000000005	-2.2636258505225323e-6
4.946	-2.262355368758781e-6
4.949	-2.2610862591914435e-6
4.952	-2.259818519684605e-6
4.955	-2.258552148106593e-6
4.958	-2.257287142329973e-6
4.961	-2.256023500231535e-6
4.964	-2.254761219692284e-6
4.9670000000000005	-2.2535002985974303e-6
4.97	-2.2522407348363794e-6
4.973	-2.2509825263027224e-6
4.976	-2.249725670894226e-6
4.979	-2.248470166512823e-6
4.982	-2.247216011064601e-6
4.985	-2.2459632024597948e-6
4.988	-2.2447117386127757e-6
4.991	-2.2434616174420396e-6
4.994	-2.242212836870201e-6
4.997	-2.2409653948239812e-6