1.e-6	8.023397440166656e-6
2.e-6	8.023335788535714e-6
3.e-6	8.023466629162542e-6
4.e-6	8.022958176920364e-6
4.9999999999999996e-6	8.02289073723847e-6
5.999999999999999e-6	8.022802412053717e-6
7.e-6	8.021229982583963e-6
8.e-6	8.022612912390499e-6
9.e-6	8.022706615638174e-6
0.00001	8.022423162850006e-6
0.00002	8.02150597765868e-6
0.000030000000000000004	8.020586122509019e-6
0.00004	8.019623584702928e-6
0.00005	8.01865709596236e-6
0.00006	8.017698717491288e-6
0.00007000000000000001	8.016730256810159e-6
0.00008	8.015800734750248e-6
0.00009	8.014867218715379e-6
0.0001	8.013773717727576e-6
0.0002	8.00418135145806e-6
0.00030000000000000003	7.994561751217268e-6
0.0004	7.984677533562273e-6
0.0005	7.975033957671858e-6
0.0006000000000000001	7.965461953746883e-6
0.0007000000000000001	7.956146759574455e-6
0.0008	7.946861658757786e-6
0.0009000000000000001	7.938568783295596e-6
0.001	7.929821179817337e-6
0.0011	7.921638798632666e-6
0.0012000000000000001	7.913981923962503e-6
0.0013000000000000002	7.906898975006715e-6
0.0014000000000000002	7.899911622595048e-6
0.0015	7.89344004323215e-6
0.0016	7.887305805715473e-6
0.0017000000000000001	7.881490601383953e-6
0.0018000000000000002	7.875970803761849e-6
0.0019000000000000002	7.870803616963951e-6
0.002	7.86574085831662e-6
0.0021	7.860993851256507e-6
0.0022	7.85646019622705e-6
0.0023	7.852134384838913e-6
0.0024	7.848000933495174e-6
0.0025	7.844041608515896e-6
0.0026	7.84024645512187e-6
0.0027	7.836604743711477e-6
0.0028	7.833102547085694e-6
0.0029	7.82973578766652e-6
0.003	7.826493172190907e-6
0.0031	7.823361524814652e-6
0.0032	7.820342086627962e-6
0.0033	7.817425169110332e-6
0.0034	7.81460432207301e-6
0.0035	7.811876855054798e-6
0.0036	7.809231318341793e-6
0.0037	7.80666986501476e-6
0.0038	7.804175942764193e-6
0.0039	7.801761127502172e-6
0.004	7.799410726301314e-6
0.0041	7.797125093623462e-6
0.004200000000000001	7.794889734225943e-6
0.004300000000000001	7.79284314202063e-6
0.0044	7.790623152664684e-6
0.0045000000000000005	7.788786934004865e-6
0.004600000000000001	7.786559242531707e-6
0.0047	7.784598809399088e-6
0.0048000000000000004	7.78268555129557e-6
0.004900000000000001	7.780819948865268e-6
0.005	7.778984779084793e-6
0.0051	7.777196085845412e-6
0.005200000000000001	7.775445170470215e-6
0.005300000000000001	7.773749572567107e-6
0.0054	7.772053644290866e-6
0.0055000000000000005	7.770410069835973e-6
0.005600000000000001	7.768800322270886e-6
0.0057	7.767220327850594e-6
0.0058000000000000005	7.76567077163043e-6
0.005900000000000001	7.764160274815615e-6
0.006	7.762661494733931e-6
0.0061	7.761190648421486e-6
0.006200000000000001	7.759756622180704e-6
0.006300000000000001	7.758376379257035e-6
0.0064	7.756954397494039e-6
0.006500000000000001	7.755590761826039e-6
0.006600000000000001	7.75425218096581e-6
0.0067	7.752930235867519e-6
0.0068000000000000005	7.751634895404787e-6
0.006900000000000001	7.750357283150936e-6
0.007000000000000001	7.749107966718477e-6
0.0071	7.747865937464716e-6
0.007200000000000001	7.746648783965658e-6
0.007300000000000001	7.74545029702528e-6
0.0074	7.744270080687977e-6
0.007500000000000001	7.743111132466687e-6
0.007600000000000001	7.741985994386865e-6
0.0077	7.7408324834384e-6
0.0078000000000000005	7.73972428658251e-6
0.0079	7.738624685975929e-6
0.008	7.73754369211088e-6
0.0081	7.736476705419076e-6
0.008199999999999999	7.735415090715377e-6
0.0083	7.734387367708132e-6
0.0084	7.73336615591059e-6
0.0085	7.732354265295274e-6
0.0086	7.731357816014524e-6
0.0087	7.730373337479372e-6
0.0088	7.729402851058945e-6
0.0089	7.728443352606768e-6
0.009	7.727496637574655e-6
0.0091	7.726563339439431e-6
0.0092	7.72565716322683e-6
0.0093	7.724742712254775e-6
0.0094	7.723846426901657e-6
0.0095	7.722960361024662e-6
0.0096	7.72208835475464e-6
0.0097	7.721214854987318e-6
0.0098	7.720363200993121e-6
0.009899999999999999	7.719529013650966e-6
0.01	7.718675087551032e-6
0.0101	7.638903171315789e-6
0.0102	7.562459756711793e-6
0.0103	7.4898872273865185e-6
0.0104	7.4213451111986625e-6
0.0105	7.356737711720996e-6
0.0106	7.29580330452506e-6
0.0107	7.238174507529901e-6
0.0108	7.183441199259385e-6
0.0109	7.1311933979861175e-6
0.011	7.081049088749256e-6
0.0111	7.032670362329471e-6
0.0112	6.9857643014362974e-6
0.0113	6.940088769730626e-6
0.0114	6.895449058475168e-6
0.0115	6.85168704685099e-6
0.0116	6.808679848403975e-6
0.0117	6.766329200866599e-6
0.0118	6.724561231874997e-6
0.011899999999999999	6.683319133378143e-6
0.012	6.642556720035737e-6
0.0121	6.602244544503383e-6
0.0122	6.562355205699434e-6
0.0123	6.522882937527756e-6
0.0124	6.483778209155447e-6
0.0125	6.445067165524478e-6
0.0126	6.4067305127211526e-6
0.0127	6.368761413715259e-6
0.0128	6.331157264537798e-6
0.0129	6.293914963009336e-6
0.013	6.257040227219201e-6
0.0131	6.220505953220625e-6
0.0132	6.184336912301581e-6
0.0133	6.148522621837269e-6
0.0134	6.113060628223508e-6
0.0135	6.077951655084498e-6
0.0136	6.04319143376149e-6
0.0137	6.008780340599321e-6
0.0138	5.9747165524144994e-6
0.013900000000000001	5.940997329935457e-6
0.014	5.907621243739066e-6
0.0141	5.874587597421974e-6
0.0142	5.841890585062829e-6
0.0143	5.809531704541343e-6
0.0144	5.777504571123195e-6
0.0145	5.7458093239769375e-6
0.0146	5.714442000473607e-6
0.0147	5.683400147141319e-6
0.0148	5.652680361893803e-6
0.0149	5.622279844091358e-6
0.015	5.592196087148913e-6
0.0151	5.562423652320578e-6
0.0152	5.5329613788881925e-6
0.0153	5.503806442050172e-6
0.0154	5.47495278850731e-6
0.0155	5.4463997509224225e-6
0.0156	5.418144034600317e-6
0.015700000000000002	5.39017918387386e-6
0.0158	5.362503472392767e-6
0.0159	5.3351149135577426e-6
0.016	5.308008407128326e-6
0.0161	5.281180949184194e-6
0.0162	5.254629609870217e-6
0.0163	5.228350285360387e-6
0.0164	5.202339362907073e-6
0.0165	5.1765946413825456e-6
0.0166	5.151113024798568e-6
0.0167	5.1258878265006465e-6
0.0168	5.100919266717964e-6
0.016900000000000002	5.076202906593447e-6
0.017	5.051735639863156e-6
0.0171	5.02751409017533e-6
0.0172	5.003534726249159e-6
0.0173	4.979796092966599e-6
0.0174	4.956292245776725e-6
0.0175	4.9330218660054874e-6
0.0176	4.909981863039168e-6
0.0177	4.8871690226708264e-6
0.0178	4.864580354512252e-6
0.0179	4.842205742020376e-6
0.018	4.820062819755925e-6
0.0181	4.79812923247715e-6
0.0182	4.7764075217924495e-6
0.0183	4.754890609672937e-6
0.0184	4.733590845225369e-6
0.0185	4.71249051206862e-6
0.018600000000000002	4.691591441391548e-6
0.0187	4.670891504615887e-6
0.0188	4.650387921157033e-6
0.0189	4.630077598672252e-6
0.019	4.6099578644118125e-6
0.0191	4.590028837733613e-6
0.019200000000000002	4.570284505436398e-6
0.0193	4.5507248906209105e-6
0.0194	4.531346224327957e-6
0.0195	4.512146217816087e-6
0.0196	4.493123351891362e-6
0.0197	4.474275001161767e-6
0.0198	4.455598811693534e-6
0.0199	4.437092399204092e-6
0.02	4.418753782783222e-6
0.0201	4.40057282437159e-6
0.0202	4.382509926483313e-6
0.020300000000000002	4.364520746138993e-6
0.0204	4.346569672148338e-6
0.0205	4.328629212823675e-6
0.0206	4.310681709801371e-6
0.0207	4.292717714025829e-6
0.0208	4.274734970528162e-6
0.020900000000000002	4.25673695168247e-6
0.021	4.238730915170921e-6
0.0211	4.220726561564171e-6
0.0212	4.202734817478299e-6
0.0213	4.184767074620547e-6
0.0214	4.1668345479547354e-6
0.021500000000000002	4.148947892082519e-6
0.0216	4.131117163009445e-6
0.0217	4.113350917441501e-6
0.0218	4.095657413592688e-6
0.0219	4.0780437611136485e-6
0.022	4.060516128716952e-6
0.0221	4.0430800852135505e-6
0.0222	4.025740188576512e-6
0.0223	4.008500500433837e-6
0.0224	3.9913643885184125e-6
0.0225	3.974334718732589e-6
0.022600000000000002	3.9574139288595175e-6
0.0227	3.94060387890718e-6
0.0228	3.923906225486301e-6
0.0229	3.90732224335187e-6
0.023	3.890852918856204e-6
0.0231	3.8744989843912196e-6
0.023200000000000002	3.858260951445305e-6
0.0233	3.842139066036236e-6
0.0234	3.826133755510977e-6
0.0235	3.8102446842762266e-6
0.0236	3.7944718542944524e-6
0.0237	3.7788150287028027e-6
0.0238	3.763273858213294e-6
0.0239	3.7478479105735915e-6
0.024	3.732536681638879e-6
0.0241	3.717339468859997e-6
0.0242	3.702255870850757e-6
0.024300000000000002	3.6872852614810152e-6
0.0244	3.6724266064531587e-6
0.0245	3.6576792809853995e-6
0.0246	3.643042490426913e-6
0.0247	3.6285154094420148e-6
0.0248	3.6140971890054127e-6
0.024900000000000002	3.5997869600852204e-6
0.025	3.5855838369152274e-6
0.0251	3.5714869274429276e-6
0.0252	3.5574953046603716e-6
0.0253	3.543608063132874e-6
0.0254	3.5298242644150267e-6
0.025500000000000002	3.5161429832293196e-6
0.0256	3.5025632844563584e-6
0.0257	3.48908423101272e-6
0.0258	3.4757048851432086e-6
0.0259	3.462424309575286e-6
0.026000000000000002	3.4492415670680676e-6
0.0261	3.4361557271589185e-6
0.0262	3.4231658583007477e-6
0.0263	3.4102710343078625e-6
0.0264	3.397470333583817e-6
0.0265	3.384762837979589e-6
0.026600000000000002	3.3721474184950418e-6
0.0267	3.3596236103176796e-6
0.0268	3.347190296976647e-6
0.0269	3.334846585302636e-6
0.027	3.32259158613368e-6
0.0271	3.3104244322895406e-6
0.027200000000000002	3.2983442494618775e-6
0.0273	3.286350171518559e-6
0.0274	3.2744413584524124e-6
0.0275	3.262616951059834e-6
0.0276	3.250876116523306e-6
0.027700000000000002	3.2392180257562254e-6
0.027800000000000002	3.227641858034651e-6
0.0279	3.216146801058246e-6
0.028	3.204732050982626e-6
0.0281	3.1933968124462975e-6
0.0282	3.1821402985895797e-6
0.028300000000000002	3.1709617310625555e-6
0.0284	3.159860548833141e-6
0.0285	3.1488355720077843e-6
0.0286	3.137886257342288e-6
0.0287	3.1270118603519203e-6
0.0288	3.1162116449421033e-6
0.028900000000000002	3.1054848833606523e-6
0.029	3.0948308561570786e-6
0.0291	3.0842488521250795e-6
0.0292	3.073738164626832e-6
0.0293	3.063298105991069e-6
0.029400000000000003	3.0529279857445015e-6
0.029500000000000002	3.0426271250195516e-6
0.0296	3.032394852873279e-6
0.0297	3.0222305062047532e-6
0.0298	3.012133429688167e-6
0.0299	3.0021030481892365e-6
0.030000000000000002	2.9921385759340533e-6