0.	0.
0.0005	10121.682942381567
0.001	20243.36619604603
0.0015	30365.05007228143
0.002	40486.73488236038
0.0025	50608.42093756643
0.003	60730.108549168974
0.0035	70851.79803985296
0.004	80973.4901577998
0.0045000000000000005	91095.18543443232
0.005	101216.88417261119
0.0055	111338.58667027223
0.006	121460.2932204414
0.006500000000000001	131582.0041112153
0.007	141703.7196257858
0.0075	151825.44004243473
0.008	161947.16563452038
0.0085	172068.89667050017
0.009000000000000001	182190.63341391436
0.0095	192312.37612340038
0.01	202434.12505268437
0.0105	212555.88045058696
0.011	222677.64202920484
0.0115	232799.39037584333
0.012	242921.11593250762
0.0125	253042.81928637676
0.013000000000000001	263164.5012346082
0.0135	273286.1627848442
0.014	283407.8051559058
0.0145	293529.42977861356
0.015	303651.03829679324
0.0155	313772.6325684268
0.016	323894.21466698067
0.0165	334015.7868829182
0.017	344137.3517253447
0.0175	354258.9119238608
0.018000000000000002	364380.47029250633
0.0185	374502.0292157545
0.019	384623.59197872237
0.0195	394745.1622306847
0.02	404866.7438611317
0.0205	414988.3410027685
0.021	425109.9580347294
0.021500000000000002	435231.59958599723
0.022	445353.27053907345
0.0225	455474.97603384807
0.023	465596.72147175006
0.0235	475718.5125201568
0.024	485840.3551170278
0.0245	495962.2554758637
0.025	506084.220090937
0.025500000000000002	516206.27932783944
0.026000000000000002	526328.538594502
0.0265	536451.0157628754
0.027	546573.7171053985
0.0275	556696.6480438693
0.028	566819.8131347607
0.0285	576943.2160568296
0.029	587066.8596011242
0.029500000000000002	597190.7456634515
0.03	607314.8752393861
0.0305	617439.248421844
0.031	627563.8644012412
0.0315	637688.7214682377
0.032	647813.8170190611
0.0325	657939.1474886087
0.033	668064.7083677435
0.0335	678190.494424815
0.034	688316.4995846425
0.0345	698442.716942116
0.035	708569.1387813842
0.035500000000000004	718695.756596912
0.036000000000000004	728822.561116297
0.0365	738949.5423246777
0.037	749076.6894905611
0.0375	759203.9911929076
0.038	769331.435349285
0.0385	779459.0092449331
0.039	789586.6393826011
0.0395	799714.1946650101
0.04	809841.6614740711
0.0405	819969.0301125699
0.041	830096.2915585919
0.0415	840223.4374453822
0.042	850350.4600426176
0.0425	860477.3522399788
0.043000000000000003	870604.1075316734
0.043500000000000004	880730.7200026489
0.044	890857.18431614
0.0445	900983.4957025268
0.045	911109.6499493824
0.0455	921235.6433927149
0.046	931361.4729093339
0.0465	941487.1359226757
0.047	951612.632340361
0.0475	961737.9620356878
0.048	971863.1239532627
0.0485	981988.1175313123
0.049	992112.9427001633
0.0495	1.0022375998816476e6
0.05	1.0123620899894552e6
0.0505	1.0224864144304534e6
0.051000000000000004	1.0326105751069476e6
0.051500000000000004	1.0427345744199174e6
0.052000000000000005	1.052858415273253e6
0.0525	1.0629821010789662e6
0.053	1.0731056357634787e6
0.0535	1.0832290237749442e6
0.054	1.0933522850304774e6
0.0545	1.1034755097184e6
0.055	1.113598717097485e6
0.0555	1.1237219129836904e6
0.056	1.1338451029959728e6
0.0565	1.143968292552435e6
0.057	1.1540914868666504e6
0.0575	1.1642146909439836e6
0.058	1.1743379095780612e6
0.0585	1.184461147347316e6
0.059000000000000004	1.1945844086116329e6
0.059500000000000004	1.2047076975091172e6
0.06	1.2148310179529742e6
0.0605	1.2249543736285022e6
0.061	1.2350777678178228e6
0.0615	1.2452012001239536e6
0.062	1.255324672110389e6
0.0625	1.265448186588958e6
0.063	1.27557174616863e6
0.0635	1.2856953532534167e6
0.064	1.2958190100403943e6
0.0645	1.305942718517915e6
0.065	1.3160664804639795e6
0.0655	1.326190297444792e6
0.066	1.3363141708134585e6
0.0665	1.3464381017088953e6
0.067	1.3565620910548964e6
0.0675	1.366686139559392e6
0.068	1.3768102477061376e6
0.0685	1.3869343997445458e6
0.069	1.3970585811814126e6
0.0695	1.4071827922106027e6
0.07	1.4173070330435573e6
0.07050000000000001	1.4274313039092578e6
0.07100000000000001	1.437555605054237e6
0.07150000000000001	1.4476799367425628e6
0.07200000000000001	1.457804299255824e6
0.0725	1.467928692893138e6
0.073	1.4780531179711132e6
0.0735	1.4881775748238543e6
0.074	1.4983020638029398e6
0.0745	1.5084265852774032e6
0.075	1.5185511396337212e6
0.0755	1.528675727634986e6
0.076	1.538800351924732e6
0.0765	1.5489250133026405e6
0.077	1.5590497121809903e6
0.0775	1.5691744489679493e6
0.078	1.5792992240675676e6
0.0785	1.589424037879781e6
0.079	1.599548890800419e6
0.0795	1.6096737832212064e6
0.08	1.6197987155297578e6
0.0805	1.629923688109591e6
0.081	1.6400487013401203e6
0.0815	1.6501737555966598e6
0.082	1.6602988512504343e6
0.0825	1.6704239886150581e6
0.083	1.6805491678036992e6
0.0835	1.6906743891461103e6
0.084	1.7007996530022593e6
0.0845	1.71092495973053e6
0.085	1.7210503096877146e6
0.0855	1.7311757032290176e6
0.08600000000000001	1.7413011407080605e6
0.08650000000000001	1.751426622476873e6
0.08700000000000001	1.7615521488859234e6
0.08750000000000001	1.771677720284095e6
0.088	1.781803337018694e6
0.0885	1.7919289994354602e6
0.089	1.802054707878564e6
0.0895	1.8121804626906144e6
0.09	1.8223062643527896e6
0.0905	1.8324321137068227e6
0.091	1.8425580111300272e6
0.0915	1.8526839569480387e6
0.092	1.8628099514800091e6
0.0925	1.8729359950386023e6
0.093	1.8830620879299922e6
0.0935	1.8931882304539022e6
0.094	1.9033144229035696e6
0.0945	1.9134406655657876e6
0.095	1.9235669587208764e6
0.0955	1.933693302642702e6
0.096	1.9438196975987048e6
0.0965	1.9539461438516274e6
0.097	1.9640726417827778e6
0.0975	1.9741991917173793e6
0.098	1.984325793894625e6
0.0985	1.9944524485457519e6
0.099	2.0045791558940285e6
0.0995	2.014705916154765e6
0.1	2.0248327295353157e6
0.1005	2.0349595962350746e6
0.101	2.0450865164454945e6
0.1015	2.0552134903500623e6
0.10200000000000001	2.0653405181243315e6
0.10250000000000001	2.0754675999358888e6
0.10300000000000001	2.0855947359443884e6
0.10350000000000001	2.0957219263015313e6
0.10400000000000001	2.105849171151077e6
0.1045	2.115976470138843e6
0.105	2.12610382205405e6
0.1055	2.136231226956484e6
0.106	2.1463586849885094e6
0.1065	2.156486196298247e6
0.107	2.1666137610395565e6
0.1075	2.1767413793720584e6
0.108	2.18686905146111e6
0.1085	2.1969967774778213e6
0.109	2.2071245575990523e6
0.1095	2.2172523920073938e6
0.11	2.2273802808911894e6
0.1105	2.237508224444518e6
0.111	2.2476362228532922e6
0.1115	2.2577642762867804e6
0.112	2.2678923849548385e6
0.1125	2.27802054907535e6
0.113	2.2881487688723146e6
0.1135	2.298277044575855e6
0.114	2.308405376422199e6
0.1145	2.318533764653693e6
0.115	2.3286622095187865e6
0.1155	2.3387907112720455e6
0.116	2.3489192701741196e6
0.1165	2.3590478864917774e6
0.117	2.3691765604978697e6
0.11750000000000001	2.3793052924713474e6
0.11800000000000001	2.389434082697252e6
0.11850000000000001	2.399562931466699e6
0.11900000000000001	2.409691839359156e6
0.11950000000000001	2.4198208072765516e6
0.12	2.4299498355395114e6
0.1205	2.4400789244484757e6
0.121	2.450208074303486e6
0.1215	2.4603372854041867e6
0.122	2.4704665580498427e6
0.1225	2.4805958925393145e6
0.123	2.490725289171074e6
0.1235	2.500854748243197e6
0.124	2.5109842700533746e6
0.1245	2.5211138548988993e6
0.125	2.531243503082801e6
0.1255	2.5413732149709105e6
0.126	2.5515029908782886e6
0.1265	2.561632831099359e6
0.127	2.5717627359274384e6
0.1275	2.5818927056547524e6
0.128	2.59202274057242e6
0.1285	2.6021528409704585e6
0.129	2.612283007137782e6
0.1295	2.622413239362219e6
0.13	2.6325435379304774e6
0.1305	2.6426739031281774e6
0.131	2.6528043352398328e6
0.1315	2.6629348345488557e6
0.132	2.673065401337568e6
0.1325	2.683196035887176e6
0.133	2.693326738477795e6
0.1335	2.7034575091541046e6
0.134	2.713588347728355e6
0.1345	2.7237192544712275e6
0.135	2.7338502296703365e6
0.1355	2.7439812736172974e6
0.136	2.7541123866077084e6
0.1365	2.764243568941163e6
0.137	2.7743748209212273e6
0.1375	2.784506142855453e6
0.138	2.7946375350553617e6
0.1385	2.804768997836455e6
0.139	2.814900531518162e6
0.1395	2.8250321363338795e6
0.14	2.8351638125277534e6
0.1405	2.845295560433084e6
0.14100000000000001	2.8554273803884285e6
0.14150000000000001	2.865559272737595e6
0.14200000000000002	2.87569123782963e6
0.14250000000000002	2.8858232760188333e6
0.14300000000000002	2.8959553876647344e6
0.14350000000000002	2.9060875731320987e6
0.14400000000000002	2.916219832790925e6
0.1445	2.926352167016435e6
0.145	2.9364845761890644e6
0.1455	2.946617060694483e6
0.146	2.9567496209235587e6
0.1465	2.9668822572723706e6
0.147	2.9770149701422043e6
0.1475	2.9871477599395392e6
0.148	2.997280627925445e6
0.1485	3.007413576406272e6
0.149	3.0175466058479617e6
0.1495	3.0276797166314367e6
0.15	3.0378129091228894e6
0.1505	3.047946183673805e6
0.151	3.05807954062096e6
0.1515	3.068212980286444e6
0.152	3.0783465029776664e6
0.1525	3.088480108987379e6
0.153	3.098613798593667e6
0.1535	3.108747572091949e6
0.154	3.118881429822987e6
0.1545	3.129015372025597e6
0.155	3.1391493989171945e6
0.1555	3.149283510699609e6
0.156	3.1594177075590687e6
0.1565	3.169551989666232e6
0.157	3.1796863571761684e6
0.1575	3.189820810228374e6
0.158	3.1999553489467613e6
0.1585	3.210089973439674e6
0.159	3.220224683799877e6
0.1595	3.230359480104559e6
0.16	3.2404943624153305e6
0.1605	3.2506293307782235e6
0.161	3.260764385223684e6
0.1615	3.2708995257665724e6
0.162	3.2810347524061613e6
0.1625	3.291170064212128e6
0.163	3.3013054580305666e6
0.1635	3.3114409335872205e6
0.164	3.321576490883994e6
0.1645	3.331712129937696e6
0.165	3.3418478507800377e6
0.1655	3.351983653457652e6
0.166	3.3621195380320903e6
0.1665	3.3722555045798086e6
0.167	3.3823915531921946e6
0.1675	3.3925276839700597e6
0.168	3.4026638969871257e6
0.1685	3.412800192368961e6
0.169	3.4229365702675316e6
0.1695	3.4330730308502e6
0.17	3.44320957429971e6
0.1705	3.453346200814191e6
0.171	3.463482910607162e6
0.1715	3.473619703907505e6
0.17200000000000001	3.4837565809594695e6
0.17250000000000001	3.493893542022668e6
0.17300000000000001	3.504030587372063e6
0.17350000000000002	3.5141677172979563e6
0.17400000000000002	3.5243049321059803e6
0.17450000000000002	3.534442232117088e6
0.17500000000000002	3.544579617667541e6
0.17550000000000002	3.554717089108897e6
0.176	3.5648546468079947e6
0.1765	3.5749922911469475e6
0.177	3.5851300229619965e6
0.1775	3.5952678447116357e6
0.178	3.6054057570622405e6
0.1785	3.615543760415774e6
0.179	3.6256818551699794e6
0.1795	3.635820041718366e6
0.18	3.645958320450225e6
0.1805	3.6560966917506303e6
0.181	3.666235156000448e6
0.1815	3.676373713576887e6
0.182	3.6865123648828045e6
0.1825	3.696651110303571e6
0.183	3.706789950202636e6
0.1835	3.716928884938902e6
0.184	3.727067914866705e6
0.1845	3.7372070403358433e6
0.185	3.747346261691562e6
0.1855	3.757485579274571e6
0.186	3.7676249934210344e6
0.1865	3.777764504462582e6
0.187	3.787904112726317e6
0.1875	3.798043818534812e6
0.188	3.808183622206114e6
0.1885	3.8183235240537464e6
0.189	3.8284635243867114e6
0.1895	3.8386036235095006e6
0.19	3.8487438217220902e6
0.1905	3.8588841193199493e6
0.191	3.8690245165940337e6
0.1915	3.879165013667768e6
0.192	3.8893056092179962e6
0.1925	3.899446303126126e6
0.193	3.9095870956946495e6
0.1935	3.9197279872363373e6
0.194	3.929868978075459e6
0.1945	3.9400100685468176e6
0.195	3.9501512589960364e6
0.1955	3.9602925497795325e6
0.196	3.970433941156268e6
0.1965	3.9805754333574106e6
0.197	3.990717026773592e6
0.1975	4.0008587218089844e6
0.198	4.011000518880455e6
0.1985	4.021142418417527e6
0.199	4.0312844208623976e6
0.1995	4.04142652666989e6
0.2	4.051568736307484e6
0.2005	4.0617110502552534e6
0.201	4.0718534690058935e6
0.2015	4.08199599306469e6
0.202	4.092138622949505e6
0.2025	4.1022813591907555e6
0.203	4.1124242023314093e6
0.20350000000000001	4.1225671529269717e6
0.20400000000000001	4.1327102115454585e6
0.20450000000000002	4.1428533787673824e6
0.20500000000000002	4.15299665518574e6
0.20550000000000002	4.1631400414059944e6
0.20600000000000002	4.1732835381205245e6
0.20650000000000002	4.183427149955983e6
0.20700000000000002	4.1935708798005637e6
0.20750000000000002	4.203714728233059e6
0.20800000000000002	4.213858695800568e6
0.2085	4.22400278301855e6
0.209	4.234146990370874e6
0.2095	4.244291318309844e6
0.21	4.254435767479288e6
0.2105	4.264580338893812e6
0.211	4.274725032940934e6
0.2115	4.284869849932383e6
0.212	4.295014790141754e6
0.2125	4.305159853804539e6
0.213	4.315305041118129e6
0.2135	4.325450352241836e6
0.214	4.335595787296875e6
0.2145	4.345741346366375e6
0.215	4.355887029495391e6
0.2155	4.366032836690861e6
0.216	4.376178767921633e6
0.2165	4.386324823118422e6
0.217	4.396471002173803e6
0.2175	4.406617304942195e6
0.218	4.416763731239822e6
0.2185	4.42691028084469e6
0.219	4.437056953496556e6
0.2195	4.447203748896876e6
0.22	4.457350666708789e6
0.2205	4.467497706557046e6
0.221	4.477644865092563e6
0.2215	4.487792135132862e6
0.222	4.49793951600262e6
0.2225	4.508087007325649e6
0.223	4.518234608756959e6
0.2235	4.528382319982801e6
0.224	4.538530140531445e6
0.2245	4.548678069170478e6
0.225	4.558826105549537e6
0.2255	4.568974249500457e6
0.226	4.579122500896405e6
0.2265	4.589270859651891e6
0.227	4.599419325722811e6
0.2275	4.609567899106427e6
0.228	4.619716579841378e6
0.2285	4.629865368007694e6
0.229	4.6400142637267765e6
0.2295	4.650163267161383e6
0.23	4.660312378515649e6
0.2305	4.670461598035015e6
0.231	4.680610926006253e6
0.2315	4.690760362757411e6
0.232	4.7009099086578e6
0.2325	4.71105956411793e6
0.233	4.721209329589498e6
0.2335	4.731359205565331e6
0.234	4.741509192579328e6
0.23450000000000001	4.751659291206428e6
0.23500000000000001	4.761809502062522e6
0.23550000000000001	4.771959826852495e6
0.23600000000000002	4.782110271957591e6
0.23650000000000002	4.792260838914312e6
0.23700000000000002	4.802411528389665e6
0.23750000000000002	4.81256234103837e6
0.23800000000000002	4.8227132775602015e6
0.23850000000000002	4.832864339215323e6
0.23900000000000002	4.843015526790245e6
0.23950000000000002	4.853166840878832e6
0.24	4.863318282056288e6
0.2405	4.873469850879191e6
0.241	4.883621547885511e6
0.2415	4.893773373594642e6
0.242	4.903925328507405e6
0.2425	4.914077413106095e6
0.243	4.924229627854484e6
0.2435	4.934381973197847e6
0.244	4.944534449562975e6
0.2445	4.954687057358201e6
0.245	4.964839796973414e6
0.2455	4.9749926687800605e6
0.246	4.9851456731311865e6
0.2465	4.995298810361422e6
0.247	5.005452080787011e6
0.2475	5.015605484705825e6
0.248	5.025759022397358e6
0.2485	5.035912694122747e6
0.249	5.046066500124786e6
0.2495	5.056220440627918e6
0.25	5.066374515819289e6
0.2505	5.076528723934111e6
0.251	5.086683063850831e6
0.2515	5.096837535757305e6
0.252	5.106992139841494e6
0.2525	5.117146876190264e6
0.253	5.127301744957143e6
0.2535	5.137456746349473e6
0.254	5.147611880580152e6
0.2545	5.157767147867652e6
0.255	5.167922548435992e6
0.2555	5.178078082514762e6
0.256	5.1882337503390955e6
0.2565	5.198389552149684e6
0.257	5.208545488192762e6
0.2575	5.218701558720113e6
0.258	5.22885776398906e6
0.2585	5.239014104262458e6
0.259	5.249170579808703e6
0.2595	5.259327190901715e6
0.26	5.269483937820944e6
0.2605	5.279640820851358e6
0.261	5.289797840283441e6
0.2615	5.299954996413193e6
0.262	5.310112289542123e6
0.2625	5.32026971997724e6
0.263	5.330427288031053e6
0.2635	5.340584994021568e6
0.264	5.350742838272276e6
0.2645	5.360900821112155e6
0.265	5.371058943098888e6
0.2655	5.381217205300493e6
0.266	5.391375608110265e6
0.2665	5.401534151824278e6
0.267	5.411692836751375e6
0.2675	5.421851663224835e6
0.268	5.4320106315769255e6
0.2685	5.442169742138914e6
0.269	5.45232899524106e6
0.2695	5.462488391212618e6
0.27	5.4726479303818345e6
0.2705	5.482807613075965e6
0.271	5.492967439621255e6
0.2715	5.503127410342955e6
0.272	5.5132875255653085e6
0.2725	5.523447785611567e6
0.273	5.5336081908039795e6
0.2735	5.543768741463804e6
0.274	5.553929437911296e6
0.2745	5.564090280465717e6
0.275	5.574251269445344e6
0.2755	5.58441240516745e6
0.276	5.594573687948322e6
0.2765	5.604735118103246e6
0.277	5.614896695946537e6
0.2775	5.625058421791496e6
0.278	5.635220295950454e6
0.2785	5.645382318734751e6
0.279	5.655544490454728e6
0.2795	5.665706811419814e6
0.28	5.675869281941649e6
0.2805	5.68603190232367e6
0.281	5.696194672867011e6
0.28150000000000003	5.706357593877127e6
0.28200000000000003	5.716520665658556e6
0.28250000000000003	5.726683888514886e6
0.28300000000000003	5.736847262748786e6
0.28350000000000003	5.747010788661974e6
0.28400000000000003	5.757174466555289e6
0.28450000000000003	5.767338296728596e6
0.28500000000000003	5.777502279480841e6
0.28550000000000003	5.78766641511005e6
0.28600000000000003	5.797830703913318e6
0.28650000000000003	5.807995146186818e6
0.28700000000000003	5.818159742225808e6
0.28750000000000003	5.828324492324602e6
0.28800000000000003	5.838489396776607e6
0.2885	5.84865445587431e6
0.289	5.858819669909266e6
0.2895	5.868985039172119e6
0.29	5.879150563952598e6
0.2905	5.8893162445394965e6
0.291	5.899482081220711e6
0.2915	5.909648074283206e6
0.292	5.919814224013042e6
0.2925	5.929980530695355e6
0.293	5.940146994614375e6
0.2935	5.950313616053412e6
0.294	5.9604803952948665e6
0.2945	5.970647332614944e6
0.295	5.980814428084755e6
0.2955	5.990981681949843e6
0.296	6.001149094491965e6
0.2965	6.011316665993719e6
0.297	6.0214843967383895e6
0.2975	6.03165228700996e6
0.298	6.041820337093143e6
0.2985	6.051988547273342e6
0.299	6.062156917836689e6
0.2995	6.072325449070015e6
0.3	6.08249414126088e6
0.3005	6.092662994697492e6
0.301	6.102832009668835e6
0.3015	6.11300118646455e6
0.302	6.123170525375003e6
0.3025	6.133340026691255e6
0.303	6.143509690705066e6
0.3035	6.1536795177089e6
0.304	6.163849507995915e6
0.3045	6.174019661859966e6
0.305	6.184189979595609e6
0.3055	6.194360461498084e6
0.306	6.20453110786334e6
0.3065	6.214701918987997e6
0.307	6.224872895169392e6
0.3075	6.2350440367055265e6
0.308	6.245215343895102e6
0.3085	6.2553868169529475e6
0.309	6.2655584560626475e6
0.3095	6.2757302615885055e6
0.31	6.28590223392444e6
0.3105	6.296074373377059e6
0.311	6.30624668025345e6
0.3115	6.316419154861905e6
0.312	6.3265917975119e6
0.3125	6.336764608514121e6
0.313	6.346937588180424e6
0.3135	6.357110736823891e6
0.314	6.367284054758774e6
0.3145	6.377457542300519e6
0.315	6.387631199765775e6
0.3155	6.397805027472386e6
0.316	6.407979025739384e6
0.3165	6.4181531948869955e6
0.317	6.428327535236646e6
0.3175	6.438502047110952e6
0.318	6.448676730833722e6
0.3185	-1.2846632475320034e-9
0.319	6.469026615125868e6
0.3195	6.47920181634883e6
0.32	6.489377190727441e6
0.3205	6.499552738591474e6
0.321	6.50972846027191e6
0.3215	6.519904356100909e6
0.322	6.530080426411846e6
0.3225	6.540256671627489e6
0.323	6.550433092217241e6
0.3235	6.560609688517072e6
0.324	6.570786460862632e6
0.3245	0.
0.325	6.591140535238806e6
0.3255	6.601317837964854e6
0.326	6.611495318156937e6
0.3265	6.621672976144136e6
0.327	6.631850812254394e6
0.3275	6.642028826814479e6
0.328	6.652207020150011e6
0.3285	6.662385392585452e6
0.329	6.672563944444094e6
0.3295	6.6827426760480795e6
0.33	6.69292158771839e6
0.3305	6.703100679774859e6
0.331	6.713279952536143e6
0.3315	6.72345940631975e6
0.332	6.733639041442032e6
0.3325	6.743818858218177e6
0.333	6.753998856962224e6
0.3335	6.764179037987046e6
0.334	6.774359401604356e6
0.3345	6.784539948124717e6
0.335	6.794720677857531e6
0.3355	6.804901591111039e6
0.336	6.815082688192325e6
0.3365	6.82526396936142e6
0.337	6.835445434853349e6
0.3375	6.845627084972203e6
0.338	6.855808920022566e6
0.3385	6.865990940308757e6
0.339	6.87617314612385e6
0.3395	6.886355537662971e6
0.34	6.896538115202704e6
0.3405	6.9067208790482525e6
0.341	6.916903829505523e6
0.3415	6.9270869668811755e6
0.342	6.937270291482591e6
0.3425	6.947453803617888e6
0.343	6.957637503595908e6
0.3435	6.967821391726234e6
0.34400000000000003	6.978005468319168e6
0.34450000000000003	6.988189733685748e6
0.34500000000000003	6.998374188137742e6
0.34550000000000003	7.008558831987635e6
0.34600000000000003	-1.7471420166435248e-7
0.34650000000000003	7.028928689134751e6
0.34700000000000003	7.039113903060593e6
0.34750000000000003	7.0492993076415835e6
0.34800000000000003	7.059484903193843e6
0.34850000000000003	7.069670690034231e6
0.34900000000000003	7.079856668480317e6
0.34950000000000003	7.090042838850405e6
0.35000000000000003	7.100229201463514e6
0.35050000000000003	7.110415756652872e6
0.35100000000000003	7.120602504758122e6
0.35150000000000003	7.130789446100252e6
0.352	7.14097658100056e6
0.3525	7.151163909780825e6
0.353	7.16135143276329e6
0.3535	7.171539150270663e6
0.354	7.181727062636172e6
0.3545	7.191915170239899e6
0.355	7.20210347341423e6
0.3555	7.212291972482687e6
0.356	7.222480667768759e6
0.3565	7.232669559595891e6
0.357	7.242858648287489e6
0.3575	7.25304793416691e6
0.358	7.263237417557472e6
0.3585	-6.423316237660017e-10
0.359	7.283616978165093e6
0.3595	7.293807056028578e6
0.36	7.303997332696051e6
0.3605	7.314187808490631e6
0.361	-2.248160683181006e-8
0.3615	7.334569358753285e6
0.362	7.344760433867365e6
0.3625	7.354951709400526e6
0.363	7.365143185675664e6
0.3635	7.375334863015624e6
0.364	7.385526741743202e6
0.3645	7.395718822151724e6
0.365	7.405911104527509e6
0.3655	7.416103589193861e6
0.366	7.426296276474624e6
0.3665	7.436489166694134e6
0.367	7.44668226017716e6
0.3675	7.456875557248959e6
0.368	7.467069058235239e6
0.3685	7.477262763462185e6
0.369	7.487456673247361e6
0.3695	7.49765078787614e6
0.37	7.507845107671275e6
0.3705	7.518039632961585e6
0.371	7.528234364076725e6
0.3715	7.53842930134717e6
0.372	7.548624445104262e6
0.3725	7.5588197956801485e6
0.373	7.569015353407831e6
0.3735	7.579211118621134e6
0.374	7.58940709165473e6
0.3745	7.59960327284411e6
0.375	7.609799662525606e6
0.3755	7.619996261036381e6
0.376	7.630193068714441e6
0.3765	7.640390085898603e6
0.377	7.65058731292854e6
0.3775	7.660784750144734e6
0.378	7.670982397888521e6
0.3785	7.681180256554463e6
0.379	7.691378326537485e6
0.3795	7.70157660818021e6
0.38	7.711775101825267e6
0.3805	7.721973807815326e6
0.381	7.732172726493055e6
0.3815	7.742371858201164e6
0.382	7.752571203282377e6
0.3825	7.76277076207943e6
0.383	7.772970534935091e6
0.3835	7.78317052219214e6
0.384	7.793370724200038e6
0.3845	7.803571141335819e6
0.385	7.813771773946857e6
0.3855	7.82397262237536e6
0.386	7.834173686963263e6
0.3865	7.844374968052209e6
0.387	7.854576465983548e6
0.3875	7.864778181098351e6
0.388	7.87498011373739e6
0.3885	7.885182264241156e6
0.389	7.895384632949846e6
0.3895	7.90558722020337e6
0.39	7.915790026341338e6
0.3905	7.925993051703089e6
0.391	7.93619629662765e6
0.3915	7.946399761453776e6
0.392	7.956603446519727e6
0.3925	7.966807352129033e6
0.393	7.97701147859413e6
0.3935	7.987215826253333e6
0.394	7.997420395445128e6
0.3945	-6.423316237660017e-10
0.395	8.017830199781304e6
0.3955	8.028035435603524e6
0.396	8.038240894314012e6
0.3965	8.048446576252115e6
0.397	8.058652481757371e6
0.3975	8.0688586111694705e6
0.398	8.079064964828281e6
0.3985	8.089271543073854e6
0.399	8.099478346241406e6
0.3995	8.109685374630092e6
0.4	8.1198926285716165e6
0.4005	8.130100108407433e6
0.401	8.140307814479516e6
0.4015	8.1505157471304e6
0.402	8.160723906703138e6
0.4025	8.170932293541322e6
0.403	8.181140907989077e6
0.4035	8.191349750391074e6
0.404	8.201558821092488e6
0.4045	8.211768120439061e6
0.405	8.221977648777047e6
0.4055	8.232187406453232e6
0.406	8.242397393810464e6
0.40650000000000003	8.252607611007915e6
0.40700000000000003	8.262818058295652e6
0.40750000000000003	0.
0.40800000000000003	8.283239644555487e6
0.40850000000000003	8.2934507842413e6
0.40900000000000003	8.303662155444848e6
0.40950000000000003	8.313873758529955e6
0.41000000000000003	8.324085593863252e6
0.41050000000000003	8.33429766181415e6
0.41100000000000003	8.344509962754859e6
0.41150000000000003	8.354722497060363e6
0.41200000000000003	8.3649352651084615e6
0.41250000000000003	8.375148267279723e6
0.41300000000000003	8.385361503957507e6
0.41350000000000003	8.395574975527976e6
0.41400000000000003	6.423316237660017e-10
0.41450000000000004	8.416002624941017e6
0.41500000000000004	8.426216803616123e6
0.41550000000000004	8.436431218803324e6
0.41600000000000004	8.446645870901857e6
0.4165	8.456860760313457e6
0.417	8.467075887442334e6
0.4175	8.477291252695179e6
0.418	8.48750685648116e6
0.4185	8.497722699211946e6
0.419	8.507938781301657e6
0.4195	-6.423316237660017e-10
0.42	-6.423316237660017e-10
0.4205	8.538588468494054e6
0.421	8.548805513479592e6
0.4215	8.559022800629973e6
0.422	8.56924033035897e6
0.4225	8.579458103077354e6
0.423	8.589676119192857e6
0.4235	8.59989437911018e6
0.424	8.610112883231005e6
0.4245	8.620331631953973e6
0.425	8.630550625674715e6
0.4255	8.640769864785794e6
0.426	8.650989349676767e6
0.4265	8.661209080734143e6
0.427	8.67142905834139e6
0.4275	8.681649282878943e6
0.428	8.69186975472419e6
0.4285	8.702090474251496e6
0.429	8.712311441832162e6
0.4295	8.722532657788442e6
0.43	8.732754122423874e6
0.4305	8.742975836101333e6
0.431	8.753197799181694e6
0.4315	8.763420012023494e6
0.432	8.77364247498291e6
0.4325	8.783865188413786e6
0.433	8.794088152667614e6
0.4335	8.804311368093533e6
0.434	8.814534834978279e6
0.4345	8.82475855319696e6
0.435	8.834982522996167e6
0.4355	8.845206744725065e6
0.436	8.68151096704961e6
0.4365	8.865655945381105e6
0.437	8.875880925019162e6
0.4375	8.88610615800871e6
0.438	8.896331644711511e6
0.4385	8.90655738549183e6
0.439	8.916783380716458e6
0.4395	0.
0.44	8.937236135978378e6
0.4405	8.94746289676183e6
0.441	8.957689913481921e6
0.4415	8.967917186518004e6
0.442	8.978144716251966e6
0.4425	8.988372503068201e6
0.443	8.842720775843993e6
0.4435	-1.2846632475320034e-9
0.444	9.01905740989215e6
0.4445	9.029286228974232e6
0.445	9.039515307371642e6
0.4455	9.049744645516433e6
0.446	9.059974243806418e6
0.4465	9.07020410263997e6
0.447	9.08043422241582e6
0.4475	9.090664603533553e6
0.448	9.100895246448714e6
0.4485	9.11112615179461e6
0.449	9.121357319995312e6
0.4495	9.131588751447186e6
0.45	9.141820446544696e6
0.4505	9.152052405680388e6
0.451	-6.423316237660017e-10
0.4515	9.172517117626922e6
0.452	9.182749871213295e6
0.4525	9.060640456796363e6
0.453	9.20321617553674e6
0.4535	6.423316237660017e-10
0.454	9.223683545271508e6
0.4545	1.2846632475320034e-9
0.455	9.244151983443368e6
0.4555	9.25438660413042e6
0.456	9.264621493047595e6
0.4565	9.274856650564538e6
0.457	9.285092077049002e6
0.4575	9.29532777286684e6
0.458	9.305563738381993e6
0.4585	9.31579997395652e6
0.459	9.326036479950568e6
0.4595	9.336273256722273e6
0.46	-6.423316237660017e-10
0.4605	9.35674762301152e6
0.461	9.36698521300554e6
0.4615	9.37722307471055e6
0.462	9.38746120845234e6
0.4625	9.288955630102532e6
0.463	9.407938293262467e6
0.4635	9.311726648440002e6
0.464	9.42841647027017e6
0.4645	9.438655969269868e6
0.465	9.448895742429374e6
0.4655	-6.423316237660017e-10
0.466	9.368606113527227e6
0.4665	9.479616710623838e6
0.467	9.489857584190408e6
0.4675	9.500098733811442e6
0.468	9.414060250954462e6
0.4685	9.42541692167306e6
0.46900000000000003	9.436770848397603e6
0.46950000000000003	9.541066100579562e6
0.47000000000000003	9.551308636296136e6
0.47050000000000003	9.561551450411404e6
0.47100000000000003	9.482159113370815e6
0.47150000000000003	9.582037915432831e6
0.47200000000000003	9.50483678667353e6
0.47250000000000003	9.602525498854665e6
0.47300000000000003	9.612769710978385e6
0.47350000000000003	9.623014203921625e6
0.47400000000000003	9.550159227189139e6
0.47450000000000003	9.64350403391227e6
0.47500000000000003	9.57280400021804e6
0.47550000000000003	9.584122276449129e6
0.47600000000000003	9.595437813067976e6
0.47650000000000003	9.684487084000062e6
0.47700000000000004	9.618060924058337e6
0.47750000000000004	9.629367904742407e6
0.47800000000000004	9.640677602176135e6
0.47850000000000004	9.652027531291863e6
0.47900000000000004	9.663401546104163e6
0.47950000000000004	9.67479252973469e6
0.48	9.686197385504019e6
0.4805	9.697614268161897e6
0.481	9.709041828612778e6
0.4815	9.720479062358467e6
0.482	9.731925185965087e6
0.4825	9.743379565226482e6
0.483	9.754841675859096e6
0.4835	9.766311094602996e6
0.484	9.777787451246938e6
0.4845	9.789270407786734e6
0.485	9.80075966542409e6
0.4855	9.812254957707256e6
0.486	9.823756045233808e6
0.4865	9.8352627115423e6
0.487	9.846774759747004e6
0.4875	9.858292009939855e6
0.488	9.86981429805077e6
0.4885	9.88134148308463e6
0.489	9.892873425512787e6
0.4895	9.904409992626878e6
0.49	9.915951060351646e6
0.4905	9.9274965123706e6
0.491	9.9390462393679e6
0.4915	9.950600138470858e6
0.492	9.962158112636779e6
0.4925	9.97372007012414e6
0.493	9.985285924161097e6
0.4935	9.996855592426524e6
0.494	1.0008428997098817e7
0.4945	1.0020006068473361e7
0.495	1.0031586736703599e7
0.4955	1.0043170933765762e7
0.496	1.0054758594561392e7
0.4965	1.0066349656728357e7
0.497	1.0077944060468556e7
0.4975	1.0089541748390676e7
0.498	1.010114266536616e7
0.4985	1.0112746758397117e7
0.499	1.0124353976494934e7
0.4995	1.013596427056785e7
0.5	1.0147577593320016e7
0.5005000000000001	1.0159193899152659e7
0.501	1.0170813144301182e7
0.5015000000000001	1.018243528916233e7
0.502	1.0194060293451399e7
0.5025000000000001	1.0205688117275335e7
0.503	1.021731872196934e7
0.5035000000000001	1.0228952070041317e7
0.504	1.0240588125119796e7
0.5045000000000001	1.0252226851905085e7
0.505	1.0263868216123756e7
0.5055000000000001	1.027551218448408e7
0.506	1.0287158724587774e7
0.5065000000000001	1.029880780490625e7
0.507	1.0310459394862494e7
0.5075000000000001	1.0322113464715606e7
0.508	1.0333769985527286e7
0.5085000000000001	1.0345428929131446e7
0.509	1.0357090268560711e7
0.5095000000000001	1.0368753978776535e7
0.51	1.0380420033832634e7
0.5105000000000001	1.0392088408241406e7
0.511	1.0403759077114187e7
0.5115000000000001	1.0415432016141344e7
0.512	1.0427107201573173e7
0.5125	1.0438784610201795e7
0.513	1.0450464219343819e7
0.5135	1.046214600682379e7
0.514	1.0473829950958462e7
0.5145	1.0485516030541616e7
0.515	1.0497204224829711e7
0.5155	1.0508894513528015e7
0.516	1.0520586876777444e7
0.5165	1.0532281295141827e7
0.517	1.0543977749595843e7
0.5175	1.0555676221689798e7
0.518	1.0567376694331499e7
0.5185	1.0579079149825634e7
0.519	1.0590783570605537e7
0.5195	1.060248993943558e7
0.52	1.061419823940262e7
0.5205	1.062590845390783e7
0.521	1.063762056665875e7
0.5215	1.0649334561730213e7
0.522	1.066105042352196e7
0.5225	1.0672768136615383e7
0.523	1.06844876858673e7
0.5235	1.0696209056404267e7
0.524	1.0707932233616274e7
0.5245	1.071965720315053e7
0.525	1.0731383950905556e7
0.5255	1.0743112463025386e7
0.526	1.0754842725894062e7
0.5265	1.0766574726133319e7
0.527	1.0778308451179918e7
0.5275	1.0790043888528328e7
0.528	1.080178102543483e7
0.5285	1.0813519849354476e7
0.529	1.0825260347936997e7
0.5295	1.0837002509022791e7
0.53	1.0848746320639078e7
0.5305	1.0860491770996133e7
0.531	1.0872238848483656e7
0.5315	1.0883987541667212e7
0.532	1.0895737839284834e7
0.5325	1.0907489730243636e7
0.533	1.09192432036166e7
0.5335	1.0930998248639429e7
0.534	1.0942754854707453e7
0.5345	1.095451301137266e7
0.535	1.0966272708340816e7
0.5355	1.0978033935468629e7
0.536	1.0989796682761006e7
0.5365	1.1001560940492805e7
0.537	1.101332669946337e7
0.5375	1.1025093950083744e7
0.538	1.103686268289678e7
0.5385	1.104863288857365e7
0.539	1.1060404557909384e7
0.5395	1.1072177681820782e7
0.54	1.108395225134446e7
0.5405	1.1095728257634869e7
0.541	1.1107505691962395e7
0.5415	1.111928454571148e7
0.542	1.1131064810378864e7
0.5425	1.1142846477571733e7
0.543	1.1154629539006036e7
0.5435	1.1166413986504797e7
0.544	1.1178199811996454e7
0.5445	1.1189987007513214e7
0.545	1.1201775565189537e7
0.5455	1.121356547726054e7
0.546	1.1225356736060543e7
0.5465	1.1237149334025767e7
0.547	1.124894326400248e7
0.5475	1.1260738518805478e7
0.548	1.1272535091136923e7
0.5485	1.1284332973784294e7
0.549	1.1296132159619182e7
0.5495	1.1307932641596118e7
0.55	1.1319734412751457e7
0.5505	1.1331537466202252e7
0.551	1.1343341795145169e7
0.5515	1.1355147392855402e7
0.552	1.1366954252685647e7
0.5525	1.137876236802383e7
0.553	1.1390571732381007e7
0.5535	1.1402382339296946e7
0.554	1.1414194182425182e7
0.5545	1.142600725549228e7
0.555	1.1437821552296868e7
0.5555	1.1449637066708751e7
0.556	1.1461453792668002e7
0.5565	1.1473271724185705e7
0.557	1.1485090855334762e7
0.5575	1.1496911180408534e7
0.558	1.1508732693891238e7
0.5585	1.1520555390059195e7
0.559	1.1532379263241984e7
0.5595	1.1544204307828438e7
0.56	1.155603051826609e7
0.5605	1.1567857889060358e7
0.561	1.1579686414773997e7
0.5615	1.159151609002644e7
0.562	1.1603346909492932e7
0.5625	1.1615178867904285e7
0.5630000000000001	1.1627011960046008e7
0.5635	1.1638846180757746e7
0.5640000000000001	1.1650681524932703e7
0.5645	1.1662517987517023e7
0.5650000000000001	1.1674355563509265e7
0.5655	1.168619424795979e7
0.5660000000000001	1.1698034035970233e7
0.5665	1.1709874922692938e7
0.5670000000000001	1.1721716903330425e7
0.5675	1.1733559973135509e7
0.5680000000000001	1.1745404127408765e7
0.5685	1.1757249361643348e7
0.5690000000000001	1.1769095671452524e7
0.5695	1.1780943052283783e7
0.5700000000000001	1.179279149962026e7
0.5705	1.1804641008988148e7
0.5710000000000001	1.181649157595623e7
0.5715	1.1828343196135454e7
0.5720000000000001	1.1840195865178565e7
0.5725	1.1852049578779621e7
0.5730000000000001	1.186390433267365e7
0.5735	1.1875760122636206e7
0.5740000000000001	1.1887616944483032e7
0.5745	1.1899474794069534e7
0.5750000000000001	1.1911333667290598e7
0.5755	1.192319356008006e7
0.5760000000000001	1.1935054468410421e7
0.5765	1.1946916388292423e7
0.577	1.1958779315774716e7
0.5775	1.1970643246943526e7
0.578	1.1982508177922195e7
0.5785	1.1994374104871133e7
0.579	1.2006241023987414e7
0.5795	1.2018108931502996e7
0.58	1.2029977823830983e7
0.5805	1.2041847697414616e7
0.581	1.2053718548587749e7
0.5815	1.206559037371599e7
0.582	1.2077463169196432e7
0.5825	1.2089336931457413e7
0.583	1.2101211656958194e7
0.5835	1.2113087342188748e7
0.584	1.2124963983614681e7
0.5845	1.2136841577535942e7
0.585	1.21487201205042e7
0.5855	1.216059960913395e7
0.586	1.2172480040071107e7
0.5865	1.2184361409992801e7
0.587	1.2196243715607047e7
0.5875	1.220812695365261e7
0.588	1.2220011120898683e7
0.5885	1.2231896214144705e7
0.589	1.2243782230220089e7
0.5895	1.2255669165984029e7
0.59	1.2267557018325243e7
0.5905	1.2279445784161784e7
0.591	1.229133546044083e7
0.5915	1.2303226044172699e7
0.592	1.2315117532481661e7
0.5925	1.2327009922408609e7
0.593	1.2338903211010676e7
0.5935	1.2350797395371314e7
0.594	1.23626924726001e7
0.5945	1.2374588439832548e7
0.595	1.238648529422992e7
0.5955	1.2398383032979079e7
0.596	1.2410281653292248e7
0.5965	1.242218115240691e7
0.597	1.2434081527585553e7
0.5975	1.2445982776115576e7
0.598	1.2457884895309035e7
0.5985	1.2469787882502547e7
0.599	1.2481691735057082e7
0.5995	1.2493596450357819e7
0.6	1.2505502026103033e7
0.6005	1.2517408460266003e7
0.601	1.2529315750308938e7
0.6015	1.2541223893700074e7
0.602	1.2553132887926083e7
0.6025	1.2565042730491944e7
0.603	1.2576953418920776e7
0.6035	1.2588864950797e7
0.604	1.2600777323788641e7
0.6045	1.2612690535475383e7
0.605	1.2624604583447514e7
0.6055	1.2636519465311216e7
0.606	1.2648435178688409e7
0.6065	1.2660351721216653e7
0.607	1.267226909054902e7
0.6075	1.2684187284353988e7
0.608	1.2696106300315335e7
0.6085	1.2708026136131976e7
0.609	1.2719946789517928e7
0.6095	1.2731868258202137e7
0.61	1.2743790539928386e7
0.6105	1.2755713632455215e7
0.611	1.2767637533555757e7
0.6115	1.2779562241017705e7
0.612	1.2791487752643133e7
0.6125	1.2803414066248445e7
0.613	1.2815341179664252e7
0.6135	1.2827269090735277e7
0.614	1.2839197797320236e7
0.6145	1.2851127297291767e7
0.615	1.2863057588536335e7
0.6155	1.2874988668960383e7
0.616	1.2886920536045043e7
0.6165	1.2898853186939433e7
0.617	1.2910786619583733e7
0.6175	1.292272083194779e7
0.618	1.2934655822021345e7
0.6185	1.2946591587813945e7
0.619	1.2958528127354836e7
0.6195	1.2970465438692885e7
0.62	1.2982403519896464e7
0.6205	1.2994342369053377e7
0.621	1.3006281984270737e7
0.6215	1.301822236367491e7
0.622	1.3030163505411418e7
0.6225	1.3042105407644805e7
0.623	1.3054048068558589e7
0.6235	1.306599148635519e7
0.624	1.3077935659255762e7
0.6245	1.30898805855002e7
0.625	1.3101826263346987e7
0.6255000000000001	1.311377269107314e7
0.626	1.3125719866974084e7
0.6265000000000001	1.3137667789363638e7
0.627	1.314961645657384e7
0.6275000000000001	1.3161565866954971e7
0.628	1.3173516018888336e7
0.6285000000000001	1.3185466910844533e7
0.629	1.3197418541241748e7
0.6295000000000001	1.3209370908499798e7
0.63	1.3221324011055185e7
0.6305000000000001	1.3233277847361077e7
0.631	1.3245232415887179e7
0.6315000000000001	1.3257187715119716e7
0.632	1.3269143743807327e7
0.6325000000000001	1.3281100501058115e7
0.633	1.3293057985426353e7
0.6335000000000001	1.3305016195451686e7
0.634	1.3316975129684905e7
0.6345000000000001	1.3328934786687963e7
0.635	1.3340895165033843e7
0.6355000000000001	1.3352856263306553e7
0.636	1.336481808010104e7
0.6365000000000001	1.337678061402315e7
0.637	1.3388743863689585e7
0.6375000000000001	1.3400707827727776e7
0.638	1.3412672504775941e7
0.6385000000000001	1.3424637893482938e7
0.639	1.3436603992508251e7
0.6395000000000001	1.3448570800521936e7
0.64	1.3460538316204544e7
0.6405	1.3472506538248949e7
0.641	1.3484475465409325e7
0.6415	1.3496445096421082e7
0.642	1.3508415430004945e7
0.6425	1.3520386464891152e7
0.643	1.3532358199819457e7
0.6435	1.3544330633539032e7
0.644	1.3556303764808454e7
0.6445	1.356827759239566e7
0.645	1.3580252115077896e7
0.6455	1.3592227331641663e7
0.646	1.3604203240882684e7
0.6465	1.3616179841605866e7
0.647	1.362815713262524e7
0.6475	1.3640135112763938e7
0.648	1.365211378082663e7
0.6485	1.366409313538468e7
0.649	1.3676073175221605e7
0.6495	1.3688053899200628e7
0.65	1.3700035306195963e7
0.6505	1.3712017395092718e7
0.651	1.3724000164786885e7
0.6515	1.3735983614185236e7
0.652	1.3747967742205357e7
0.6525	1.3759952547775537e7
0.653	1.3771938029834772e7
0.6535	1.3783924187344508e7
0.654	1.3795911019317714e7
0.6545	1.3807898524730716e7
0.655	1.3819886702563385e7
0.6555	1.3831875551805412e7
0.656	1.3843865071456302e7
0.6565	1.3855855260525307e7
0.657	1.3867846118031414e7
0.6575	1.387983764300328e7
0.658	1.3891829834479218e7
0.6585	1.390382269150715e7
0.659	1.3915816213144545e7
0.6595	1.392781039845844e7
0.66	1.3939805246525338e7
0.6605	1.3951800756431222e7
0.661	1.3963796927271489e7
0.6615	1.3975793758150905e7
0.662	1.3987791248183621e7
0.6625	1.399978939649307e7
0.663	1.4011788202211974e7
0.6635	1.4023787664482294e7
0.664	1.4035787782455215e7
0.6645	1.4047788555305222e7
0.665	1.4059789982233748e7
0.6655	1.4071792062420199e7
0.666	1.4083794795051605e7
0.6665	1.409579817933504e7
0.667	1.4107802214521768e7
0.6675	1.411980689982944e7
0.668	1.4131812234478718e7
0.6685	1.4143818217698341e7
0.669	1.4155824848725112e7
0.6695	1.4167832126803843e7
0.67	1.4179840051187374e7
0.6705	1.4191848621136507e7
0.671	1.420385783591998e7
0.6715	1.4215867694814432e7
0.672	1.4227878197104413e7
0.6725	1.4239889342082307e7
0.673	1.4251901129048325e7
0.6735	1.4263913557310486e7
0.674	1.4275926626184566e7
0.6745	1.4287940334994098e7
0.675	1.4299954683070304e7
0.6755	1.431196966975212e7
0.676	1.4323985294386117e7
0.6765	1.4336001556326503e7
0.677	1.4348018454935094e7
0.6775	1.4360035989581281e7
0.678	1.4372054159641998e7
0.6785	1.43840729645017e7
0.679	1.4396092403552355e7
0.6795	1.4408112476195762e7
0.68	1.4420133181875218e7
0.6805	1.4432154520016931e7
0.681	1.4444176489682209e7
0.6815	1.4456199089739215e7
0.682	1.4468222319623765e7
0.6825	1.448024617879028e7
0.683	1.4492270666705152e7
0.6835	1.4504295782846631e7
0.684	1.4516321526704831e7
0.6845	1.4528347897781676e7
0.685	1.4540374895590859e7
0.6855	1.4552402519657822e7
0.686	1.456443076951969e7
0.6865	1.4576459644725261e7
0.687	1.4588489144834949e7
0.6875	1.4600519269420741e7
0.6880000000000001	1.4612550018066185e7
0.6885	1.4624581390366312e7
0.6890000000000001	1.463661338592764e7
0.6895	1.4648646004368111e7
0.6900000000000001	1.466067924531705e7
0.6905	1.4672713108415136e7
0.6910000000000001	1.468474759331436e7
0.6915	1.4696782699677998e7
0.6920000000000001	1.4708818427180557e7
0.6925	1.472085477550772e7
0.6930000000000001	1.4732891744366681e7
0.6935	1.4744929333492491e7
0.6940000000000001	1.4756967542605229e7
0.6945	1.4769006371434214e7
0.6950000000000001	1.4781045819719482e7
0.6955	1.4793085887211682e7
0.6960000000000001	1.4805126573672095e7
0.6965	1.4817167878872551e7
0.6970000000000001	1.4829209802595433e7
0.6975	1.4841252345214276e7
0.6980000000000001	1.4853295508317364e7
0.6985	1.4865339291826187e7
0.6990000000000001	1.4877383695532963e7
0.6995	1.4889428719226968e7
0.7000000000000001	1.4901474362694507e7
0.7005	1.4913520625718968e7
0.7010000000000001	1.4925567508080833e7
0.7015	1.493761500955763e7
0.7020000000000001	1.494966312992404e7
0.7025	1.4961711868951803e7
0.7030000000000001	1.4973761226409802e7
0.7035	1.4985811202064034e7
0.704	1.4997861795677654e7
0.7045	1.5009913007010948e7
0.705	1.5021964835821355e7
0.7055	1.5034017281863501e7
0.706	1.5046070344889153e7
0.7065	1.5058124024664048e7
0.707	1.5070178320959738e7
0.7075	1.5082233233519316e7
0.708	1.5094288762082463e7
0.7085	1.5106344906385748e7
0.709	1.5118401666162591e7
0.7095	1.5130459041143319e7
0.71	1.5142517031055134e7
0.7105	1.5154575635622153e7
0.711	1.51666348545654e7
0.7115	1.5178694687602831e7
0.712	1.5190755134449298e7
0.7125	1.5202816194816632e7
0.713	1.521487786841356e7
0.7135	1.5226940154945806e7
0.714	1.5239003054102855e7
0.7145	1.5251066563146412e7
0.715	1.5263130679980336e7
0.7155	1.5275195404337054e7
0.716	1.528726073596836e7
0.7165	1.5299326674645325e7
0.717	1.5311393220158255e7
0.7175	1.5323460372316645e7
0.718	1.53355281309491e7
0.7185	1.5347596495903306e7
0.719	1.5359665467045922e7
0.7195	1.5371735044262568e7
0.72	1.5383805227466693e7
0.7205	1.5395876016599614e7
0.721	1.540794741160359e7
0.7215	1.542001941243886e7
0.722	1.5432092019084046e7
0.7225	1.5444165231536122e7
0.723	1.5456239049810339e7
0.7235	1.5468313473940153e7
0.724	1.5480388503977176e7
0.7245	1.5492464139991082e7
0.725	1.550454038206957e7
0.7255	1.5516617230318254e7
0.726	1.5528694684860652e7
0.7265	1.5540772745838046e7
0.727	1.5552851413409492e7
0.7275	1.5564930687751653e7
0.728	1.5577010569058822e7
0.7285	1.558909105754279e7
0.729	1.5601172153432783e7
0.7295	1.5613253856975399e7
0.73	1.5625336168434527e7
0.7305	1.5637419088091284e7
0.731	1.5649502616248896e7
0.7315	1.566158675344604e7
0.732	1.5673671500133865e7
0.7325	1.5685756856658095e7
0.733	1.5697842823379494e7
0.7335	1.5709929400679052e7
0.734	1.5722016588978432e7
0.7345	1.5734104388687883e7
0.735	1.5746192800226972e7
0.7355	1.575828182402964e7
0.736	1.5770371460544126e7
0.7365	1.578246171023289e7
0.737	1.5794552573572554e7
0.7375	1.5806644051053839e7
0.738	1.5818736143181458e7
0.7385	1.5830828850474091e7
0.739	1.584292217346426e7
0.7395	1.5855016112698311e7
0.74	1.5867110668736301e7
0.7405	1.5879205842151947e7
0.741	1.5891301633532535e7
0.7415	1.5903398043478873e7
0.742	1.5915495072605185e7
0.7425	1.5927592721539063e7
0.743	1.5939690990921382e7
0.7435	1.5951789881406222e7
0.744	1.5963889393660793e7
0.7445	1.597598952836539e7
0.745	1.5988090286213266e7
0.7455	1.6000191667910593e7
0.746	1.6012293674176365e7
0.7465	1.6024396305742381e7
0.747	1.6036499563353065e7
0.7475	1.6048603447770864e7
0.748	1.606070795977077e7
0.7485	1.6072813101396412e7
0.749	1.608491887701198e7
0.7495	1.6097025287603186e7
0.75	1.610913233392419e7
0.7505000000000001	1.6121240016716652e7
0.751	1.6133348336709796e7
0.7515000000000001	1.6145457294620523e7
0.752	1.6157566891153434e7
0.7525000000000001	1.6169677127000956e7
0.753	1.618178800284338e7
0.7535000000000001	1.6193899519348966e7
0.754	1.6206011677173967e7
0.7545000000000001	1.6218124476962779e7
0.755	1.6230237919347927e7
0.7555000000000001	1.624235200495017e7
0.756	1.6254466734378595e7
0.7565000000000001	1.626658210823065e7
0.757	1.6278698127092218e7
0.7575000000000001	1.629081479153768e7
0.758	1.6302932102129988e7
0.7585000000000001	1.6315050059420733e7
0.759	1.6327168663950184e7
0.7595000000000001	1.6339287916247375e7
0.76	1.6351407816830145e7
0.7605000000000001	1.6363528366205214e7
0.761	1.637564956486962e7
0.7615000000000001	1.6387771413329447e7
0.762	1.6399893912065543e7
0.7625000000000001	1.6412017061540278e7
0.763	1.6424140862204922e7
0.7635000000000001	1.6436265314499719e7
0.764	1.6448390418853976e7
0.7645000000000001	1.6460516175686073e7
0.765	1.647264258540352e7
0.7655000000000001	1.6484769648403034e7
0.766	1.6496897365292344e7
0.7665000000000001	1.6509025737941626e7
0.767	1.652115476698349e7
0.7675000000000001	1.6533284452750811e7
0.768	1.6545414795556558e7
0.7685	1.6557545795693899e7
0.769	1.656967745343628e7
0.7695	1.6581809769037485e7
0.77	1.6593942742731746e7
0.7705	1.6606076374733774e7
0.771	1.661821066523889e7
0.7715	1.6630345614423022e7
0.772	1.6642481222442858e7
0.7725	1.6654617489435807e7
0.773	1.6666754415520186e7
0.7735	1.6678892000795184e7
0.774	1.6691030245340956e7
0.7745	1.6703169149218714e7
0.775	1.6715308712472936e7
0.7755	1.6727448935144598e7
0.776	1.6739589817241883e7
0.7765	1.6751731358750284e7
0.777	1.6763873559636382e7
0.7775	1.6776016419847911e7
0.778	1.6788159939313833e7
0.7785	1.680030411794431e7
0.779	1.681244895563084e7
0.7795	1.6824594452246193e7
0.78	1.683674060764454e7
0.7805	1.6848887421661437e7
0.781	1.686103489411388e7
0.7815	1.68731830248003e7
0.782	1.688533181350067e7
0.7825	1.6897481259976454e7
0.783	1.6909631363970667e7
0.7835	1.6921782125207912e7
0.784	1.6933933540697556e7
0.7845	1.694608560192212e7
0.785	1.6958238308049355e7
0.7855	1.6970391658851795e7
0.786	1.698254565413726e7
0.7865	1.6994700293748822e7
0.787	1.7006855577564713e7
0.7875	1.701901150549831e7
0.788	1.7031168077497993e7
0.7885	1.7043325293547124e7
0.789	1.705548315366428e7
0.7895	1.7067641657905437e7
0.79	1.707980080635902e7
0.7905	1.7091960599147335e7
0.791	1.710412103642717e7
0.7915	1.7116282118389696e7
0.792	1.7128443845260378e7
0.7925	1.7140606217298806e7
0.793	1.7152769234798674e7
0.7935	1.716493289808755e7
0.794	1.7177097207526844e7
0.7945	1.718926216351162e7
0.795	1.72014277664705e7
0.7955	1.7213594016865507e7
0.796	1.722576091519193e7
0.7965	1.7237928461978197e7
0.797	1.7250096657785665e7
0.7975	1.7262265503208566e7
0.798	1.727443499887379e7
0.7985	1.7286605145440694e7
0.799	1.729877594360102e7
0.7995	1.7310947394078672e7
0.8	1.7323119497629568e7
0.8005	1.7335292255041454e7
0.801	1.7347465667133722e7
0.8015	1.735963973475725e7
0.802	1.73718144600373e7
0.8025	1.7383989846914653e7
0.803	1.7396165896439236e7
0.8035	1.7408342609556157e7
0.804	1.742051998720756e7
0.8045	1.743269803033548e7
0.805	1.7444876739892088e7
0.8055	1.7457056116839673e7
0.806	1.746923616215056e7
0.8065	1.748141687680704e7
0.807	1.7493598261801306e7
0.8075	1.7505780318135403e7
0.808	1.7517963046821132e7
0.8085	1.753014644888002e7
0.809	1.7542330525343217e7
0.8095	1.755451527725147e7
0.81	1.7566700705655023e7
0.8105	1.757888681161356e7
0.811	1.7591073596196156e7
0.8115	1.7603261060481187e7
0.812	1.761544920555629e7
0.8125	1.762763803251826e7
0.8130000000000001	1.763982754247302e7
0.8135	1.765201773653554e7
0.8140000000000001	1.7664208615829773e7
0.8145	1.7676400181488577e7
0.8150000000000001	1.768859243465366e7
0.8155	1.770078537647553e7
0.8160000000000001	1.771297900811339e7
0.8165	1.7725173330735102e7
0.8170000000000001	1.7737368345517118e7
0.8175	1.774956405364096e7
0.8180000000000001	1.7761760456295438e7
0.8185	1.7773957554682404e7
0.8190000000000001	1.778615535001212e7
0.8195	1.779835384350319e7
0.8200000000000001	1.7810553036382306e7
0.8205	1.7822752929165557e7
0.8210000000000001	1.783495352241872e7
0.8215	1.7847154817405306e7
0.8220000000000001	1.7859356815402836e7
0.8225	1.7871559517702702e7
0.8230000000000001	1.788376292561007e7
0.8235	1.789596704044376e7
0.8240000000000001	1.7908171863536134e7
0.8245	1.7920377396233007e7
0.8250000000000001	1.793258363989348e7
0.8255	1.7944790595889866e7
0.8260000000000001	1.7956998265607566e7
0.8265	1.7969206650444984e7
0.8270000000000001	1.798141575181335e7
0.8275	1.799362557113664e7
0.8280000000000001	1.8005836109851494e7
0.8285	1.801804736940704e7
0.8290000000000001	1.8030259351264834e7
0.8295	1.8042472056898706e7
0.8300000000000001	1.8054685487794656e7
0.8305	1.8066899645450763e7
0.8310000000000001	1.8079114531377044e7
0.8315	1.8091330147099104e7
0.8320000000000001	1.810354649417478e7
0.8325	1.8115763574153345e7
0.833	1.8127981388590973e7
0.8335	1.8140199939054966e7
0.834	1.815241922712364e7
0.8345	1.8164639254386246e7
0.835	1.8176860022442807e7
0.8355	1.8189081532904025e7
0.836	1.820130378739118e7
0.8365	1.8213526787536014e7
0.837	1.8225750534980595e7
0.8375	1.8237975031377222e7
0.838	1.825020027838832e7
0.8385	1.826242627768632e7
0.839	1.8274653030867092e7
0.8395	1.8286880537532225e7
0.84	1.829910879850588e7
0.8405	1.8311337815529924e7
0.841	1.8323567590367973e7
0.8415	1.833579812480518e7
0.842	1.8348029420648e7
0.8425	1.836026147972396e7
0.843	1.8372494303881366e7
0.8435	1.8384727894989133e7
0.844	1.8396962254936524e7
0.8445	1.8409197385632887e7
0.845	1.842143328900746e7
0.8455	1.8433669967009075e7
0.846	1.844590742160759e7
0.8465	1.8458145654792488e7
0.847	1.8470384668570023e7
0.8475	1.848262446496509e7
0.848	1.8494865046020947e7
0.8485	1.8507106413799062e7
0.849	1.851934857037877e7
0.8495	1.853159151785712e7
0.85	1.854383525834856e7
0.8505	1.8556079793984786e7
0.851	1.85683251269144e7
0.8515	1.858057125930276e7
0.852	1.859281819333168e7
0.8525	1.8605065931199238e7
0.853	1.8617314475119494e7
0.8535	1.862956382732228e7
0.854	1.864181399005296e7
0.8545	1.8654064965572197e7
0.855	1.8666316756155703e7
0.8555	1.8678569364094015e7
0.856	1.8690822791692253e7
0.8565	1.87030770412699e7
0.857	1.8715332115160547e7
0.8575	1.8727588015711695e7
0.858	1.8739844745284483e7
0.8585	1.8752102306246147e7
0.859	1.8764360697225623e7
0.8595	1.877661991751236e7
0.86	1.8788879969587367e7
0.8605	1.8801140855972424e7
0.861	1.881340257922482e7
0.8615	1.8825665141937487e7
0.862	1.883792854673951e7
0.8625	1.885019279629558e7
0.863	1.886245789330535e7
0.8635	1.887472384050291e7
0.864	1.8886990640656136e7
0.8645	1.8899258296566136e7
0.865	1.8911526811066628e7
0.8655	1.8923796187023368e7
0.866	1.893606642733355e7
0.8665	1.8948337534925204e7
0.867	1.8960609512756597e7
0.8675	1.8972882363815684e7
0.868	1.898515609111946e7
0.8685	1.8997430697713405e7
0.869	1.9009706186670884e7
0.8695	1.9021982561092574e7
0.87	1.903425982410586e7
0.8705	1.904653797886426e7
0.871	1.9058817028546844e7
0.8715	1.9071096976357684e7
0.872	1.9083377825525213e7
0.8725	1.9095659579301737e7
0.873	1.910794224096278e7
0.8735	1.9120225813806582e7
0.874	1.913251030115352e7
0.8745	1.9144795706348244e7
0.875	1.9157082032769404e7
0.8755000000000001	1.9169369283802815e7
0.876	1.9181657462851495e7
0.8765000000000001	1.91939465733377e7
0.877	1.9206236618702345e7
0.8775000000000001	1.9218527602404524e7
0.878	1.923081952792091e7
0.8785000000000001	1.9243112398745295e7
0.879	1.9255406218388025e7
0.8795000000000001	1.9267700987814043e7
0.88	1.927999670412956e7
0.8805000000000001	1.9292293370668896e7
0.881	1.9304590991127208e7
0.8815000000000001	1.931688956924317e7
0.882	1.9329189108797815e7
0.8825000000000001	1.934148961361341e7
0.883	1.9353791087552346e7
0.8835000000000001	1.9366093534516007e7
0.884	1.9378396958443664e7
0.8845000000000001	1.9390701363311388e7
0.885	1.9403006753130913e7
0.8855000000000001	1.941531313194859e7
0.886	1.9427620503844243e7
0.8865000000000001	1.9439928872930184e7
0.887	1.9452238243350033e7
0.8875000000000001	1.9464548619277768e7
0.888	1.94768600049166e7
0.8885000000000001	1.948917240449799e7
0.889	1.9501485822280973e7
0.8895000000000001	1.951380026255174e7
0.89	1.9526115729620375e7
0.8905000000000001	1.9538432227821022e7
0.891	1.9550749761510994e7
0.8915000000000001	1.9563068335069824e7
0.892	1.9575387952898182e7
0.8925000000000001	1.9587708619417336e7
0.893	1.9600030339067638e7
0.8935000000000001	1.9612353116307985e7
0.894	1.96246769556148e7
0.8945000000000001	1.963700186148116e7
0.895	1.9649327838415887e7
0.8955000000000001	1.966165489094273e7
0.896	1.9673983023599435e7
0.8965	1.9686312240936965e7
0.897	1.969864254751864e7
0.8975	1.9710973947919358e7
0.898	1.9723306446724754e7
0.8985	1.973564004853043e7
0.899	1.9747974757941213e7
0.8995	1.9760310579570334e7
0.9	1.9772647518038742e7
0.9005	1.9784985577974364e7
0.901	1.9797324764011364e7
0.9015	1.980966508079121e7
0.902	1.9822006524309225e7
0.9025	1.9834349083058216e7
0.903	1.9846692761610366e7
0.9035	1.98590375649947e7
0.904	1.9871383498309717e7
0.9045	1.988373056671222e7
0.905	1.989607877541946e7
0.9055	1.990842812970679e7
0.906	1.9920778634905104e7
0.9065	1.9933130296398245e7
0.907	1.9945483119620487e7
0.9075	1.9957837110054012e7
0.908	1.9970192273226444e7
0.9085	1.998254861470859e7
0.909	1.9994906140111435e7
0.9095	2.0007264855084643e7
0.91	2.0019624765313715e7
0.9105	2.0031985876517814e7
0.911	2.0044348194447555e7
0.9115	2.0056711724882826e7
0.912	2.0069076473630637e7
0.9125	2.0081442446522996e7
0.913	2.0093809649414923e7
0.9135	2.010617808818237e7
0.914	2.011854776872029e7
0.9145	2.0130918696933195e7
0.915	2.014329087876312e7
0.9155	2.015566432014366e7
0.916	2.0168039027027152e7
0.9165	2.018041500537587e7
0.917	2.0192792261160295e7
0.9175	2.0205170800357502e7
0.918	2.0217550628951535e7
0.9185	2.0229931752933428e7
0.919	2.0242314178290978e7
0.9195	2.0254697911012087e7
0.92	2.026708295708375e7
0.9205	2.0279469322490647e7
0.921	2.0291857013213847e7
0.9215	2.0304246035232496e7
0.922	2.031663639451108e7
0.9225	2.032902809701496e7
0.923	2.034142114869844e7
0.9235	2.035381555550628e7
0.924	2.0366211323372595e7
0.9245	2.0378608458219882e7
0.925	2.0391006965957973e7
0.9255	2.0403406852483135e7
0.926	2.041580812367712e7
0.9265	2.0428210786261067e7
0.927	2.0440614843436036e7
0.9275	2.0453020295163143e7
0.928	2.0465427109606188e7
0.9285	2.047783529150716e7
0.929	2.0490244849713393e7
0.9295	2.050265579293351e7
0.93	2.0515068129740883e7
0.9305	2.0527481868576944e7
0.931	2.053989701775446e7
0.9315	2.055231358546055e7
0.932	2.0564731579759773e7
0.9325	2.0577151008598536e7
0.933	2.0589571879810605e7
0.9335	2.0601994201110363e7
0.934	2.0614417980100058e7
0.9345	2.062684322430347e7
0.935	2.0639269941046003e7
0.9355	2.065169813764082e7
0.936	2.066412782126874e7
0.9365	2.067655899901105e7
0.937	2.068899167785163e7
0.9375	2.070142586467915e7
0.9380000000000001	2.0713861566289105e7
0.9385	2.072629878938575e7
0.9390000000000001	2.0738737540584136e7
0.9395	2.0751177826411895e7
0.9400000000000001	2.0763619653311156e7
0.9405	2.077606302764023e7
0.9410000000000001	2.0788507955654815e7
0.9415	2.080095444360277e7
0.9420000000000001	2.081340249756781e7
0.9425	2.0825852123589918e7
0.9430000000000001	2.083830332763354e7
0.9435	2.0850756115589064e7
0.9440000000000001	2.0863210493274264e7
0.9445	2.08756664664357e7
0.9450000000000001	2.0888124040750112e7
0.9455	2.090058322182571e7
0.9460000000000001	2.0913044015203513e7
0.9465	2.0925506426358584e7
0.9470000000000001	2.093797046070151e7
0.9475	2.095043612357693e7
0.9480000000000001	2.09629034202778e7
0.9485	2.0975372356024016e7
0.9490000000000001	2.098784293597847e7
0.9495	2.100031516524513e7
0.9500000000000001	2.1012789048870165e7
0.9505	2.102526459184287e7
0.9510000000000001	2.1037741799096774e7
0.9515	2.1050220675520502e7
0.9520000000000001	2.1062701225917816e7
0.9525	2.107518345507115e7
0.9530000000000001	2.1087667367700543e7
0.9535	2.110015296847487e7
0.9540000000000001	2.1112640262012772e7
0.9545	2.112512925288351e7
0.9550000000000001	2.113761994560777e7
0.9555	2.115011234465849e7
0.9560000000000001	2.1162606454461675e7
0.9565	2.117510227939675e7
0.9570000000000001	2.118759982379907e7
0.9575	2.120009909195795e7
0.9580000000000001	2.1212600088119224e7
0.9585	2.1225102816485576e7
0.9590000000000001	2.123760728121093e7
0.9595	2.1250113486314725e7
0.96	2.126262143352322e7
0.9605	2.1275131127139773e7
0.961	2.1287642572429296e7
0.9615	2.130015577435566e7
0.962	2.1312670737637877e7
0.9625	2.1325187466719948e7
0.963	2.133770596578925e7
0.9635	2.1350226238789115e7
0.964	2.1362748289426893e7
0.9645	2.1375272121181574e7
0.965	2.138779773731066e7
0.9655	2.140032514085661e7
0.966	2.1412854334652703e7
0.9665	2.142538532132847e7
0.967	2.1437918103314612e7
0.9675	2.145045268120701e7
0.968	2.14629890553714e7
0.9685	2.1475527228189915e7
0.969	2.14880672021962e7
0.9695	2.1500608980069697e7
0.97	2.1513152564631548e7
0.9705	2.152569795884029e7
0.971	2.153824516579877e7
0.9715	2.1550794190384027e7
0.972	2.156334503695108e7
0.9725	2.1575897708514962e7
0.973	2.1588452207951378e7
0.9735	2.1601008538000364e7
0.974	2.1613566701269705e7
0.9745	2.1626126700238153e7
0.975	2.1638688537258446e7
0.9755	2.165125221444734e7
0.976	2.166381773381256e7
0.9765	2.1676385097374093e7
0.977	2.1688954307055645e7
0.9775	2.1701525364689354e7
0.978	2.1714098272014774e7
0.9785	2.172667303068053e7
0.979	2.173924964224582e7
0.9795	2.1751828108256202e7
0.98	2.176440843026341e7
0.9805	2.177699060954508e7
0.981	2.1789574647265483e7
0.9815	2.1802160544484284e7
0.982	2.181474830215781e7
0.9825	2.1827337921140194e7
0.983	2.1839929402184352e7
0.9835	2.1852522745932966e7
0.984	2.186511795285876e7
0.9845	2.1877715023392826e7
0.985	2.1890313957921732e7
0.9855	2.190291475673121e7
0.986	2.191551742002038e7
0.9865	2.192812194790176e7
0.987	2.1940728340401776e7
0.9875	2.1953336597458422e7
0.988	2.196594671887309e7
0.9885	2.1978558704366647e7
0.989	2.1991172553631727e7
0.9895	2.2003788266283236e7
0.99	2.2016405841856956e7
0.9905	2.2029025279811032e7
0.991	2.204164657952778e7
0.9915	2.2054269761470314e7
0.992	2.206689455927799e7
0.9925	2.207952073191374e7
0.993	2.209214864447114e7
0.9935	2.2104778457658716e7
0.994	2.211741024862086e7
0.9945	2.2130044055376735e7
0.995	2.2142679890455566e7
0.9955	2.2155317744678296e7
0.996	2.2167959371952195e7
0.9965	2.2180600560790595e7
0.997	2.2193246064723298e7
0.9975	2.2205894579928447e7
0.998	2.2218550958202552e7
0.9985	2.2231203475720104e7
0.999	2.2243854909092423e7
0.9995	2.225651097200516e7