0.	9.708300615530233e-6
0.0005	9.713154765837998e-6
0.001	9.718008916145763e-6
0.0015	9.72286306645353e-6
0.002	9.727717216761294e-6
0.0025	9.73257136706906e-6
0.003	9.737425517376824e-6
0.0035	9.742279667684589e-6
0.004	9.747133817992354e-6
0.0045000000000000005	9.75198796830012e-6
0.005	9.756842118607885e-6
0.0055	9.76169626891565e-6
0.006	9.766550419223415e-6
0.006500000000000001	9.77140456953118e-6
0.007	9.776258719838944e-6
0.0075	9.781112870146711e-6
0.008	9.785967020454476e-6
0.0085	9.79082117076224e-6
0.009000000000000001	9.795675321070005e-6
0.0095	9.80052947137777e-6
0.01	9.805383621685535e-6
0.0105	9.810237771993302e-6
0.011	9.815091922301066e-6
0.0115	9.819946072608831e-6
0.012	9.824800222916596e-6
0.0125	9.829654373224361e-6
0.013000000000000001	9.834508523532126e-6
0.0135	9.839362673839892e-6
0.014	9.844216824147657e-6
0.0145	9.849070974455422e-6
0.015	9.853925124763187e-6
0.0155	9.858779275070952e-6
0.016	9.863633425378716e-6
0.0165	9.868487575686483e-6
0.017	9.873341725994248e-6
0.0175	9.878195876302013e-6
0.018000000000000002	9.883050026609777e-6
0.0185	9.887904176917542e-6
0.019	9.892758327225307e-6
0.0195	9.897612477533074e-6
0.02	9.902466627840838e-6
0.0205	9.907320778148603e-6
0.021	9.912174928456368e-6
0.021500000000000002	9.917029078764133e-6
0.022	9.921883229071898e-6
0.0225	9.926737379379664e-6
0.023	9.931591529687429e-6
0.0235	9.936445679995194e-6
0.024	9.941299830302959e-6
0.0245	9.946153980610724e-6
0.025	9.951008130918488e-6
0.025500000000000002	9.955862281226255e-6
0.026000000000000002	9.96071643153402e-6
0.0265	9.965570581841785e-6
0.027	9.97042473214955e-6
0.0275	9.975278882457314e-6
0.028	9.98013303276508e-6
0.0285	9.984987183072846e-6
0.029	9.98984133338061e-6
0.029500000000000002	9.994695483688375e-6
0.03	9.99954963399614e-6
0.0305	0.000010004403784303905
0.031	0.000010009257934611671
0.0315	0.000010014112084919436
0.032	0.000010018966235227201
0.0325	0.000010023820385534966
0.033	0.00001002867453584273
0.0335	0.000010033528686150496
0.034	0.000010038382836458262
0.0345	0.000010043236986766027
0.035	0.000010048091137073792
0.035500000000000004	0.000010052945287381557
0.036000000000000004	0.000010057799437689321
0.0365	0.000010062653587997086
0.037	0.000010067507738304853
0.0375	0.000010072361888612618
0.038	0.000010077216038920382
0.0385	0.000010082070189228147
0.039	0.000010086924339535912
0.0395	0.000010091778489843677
0.04	0.000010096632640151443
0.0405	0.000010101486790459208
0.041	0.000010106340940766973
0.0415	0.000010111195091074738
0.042	0.000010116049241382503
0.0425	0.000010120903391690268
0.043000000000000003	0.000010125757541998034
0.043500000000000004	0.000010130611692305799
0.044	0.000010135465842613564
0.0445	0.000010140319992921329
0.045	0.000010145174143229093
0.0455	0.000010150028293536858
0.046	0.000010154882443844625
0.0465	0.00001015973659415239
0.047	0.000010164590744460154
0.0475	0.00001016944489476792
0.048	0.000010174299045075684
0.0485	0.00001017915319538345
0.049	0.000010184007345691215
0.0495	0.00001018886149599898
0.05	0.000010193715646306745
0.0505	0.00001019856979661451
0.051000000000000004	0.000010203423946922275
0.051500000000000004	0.000010208278097230041
0.052000000000000005	0.000010213132247537806
0.0525	0.000010217986397845571
0.053	0.000010222840548153336
0.0535	0.0000102276946984611
0.054	0.000010232548848768865
0.0545	0.000010237402999076632
0.055	0.000010242257149384397
0.0555	0.000010247111299692162
0.056	0.000010251965449999926
0.0565	0.000010256819600307691
0.057	0.000010261673750615456
0.0575	0.000010266527900923223
0.058	0.000010271382051230987
0.0585	0.000010276236201538752
0.059000000000000004	0.000010281090351846517
0.059500000000000004	0.000010285944502154282
0.06	0.000010290798652462047
0.0605	0.000010295652802769813
0.061	0.000010300506953077578
0.0615	0.000010305361103385343
0.062	0.000010310215253693108
0.0625	0.000010315069404000873
0.063	0.000010319923554308637
0.0635	0.000010324777704616404
0.064	0.000010329631854924169
0.0645	0.000010334486005231934
0.065	0.000010339340155539698
0.0655	0.000010344194305847463
0.066	0.000010349048456155228
0.0665	0.000010353902606462995
0.067	0.00001035875675677076
0.0675	0.000010363610907078524
0.068	0.000010368465057386289
0.0685	0.000010373319207694054
0.069	0.00001037817335800182
0.0695	0.000010383027508309585
0.07	0.00001038788165861735
0.07050000000000001	0.000010392735808925115
0.07100000000000001	0.00001039758995923288
0.07150000000000001	0.000010402444109540645
0.07200000000000001	0.00001040729825984841
0.0725	0.000010412152410156176
0.073	0.00001041700656046394
0.0735	0.000010421860710771706
0.074	0.00001042671486107947
0.0745	0.000010431569011387235
0.075	0.000010436423161695002
0.0755	0.000010441277312002767
0.076	0.000010446131462310531
0.0765	0.000010450985612618296
0.077	0.000010455839762926061
0.0775	0.000010460693913233826
0.078	0.00001046554806354159
0.0785	0.000010470402213849357
0.079	0.000010475256364157122
0.0795	0.000010480110514464887
0.08	0.000010484964664772652
0.0805	0.000010489818815080417
0.081	0.000010494672965388183
0.0815	0.000010499527115695948
0.082	0.000010504381266003713
0.0825	0.000010509235416311478
0.083	0.000010514089566619242
0.0835	0.000010518943716927007
0.084	0.000010523797867234774
0.0845	0.000010528652017542539
0.085	0.000010533506167850303
0.0855	0.000010538360318158068
0.08600000000000001	0.000010543214468465833
0.08650000000000001	0.000010548068618773598
0.08700000000000001	0.000010552922769081364
0.08750000000000001	0.00001055777691938913
0.088	0.000010562631069696894
0.0885	0.000010567485220004659
0.089	0.000010572339370312424
0.0895	0.000010577193520620189
0.09	0.000010582047670927955
0.0905	0.00001058690182123572
0.091	0.000010591755971543485
0.0915	0.00001059661012185125
0.092	0.000010601464272159014
0.0925	0.00001060631842246678
0.093	0.000010611172572774546
0.0935	0.00001061602672308231
0.094	0.000010620880873390075
0.0945	0.00001062573502369784
0.095	0.000010630589174005605
0.0955	0.000010635443324313372
0.096	0.000010640297474621136
0.0965	0.000010645151624928901
0.097	0.000010650005775236666
0.0975	0.000010654859925544431
0.098	0.000010659714075852196
0.0985	0.00001066456822615996
0.099	0.000010669422376467727
0.0995	0.000010674276526775492
0.1	0.000010679130677083257
0.1005	0.000010683984827391022
0.101	0.000010688838977698786
0.1015	0.000010693693128006553
0.10200000000000001	0.000010698547278314318
0.10250000000000001	0.000010703401428622083
0.10300000000000001	0.000010708255578929847
0.10350000000000001	0.000010713109729237612
0.10400000000000001	0.000010717963879545377
0.1045	0.000010722818029853142
0.105	0.000010727672180160908
0.1055	0.000010732526330468673
0.106	0.000010737380480776438
0.1065	0.000010742234631084203
0.107	0.000010747088781391968
0.1075	0.000010751942931699734
0.108	0.000010756797082007499
0.1085	0.000010761651232315264
0.109	0.000010766505382623029
0.1095	0.000010771359532930794
0.11	0.000010776213683238558
0.1105	0.000010781067833546325
0.111	0.00001078592198385409
0.1115	0.000010790776134161855
0.112	0.00001079563028446962
0.1125	0.000010800484434777384
0.113	0.000010805338585085149
0.1135	0.000010810192735392916
0.114	0.000010814775211635446
0.1145	0.000010817333459403045
0.115	0.000010819892279542446
0.1155	0.000010822451672031608
0.116	0.000010825011636848392
0.1165	0.00001082757217397056
0.117	0.000010830133283375784
0.11750000000000001	0.000010832694965041643
0.11800000000000001	0.000010835257218945618
0.11850000000000001	0.000010837820045065095
0.11900000000000001	0.000010840383443377367
0.11950000000000001	0.000010842947413859635
0.12	0.000010845511956489003
0.1205	0.000010848077071242477
0.121	0.000010850642758096974
0.1215	0.000010853209017029314
0.122	0.000010855775848016224
0.1225	0.000010858343251034336
0.123	0.00001086091122606019
0.1235	0.000010863479773070223
0.124	0.000010866048892040789
0.1245	0.00001086861858294814
0.125	0.000010871188845768436
0.1255	0.000010873759680477745
0.126	0.000010876331087052037
0.1265	0.00001087890306546719
0.127	0.000010881475615698989
0.1275	0.00001088404873772312
0.128	0.000010886622431515179
0.1285	0.000010889196697050666
0.129	0.00001089177153430499
0.1295	0.000010894346943253462
0.13	0.000010896922923871301
0.1305	0.00001089949947613363
0.131	0.000010902076600015481
0.1315	0.000010904654295491789
0.132	0.000010907232562537398
0.1325	0.000010909811401127054
0.133	0.000010912390811235412
0.1335	0.000010914970792837034
0.134	0.000010917551345906385
0.1345	0.000010920132470417838
0.135	0.000010922714166345673
0.1355	0.000010925296433664072
0.136	0.000010927879272347127
0.1365	0.000010930462682368837
0.137	0.000010933046663703104
0.1375	0.000010935631216323738
0.138	0.000010938216340204454
0.1385	0.000010940802035318876
0.139	0.00001094338830164053
0.1395	0.000010945975139142853
0.14	0.000010948562547799185
0.1405	0.000010951150527582775
0.14100000000000001	0.000010953739078466774
0.14150000000000001	0.000010956328200424245
0.14200000000000002	0.000010958917893428153
0.14250000000000002	0.000010961508157451372
0.14300000000000002	0.000010964098992466682
0.14350000000000002	0.000010966690398446767
0.14400000000000002	0.000010969282375364222
0.1445	0.000010971874923191546
0.145	0.000010974468041901143
0.1455	0.000010977061731465327
0.146	0.000010979655991856316
0.1465	0.000010982250823046238
0.147	0.00001098484622500712
0.1475	0.000010987442197710906
0.148	0.00001099003874112944
0.1485	0.000010992635855234474
0.149	0.000010995233539997666
0.1495	0.000010997831795390585
0.15	0.000011000430621384701
0.1505	0.000011003030017951393
0.151	0.00001100562998506195
0.1515	0.000011008230522687563
0.152	0.000011010831630799333
0.1525	0.000011013433309368266
0.153	0.000011016035558365278
0.1535	0.000011018638377761187
0.154	0.000011021241767526724
0.1545	0.000011023845727632522
0.155	0.000011026450258049125
0.1555	0.000011029055358746979
0.156	0.000011031661029696441
0.1565	0.000011034267270867776
0.157	0.000011036874082231151
0.1575	0.000011039481463756647
0.158	0.000011042089415414246
0.1585	0.00001104469793717384
0.159	0.000011047307029005231
0.1595	0.000011049916690878123
0.16	0.000011052526922762132
0.1605	0.000011055137724626774
0.161	0.000011057749096441482
0.1615	0.00001106036103817559
0.162	0.00001106297354979834
0.1625	0.000011065586631278885
0.163	0.00001106820028258628
0.1635	0.000011070814503689491
0.164	0.000011073429294557392
0.1645	0.000011076044655158764
0.165	0.000011078660585462292
0.1655	0.000011081277085436575
0.166	0.000011083894155050112
0.1665	0.000011086511794271317
0.167	0.000011089130003068506
0.1675	0.000011091748781409907
0.168	0.000011094368129263652
0.1685	0.000011096988046597782
0.169	0.000011099608533380248
0.1695	0.000011102229589578907
0.17	0.00001110485121516152
0.1705	0.000011107473410095763
0.171	0.000011110096174349216
0.1715	0.000011112719507889366
0.17200000000000001	0.00001111534341068361
0.17250000000000001	0.000011117967882699252
0.17300000000000001	0.000011120592923903503
0.17350000000000002	0.000011123218534263483
0.17400000000000002	0.000011125844713746223
0.17450000000000002	0.000011128471462318656
0.17500000000000002	0.000011131098779947625
0.17550000000000002	0.000011133726666599885
0.176	0.000011136355122242097
0.1765	0.000011138984146840826
0.177	0.000011141613740362552
0.1775	0.000011144243902773658
0.178	0.000011146874634040438
0.1785	0.000011149505934129092
0.179	0.000011152137803005732
0.1795	0.000011154770240636373
0.18	0.000011157403246986944
0.1805	0.000011160036822023278
0.181	0.000011162670965711118
0.1815	0.000011165305678016117
0.182	0.000011167940958903834
0.1825	0.000011170576808339737
0.183	0.000011173213226289205
0.1835	0.00001117585021271752
0.184	0.000011178487767589877
0.1845	0.000011181125890871382
0.185	0.000011183764582527043
0.1855	0.000011186403842521782
0.186	0.000011189043670820424
0.1865	0.000011191684067387711
0.187	0.000011194325032188286
0.1875	0.000011196966565186705
0.188	0.000011199608666347432
0.1885	0.000011202251335634837
0.189	0.000011204894573013205
0.1895	0.000011207538378446724
0.19	0.000011210182751899494
0.1905	0.000011212827693335522
0.191	0.000011215473202718726
0.1915	0.000011218119280012932
0.192	0.000011220765925181874
0.1925	0.000011223413138189198
0.193	0.000011226060918998455
0.1935	0.00001122870926757311
0.194	0.000011231358183876534
0.1945	0.000011234007667872005
0.195	0.000011236657719522716
0.1955	0.000011239308338791764
0.196	0.00001124195952564216
0.1965	0.00001124461128003682
0.197	0.00001124726360193857
0.1975	0.000011249916491310149
0.198	0.000011252569948114202
0.1985	0.000011255223972313284
0.199	0.00001125787856386986
0.1995	0.000011260533722746302
0.2	0.000011263189448904896
0.2005	0.000011265845742307836
0.201	0.000011268502602917225
0.2015	0.000011271160030695072
0.202	0.000011273818025603302
0.2025	0.000011276476587603746
0.203	0.000011279135716658147
0.20350000000000001	0.000011281795412728154
0.20400000000000001	0.000011284455675775329
0.20450000000000002	0.000011287116505761143
0.20500000000000002	0.000011289777902646976
0.20550000000000002	0.00001129243986639412
0.20600000000000002	0.000011295102396963773
0.20650000000000002	0.000011297765494317047
0.20700000000000002	0.000011300429158414963
0.20750000000000002	0.000011303093389218449
0.20800000000000002	0.000011305758186688346
0.2085	0.000011308423550785405
0.209	0.000011311089481470287
0.2095	0.00001131375597870356
0.21	0.000011316423042445707
0.2105	0.00001131909067265712
0.211	0.000011321758869298097
0.2115	0.000011324427632328848
0.212	0.0000113270969617095
0.2125	0.000011329766857400081
0.213	0.000011332437319360535
0.2135	0.000011335108347550713
0.214	0.00001133777994193038
0.2145	0.000011340452102459206
0.215	0.00001134312482909678
0.2155	0.000011345798121802591
0.216	0.000011348471980536048
0.2165	0.000011351146405256466
0.217	0.000011353821395923068
0.2175	0.000011356496952494995
0.218	0.000011359173074931292
0.2185	0.000011361849763190917
0.219	0.000011364527017232741
0.2195	0.000011367204837015542
0.22	0.00001136988322249801
0.2205	0.000011372562173638747
0.221	0.000011375241690396265
0.2215	0.000011377921772728988
0.222	0.00001138060242059525
0.2225	0.000011383283633953295
0.223	0.000011385965412761278
0.2235	0.000011388647756977268
0.224	0.000011391330666559243
0.2245	0.000011394014141465091
0.225	0.000011396698181652614
0.2255	0.000011399382787079522
0.226	0.00001140206795770344
0.2265	0.0000114047536934819
0.227	0.000011407439994372345
0.2275	0.000011410126860332136
0.228	0.000011412814291318539
0.2285	0.000011415502287288734
0.229	0.000011418190848199813
0.2295	0.000011420879974008773
0.23	0.000011423569664672533
0.2305	0.000011426259920147917
0.231	0.00001142895074039166
0.2315	0.000011431642125360411
0.232	0.000011434334075010732
0.2325	0.000011437026589299092
0.233	0.000011439719668181876
0.2335	0.00001144241331161538
0.234	0.000011445107519555808
0.23450000000000001	0.00001144780229195928
0.23500000000000001	0.000011450497628781827
0.23550000000000001	0.00001145319352997939
0.23600000000000002	0.000011455889995507826
0.23650000000000002	0.000011458587025322899
0.23700000000000002	0.000011461284619380287
0.23750000000000002	0.00001146398277763558
0.23800000000000002	0.000011466681500044284
0.23850000000000002	0.000011469380786561808
0.23900000000000002	0.000011472080637143482
0.23950000000000002	0.000011474781051744543
0.24	0.000011477482030320143
0.2405	0.000011480183572825344
0.241	0.000011482885679215123
0.2415	0.000011485588349444367
0.242	0.000011488291583467873
0.2425	0.000011490995381240358
0.243	0.000011493699742716446
0.2435	0.00001149640466785067
0.244	0.000011499110156597485
0.2445	0.00001150181620891125
0.245	0.000011504522824746241
0.2455	0.000011507230004056645
0.246	0.000011509937746796563
0.2465	0.000011512646052920008
0.247	0.000011515354922380903
0.2475	0.000011518064355133087
0.248	0.000011520774351130312
0.2485	0.000011523484910326243
0.249	0.000011526196032674454
0.2495	0.000011528907718128436
0.25	0.00001153161996664159
0.2505	0.000011534332778167234
0.251	0.000011537046152658594
0.2515	0.000011539760090068813
0.252	0.000011542474590350945
0.2525	0.000011545189653457957
0.253	0.000011547905279342732
0.2535	0.000011550621467958061
0.254	0.000011553338219256654
0.2545	0.000011556055533191131
0.255	0.000011558773409714024
0.2555	0.000011561491848777782
0.256	0.000011564210850334766
0.2565	0.000011566930414337248
0.257	0.00001156965054073742
0.2575	0.000011572371229487375
0.258	0.000011575092480539135
0.2585	0.000011577814293844626
0.259	0.000011580536669355688
0.2595	0.000011583259607024077
0.26	0.000011585983106801463
0.2605	0.000011588707168639429
0.261	0.00001159143179248947
0.2615	0.000011594156978303
0.262	0.000011596882726031336
0.2625	0.000011599609035625724
0.263	0.000011602335907037312
0.2635	0.000011605063340217167
0.264	0.000011607791335116268
0.2645	0.00001161051989168551
0.265	0.000011613249009875701
0.2655	0.000011615978689637563
0.266	0.000011618708930921733
0.2665	0.000011621439733678762
0.267	0.000011624171097859113
0.2675	0.000011626903023413167
0.268	0.000011629635510291217
0.2685	0.00001163236855844347
0.269	0.000011635102167820048
0.2695	0.00001163783633837099
0.27	0.000011640571070046246
0.2705	0.00001164330636279568
0.271	0.000011646042216569074
0.2715	0.000011648778631316123
0.272	0.000011651515606986435
0.2725	0.000011654253143529536
0.273	0.000011656991240894863
0.2735	0.00001165972989903177
0.274	0.000011662469117889526
0.2745	0.000011665208897417315
0.275	0.000011667949237564234
0.2755	0.000011670690138279295
0.276	0.000011673431599511428
0.2765	0.000011676173621209477
0.277	0.000011678916203322197
0.2775	0.000011681659345798263
0.278	0.000011684403048586262
0.2785	0.000011687147311634698
0.279	0.00001168989213489199
0.2795	0.000011692637518306474
0.28	0.000011695383461826395
0.2805	0.00001169812996539992
0.281	0.000011700877028975127
0.28150000000000003	0.000011703624652500015
0.28200000000000003	0.00001170637283592249
0.28250000000000003	0.000011709121579190382
0.28300000000000003	0.00001171187088225143
0.28350000000000003	0.000011714620745053295
0.28400000000000003	0.000011717371167543545
0.28450000000000003	0.000011720122149669673
0.28500000000000003	0.000011722873691379082
0.28550000000000003	0.00001172562579261909
0.28600000000000003	0.000011728378453336935
0.28650000000000003	0.000011731131673479769
0.28700000000000003	0.000011733885452994659
0.28750000000000003	0.000011736639791828587
0.28800000000000003	0.000011739394689928454
0.2885	0.000011742150147241075
0.289	0.000011744906163713183
0.2895	0.00001174766273929142
0.29	0.000011750419873922358
0.2905	0.00001175317756755247
0.291	0.000011755935820128155
0.2915	0.000011758694631595724
0.292	0.000011761454001901408
0.2925	0.000011764213930991348
0.293	0.000011766974418811609
0.2935	0.000011769735465308167
0.294	0.000011772497070426915
0.2945	0.000011775259234113666
0.295	0.000011778021956314145
0.2955	0.000011780785236973997
0.296	0.000011783549076038782
0.2965	0.000011786313473453977
0.297	0.000011789078429164976
0.2975	0.00001179184394311709
0.298	0.000011794610015255546
0.2985	0.000011797376645525487
0.299	0.000011800143833871976
0.2995	0.00001180291158023999
0.3	0.000011805679884574425
0.3005	0.000011808448746820091
0.301	0.000011811218166921719
0.3015	0.000011813988144823955
0.302	0.00001181675868047136
0.3025	0.000011819529773808418
0.303	0.000011822301424779525
0.3035	0.000011825073633328997
0.304	0.000011827846399401064
0.3045	0.000011830619722939878
0.305	0.000011833393603889504
0.3055	0.00001183616804219393
0.306	0.000011838943037797055
0.3065	0.000011841718590642701
0.307	0.000011844494700674602
0.3075	0.000011847271367836417
0.308	0.000011850048592071717
0.3085	0.00001185282637332399
0.309	0.000011855604711536647
0.3095	0.000011858383606653011
0.31	0.00001186116305861633
0.3105	0.000011863943067369761
0.311	0.000011866723632856386
0.3115	0.000011869504755019202
0.312	0.000011872286433801126
0.3125	0.00001187506866914499
0.313	0.000011877851460993546
0.3135	0.000011880634809289463
0.314	0.00001188341871397533
0.3145	0.000011886203174993654
0.315	0.00001188898819228686
0.3155	0.00001189177376579729
0.316	0.000011894559895467207
0.3165	0.000011897346581238787
0.317	0.000011900133823054132
0.3175	0.00001190292162085526
0.318	0.000011905709974584103
0.3185	0.000011908498884182515
0.319	0.000011911288349592272
0.3195	0.000011914078370755064
0.32	0.0000119168689476125
0.3205	0.000011919660080106109
0.321	0.00001192245176817734
0.3215	0.00001192524401176756
0.322	0.000011928036810818054
0.3225	0.000011930830165270028
0.323	0.000011933624075064603
0.3235	0.000011936418540142823
0.324	0.000011939213560445651
0.3245	0.000011942009135913966
0.325	0.000011944805266488571
0.3255	0.000011947601952110183
0.326	0.000011950399192719442
0.3265	0.000011953196988256906
0.327	0.000011955995338663053
0.3275	0.000011958794243878278
0.328	0.000011961593703842898
0.3285	0.000011964393718497152
0.329	0.000011967194287781194
0.3295	0.000011969995411635099
0.33	0.00001197279708999886
0.3305	0.000011975599322812394
0.331	0.000011978402110015535
0.3315	0.000011981205451548036
0.332	0.000011984009347349574
0.3325	0.000011986813797359741
0.333	0.000011989618801518049
0.3335	0.000011992424359763935
0.334	0.000011995230472036752
0.3345	0.000011998037138275774
0.335	0.000012000844358420195
0.3355	0.00001200365213240913
0.336	0.000012006460460181614
0.3365	0.0000120092693416766
0.337	0.000012012078776832965
0.3375	0.000012014888765589504
0.338	0.000012017699307884934
0.3385	0.00001202051040365789
0.339	0.00001202332205284693
0.3395	0.000012026134255390532
0.34	0.000012028947011227093
0.3405	0.000012031760320294932
0.341	0.00001203457418253229
0.3415	0.000012037388597877326
0.342	0.000012040203566268124
0.3425	0.000012043019087642682
0.343	0.000012045835161938925
0.3435	0.000012048651789094697
0.34400000000000003	0.000012051468969047763
0.34450000000000003	0.000012054286701735808
0.34500000000000003	0.00001205710498709644
0.34550000000000003	0.000012059923825067185
0.34600000000000003	0.000012062743215585496
0.34650000000000003	0.000012065563158588741
0.34700000000000003	0.000012068383654014213
0.34750000000000003	0.000012071204701799123
0.34800000000000003	0.000012074026301880609
0.34850000000000003	0.000012076848454195725
0.34900000000000003	0.00001207967115868145
0.34950000000000003	0.000012082494415274679
0.35000000000000003	0.000012085318223912238
0.35050000000000003	0.000012088142584530866
0.35100000000000003	0.000012090967497067227
0.35150000000000003	0.000012093792961457909
0.352	0.000012096618977639417
0.3525	0.00001209944554554818
0.353	0.000012102272665120551
0.3535	0.000012105100336292802
0.354	0.000012107928559001128
0.3545	0.000012110757333181645
0.355	0.000012113586658770393
0.3555	0.000012116416535703335
0.356	0.000012119246963916352
0.3565	0.000012122077943345248
0.357	0.000012124909473925755
0.3575	0.00001212774155559352
0.358	0.000012130574188284117
0.3585	0.000012133407371933038
0.359	0.000012136241106475705
0.3595	0.000012139075391847455
0.36	0.000012141910227983551
0.3605	0.000012144745614819177
0.361	0.000012147581552289443
0.3615	0.000012150418040329376
0.362	0.000012153255078873932
0.3625	0.000012156092667857984
0.363	0.000012158930807216334
0.3635	0.000012161769496883702
0.364	0.000012164608736794734
0.3645	0.000012167448526883995
0.365	0.000012170288867085978
0.3655	0.000012173129757335095
0.366	0.000012175971197565684
0.3665	0.000012178813187712005
0.367	0.000012181655727708242
0.3675	0.0000121844988174885
0.368	0.000012187342456986812
0.3685	0.000012190186646137128
0.369	0.000012193031384873326
0.3695	0.000012195876673129208
0.37	0.000012198722510838495
0.3705	0.000012201568897934838
0.371	0.000012204415834351806
0.3715	0.000012207263320022894
0.372	0.000012210111354881521
0.3725	0.00001221295993886103
0.373	0.000012215809071894688
0.3735	0.000012218658753915683
0.374	0.00001222150898485713
0.3745	0.000012224359764652068
0.375	0.000012227211093233459
0.3755	0.000012230062970534189
0.376	0.000012232915396487068
0.3765	0.000012235768371024832
0.377	0.000012238621894080141
0.3775	0.000012241475965585575
0.378	0.000012244330585473643
0.3785	0.00001224718575367678
0.379	0.000012250041470127338
0.3795	0.000012252897734757601
0.38	0.000012255754547499774
0.3805	0.000012258611908285987
0.381	0.000012261469817048296
0.3815	0.000012264328273718679
0.382	0.000012267187278229042
0.3825	0.000012270046830511212
0.383	0.000012272906930496947
0.3835	0.000012275767578117922
0.384	0.000012278628773305744
0.3845	0.00001228149051599194
0.385	0.000012284352806107965
0.3855	0.0000122872156435852
0.386	0.000012290079028354947
0.3865	0.000012292942960348438
0.387	0.000012295807439496825
0.3875	0.000012298672465731191
0.388	0.000012301538038982541
0.3885	0.000012304404159181805
0.389	0.000012307270826259843
0.3895	0.000012310138040147434
0.39	0.000012313005800775286
0.3905	0.000012315874108074036
0.391	0.000012318742961974238
0.3915	0.00001232161236240638
0.392	0.000012324482309300875
0.3925	0.000012327352802588055
0.393	0.000012330223842198185
0.3935	0.000012333095428061454
0.394	0.000012335967560107977
0.3945	0.000012338840238267792
0.395	0.000012341713462470866
0.3955	0.000012344587232647096
0.396	0.000012347461548726297
0.3965	0.000012350336410638215
0.397	0.000012353211818312524
0.3975	0.00001235608777167882
0.398	0.000012358964270666628
0.3985	0.000012361841315205401
0.399	0.000012364718905224515
0.3995	0.000012367597040653274
0.4	0.000012370475721420908
0.4005	0.000012373354947456577
0.401	0.000012376234718689365
0.4015	0.000012379115035048281
0.402	0.000012381995896462265
0.4025	0.000012384877302860182
0.403	0.000012387759254170823
0.4035	0.000012390641750322908
0.404	0.000012393524791245082
0.4045	0.000012396408376865918
0.405	0.000012399292507113918
0.4055	0.000012402177181917507
0.406	0.000012405062401205042
0.40650000000000003	0.000012407948164904804
0.40700000000000003	0.000012410834472945003
0.40750000000000003	0.000012413721325253776
0.40800000000000003	0.000012416608721759188
0.40850000000000003	0.000012419496662389229
0.40900000000000003	0.000012422385147071822
0.40950000000000003	0.000012425274175734813
0.41000000000000003	0.000012428163748305976
0.41050000000000003	0.000012431053864713015
0.41100000000000003	0.000012433944524883561
0.41150000000000003	0.00001243683572874517
0.41200000000000003	0.000012439727476225333
0.41250000000000003	0.00001244261976725146
0.41300000000000003	0.000012445512601750896
0.41350000000000003	0.000012448405979650912
0.41400000000000003	0.000012451299900878704
0.41450000000000004	0.000012454194365361401
0.41500000000000004	0.000012457089373026057
0.41550000000000004	0.000012459984923799659
0.41600000000000004	0.000012462881017609114
0.4165	0.000012465777654381265
0.417	0.00001246867483404288
0.4175	0.000012471572556520658
0.418	0.000012474470821741221
0.4185	0.000012477369629631127
0.419	0.000012480268980116859
0.4195	0.000012483168873124827
0.42	0.000012486069308581373
0.4205	0.000012488970286412766
0.421	0.000012491871806545205
0.4215	0.000012494773868904817
0.422	0.00001249767647341766
0.4225	0.000012500579620009716
0.423	0.000012503483308606901
0.4235	0.000012506387539135062
0.424	0.000012509292311519969
0.4245	0.000012512197625687324
0.425	0.00001251510348156276
0.4255	0.000012518009879071837
0.426	0.000012520916818140046
0.4265	0.000012523824298692809
0.427	0.000012526732320655472
0.4275	0.000012529640883953317
0.428	0.00001253254998851155
0.4285	0.000012535459634255313
0.429	0.000012538369821109672
0.4295	0.000012541280548999626
0.43	0.000012544191817850102
0.4305	0.00001254710362758596
0.431	0.000012550015978131988
0.4315	0.000012552928869412902
0.432	0.000012555842301353351
0.4325	0.000012558756273877914
0.433	0.0000125616707869111
0.4335	0.000012564585840377347
0.434	0.000012567501434201024
0.4345	0.00001257041756830643
0.435	0.000012573334242617797
0.4355	0.000012576251457059283
0.436	0.000012579169211554981
0.4365	0.000012582087506028913
0.437	0.00001258500634040503
0.4375	0.000012587925714607217
0.438	0.000012590845628559284
0.4385	0.000012593766082184978
0.439	0.000012596687075407976
0.4395	0.000012599608608151883
0.44	0.000012602530680340235
0.4405	0.000012605453291896503
0.441	0.000012608376442744085
0.4415	0.000012611300132806313
0.442	0.00001261422436200645
0.4425	0.000012617149130267684
0.443	0.000012620074437513146
0.4435	0.00001262300028366589
0.444	0.000012625926668648901
0.4445	0.0000126288535923851
0.445	0.00001263178105479734
0.4455	0.000012634709055808398
0.446	0.00001263763759534099
0.4465	0.000012640566673317763
0.447	0.000012643496289661293
0.4475	0.00001264642644429409
0.448	0.000012649357137138592
0.4485	0.000012652288368117176
0.449	0.000012655220137152144
0.4495	0.000012658152444165735
0.45	0.000012661085289080118
0.4505	0.000012664018671817393
0.451	0.000012666952592299594
0.4515	0.000012669887050448686
0.452	0.00001267282204618657
0.4525	0.000012675757579435074
0.453	0.000012678693650115963
0.4535	0.00001268163025815093
0.454	0.000012684567403461605
0.4545	0.000012687505085969548
0.455	0.000012690443305596254
0.4555	0.000012693382062263148
0.456	0.000012696321355891587
0.4565	0.000012699261186402865
0.457	0.000012702201553718207
0.4575	0.00001270514245775877
0.458	0.000012708083898445645
0.4585	0.000012711025875699855
0.459	0.000012713968389442357
0.4595	0.000012716911439594044
0.46	0.000012719855026075733
0.4605	0.000012722799148808188
0.461	0.000012725743807712094
0.4615	0.000012728689002708077
0.462	0.000012731634733716691
0.4625	0.00001273458100065843
0.463	0.000012737527803453715
0.4635	0.000012740475142022906
0.464	0.000012743423016286296
0.4645	0.000012746371426164105
0.465	0.000012749320371576494
0.4655	0.000012752269852443558
0.466	0.000012755219868685322
0.4665	0.000012758170420221748
0.467	0.000012761121506972729
0.4675	0.000012764073128858094
0.468	0.000012767025285797609
0.4685	0.000012769977977710968
0.46900000000000003	0.000012772931204517803
0.46950000000000003	0.000012775884966137682
0.47000000000000003	0.000012778839262490105
0.47050000000000003	0.000012781794093494504
0.47100000000000003	0.000012784749459070252
0.47150000000000003	0.00001278770535913665
0.47200000000000003	0.000012790661793612938
0.47250000000000003	0.00001279361876241829
0.47300000000000003	0.00001279657626547181
0.47350000000000003	0.000012799534302692544
0.47400000000000003	0.000012802492873999469
0.47450000000000003	0.000012805451979311498
0.47500000000000003	0.000012808411618547476
0.47550000000000003	0.000012811371791626189
0.47600000000000003	0.000012814332498466351
0.47650000000000003	0.000012817293738986616
0.47700000000000004	0.000012820255513105575
0.47750000000000004	0.000012823217820741745
0.47800000000000004	0.000012826180661813589
0.47850000000000004	0.000012829144036239501
0.47900000000000004	0.000012832107943937807
0.47950000000000004	0.000012835072384826774
0.48	0.000012838037358824601
0.4805	0.000012841002865849425
0.481	0.000012843968905819318
0.4815	0.000012846935478652286
0.482	0.000012849902584266272
0.4825	0.000012852870222579157
0.483	0.000012855838393508751
0.4835	0.000012858807096972811
0.484	0.00001286177633288902
0.4845	0.000012864746101175
0.485	0.000012867716401748314
0.4855	0.000012870687234526453
0.486	0.00001287365859942685
0.4865	0.000012876630496366872
0.487	0.000012879602925263824
0.4875	0.000012882575886034946
0.488	0.000012885549378597415
0.4885	0.000012888523402868345
0.489	0.000012891497958764784
0.4895	0.000012894473046203722
0.49	0.00001289744866510208
0.4905	0.000012900424815376719
0.491	0.000012903401496944435
0.4915	0.000012906378709721963
0.492	0.000012909356453625974
0.4925	0.000012912334728573077
0.493	0.000012915313534479813
0.4935	0.000012918292871262668
0.494	0.000012921272738838059
0.4945	0.000012924253137122343
0.495	0.000012927234066031814
0.4955	0.000012930215525482701
0.496	0.000012933197515391176
0.4965	0.000012936180035673345
0.497	0.000012939163086245249
0.4975	0.00001294214666702287
0.498	0.000012945130777922126
0.4985	0.000012948115418858875
0.499	0.00001295110058974891
0.4995	0.000012954086290507966
0.5	0.000012957072521051708
0.5005000000000001	0.000012960059281295748
0.501	0.00001296304657115563
0.5015000000000001	0.000012966034390546838
0.502	0.000012969022739384793
0.5025000000000001	0.00001297201161758486
0.503	0.00001297500102506233
0.5035000000000001	0.000012977990961732448
0.504	0.000012980981427510383
0.5045000000000001	0.000012983972422311252
0.505	0.000012986963946050104
0.5055000000000001	0.000012989955998641932
0.506	0.000012992948580001665
0.5065000000000001	0.00001299594169004417
0.507	0.000012998935328684255
0.5075000000000001	0.000013001929495836663
0.508	0.000013004924191416079
0.5085000000000001	0.000013007919415337125
0.509	0.000013010915167514366
0.5095000000000001	0.0000130139114478623
0.51	0.000013016908256295369
0.5105000000000001	0.000013019905592727953
0.511	0.000013022903457074366
0.5115000000000001	0.00001302590184924887
0.512	0.000013028900769165659
0.5125	0.000013031900216738872
0.513	0.000013034900191882581
0.5135	0.000013037900694510805
0.514	0.000013040901724537497
0.5145	0.00001304390328187655
0.515	0.000013046905366441802
0.5155	0.000013049907978147021
0.516	0.000013052911116905926
0.5165	0.000013055914782632166
0.517	0.000013058918975239336
0.5175	0.00001306192369464097
0.518	0.00001306492894075054
0.5185	0.00001306793471348146
0.519	0.000013070941012747083
0.5195	0.000013073947838460702
0.52	0.000013076955190535552
0.5205	0.000013079963068884806
0.521	0.00001308297147342158
0.5215	0.000013085980404058927
0.522	0.000013088989860709845
0.5225	0.000013091999843287268
0.523	0.000013095010351704073
0.5235	0.000013098021385873077
0.524	0.00001310103294570704
0.5245	0.000013104045031118659
0.525	0.000013107057642020575
0.5255	0.000013110070778325366
0.526	0.000013113084439945556
0.5265	0.000013116098626793608
0.527	0.000013119113338781923
0.5275	0.00001312212857582285
0.528	0.00001312514433782867
0.5285	0.000013128160624711615
0.529	0.000013131177436383852
0.5295	0.00001313419477275749
0.53	0.00001313721263374458
0.5305	0.00001314023101925712
0.531	0.000013143249929207038
0.5315	0.000013146269363506214
0.532	0.000013149289322066466
0.5325	0.000013152309804799551
0.533	0.000013155330811617175
0.5335	0.000013158352342430977
0.534	0.000013161374397152546
0.5345	0.000013164396975693406
0.535	0.000013167420077965029
0.5355	0.000013170443703878824
0.536	0.000013173467853346146
0.5365	0.000013176492526278292
0.537	0.0000131795177225865
0.5375	0.000013182543442181948
0.538	0.000013185569684975761
0.5385	0.000013188596450879006
0.539	0.000013191623739802686
0.5395	0.000013194651551657758
0.54	0.00001319767988635511
0.5405	0.00001320070874380558
0.541	0.000013203738123919947
0.5415	0.000013206768026608931
0.542	0.0000132097984517832
0.5425	0.000013212829399353357
0.543	0.000013215860869229954
0.5435	0.000013218892861323487
0.544	0.00001322192537554439
0.5445	0.000013224958411803043
0.545	0.000013227991970009771
0.5455	0.000013231026050074838
0.546	0.000013234060651908455
0.5465	0.000013237095775420776
0.547	0.000013240131420521896
0.5475	0.000013243167587121857
0.548	0.000013246204275130643
0.5485	0.000013249241484458179
0.549	0.000013252279215014341
0.5495	0.00001325531746670894
0.55	0.000013258356239451738
0.5505	0.000013261395533152433
0.551	0.00001326443534772068
0.5515	0.000013267475683066064
0.552	0.000013270516539098122
0.5525	0.000013273557915726332
0.553	0.00001327659981286012
0.5535	0.000013279642230408851
0.554	0.00001328268516828184
0.5545	0.000013285728626388341
0.555	0.000013288772604637558
0.5555	0.000013291817102938634
0.556	0.00001329486212120066
0.5565	0.00001329790765933267
0.557	0.000013300953717243646
0.5575	0.000013304000294842511
0.558	0.000013307047392038132
0.5585	0.000013310095008739328
0.559	0.000013313143144854854
0.5595	0.000013316191800293413
0.56	0.00001331924097496366
0.5605	0.000013322290668774183
0.561	0.000013325340881633525
0.5615	0.00001332839161345017
0.562	0.000013331442864132548
0.5625	0.000013334494633589033
0.5630000000000001	0.00001333754692172795
0.5635	0.00001334059972845756
0.5640000000000001	0.00001334365305368608
0.5645	0.000013346706897321663
0.5650000000000001	0.000013349761259272417
0.5655	0.000013352816139446388
0.5660000000000001	0.00001335587153775157
0.5665	0.000013358927454095905
0.5670000000000001	0.000013361983888387281
0.5675	0.00001336504084053353
0.5680000000000001	0.00001336809831044243
0.5685	0.000013371156298021705
0.5690000000000001	0.000013374214803179029
0.5695	0.000013377273825822015
0.5700000000000001	0.000013380333365858231
0.5705	0.000013383393423195184
0.5710000000000001	0.000013386453997740332
0.5715	0.000013389515089401075
0.5720000000000001	0.000013392576698084765
0.5725	0.000013395638823698697
0.5730000000000001	0.000013398701466150116
0.5735	0.000013401764625346206
0.5740000000000001	0.000013404828301194109
0.5745	0.000013407892493600904
0.5750000000000001	0.000013410957202473624
0.5755	0.000013414022427719242
0.5760000000000001	0.000013417088169244685
0.5765	0.000013420154426956823
0.577	0.000013423221200762475
0.5775	0.000013426288490568404
0.578	0.000013429356296281325
0.5785	0.000013432424617807898
0.579	0.000013435493455054729
0.5795	0.000013438562807928373
0.58	0.000013441632676335333
0.5805	0.00001344470306018206
0.581	0.00001344777395937495
0.5815	0.000013450845373820349
0.582	0.000013453917303424549
0.5825	0.000013456989748093792
0.583	0.000013460062707734267
0.5835	0.00001346313618225211
0.584	0.000013466210171553405
0.5845	0.000013469284675544188
0.585	0.000013472359694130435
0.5855	0.000013475435227218081
0.586	0.000013478511274712998
0.5865	0.000013481587836521017
0.587	0.000013484664912547906
0.5875	0.000013487742502699393
0.588	0.000013490820606881146
0.5885	0.000013493899224998787
0.589	0.000013496978356957881
0.5895	0.000013500058002663947
0.59	0.000013503138162022451
0.5905	0.000013506218834938806
0.591	0.000013509300021318377
0.5915	0.000013512381721066477
0.592	0.000013515463934088364
0.5925	0.00001351854666028925
0.593	0.000013521629899574296
0.5935	0.00001352471365184861
0.594	0.000013527797917017248
0.5945	0.00001353088269498522
0.595	0.000013533967985657478
0.5955	0.000013537053788938933
0.596	0.000013540140104734437
0.5965	0.000013543226932948797
0.597	0.000013546314273486768
0.5975	0.000013549402126253052
0.598	0.000013552490491152306
0.5985	0.000013555579368089132
0.599	0.000013558668756968082
0.5995	0.000013561758657693663
0.6	0.000013564849070170325
0.6005	0.000013567939994302476
0.601	0.000013571031429994466
0.6015	0.000013574123377150599
0.602	0.00001357721583567513
0.6025	0.000013580308805472266
0.603	0.000013583402286446156
0.6035	0.000013586496278500911
0.604	0.000013589590781540582
0.6045	0.000013592685795469178
0.605	0.000013595781320190652
0.6055	0.000013598877355608917
0.606	0.000013601973901627826
0.6065	0.000013605070958151192
0.607	0.000013608168525082772
0.6075	0.000013611266602326276
0.608	0.000013614365189785366
0.6085	0.000013617464287363657
0.609	0.00001362056389496471
0.6095	0.000013623664012492041
0.61	0.000013626764639849115
0.6105	0.00001362986577693935
0.611	0.000013632967423666113
0.6115	0.000013636069579932729
0.612	0.000013639172245642463
0.6125	0.00001364227542069854
0.613	0.000013645379105004137
0.6135	0.00001364848329846238
0.614	0.000013651588000976343
0.6145	0.000013654693212449057
0.615	0.000013657798932783506
0.6155	0.000013660905161882623
0.616	0.00001366401189964929
0.6165	0.000013667119145986347
0.617	0.000013670226900796583
0.6175	0.000013673335163982738
0.618	0.000013676443935447506
0.6185	0.000013679553215093536
0.619	0.000013682663002823422
0.6195	0.000013685773298539718
0.62	0.000013688884102144924
0.6205	0.000013691995413541499
0.621	0.000013695107232631847
0.6215	0.000013698219559318331
0.622	0.000013701332393503265
0.6225	0.000013704445735088916
0.623	0.0000137075595839775
0.6235	0.00001371067394007119
0.624	0.000013713788803272111
0.6245	0.000013716904173482343
0.625	0.000013720020050603912
0.6255000000000001	0.000013723136434538806
0.626	0.00001372625332518896
0.6265000000000001	0.000013729370722456265
0.627	0.000013732488626242564
0.6275000000000001	0.000013735607036449656
0.628	0.000013738725952979289
0.6285000000000001	0.000013741845375733169
0.629	0.000013744965304612952
0.6295000000000001	0.000013748085739520248
0.63	0.000013751206680356626
0.6305000000000001	0.0000137543281270236
0.631	0.000013757450079422644
0.6315000000000001	0.000013760572537455185
0.632	0.0000137636955010226
0.6325000000000001	0.000013766818970026227
0.633	0.000013769942944367351
0.6335000000000001	0.000013773067423947217
0.634	0.000013776192408667019
0.6345000000000001	0.000013779317898427908
0.635	0.000013782443893130989
0.6355000000000001	0.00001378557039267732
0.636	0.000013788697396967917
0.6365000000000001	0.000013791824905903746
0.637	0.00001379495291938573
0.6375000000000001	0.000013798081437314748
0.638	0.00001380121045959163
0.6385000000000001	0.000013804339986117163
0.639	0.000013807470016792087
0.6395000000000001	0.0000138106005515171
0.64	0.000013813731590192852
0.6405	0.00001381686313271995
0.641	0.000013819995178998954
0.6415	0.000013823127728930381
0.642	0.000013826260782414702
0.6425	0.000013829394339352343
0.643	0.000013832528399643687
0.6435	0.000013835662963189069
0.644	0.000013838798029888784
0.6445	0.000013841933599643078
0.645	0.000013845069672352156
0.6455	0.000013848206247916175
0.646	0.00001385134332623525
0.6465	0.000013854480907209454
0.647	0.00001385761899073881
0.6475	0.000013860757576723302
0.648	0.000013863896665062869
0.6485	0.000013867036255657401
0.649	0.000013870176348406751
0.6495	0.000013873316943210721
0.65	0.00001387645803996908
0.6505	0.000013879599638581538
0.651	0.000013882741738947776
0.6515	0.00001388588434096742
0.652	0.000013889027444540063
0.6525	0.000013892171049565242
0.653	0.00001389531515594246
0.6535	0.000013898459763571174
0.654	0.000013901604872350798
0.6545	0.000013904750482180701
0.655	0.000013907896592960209
0.6555	0.000013911043204588606
0.656	0.000013914190316965134
0.6565	0.000013917337929988987
0.657	0.000013920486043559323
0.6575	0.000013923634657575251
0.658	0.00001392678377193584
0.6585	0.000013929933386540116
0.659	0.000013933083501287062
0.6595	0.000013936234116075618
0.66	0.000013939385230804682
0.6605	0.00001394253684537311
0.661	0.00001394568895967971
0.6615	0.000013948841573623256
0.662	0.000013951994687102476
0.6625	0.000013955148300016054
0.663	0.000013958302412262632
0.6635	0.000013961457023740813
0.664	0.000013964612134349154
0.6645	0.000013967767743986173
0.665	0.000013970923852550344
0.6655	0.000013974080459940097
0.666	0.000013977237566053828
0.6665	0.000013980395170789883
0.667	0.000013983553274046567
0.6675	0.00001398671187572215
0.668	0.000013989870975714853
0.6685	0.000013993030573922857
0.669	0.000013996190670244306
0.6695	0.000013999351264577295
0.67	0.000014002512356819886
0.6705	0.000014005673946870091
0.671	0.000014008836034625891
0.6715	0.000014011998619985212
0.672	0.000014015161702845953
0.6725	0.000014018325283105964
0.673	0.000014021489360663056
0.6735	0.000014024653935414995
0.674	0.000014027819007259515
0.6745	0.0000140309845760943
0.675	0.000014034150641816998
0.6755	0.000014037317204325216
0.676	0.000014040484263516519
0.6765	0.00001404365181928843
0.677	0.000014046819871538438
0.6775	0.000014049988420163985
0.678	0.000014053157465062473
0.6785	0.000014056327006131263
0.679	0.000014059497043267685
0.6795	0.000014062667576369015
0.68	0.0000140658386053325
0.6805	0.000014069010130055339
0.681	0.000014072182150434694
0.6815	0.000014075354666367689
0.682	0.000014078527677751408
0.6825	0.00001408170118448289
0.683	0.00001408487518645914
0.6835	0.000014088049683577117
0.684	0.00001409122467573375
0.6845	0.000014094400162825916
0.685	0.000014097576144750465
0.6855	0.000014100752621404198
0.686	0.000014103929592683881
0.6865	0.00001410710705848624
0.687	0.00001411028501870796
0.6875	0.000014113463473245687
0.6880000000000001	0.00001411664242199603
0.6885	0.00001411982186485556
0.6890000000000001	0.000014123001801720804
0.6895	0.000014126182232488253
0.6900000000000001	0.000014129363157054358
0.6905	0.000014132544575315533
0.6910000000000001	0.00001413572648716815
0.6915	0.000014138908892508545
0.6920000000000001	0.000014142091791233017
0.6925	0.000014145275183237819
0.6930000000000001	0.000014148459068419172
0.6935	0.00001415164344667326
0.6940000000000001	0.000014154828317896219
0.6945	0.000014158013681984155
0.6950000000000001	0.000014161199538833135
0.6955	0.000014164385888339185
0.6960000000000001	0.000014167572730398294
0.6965	0.000014170760064906412
0.6970000000000001	0.000014173947891759452
0.6975	0.000014177136210853287
0.6980000000000001	0.000014180325022083757
0.6985	0.000014183514325346657
0.6990000000000001	0.00001418670412053775
0.6995	0.000014189894407552757
0.7000000000000001	0.000014193085186287365
0.7005	0.00001419627645663722
0.7010000000000001	0.000014199468218497933
0.7015	0.000014202660471765074
0.7020000000000001	0.000014205853216334182
0.7025	0.00001420904645210075
0.7030000000000001	0.000014212240178960242
0.7035	0.000014215434396808075
0.704	0.00001421862910553964
0.7045	0.000014221824305050284
0.705	0.000014225019995235316
0.7055	0.000014228216175990013
0.706	0.000014231412847209608
0.7065	0.000014234610008789305
0.707	0.000014237807660624264
0.7075	0.000014241005802609613
0.708	0.000014244204434640441
0.7085	0.000014247403556611803
0.709	0.000014250603168418712
0.7095	0.00001425380326995615
0.71	0.000014257003861119057
0.7105	0.000014260204941802343
0.711	0.000014263406511900876
0.7115	0.000014266608571309491
0.712	0.000014269811119922986
0.7125	0.000014273014157636122
0.713	0.000014276217684343621
0.7135	0.000014279421699940177
0.714	0.000014282626204320441
0.7145	0.00001428583119737903
0.715	0.000014289036679010525
0.7155	0.00001429224264910947
0.716	0.000014295449107570378
0.7165	0.000014298656054287721
0.717	0.000014301863489155935
0.7175	0.000014305071412069423
0.718	0.000014308279822922555
0.7185	0.00001431148872160966
0.719	0.000014314698108025036
0.7195	0.00001431790798206294
0.72	0.000014321118343617599
0.7205	0.000014324329192583204
0.721	0.000014327540528853908
0.7215	0.000014330752352323834
0.722	0.000014333964662887063
0.7225	0.000014337177460437646
0.723	0.000014340390744869596
0.7235	0.000014343604516076897
0.724	0.00001434681877395349
0.7245	0.000014350033518393285
0.725	0.00001435324874929016
0.7255	0.000014356464466537953
0.726	0.000014359680670030472
0.7265	0.00001436289735966149
0.727	0.000014366114535324741
0.7275	0.00001436933219691393
0.728	0.000014372550344322723
0.7285	0.000014375768977444758
0.729	0.000014378988096173631
0.7295	0.00001438220770040291
0.73	0.000014385427790026124
0.7305	0.000014388648364936774
0.731	0.000014391869425028323
0.7315	0.000014395090970194197
0.732	0.000014398313000327796
0.7325	0.00001440153551532248
0.733	0.000014404758515071577
0.7335	0.000014407981999468384
0.734	0.000014411205968406157
0.7345	0.000014414430421778129
0.735	0.000014417655359477489
0.7355	0.0000144208807813974
0.736	0.000014424106687430987
0.7365	0.000014427333077471346
0.737	0.000014430559951411537
0.7375	0.000014433787309144586
0.738	0.000014437015150563486
0.7385	0.000014440243475561202
0.739	0.000014443472284030657
0.7395	0.000014446701575864749
0.74	0.000014449931350956338
0.7405	0.000014453161609198255
0.741	0.000014456392350483295
0.7415	0.000014459623574704224
0.742	0.000014462855281753769
0.7425	0.00001446608747152463
0.743	0.000014469320143909475
0.7435	0.000014472553298800934
0.744	0.00001447578693609161
0.7445	0.000014479021055674072
0.745	0.000014482255657440853
0.7455	0.000014485490741284461
0.746	0.000014488726307097364
0.7465	0.000014491962354772004
0.747	0.000014495198884200788
0.7475	0.00001449843589527609
0.748	0.000014501673387890256
0.7485	0.000014504911361935597
0.749	0.000014508149817304391
0.7495	0.000014511388753888888
0.75	0.000014514628171581302
0.7505000000000001	0.000014517868070273822
0.751	0.000014521108449858596
0.7515000000000001	0.00001452434931022775
0.752	0.00001452759065127337
0.7525000000000001	0.000014530832472887518
0.753	0.000014534074774962218
0.7535000000000001	0.00001453731755738947
0.754	0.000014540560820061234
0.7545000000000001	0.000014543804562869449
0.755	0.000014547048785706013
0.7555000000000001	0.000014550293488462799
0.756	0.000014553538671031647
0.7565000000000001	0.000014556784333304367
0.757	0.000014560030475172735
0.7575000000000001	0.000014563277096528504
0.758	0.000014566524197263386
0.7585000000000001	0.00001456977177726907
0.759	0.000014573019836437208
0.7595000000000001	0.00001457626837465943
0.76	0.000014579517391827328
0.7605000000000001	0.000014582766887832465
0.761	0.000014586016862566377
0.7615000000000001	0.000014589267315920564
0.762	0.000014592518247786501
0.7625000000000001	0.000014595769658055631
0.763	0.000014599021546619366
0.7635000000000001	0.000014602273913369088
0.764	0.000014605526758196151
0.7645000000000001	0.000014608780080991876
0.765	0.000014612033881647554
0.7655000000000001	0.000014615288160054449
0.766	0.000014618542916103794
0.7665000000000001	0.000014621798149686792
0.767	0.000014625053860694616
0.7675000000000001	0.00001462831004901841
0.768	0.000014631566714549287
0.7685	0.000014634823857178332
0.769	0.0000146380814767966
0.7695	0.000014641339573295117
0.77	0.000014644598146564879
0.7705	0.000014647857196496853
0.771	0.000014651116722981977
0.7715	0.000014654376725911158
0.772	0.00001465763720517528
0.7725	0.000014660898160665187
0.773	0.000014664159592271705
0.7735	0.000014667421499885625
0.774	0.00001467068388339771
0.7745	0.000014673946742698696
0.775	0.000014677210077679289
0.7755	0.000014680473888230166
0.776	0.000014683738174241974
0.7765	0.000014687002935605335
0.777	0.00001469026817221084
0.7775	0.000014693533883949053
0.778	0.000014696800070710507
0.7785	0.00001470006673238571
0.779	0.000014703333868865139
0.7795	0.000014706601480039243
0.78	0.000014709869565798447
0.7805	0.00001471313812603314
0.781	0.00001471640716063369
0.7815	0.000014719676669490434
0.782	0.000014722946652493682
0.7825	0.000014726217109533714
0.783	0.000014729488040500788
0.7835	0.000014732759445285124
0.784	0.000014736031323776923
0.7845	0.000014739303675866358
0.785	0.000014742576501443569
0.7855	0.000014745849800398674
0.786	0.000014749123572621757
0.7865	0.000014752397818002882
0.787	0.000014755672536432083
0.7875	0.000014758947727799364
0.788	0.000014762223391994704
0.7885	0.000014765499528908054
0.789	0.00001476877613842934
0.7895	0.000014772053220448458
0.79	0.00001477533077485528
0.7905	0.000014778608801539648
0.791	0.000014781887300391377
0.7915	0.000014785166271300261
0.792	0.00001478844571415606
0.7925	0.00001479172562884851
0.793	0.000014795006015267321
0.7935	0.000014798286873302177
0.794	0.000014801568202842732
0.7945	0.000014804850003778617
0.795	0.000014808132275999437
0.7955	0.000014811415019394765
0.796	0.000014814698233854157
0.7965	0.000014817981919267133
0.797	0.000014821266075523194
0.7975	0.000014824550702511812
0.798	0.000014827835800122433
0.7985	0.000014831121368244472
0.799	0.000014834407406767331
0.7995	0.000014837693915580374
0.8	0.000014840980894572943
0.8005	0.000014844268343634357
0.801	0.000014847556262653903
0.8015	0.000014850844651520849
0.802	0.000014854133510124435
0.8025	0.000014857422838353871
0.803	0.00001486071263609835
0.8035	0.00001486400290324703
0.804	0.000014867293639689055
0.8045	0.00001487058484531353
0.805	0.000014873876520009548
0.8055	0.000014877168663666167
0.806	0.000014880461276172424
0.8065	0.000014883754357417331
0.807	0.000014887047907289877
0.8075	0.000014890341925679019
0.808	0.000014893636412473694
0.8085	0.000014896931367562815
0.809	0.00001490022679083527
0.8095	0.00001490352268217992
0.81	0.000014906819041485602
0.8105	0.000014910115868641126
0.811	0.000014913413163535283
0.8115	0.000014916710926056837
0.812	0.000014920009156094526
0.8125	0.000014923307853537065
0.8130000000000001	0.000014926607018273143
0.8135	0.000014929906650191427
0.8140000000000001	0.00001493320674918056
0.8145	0.000014936507315129156
0.8150000000000001	0.00001493980834792581
0.8155	0.000014943109847459094
0.8160000000000001	0.00001494641181361755
0.8165	0.0000149497142462897
0.8170000000000001	0.000014953017145364041
0.8175	0.000014956320510729048
0.8180000000000001	0.00001495962434227317
0.8185	0.000014962928639884832
0.8190000000000001	0.00001496623340345244
0.8195	0.000014969538632864367
0.8200000000000001	0.00001497284432800897
0.8205	0.000014976150488774584
0.8210000000000001	0.000014979457115049516
0.8215	0.000014982764206722048
0.8220000000000001	0.000014986071763680444
0.8225	0.00001498937978581294
0.8230000000000001	0.000014992688273007753
0.8235	0.000014995997225153074
0.8240000000000001	0.000014999306642137074
0.8245	0.000015002616523847892
0.8250000000000001	0.000015005926870173658
0.8255	0.000015009237681002467
0.8260000000000001	0.000015012548956222396
0.8265	0.000015015860695721503
0.8270000000000001	0.000015019172899387815
0.8275	0.00001502248556710934
0.8280000000000001	0.000015025798698774069
0.8285	0.000015029112294269958
0.8290000000000001	0.000015032426353484955
0.8295	0.000015035740876306972
0.8300000000000001	0.000015039055862623908
0.8305	0.000015042371312323635
0.8310000000000001	0.000015045687225294005
0.8315	0.000015049003601422847
0.8320000000000001	0.000015052320440597965
0.8325	0.000015055637742707145
0.833	0.00001505895550763815
0.8335	0.00001506227373527872
0.834	0.00001506559242551657
0.8345	0.000015068911578239402
0.835	0.000015072231193334887
0.8355	0.000015075551270690677
0.836	0.000015078871810194403
0.8365	0.000015082192811733677
0.837	0.000015085514275196083
0.8375	0.000015088836200469189
0.838	0.000015092158587440538
0.8385	0.000015095481435997653
0.839	0.000015098804746028037
0.8395	0.000015102128517419168
0.84	0.000015105452750058505
0.8405	0.00001510877744383349
0.841	0.00001511210259863153
0.8415	0.000015115428214340028
0.842	0.000015118754290846356
0.8425	0.000015122080828037867
0.843	0.00001512540782580189
0.8435	0.000015128735284025742
0.844	0.000015132063202596707
0.8445	0.000015135391581402058
0.845	0.000015138720420329042
0.8455	0.00001514204971926489
0.846	0.000015145379478096803
0.8465	0.000015148709696711976
0.847	0.000015152040374997569
0.8475	0.000015155371512840729
0.848	0.000015158703110128582
0.8485	0.000015162035166748233
0.849	0.000015165367682586766
0.8495	0.000015168700657531244
0.85	0.000015172034091468712
0.8505	0.000015175367984286197
0.851	0.000015178702335870698
0.8515	0.000015182037146109203
0.852	0.000015185372414888673
0.8525	0.000015188708142096051
0.853	0.000015192044327618263
0.8535	0.000015195380971342212
0.854	0.000015198718073154785
0.8545	0.000015202055632942846
0.855	0.000015205393650593236
0.8555	0.000015208732125992785
0.856	0.000015212071059028295
0.8565	0.000015215410449586556
0.857	0.000015218750297554333
0.8575	0.000015222090602818375
0.858	0.00001522543136526541
0.8585	0.000015228772584782144
0.859	0.00001523211426125527
0.8595	0.000015235456394571458
0.86	0.00001523879898461736
0.8605	0.000015242142031279606
0.861	0.000015245485534444812
0.8615	0.000015248829493999572
0.862	0.00001525217390983046
0.8625	0.000015255518781824035
0.863	0.000015258864109866833
0.8635	0.000015262209893845374
0.864	0.00001526555613364616
0.8645	0.00001526890282915567
0.865	0.00001527224998026037
0.8655	0.000015275597586846708
0.866	0.0000152789456488011
0.8665	0.000015282294166009965
0.867	0.000015285643138359687
0.8675	0.00001528899256573664
0.868	0.000015292342448027175
0.8685	0.00001529569278511763
0.869	0.000015299043576894314
0.8695	0.000015302394823243537
0.87	0.000015305746524051574
0.8705	0.00001530909867920469
0.871	0.000015312451288589125
0.8715	0.00001531580435209111
0.872	0.00001531915786959685
0.8725	0.000015322511840992546
0.873	0.000015325866266164365
0.8735	0.000015329221144998464
0.874	0.00001533257647738098
0.8745	0.000015335932263198037
0.875	0.000015339288502335737
0.8755000000000001	0.000015342645194680166
0.876	0.000015346002340117393
0.8765000000000001	0.000015349359938533468
0.877	0.00001535271798981443
0.8775000000000001	0.000015356076493846295
0.878	0.000015359435450515056
0.8785000000000001	0.000015362794859706703
0.879	0.0000153661547213072
0.8795000000000001	0.000015369515035202493
0.88	0.000015372875801278516
0.8805000000000001	0.000015376237019421186
0.881	0.000015379598689516395
0.8815000000000001	0.00001538296081145003
0.882	0.000015386323385107953
0.8825000000000001	0.000015389686410376012
0.883	0.000015393049887140036
0.8835000000000001	0.000015396413815285847
0.884	0.000015399778194699235
0.8845000000000001	0.000015403143025265986
0.885	0.000015406508306871862
0.8855000000000001	0.000015409874039402616
0.886	0.00001541324022274398
0.8865000000000001	0.00001541660685678167
0.887	0.000015419973941401383
0.8875000000000001	0.000015423341476488807
0.888	0.000015426709461929605
0.8885000000000001	0.000015430077897609434
0.889	0.000015433446783413932
0.8895000000000001	0.00001543681611922871
0.89	0.000015440185904939383
0.8905000000000001	0.00001544355614043153
0.891	0.000015446926825590726
0.8915000000000001	0.000015450297960302532
0.892	0.000015453669544452486
0.8925000000000001	0.000015457041577926114
0.893	0.000015460414060608924
0.8935000000000001	0.000015463786992386414
0.894	0.000015467160373144062
0.8945000000000001	0.00001547053420276733
0.895	0.00001547390848114167
0.8955000000000001	0.00001547728320815251
0.896	0.000015480658383685272
0.8965	0.000015484034007625356
0.897	0.00001548741007985815
0.8975	0.000015490786600269027
0.898	0.000015494163568743342
0.8985	0.00001549754098516644
0.899	0.000015500918849423652
0.8995	0.000015504297161400283
0.9	0.000015507675920981636
0.9005	0.000015511055128052992
0.901	0.000015514434782499616
0.9015	0.000015517814884206768
0.902	0.000015521195433059685
0.9025	0.000015524576428943588
0.903	0.00001552795787174369
0.9035	0.000015531339761345185
0.904	0.00001553472209763326
0.9045	0.00001553810488049307
0.905	0.000015541488109809776
0.9055	0.000015544871785468514
0.906	0.000015548255907354407
0.9065	0.00001555164047535257
0.907	0.000015555025489348092
0.9075	0.000015558410949226057
0.908	0.000015561796854871536
0.9085	0.00001556518320616958
0.909	0.000015568570003005225
0.9095	0.000015571957245263504
0.91	0.000015575344932829426
0.9105	0.000015578733065587988
0.911	0.00001558212164342418
0.9115	0.00001558551066622297
0.912	0.00001558890013386931
0.9125	0.000015592290046248157
0.913	0.000015595680403244433
0.9135	0.000015599071204743054
0.914	0.000015602462450628932
0.9145	0.00001560585414078695
0.915	0.00001560924627510199
0.9155	0.00001561263885345891
0.916	0.00001561603187574257
0.9165	0.000015619425341837798
0.917	0.000015622819251629427
0.9175	0.000015626213605002266
0.918	0.000015629608401841113
0.9185	0.000015633003642030756
0.919	0.000015636399325455966
0.9195	0.000015639795452001506
0.92	0.00001564319202155212
0.9205	0.000015646589033992544
0.921	0.000015649986489207503
0.9215	0.000015653384387081705
0.922	0.000015656782727499844
0.9225	0.00001566018151034661
0.923	0.000015663580735506673
0.9235	0.000015666980402864692
0.924	0.000015670380512305313
0.9245	0.000015673781063713175
0.925	0.000015677182056972897
0.9255	0.000015680583491969096
0.926	0.000015683985368586363
0.9265	0.000015687387686709288
0.927	0.000015690790446222447
0.9275	0.0000156941936470104
0.928	0.0000156975972889577
0.9285	0.00001570100137194888
0.929	0.000015704405895868478
0.9295	0.000015707810860601
0.93	0.000015711216266030948
0.9305	0.000015714622112042822
0.931	0.000015718028398521095
0.9315	0.000015721435125350238
0.932	0.00001572484229241471
0.9325	0.000015728249899598952
0.933	0.000015731657946787404
0.9335	0.00001573506643386448
0.934	0.0000157384753607146
0.9345	0.00001574188472722216
0.935	0.00001574529453327155
0.9355	0.000015748704778747148
0.936	0.000015752115463533318
0.9365	0.00001575552658751442
0.937	0.00001575893815057479
0.9375	0.000015762350152598772
0.9380000000000001	0.000015765762593470684
0.9385	0.000015769175473074836
0.9390000000000001	0.000015772588791295532
0.9395	0.000015776002548017057
0.9400000000000001	0.0000157794167431237
0.9405	0.000015782831376499717
0.9410000000000001	0.000015786246448029377
0.9415	0.000015789661957596922
0.9420000000000001	0.00001579307790508659
0.9425	0.000015796494290382607
0.9430000000000001	0.00001579991111336919
0.9435	0.000015803328373930546
0.9440000000000001	0.00001580674607195087
0.9445	0.000015810164207314344
0.9450000000000001	0.000015813582779905147
0.9455	0.00001581700178960744
0.9460000000000001	0.00001582042123630538
0.9465	0.00001582384111988311
0.9470000000000001	0.000015827261440224764
0.9475	0.00001583068219721447
0.9480000000000001	0.000015834103390736342
0.9485	0.000015837525020674482
0.9490000000000001	0.000015840947086912985
0.9495	0.000015844369589335935
0.9500000000000001	0.00001584779252782741
0.9505	0.00001585121590227148
0.9510000000000001	0.00001585463971255219
0.9515	0.0000158580639585536
0.9520000000000001	0.000015861488640159733
0.9525	0.000015864913757254628
0.9530000000000001	0.000015868339309722295
0.9535	0.000015871765297446746
0.9540000000000001	0.00001587519172031198
0.9545	0.000015878618578201986
0.9550000000000001	0.00001588204587100075
0.9555	0.000015885473598592236
0.9560000000000001	0.00001588890176086041
0.9565	0.000015892330357689226
0.9570000000000001	0.000015895759388962628
0.9575	0.00001589918885456455
0.9580000000000001	0.00001590261875437892
0.9585	0.000015906049088289653
0.9590000000000001	0.000015909479856180662
0.9595	0.000015912911057935842
0.96	0.000015916342693439088
0.9605	0.000015919774762574277
0.961	0.00001592320726522529
0.9615	0.000015926640201275988
0.962	0.000015930073570610228
0.9625	0.000015933507373111855
0.963	0.000015936941608664715
0.9635	0.000015940376277152635
0.964	0.00001594381137845944
0.9645	0.000015947246912468937
0.965	0.000015950682879064945
0.9655	0.000015954119278131253
0.966	0.000015957556109551654
0.9665	0.00001596099337320993
0.967	0.00001596443106898985
0.9675	0.000015967869196775185
0.968	0.000015971307756449692
0.9685	0.00001597474674789712
0.969	0.000015978186171001208
0.9695	0.000015981626025645695
0.97	0.000015985066311714302
0.9705	0.000015988507029090754
0.971	0.000015991948177658757
0.9715	0.000015995389757302013
0.972	0.000015998831767904222
0.9725	0.000016002274209349068
0.973	0.000016005717081520238
0.9735	0.000016009160384301396
0.974	0.000016012604117576214
0.9745	0.000016016048281228347
0.975	0.000016019492875141447
0.9755	0.000016022937899199162
0.976	0.000016026383353285123
0.9765	0.00001602982923728296
0.977	0.0000160332755510763
0.9775	0.000016036722294548754
0.978	0.000016040169467583926
0.9785	0.00001604361707006543
0.979	0.00001604706510187685
0.9795	0.000016050513562901773
0.98	0.000016053962453023783
0.9805	0.000016057411772126456
0.981	0.000016060861520093355
0.9815	0.000016064311696808044
0.982	0.000016067762302154072
0.9825	0.00001607121333601499
0.983	0.000016074664798274335
0.9835	0.000016078116688815648
0.984	0.000016081569007522446
0.9845	0.000016085021754278262
0.985	0.000016088474928966603
0.9855	0.00001609192853147098
0.986	0.000016095382561674895
0.9865	0.000016098837019461846
0.987	0.000016102291904715317
0.9875	0.0000161057472173188
0.988	0.000016109202957155765
0.9885	0.00001611265912410969
0.989	0.000016116115718064037
0.9895	0.000016119572738902267
0.99	0.000016123030186507836
0.9905	0.000016126488060764185
0.991	0.000016129946361554765
0.9915	0.000016133405088763006
0.992	0.00001613686424227234
0.9925	0.000016140323821966198
0.993	0.000016143783827727992
0.9935	0.000016147244259441137
0.994	0.000016150705116989045
0.9945	0.000016154166400255118
0.995	0.000016157628109122752
0.9955	0.00001616109024347534
0.996	0.000016164552803196268
0.9965	0.000016168015788168917
0.997	0.000016171479198276666
0.9975	0.000016174943033402884
0.998	0.000016178407293430936
0.9985	0.000016181871978244188
0.999	0.00001618533708772599
0.9995	0.000016188802621759692