0.	9.419874136968819e-6
0.0005	9.42468338573427e-6
0.001	9.42949266018586e-6
0.0015	9.434301959759532e-6
0.002	9.439111283891203e-6
0.0025	9.443920632016765e-6
0.003	9.448730003572079e-6
0.0035	9.453539397992972e-6
0.004	9.458348814715261e-6
0.0045000000000000005	9.463158253174719e-6
0.005	9.4679677128071e-6
0.0055	9.472777193048135e-6
0.006	9.47758669333353e-6
0.006500000000000001	9.482396175164296e-6
0.007	9.487205546632214e-6
0.0075	9.492014939022914e-6
0.008	9.49682435387111e-6
0.0085	9.501633792711587e-6
0.009000000000000001	9.506443257079214e-6
0.0095	9.511252748508555e-6
0.01	9.51606226853539e-6
0.0105	9.520871818694482e-6
0.011	9.52568140052105e-6
0.0115	9.530491015550415e-6
0.012	9.535300665318003e-6
0.0125	9.540110351359359e-6
0.013000000000000001	9.544920075210128e-6
0.0135	9.549729838406092e-6
0.014	9.554539642483145e-6
0.0145	9.559349488977322e-6
0.015	9.564159379424787e-6
0.0155	9.568969315361848e-6
0.016	9.573779298324956e-6
0.0165	9.578589329850713e-6
0.017	9.583399411475873e-6
0.0175	9.588209649950238e-6
0.018000000000000002	9.593020160891963e-6
0.0185	9.597830721159247e-6
0.019	9.602641328209833e-6
0.0195	9.607451979501216e-6
0.02	9.612262672490647e-6
0.0205	9.617073404635358e-6
0.021	9.621884173391786e-6
0.021500000000000002	9.626694976216777e-6
0.022	9.631505810566784e-6
0.0225	9.636316673898103e-6
0.023	9.641127563666867e-6
0.0235	9.645938477329079e-6
0.024	9.650749412340609e-6
0.0245	9.655560366157215e-6
0.025	9.660371336234559e-6
0.025500000000000002	9.665182320028215e-6
0.026000000000000002	9.66999331499368e-6
0.0265	9.674804318586402e-6
0.027	9.67961532826177e-6
0.0275	9.68442634147515e-6
0.028	9.689237355681894e-6
0.0285	9.694048230876389e-6
0.029	9.698858917585555e-6
0.029500000000000002	9.703669603426472e-6
0.03	9.70848028990555e-6
0.0305	9.71329097852921e-6
0.031	9.718101670803825e-6
0.0315	9.722912368235916e-6
0.032	9.727723072331899e-6
0.0325	9.732533784598244e-6
0.033	9.737344506541453e-6
0.0335	9.742155239668055e-6
0.034	9.746965985484612e-6
0.0345	9.751776745497727e-6
0.035	9.756587521214047e-6
0.035500000000000004	9.761398314140267e-6
0.036000000000000004	9.76620912578314e-6
0.0365	9.771019957649477e-6
0.037	9.775830811246148e-6
0.0375	9.780641688080093e-6
0.038	9.785452589658324e-6
0.0385	9.790263517487934e-6
0.039	9.795074473076095e-6
0.0395	9.799885542356788e-6
0.04	9.804696717311937e-6
0.0405	9.809507921485536e-6
0.041	9.814319154376929e-6
0.0415	9.819130415485428e-6
0.042	9.823941704310713e-6
0.0425	9.82875302035122e-6
0.043000000000000003	9.833564363106599e-6
0.043500000000000004	9.838375732076043e-6
0.044	9.843187126758732e-6
0.0445	9.847998546653808e-6
0.045	9.852809991260388e-6
0.0455	9.857621460077568e-6
0.046	9.862432952604415e-6
0.0465	9.867244468339971e-6
0.047	9.872056006783256e-6
0.0475	9.876867567433265e-6
0.048	9.881679149788969e-6
0.0485	9.88649075334932e-6
0.049	9.891302377613243e-6
0.0495	9.896114022079645e-6
0.05	9.900925686247409e-6
0.0505	9.905737334986386e-6
0.051000000000000004	9.910548982605689e-6
0.051500000000000004	9.915360649543443e-6
0.052000000000000005	9.92017233598587e-6
0.0525	9.924984042119205e-6
0.053	9.929795768128803e-6
0.0535	9.934607514202678e-6
0.054	9.939419280526225e-6
0.0545	9.944231067285704e-6
0.055	9.949042874667394e-6
0.0555	9.953854702857572e-6
0.056	9.958666552042531e-6
0.0565	9.963478422408565e-6
0.057	9.968290314141982e-6
0.0575	9.973102227429095e-6
0.058	9.977914162456225e-6
0.0585	9.982726119409702e-6
0.059000000000000004	9.987538098475864e-6
0.059500000000000004	9.99235009984106e-6
0.06	9.997162123691644e-6
0.0605	0.000010001974170213984
0.061	0.000010006786239594447
0.0615	0.000010011598391940236
0.062	0.000010016410588095897
0.0625	0.000010021222805900838
0.063	0.000010026035044523278
0.0635	0.00001003084730313212
0.064	0.000010035659580893983
0.0645	0.000010040471876977794
0.065	0.000010045284190551637
0.0655	0.000010050096520783572
0.066	0.000010054908866841622
0.0665	0.000010059721227893791
0.067	0.000010064533603108045
0.0675	0.000010069345991652336
0.068	0.00001007415839269459
0.0685	0.000010078970805402709
0.069	0.000010083783228944578
0.0695	0.00001008859566248806
0.07	0.000010093408105201002
0.07050000000000001	0.000010098220556251235
0.07100000000000001	0.000010103033014806578
0.07150000000000001	0.000010107845480034837
0.07200000000000001	0.0000101126579511038
0.0725	0.000010117470244456657
0.073	0.000010122282511106936
0.0735	0.000010127094786098175
0.074	0.000010131907071304636
0.0745	0.000010136719368600854
0.075	0.000010141531679860786
0.0755	0.000010146344006959006
0.076	0.00001015115635176998
0.0765	0.00001015596871616824
0.077	0.0000101607811020284
0.0775	0.000010165593511225155
0.078	0.000010170405945633288
0.0785	0.000010175218407127685
0.079	0.000010180030843843824
0.0795	0.0000101848434000537
0.08	0.000010189655972172275
0.0805	0.000010194468551578878
0.081	0.000010199281128825341
0.0815	0.000010204093849913264
0.082	0.000010208906553518018
0.0825	0.000010213719299212519
0.083	0.000010218532088872856
0.0835	0.000010223345278033951
0.084	0.00001022815852683041
0.0845	0.000010232971816151828
0.085	0.000010237785143231643
0.0855	0.000010242598505303021
0.08600000000000001	0.000010247411899599085
0.08650000000000001	0.000010252225323352612
0.08700000000000001	0.000010257038773796264
0.08750000000000001	0.000010261852248162542
0.088	0.000010266665743683825
0.0885	0.000010271479257592358
0.089	0.000010276292787120284
0.0895	0.000010281106329499657
0.09	0.000010285919881962461
0.0905	0.000010290733441740613
0.091	0.000010295547006065993
0.0915	0.000010300360572170457
0.092	0.000010305174137285848
0.0925	0.000010309987698644016
0.093	0.00001031480125347683
0.0935	0.000010319614799016201
0.094	0.00001032442829839618
0.0945	0.000010329241330025622
0.095	0.000010334054350604656
0.0955	0.000010338867363480743
0.096	0.000010343680372001293
0.0965	0.000010348493379513668
0.097	0.000010353306389365243
0.0975	0.000010358119397809539
0.098	0.000010362932419271659
0.0985	0.000010367745454344399
0.099	0.000010372558506284611
0.0995	0.000010377371578292548
0.1	0.000010382184673526212
0.1005	0.00001038699779511617
0.101	0.000010391810946180019
0.1015	0.00001039662412983591
0.10200000000000001	0.000010401437349214636
0.10250000000000001	0.00001040625060746991
0.10300000000000001	0.000010411063907786636
0.10350000000000001	0.00001041587725338703
0.10400000000000001	0.000010420690647534558
0.1045	0.000010425504093535802
0.105	0.000010430413365516719
0.1055	0.000010435749642654183
0.106	0.000010441105657261456
0.1065	0.000010446396717780866
0.107	0.000010451664024389775
0.1075	0.000010456903410135248
0.108	0.00001046211063822481
0.1085	0.000010467281427170889
0.109	0.000010472411478131157
0.1095	0.000010477496504197792
0.11	0.000010482347597580223
0.1105	0.000010487244504459832
0.111	0.000010492068301988088
0.1115	0.00001049681648616608
0.112	0.000010501487184956536
0.1125	0.000010506079102862575
0.113	0.00001051059146155693
0.1135	0.000010515023939381087
0.114	0.000010519376612010182
0.1145	0.000010523649896027323
0.115	0.000010527844496617277
0.1155	0.000010531961360107913
0.116	0.000010535795551983624
0.1165	0.000010539102272251105
0.117	0.000010542370997806618
0.11750000000000001	0.000010545604284457864
0.11800000000000001	0.000010548804554563627
0.11850000000000001	0.000010551974122763215
0.11900000000000001	0.000010555115214297163
0.11950000000000001	0.000010558229977646277
0.12	0.000010561276965832416
0.1205	0.000010564344796991539
0.121	0.00001056739362854505
0.1215	0.000010570425220526305
0.122	0.00001057344124445028
0.1225	0.00001057644329477762
0.123	0.000010579432899065539
0.1235	0.000010582411527025882
0.124	0.000010585380598677533
0.1245	0.000010588341491753148
0.125	0.000010591295548498041
0.1255	0.000010594244081980766
0.126	0.00001059718838202014
0.1265	0.0000106001389531846
0.127	0.000010603073337018619
0.1275	0.000010606009322700023
0.128	0.000010608947699157439
0.1285	0.000010611889275969439
0.129	0.000010614834889056708
0.1295	0.000010617785406610908
0.13	0.000010620741735348323
0.1305	0.000010623704827182478
0.131	0.000010626675686418461
0.1315	0.000010629655377582994
0.132	0.000010632645034018673
0.1325	0.000010635645867388814
0.133	0.000010638431298621912
0.1335	0.000010641934360173554
0.134	0.000010645463536960828
0.1345	0.000010649018309774343
0.135	0.00001065259808537981
0.1355	0.000010656202196592525
0.136	0.00001065982990275051
0.1365	0.000010663480390596971
0.137	0.000010667152775579132
0.1375	0.00001067084610356654
0.138	0.00001067455935298777
0.1385	0.000010678291437380214
0.139	0.000010682041208343238
0.1395	0.000010685807458880688
0.14	0.000010689588927114367
0.1405	0.000010693384300346016
0.14100000000000001	0.00001069719221944132
0.14150000000000001	0.000010701011283505819
0.14200000000000002	0.000010704840054819307
0.14250000000000002	0.000010708677063992348
0.14300000000000002	0.000010712520815306053
0.14350000000000002	0.000010716369792194389
0.14400000000000002	0.000010720222462826745
0.1445	0.000010724077285747698
0.145	0.00001072793271553055
0.1455	0.00001073178720840154
0.146	0.000010735639227792363
0.1465	0.00001073948724978007
0.147	0.00001074342991277678
0.1475	0.000010747088223715335
0.148	0.000010750739849394208
0.1485	0.000010754384790493182
0.149	0.0000107580230480065
0.1495	0.000010761654623237618
0.15	0.000010765279517794044
0.1505	0.000010768897733582233
0.151	0.000010772509272802575
0.1515	0.00001077611413794446
0.152	0.00001077971233178142
0.1525	0.000010783303857366333
0.153	0.000010786888718026725
0.1535	0.000010790466917360136
0.154	0.000010794038459229555
0.1545	0.000010797603347758937
0.155	0.000010801161587328801
0.1555	0.000010804713182571881
0.156	0.00001080825813836886
0.1565	0.000010811796459844195
0.157	0.000010815328152361967
0.1575	0.000010818853221521844
0.158	0.000010822371673155102
0.1585	0.000010825883513320697
0.159	0.000010829388748301427
0.1595	0.000010832887384600157
0.16	0.000010836379428936101
0.1605	0.00001083986488824118
0.161	0.00001084334376965644
0.1615	0.000010846816080528535
0.162	0.000010850284349423227
0.1625	0.000010853727700358403
0.163	0.000010857164678178406
0.1635	0.000010860595389572806
0.164	0.000010864019939621346
0.1645	0.000010867438431836468
0.165	0.000010870850968204569
0.1655	0.00001087425764922605
0.166	0.000010877658573954173
0.1665	0.000010881053840032789
0.167	0.000010884443514455536
0.1675	0.000010887827753494174
0.168	0.000010891206618612391
0.1685	0.000010894580202165212
0.169	0.000010897948595273148
0.1695	0.000010901311887853762
0.17	0.00001090467016865236
0.1705	0.000010908023525271876
0.171	0.000010911372044201962
0.1715	0.000010914715810847281
0.17200000000000001	0.000010918054909555101
0.17250000000000001	0.000010921389423642133
0.17300000000000001	0.000010924719435420703
0.17350000000000002	0.000010928045026224246
0.17400000000000002	0.000010931366276432159
0.17450000000000002	0.000010934683265494026
0.17500000000000002	0.00001093799607195325
0.17550000000000002	0.00001094130477347009
0.176	0.000010944609446844147
0.1765	0.000010947910168036313
0.177	0.00001095120701219018
0.1775	0.000010954500053652944
0.178	0.00001095779084158381
0.1785	0.000010961079495518435
0.179	0.000010964364529362808
0.1795	0.00001096764599743118
0.18	0.000010970923953514624
0.1805	0.000010974198450892072
0.181	0.000010977469542341149
0.1815	0.000010980737280148754
0.182	0.000010984001716121449
0.1825	0.00001098726290159562
0.183	0.00001099052088744745
0.1835	0.000010993775724102672
0.184	0.00001099702746154616
0.1845	0.000011000276149331285
0.185	0.000011003521836589146
0.1855	0.000011006764572037586
0.186	0.000011010004403990039
0.1865	0.000011013241380364221
0.187	0.000011016475548690662
0.1875	0.000011019706954355576
0.188	0.000011022935647903572
0.1885	0.000011026161673740467
0.189	0.000011029385077930237
0.1895	0.000011032605906190123
0.19	0.00001103582420389825
0.1905	0.00001103904001610112
0.191	0.000011042253387520976
0.1915	0.000011045464362563028
0.192	0.000011048672985322599
0.1925	0.000011051879299592095
0.193	0.000011055083348867918
0.1935	0.000011058285176357235
0.194	0.000011061484790741476
0.1945	0.000011064684874870784
0.195	0.000011067882846102006
0.1955	0.000011071078732542173
0.196	0.000011074272562128938
0.1965	0.000011077464362633462
0.197	0.000011080654161663278
0.1975	0.000011083841986665106
0.198	0.00001108702786492764
0.1985	0.000011090211823584286
0.199	0.000011093393889615867
0.1995	0.0000110965740898533
0.2	0.000011099752450980225
0.2005	0.000011102928999535602
0.201	0.00001110610376191629
0.2015	0.000011109276764379565
0.202	0.000011112448033045634
0.2025	0.000011115617593900094
0.203	0.000011118785472796385
0.20350000000000001	0.000011121951695458182
0.20400000000000001	0.000011125116287481786
0.20450000000000002	0.000011128279274338477
0.20500000000000002	0.00001113144068137682
0.20550000000000002	0.00001113460053382498
0.20600000000000002	0.000011137758856792976
0.20650000000000002	0.000011140915675274933
0.20700000000000002	0.000011144071014100406
0.20750000000000002	0.000011147224898149793
0.20800000000000002	0.00001115037735202131
0.2085	0.000011153528400267456
0.209	0.000011156678067335664
0.2095	0.0000111598263775704
0.21	0.000011162973355215236
0.2105	0.000011166119024414906
0.211	0.000011169264545691828
0.2115	0.00001117240915881612
0.212	0.000011175552519553077
0.2125	0.00001117869464377004
0.213	0.000011181835547274919
0.2135	0.000011184975245817071
0.214	0.000011188113755088208
0.2145	0.000011191251090723251
0.215	0.000011194387268301222
0.2155	0.000011197522303346093
0.216	0.000011200656211327648
0.2165	0.000011203789007662332
0.217	0.000011206920707714089
0.2175	0.000011210051326795188
0.218	0.00001121318088016707
0.2185	0.000011216309383041144
0.219	0.000011219436850579613
0.2195	0.00001122256329789628
0.22	0.000011225688740057342
0.2205	0.000011228813192082182
0.221	0.000011231936668944167
0.2215	0.000011235064096276885
0.222	0.00001123818519307106
0.2225	0.000011241305389727654
0.223	0.000011244424700027368
0.2235	0.000011247543137724077
0.224	0.000011250660716545299
0.2245	0.000011253777450192632
0.225	0.000011256893352342231
0.2255	0.00001126000843664524
0.226	0.000011263122716728254
0.2265	0.000011266236206193761
0.227	0.000011269348110073023
0.2275	0.000011272460941766616
0.228	0.000011275573020833557
0.2285	0.00001127868435644213
0.229	0.00001128179495774579
0.2295	0.000011284904833883342
0.23	0.000011288013993979165
0.2305	0.000011291122447143392
0.231	0.000011294230202472114
0.2315	0.000011297337269047587
0.232	0.000011300443655938412
0.2325	0.000011303549372199753
0.233	0.000011306654426873518
0.2335	0.00001130975882898856
0.234	0.000011312862587560873
0.23450000000000001	0.000011315965711593789
0.23500000000000001	0.000011319068210078176
0.23550000000000001	0.000011322170091992624
0.23600000000000002	0.000011325271366303646
0.23650000000000002	0.000011328372041965876
0.23700000000000002	0.00001133147212792225
0.23750000000000002	0.000011334571633104211
0.23800000000000002	0.000011337670566431899
0.23850000000000002	0.000011340768936814342
0.23900000000000002	0.000011343866753149652
0.23950000000000002	0.000011346964024325212
0.24	0.000011350060759217873
0.2405	0.000011353156966694138
0.241	0.000011356252655610371
0.2415	0.000011359347834812964
0.242	0.000011362442513138546
0.2425	0.000011365536699414166
0.243	0.000011368630402457488
0.2435	0.000011371723631076972
0.244	0.000011374816394072076
0.2445	0.000011377908700233435
0.245	0.00001138100055834306
0.2455	0.000011384091977174522
0.246	0.000011387182965493133
0.2465	0.000011390275729416178
0.247	0.00001139336640526149
0.2475	0.000011396454045691565
0.248	0.000011399543747854241
0.2485	0.000011402633045164124
0.249	0.000011405721943978625
0.2495	0.000011408810450647058
0.25	0.000011411898571510781
0.2505	0.000011414986312903322
0.251	0.000011418073681150514
0.2515	0.000011421160682570637
0.252	0.00001142424732347454
0.2525	0.000011427333610165783
0.253	0.00001143041954894076
0.2535	0.000011433505146088848
0.254	0.000011436590407892518
0.2545	0.000011439675340627481
0.255	0.000011442759950562807
0.2555	0.000011445844243961073
0.256	0.000011448928227078472
0.2565	0.00001145201190616496
0.257	0.000011455095287464376
0.2575	0.00001145817837721457
0.258	0.000011461261181647545
0.2585	0.000011464343706989569
0.259	0.000011467425959461306
0.2595	0.000011470507945277956
0.26	0.000011473589670649372
0.2605	0.000011476671141780185
0.261	0.000011479752364869939
0.2615	0.00001148283334611321
0.262	0.00001148591441868048
0.2625	0.000011488995269365011
0.263	0.000011492075893281076
0.2635	0.000011495156294882487
0.264	0.000011498236478619861
0.2645	0.000011501316448940686
0.265	0.000011504396210289385
0.2655	0.000011507475767107677
0.266	0.000011510555123833472
0.2665	0.000011513634284902661
0.267	0.00001151671325474805
0.2675	0.000011519792037799712
0.268	0.000011522870638485037
0.2685	0.000011525949061228807
0.269	0.000011529027310453254
0.2695	0.000011532105390578125
0.27	0.000011535183306020752
0.2705	0.000011538261061196107
0.271	0.00001154133866051687
0.2715	0.000011544416108393498
0.272	0.000011547493409234278
0.2725	0.000011550570567445398
0.273	0.00001155364758743101
0.2735	0.000011556724473593291
0.274	0.000011559801230332509
0.2745	0.000011562877862047083
0.275	0.000011565954373133651
0.2755	0.000011569030767987125
0.276	0.000011572107051000765
0.2765	0.000011575183226566234
0.277	0.000011578259299073661
0.2775	0.000011581335272911711
0.278	0.000011584411152467642
0.2785	0.000011587486942127363
0.279	0.000011590562834611534
0.2795	0.00001159363870897962
0.28	0.000011596714504328782
0.2805	0.000011599790223750998
0.281	0.000011602865870337474
0.28150000000000003	0.000011605941447178695
0.28200000000000003	0.00001160901695736444
0.28250000000000003	0.000011612092403983821
0.28300000000000003	0.000011615167790125313
0.28350000000000003	0.000011618243118876777
0.28400000000000003	0.000011621318393325512
0.28450000000000003	0.000011624393616558255
0.28500000000000003	0.000011627468791661293
0.28550000000000003	0.000011630543921720268
0.28600000000000003	0.000011633619009820534
0.28650000000000003	0.000011636694059046965
0.28700000000000003	0.00001163976907248405
0.28750000000000003	0.000011642844053215914
0.28800000000000003	0.000011645919004326356
0.2885	0.000011648993928898882
0.289	0.000011652068830016727
0.2895	0.000011655143710762894
0.29	0.00001165821857422018
0.2905	0.000011661293423471207
0.291	0.000011664368261598459
0.2915	0.000011667443091684305
0.292	0.000011670517916811033
0.2925	0.000011673592740060886
0.293	0.000011676667564516084
0.2935	0.000011679742393258857
0.294	0.000011682817229371485
0.2945	0.000011685892075936315
0.295	0.000011688966936035801
0.2955	0.00001169204181275254
0.296	0.000011695116777710607
0.2965	0.000011698191836869932
0.297	0.000011701266920831155
0.2975	0.000011704342031960705
0.298	0.00001170741717262522
0.2985	0.000011710492345191568
0.299	0.000011713567552026858
0.2995	0.000011716642795498462
0.3	0.000011719718077974041
0.3005	0.00001172279340182155
0.301	0.000011725868769409266
0.3015	0.000011728944183105796
0.302	0.000011732019645280112
0.3025	0.000011735095158301554
0.303	0.00001173817072453985
0.3035	0.000011741246346365146
0.304	0.000011744322026148092
0.3045	0.000011747397766259556
0.305	0.000011750473569071086
0.3055	0.000011753549436954647
0.306	0.000011756625372282704
0.3065	0.000011759701377428242
0.307	0.000011762777454764787
0.3075	0.000011765853606666415
0.308	0.000011768929835507784
0.3085	0.000011772006143664143
0.309	0.000011775082533511346
0.3095	0.00001177815900742589
0.31	0.00001178123556778491
0.3105	0.000011784312216966212
0.311	0.000011787388957348283
0.3115	0.000011790465791310323
0.312	0.000011793542721232249
0.3125	0.000011796619749494715
0.313	0.000011799696906713397
0.3135	0.000011802774256929498
0.314	0.000011805851711894583
0.3145	0.000011808929273386745
0.315	0.0000118120069431847
0.3155	0.000011815084723067777
0.316	0.00001181816261481595
0.3165	0.00001182124062020983
0.317	0.000011824318741030688
0.3175	0.000011827396979060454
0.318	0.000011830475336081746
0.3185	0.000011833553813877856
0.319	0.000011836632414232781
0.3195	0.000011839711138931224
0.32	0.000011842789989758603
0.3205	0.000011845868968501067
0.321	0.000011848948076945502
0.3215	0.000011852027316879547
0.322	0.000011855106690091599
0.3225	0.000011858186198371551
0.323	0.000011861265843507962
0.3235	0.000011864345627292235
0.324	0.000011867425551515911
0.3245	0.000011870505617971343
0.325	0.00001187358582845171
0.3255	0.000011876666184751023
0.326	0.000011879746688664137
0.3265	0.000011882827341986767
0.327	0.000011885908146515484
0.3275	0.00001188898910404775
0.328	0.000011892070216381899
0.3285	0.000011895151485317172
0.329	0.000011898232912653716
0.3295	0.000011901314500192599
0.33	0.000011904396251914546
0.3305	0.000011907478243384156
0.331	0.000011910560400064769
0.3315	0.000011913642723359603
0.332	0.000011916725214672625
0.3325	0.00001191980787540856
0.333	0.000011922890706972897
0.3335	0.000011925973710771896
0.334	0.000011929056888212594
0.3345	0.000011932140240702818
0.335	0.000011935223769651178
0.3355	0.00001193830747646709
0.336	0.000011941391362560767
0.3365	0.000011944475429343234
0.337	0.000011947559678226338
0.3375	0.000011950644110622751
0.338	0.000011953728727945968
0.3385	0.000011956813531610328
0.339	0.000011959898523031017
0.3395	0.000011962983703624066
0.34	0.000011966069074806364
0.3405	0.00001196915463799567
0.341	0.000011972240394610612
0.3415	0.000011975326346072376
0.342	0.000011978412493798095
0.3425	0.000011981498839210622
0.343	0.000011984585383732138
0.3435	0.000011987672128785729
0.34400000000000003	0.00001199075907579539
0.34450000000000003	0.00001199384622618604
0.34500000000000003	0.00001199693358138352
0.34550000000000003	0.000012000021142814608
0.34600000000000003	0.000012003108911907011
0.34650000000000003	0.000012006196890089397
0.34700000000000003	0.000012009285078791378
0.34750000000000003	0.000012012373536283147
0.34800000000000003	0.000012015462214693074
0.34850000000000003	0.000012018551107303506
0.34900000000000003	0.000012021640215213923
0.34950000000000003	0.000012024729539524562
0.35000000000000003	0.000012027819081336416
0.35050000000000003	0.00001203090884175123
0.35100000000000003	0.000012033998821871522
0.35150000000000003	0.000012037089022800565
0.352	0.000012040179445642417
0.3525	0.000012043270091501905
0.353	0.000012046360961484636
0.3535	0.000012049452056697003
0.354	0.000012052543378246187
0.3545	0.000012055634927240166
0.355	0.000012058726704787704
0.3555	0.000012061818711998377
0.356	0.000012064910949982561
0.3565	0.000012068003419851445
0.357	0.000012071096122717032
0.3575	0.00001207418905969214
0.358	0.000012077282231890412
0.3585	0.000012080375640426314
0.359	0.000012083469286415152
0.3595	0.000012086563170973058
0.36	0.000012089657295220108
0.3605	0.000012092751660268084
0.361	0.000012095846267238583
0.3615	0.000012098941117251121
0.362	0.000012102036211426078
0.3625	0.000012105131550884693
0.363	0.000012108227136749067
0.3635	0.000012111322970142175
0.364	0.000012114419052187867
0.3645	0.000012117515420764924
0.365	0.000012120612048668358
0.3655	0.000012123708928186221
0.366	0.000012126806060210345
0.3665	0.000012129903445633263
0.367	0.000012133001085348215
0.3675	0.000012136098980249146
0.368	0.000012139197131230715
0.3685	0.00001214229553918829
0.369	0.00001214539420501796
0.3695	0.00001214849312961653
0.37	0.000012151592313881532
0.3705	0.000012154691758711215
0.371	0.000012157791465004567
0.3715	0.000012160891433661294
0.372	0.000012163991665581845
0.3725	0.000012167092161667402
0.373	0.000012170192922819888
0.3735	0.000012173293949941965
0.374	0.000012176395243937046
0.3745	0.000012179496805709284
0.375	0.000012182598636163594
0.3755	0.000012185700736205633
0.376	0.000012188803106741824
0.3765	0.000012191905748679345
0.377	0.000012195008662926138
0.3775	0.00001219811185039091
0.378	0.000012201215311983143
0.3785	0.000012204319048617041
0.379	0.00001220742306119588
0.3795	0.000012210527350635231
0.38	0.000012213631917847677
0.3805	0.000012216736763746582
0.381	0.000012219841889246091
0.3815	0.000012222947333823704
0.382	0.000012226053067262979
0.3825	0.000012229159082620294
0.383	0.00001223226538057165
0.3835	0.000012235371961793632
0.384	0.000012238478826963396
0.3845	0.000012241585976758698
0.385	0.000012244693411857867
0.3855	0.000012247801132939823
0.386	0.000012250909140684076
0.3865	0.000012254017435770724
0.387	0.00001225712601888046
0.3875	0.000012260234890694568
0.388	0.00001226334405189493
0.3885	0.000012266453503164023
0.389	0.000012269563245184926
0.3895	0.000012272673278641318
0.39	0.00001227578360421748
0.3905	0.000012278894222598296
0.391	0.000012282005134469258
0.3915	0.000012285116340516465
0.392	0.000012288227841426628
0.3925	0.000012291339637887065
0.393	0.000012294451730585712
0.3935	0.000012297564120211118
0.394	0.000012300676807452446
0.3945	0.000012303789792999483
0.395	0.000012306903077542628
0.3955	0.00001231001666177291
0.396	0.00001231313054638198
0.3965	0.000012316244732062112
0.397	0.00001231935921951269
0.3975	0.00001232247400941452
0.398	0.000012325589102467982
0.3985	0.000012328704502974002
0.399	0.000012331820208139591
0.3995	0.000012334936218505587
0.4	0.000012338052534749008
0.4005	0.00001234116915754749
0.401	0.000012344286087579291
0.4015	0.00001234740332552329
0.402	0.000012350520872059001
0.4025	0.000012353638727866557
0.403	0.000012356756893626722
0.4035	0.000012359875370020895
0.404	0.000012362994157731105
0.4045	0.000012366113257440012
0.405	0.00001236923266983092
0.4055	0.000012372352395587767
0.406	0.00001237547243539513
0.40650000000000003	0.000012378592789938229
0.40700000000000003	0.000012381713459902928
0.40750000000000003	0.000012384834445975737
0.40800000000000003	0.00001238795574884381
0.40850000000000003	0.000012391077369194949
0.40900000000000003	0.000012394199307717615
0.40950000000000003	0.000012397321565100912
0.41000000000000003	0.000012400444142034602
0.41050000000000003	0.000012403567039209103
0.41100000000000003	0.00001240669025731549
0.41150000000000003	0.000012409813797045501
0.41200000000000003	0.000012412937659091531
0.41250000000000003	0.000012416061844146641
0.41300000000000003	0.000012419186352904554
0.41350000000000003	0.000012422311186059665
0.41400000000000003	0.000012425436344307034
0.41450000000000004	0.000012428561828342393
0.41500000000000004	0.0000124316876502478
0.41550000000000004	0.000012434813843669031
0.41600000000000004	0.000012437940364631922
0.4165	0.000012441067213539684
0.417	0.000012444194390795895
0.4175	0.000012447321896804503
0.418	0.000012450449731969826
0.4185	0.000012453577896696555
0.419	0.000012456706391389751
0.4195	0.000012459835216454844
0.42	0.000012462964372297642
0.4205	0.000012466093859324329
0.421	0.000012469223677941454
0.4215	0.000012472353828555953
0.422	0.000012475484311575126
0.4225	0.000012478615127406661
0.423	0.000012481746276458615
0.4235	0.000012484877759139425
0.424	0.000012488009575857908
0.4245	0.00001249114172702326
0.425	0.000012494274213045055
0.4255	0.000012497407034333253
0.426	0.000012500540191298186
0.4265	0.00001250367368435058
0.427	0.000012506807513901531
0.4275	0.00001250994168036253
0.428	0.000012513076184145447
0.4285	0.000012516211025662532
0.429	0.000012519346205326436
0.4295	0.000012522481723550176
0.43	0.00001252561758074717
0.4305	0.000012528753777331222
0.431	0.00001253189031371652
0.4315	0.000012535027190317646
0.432	0.00001253816440625032
0.4325	0.0000125413019622275
0.433	0.000012544439859700365
0.4335	0.000012547578099067201
0.434	0.000012550716680771634
0.4345	0.000012553855605242919
0.435	0.00001255699487291072
0.4355	0.000012560134484205114
0.436	0.000012563274439556582
0.4365	0.000012566414739396016
0.437	0.00001256955538415472
0.4375	0.00001257269637426441
0.438	0.000012575837710157209
0.4385	0.000012578979392265663
0.439	0.000012582121421022722
0.4395	0.000012585263796861756
0.44	0.00001258840652021655
0.4405	0.000012591549591521302
0.441	0.00001259469301121063
0.4415	0.000012597836779719571
0.442	0.000012600980897483577
0.4425	0.000012604125364938518
0.443	0.000012607270182520692
0.4435	0.00001261041535066681
0.444	0.000012613560869814008
0.4445	0.000012616706740399843
0.445	0.000012619852962862299
0.4455	0.000012622999537639777
0.446	0.00001262614646517111
0.4465	0.000012629293745895554
0.447	0.00001263244138025279
0.4475	0.00001263558936868293
0.448	0.000012638737711626509
0.4485	0.000012641886409524494
0.449	0.000012645035483173178
0.4495	0.000012648184911684455
0.45	0.000012651334696268269
0.4505	0.000012654484837262497
0.451	0.000012657635335004508
0.4515	0.000012660786189834431
0.452	0.000012663937402090291
0.4525	0.000012667088972111223
0.453	0.000012670240900236678
0.4535	0.000012673393186806429
0.454	0.000012676545832160561
0.4545	0.000012679698836639478
0.455	0.000012682852200583903
0.4555	0.00001268600592433487
0.456	0.000012689160008233747
0.4565	0.000012692314452622207
0.457	0.000012695469257842253
0.4575	0.0000126986244242362
0.458	0.000012701779952146695
0.4585	0.000012704935841916694
0.459	0.000012708092093889483
0.4595	0.000012711248708408673
0.46	0.000012714405685818188
0.4605	0.000012717563026462287
0.461	0.000012720720730685547
0.4615	0.000012723878798832868
0.462	0.00001272703723124948
0.4625	0.000012730196028280936
0.463	0.000012733355190273115
0.4635	0.000012736514717572222
0.464	0.000012739674610524794
0.4645	0.000012742834869477693
0.465	0.000012745995494778104
0.4655	0.000012749156495521606
0.466	0.000012752317867921601
0.4665	0.000012755479607597525
0.467	0.000012758641714825291
0.4675	0.000012761804189881056
0.468	0.000012764967033041224
0.4685	0.000012768130244582447
0.46900000000000003	0.00001277129382479044
0.46950000000000003	0.000012774457773924936
0.47000000000000003	0.000012777622092271886
0.47050000000000003	0.000012780786780108928
0.47100000000000003	0.000012783951837713956
0.47150000000000003	0.000012787117265365107
0.47200000000000003	0.00001279028306334077
0.47250000000000003	0.000012793449231919584
0.47300000000000003	0.000012796615771380435
0.47350000000000003	0.000012799782682002465
0.47400000000000003	0.000012802949964065063
0.47450000000000003	0.000012806117617847872
0.47500000000000003	0.000012809285643630784
0.47550000000000003	0.00001281245404169394
0.47600000000000003	0.00001281562281231774
0.47650000000000003	0.000012818791955782835
0.47700000000000004	0.000012821961472370126
0.47750000000000004	0.000012825131362360766
0.47800000000000004	0.000012828301626036166
0.47850000000000004	0.000012831472263677993
0.47900000000000004	0.00001283464327556816
0.47950000000000004	0.000012837814661988841
0.48	0.000012840986423222463
0.4805	0.00001284415855955171
0.481	0.00001284733107125952
0.4815	0.000012850503958629087
0.482	0.000012853677226303298
0.4825	0.00001285685087701794
0.483	0.000012860024904164702
0.4835	0.000012863199307966739
0.484	0.000012866374088647387
0.4845	0.000012869549246430162
0.485	0.000012872724781538776
0.4855	0.000012875900694197122
0.486	0.00001287907698462928
0.4865	0.000012882253653059514
0.487	0.00001288543069971974
0.4875	0.000012888608124819828
0.488	0.000012891785928591878
0.4885	0.0000128949641112609
0.489	0.000012898142673052098
0.4895	0.00001290132161419086
0.49	0.000012904500934902758
0.4905	0.000012907680635413565
0.491	0.000012910860715949228
0.4915	0.00001291404117673589
0.492	0.000012917222017999885
0.4925	0.00001292040323996773
0.493	0.000012923584842866139
0.4935	0.000012926766826922005
0.494	0.000012929949192362423
0.4945	0.000012933131939414668
0.495	0.000012936315068306214
0.4955	0.000012939498579264721
0.496	0.000012942682472518032
0.4965	0.000012945866748294203
0.497	0.000012949051406821455
0.4975	0.00001295223644832822
0.498	0.000012955421873043112
0.4985	0.000012958607682704994
0.499	0.00001296179388039159
0.4995	0.00001296498046193487
0.5	0.000012968167427531903
0.5005000000000001	0.000012971354777379908
0.501	0.000012974542511676263
0.5015000000000001	0.000012977730630618494
0.502	0.000012980919134404286
0.5025000000000001	0.000012984108023231478
0.503	0.000012987297297298062
0.5035000000000001	0.000012990486956802185
0.504	0.000012993677001942156
0.5045000000000001	0.000012996867432923766
0.505	0.000013000058249931101
0.5055000000000001	0.000013003249453170086
0.506	0.000013006441042839642
0.5065000000000001	0.000013009633019138855
0.507	0.000013012825382266957
0.5075000000000001	0.000013016018132423343
0.508	0.00001301921126980756
0.5085000000000001	0.000013022404794619314
0.509	0.00001302559870705847
0.5095000000000001	0.000013028793007325047
0.51	0.000013031987695619216
0.5105000000000001	0.00001303518277214132
0.511	0.000013038378237091847
0.5115000000000001	0.000013041574090671448
0.512	0.000013044770333080925
0.5125	0.000013047966964521248
0.513	0.000013051163985193542
0.5135	0.000013054361395299087
0.514	0.000013057559195039324
0.5145	0.000013060757384615853
0.515	0.000013063955966327056
0.5155	0.000013067154944358737
0.516	0.000013070354312778522
0.5165	0.000013073554071743252
0.517	0.000013076754221409875
0.5175	0.000013079954761935443
0.518	0.000013083155693477108
0.5185	0.000013086357016192134
0.519	0.000013089558730237882
0.5195	0.000013092760835771825
0.52	0.000013095963332951535
0.5205	0.000013099166221934692
0.521	0.000013102369502879079
0.5215	0.000013105573175942583
0.522	0.000013108777241287682
0.5225	0.000013111981699063602
0.523	0.000013115186549432918
0.5235	0.000013118391792553943
0.524	0.000013121597428585087
0.5245	0.000013124803457684876
0.525	0.000013128009880011936
0.5255	0.000013131216695725
0.526	0.000013134423904982905
0.5265	0.000013137631507944599
0.527	0.00001314083950476913
0.5275	0.000013144047895615659
0.528	0.000013147256680643448
0.5285	0.000013150465860011867
0.529	0.000013153675433880395
0.5295	0.000013156885402408612
0.53	0.000013160095765756213
0.5305	0.00001316330652408299
0.531	0.000013166517677548852
0.5315	0.00001316972922743141
0.532	0.000013172941174534392
0.5325	0.00001317615351723554
0.533	0.000013179366255679068
0.5335	0.000013182579390009276
0.534	0.000013185792920370547
0.5345	0.000013189006846907354
0.535	0.000013192221169764264
0.5355	0.000013195435889085922
0.536	0.000013198651005017066
0.5365	0.000013201866517702526
0.537	0.000013205082427287211
0.5375	0.000013208298733916124
0.538	0.000013211515437734359
0.5385	0.00001321473253888709
0.539	0.000013217950037519588
0.5395	0.000013221167933784365
0.54	0.000013224386227812672
0.5405	0.00001322760491975704
0.541	0.000013230824009763094
0.5415	0.00001323404349797654
0.542	0.000013237263384543178
0.5425	0.000013240483669608894
0.543	0.000013243704353319668
0.5435	0.000013246925435821562
0.544	0.000013250146917260733
0.5445	0.000013253368797783424
0.545	0.00001325659107753597
0.5455	0.000013259813756664791
0.546	0.000013263036835316403
0.5465	0.000013266260313637406
0.547	0.000013269484191774492
0.5475	0.000013272708469874442
0.548	0.000013275933155735169
0.5485	0.000013279158245910363
0.549	0.0000132823837363845
0.5495	0.000013285609627238494
0.55	0.000013288835918553268
0.5505	0.000013292062610409759
0.551	0.0000132952897028889
0.5515	0.000013298517196071644
0.552	0.00001330174509003894
0.5525	0.000013304973384871756
0.553	0.000013308202080651063
0.5535	0.000013311431177457837
0.554	0.000013314660675373066
0.5545	0.000013317890574477743
0.555	0.000013321120874852874
0.5555	0.000013324351576579462
0.556	0.000013327582679738534
0.5565	0.000013330814184413912
0.557	0.000013334046090681078
0.5575	0.000013337278398623805
0.558	0.000013340511108323146
0.5585	0.000013343744219860154
0.559	0.00001334697773331589
0.5595	0.000013350211648771431
0.56	0.000013353445966307852
0.5605	0.000013356680686006237
0.561	0.000013359915807947684
0.5615	0.000013363151332213292
0.562	0.000013366387258884171
0.5625	0.000013369623588041434
0.5630000000000001	0.000013372860319766209
0.5635	0.000013376097454139626
0.5640000000000001	0.000013379334991242824
0.5645	0.000013382572925104877
0.5650000000000001	0.00001338581126216671
0.5655	0.0000133890500022668
0.5660000000000001	0.000013392289145519183
0.5665	0.000013395528692037941
0.5670000000000001	0.000013398768641937213
0.5675	0.000013402008995331172
0.5680000000000001	0.000013405249752334051
0.5685	0.000013408490913060126
0.5690000000000001	0.000013411732477623724
0.5695	0.000013414974446139216
0.5700000000000001	0.00001341821681872103
0.5705	0.000013421459595483635
0.5710000000000001	0.000013424702776541548
0.5715	0.000013427946362009342
0.5720000000000001	0.00001343119035200163
0.5725	0.00001343443474663308
0.5730000000000001	0.000013437679546018405
0.5735	0.000013440924750272367
0.5740000000000001	0.000013444170359522644
0.5745	0.000013447416373858559
0.5750000000000001	0.000013450662793407623
0.5755	0.000013453909618284796
0.5760000000000001	0.00001345715684860508
0.5765	0.000013460404484483528
0.577	0.000013463652526035248
0.5775	0.000013466900973375384
0.578	0.00001347014982661914
0.5785	0.000013473399085881763
0.579	0.000013476648751278551
0.5795	0.000013479898822924852
0.58	0.000013483149300936061
0.5805	0.000013486400189138825
0.581	0.000013489651486653706
0.5815	0.000013492903190824298
0.582	0.000013496155301729261
0.5825	0.000013499407819447265
0.583	0.000013502660744056973
0.5835	0.000013505914075637056
0.584	0.00001350916781426619
0.5845	0.000013512421960023053
0.585	0.000013515676512986319
0.5855	0.000013518931473234673
0.586	0.000013522186840846799
0.5865	0.000013525442615901387
0.587	0.000013528698798477127
0.5875	0.00001353195538865271
0.588	0.000013535212386506831
0.5885	0.000013538469792118193
0.589	0.000013541727605565496
0.5895	0.00001354498582692744
0.59	0.000013548244456282738
0.5905	0.000013551503493710093
0.591	0.000013554762939281268
0.5915	0.000013558022793088775
0.592	0.000013561283055204519
0.5925	0.000013564543725707224
0.593	0.000013567804804675611
0.5935	0.000013571066292188408
0.594	0.000013574328188324337
0.5945	0.000013577590493162131
0.595	0.000013580853206780524
0.5955	0.000013584116329258252
0.596	0.000013587379860674048
0.5965	0.000013590643806552192
0.597	0.000013593908179209988
0.5975	0.00001359717296088589
0.598	0.000013600438151524935
0.5985	0.000013603703751072003
0.599	0.00001360696975947181
0.5995	0.000013610236176668898
0.6	0.00001361350300260765
0.6005	0.000013616770237232283
0.601	0.000013620037880486847
0.6015	0.000013623305932315224
0.602	0.000013626574392661133
0.6025	0.000013629843261468131
0.603	0.000013633112538679598
0.6035	0.000013636382224238753
0.604	0.000013639652318088652
0.6045	0.000013642922820172179
0.605	0.000013646193730432054
0.6055	0.00001364946504881083
0.606	0.000013652736775250892
0.6065	0.000013656008909694454
0.607	0.000013659281452083574
0.6075	0.000013662554402360131
0.608	0.000013665827760474267
0.6085	0.000013669101526350797
0.609	0.000013672375699939364
0.6095	0.000013675650281181181
0.61	0.000013678925270017289
0.6105	0.000013682200666388563
0.611	0.000013685476470235708
0.6115	0.000013688752681499269
0.612	0.00001369202930011961
0.6125	0.000013695306326036934
0.613	0.000013698583721907566
0.6135	0.000013701861526068726
0.614	0.00001370513973776141
0.6145	0.000013708418357137163
0.615	0.000013711697384347613
0.6155	0.00001371497681954449
0.616	0.000013718256662879614
0.6165	0.000013721536914504896
0.617	0.000013724817574572351
0.6175	0.000013728098643234079
0.618	0.000013731380120642278
0.6185	0.000013734662006949243
0.619	0.00001373794430230736
0.6195	0.000013741227006869109
0.62	0.000013744510120787069
0.6205	0.00001374779364421391
0.621	0.000013751077577302395
0.6215	0.00001375436192020539
0.622	0.000013757646673075847
0.6225	0.000013760931836066824
0.623	0.000013764217409331461
0.6235	0.000013767503393023003
0.624	0.000013770789787294785
0.6245	0.000013774076592300243
0.625	0.000013777363808225733
0.6255000000000001	0.000013780651435159639
0.626	0.000013783939473287915
0.6265000000000001	0.000013787227922764374
0.627	0.000013790516783742918
0.6275000000000001	0.000013793806056377557
0.628	0.000013797095740822385
0.6285000000000001	0.000013800385837231602
0.629	0.000013803676365979242
0.6295000000000001	0.000013806967308104706
0.63	0.000013810258662421544
0.6305000000000001	0.000013813550428958436
0.631	0.000013816842607743988
0.6315000000000001	0.000013820135198806753
0.632	0.00001382342820217522
0.6325000000000001	0.00001382672161787782
0.633	0.000013830015445942917
0.6335000000000001	0.000013833309686398817
0.634	0.000013836604339273765
0.6345000000000001	0.000013839899404595941
0.635	0.000013843194882393468
0.6355000000000001	0.000013846490772694405
0.636	0.000013849787075526745
0.6365000000000001	0.000013853083790918425
0.637	0.000013856380918897317
0.6375000000000001	0.000013859678459491234
0.638	0.000013862976412727924
0.6385000000000001	0.000013866274778635073
0.639	0.0000138695735572403
0.6395000000000001	0.000013872872748571175
0.64	0.000013876172352655191
0.6405	0.000013879472369519788
0.641	0.000013882772799192337
0.6415	0.000013886073641645176
0.642	0.000013889374897014639
0.6425	0.000013892676565274098
0.643	0.000013895978646450682
0.6435	0.000013899281140571457
0.644	0.000013902584047663433
0.6445	0.000013905887367753543
0.645	0.000013909191126404732
0.6455	0.000013912495298222637
0.646	0.000013915799882825396
0.6465	0.000013919104880086942
0.647	0.000013922410289880965
0.6475	0.000013925716112080892
0.648	0.000013929022346559905
0.6485	0.00001393232899319092
0.649	0.000013935636051846612
0.6495	0.000013938943522399387
0.65	0.000013942251404721407
0.6505	0.000013945559698684575
0.651	0.000013948868404160538
0.6515	0.00001395217752102069
0.652	0.000013955487049136166
0.6525	0.00001395879698837785
0.653	0.000013962107338616366
0.6535	0.000013965418099722088
0.654	0.000013968729271565127
0.6545	0.000013972040854015342
0.655	0.000013975352846942335
0.6555	0.000013978665250215452
0.656	0.000013981978063703782
0.6565	0.000013985291287276157
0.657	0.000013988604920801155
0.6575	0.000013991918964147094
0.658	0.000013995233417182034
0.6585	0.00001399854827980854
0.659	0.000014001863551825039
0.6595	0.000014005179233132993
0.66	0.000014008495323599428
0.6605	0.000014011811823091116
0.661	0.000014015128677710108
0.6615	0.00001401844594897226
0.662	0.00001402176362943713
0.6625	0.000014025081719246315
0.663	0.000014028400218541505
0.6635	0.000014031719127464464
0.664	0.00001403503844615704
0.6645	0.000014038358174761164
0.665	0.000014041678313418844
0.6655	0.000014044998862272174
0.666	0.00001404831982146333
0.6665	0.000014051641191134563
0.667	0.000014054962971428216
0.6675	0.000014058285162486706
0.668	0.000014061607764452534
0.6685	0.000014064930777468283
0.669	0.00001406825420167662
0.6695	0.00001407157803722029
0.67	0.000014074902284242128
0.6705	0.00001407822694288504
0.671	0.000014081552013292027
0.6715	0.000014084877495606157
0.672	0.000014088203389970598
0.6725	0.000014091529696528586
0.673	0.000014094856415423447
0.6735	0.00001409818354679859
0.674	0.000014101511090797502
0.6745	0.000014104839047563757
0.675	0.00001410816741728525
0.6755	0.000014111496200017809
0.676	0.000014114825395948683
0.6765	0.000014118155021685038
0.677	0.000014121485079971085
0.6775	0.00001412481555158823
0.678	0.000014128146436466632
0.6785	0.000014131477734536268
0.679	0.000014134809445726931
0.6795	0.000014138141569968231
0.68	0.000014141474107189601
0.6805	0.000014144807057320283
0.681	0.000014148140420289341
0.6815	0.000014151474196025657
0.682	0.000014154808384457927
0.6825	0.000014158142985514664
0.683	0.0000141614779991242
0.6835	0.000014164813425214682
0.684	0.000014168149263714072
0.6845	0.000014171485514550149
0.685	0.000014174822177650512
0.6855	0.00001417815925294257
0.686	0.000014181496740353553
0.6865	0.000014184834639810502
0.687	0.000014188172951240276
0.6875	0.000014191511674569551
0.6880000000000001	0.000014194850809724815
0.6885	0.000014198190356632374
0.6890000000000001	0.00001420153031521835
0.6895	0.000014204870685408674
0.6900000000000001	0.0000142082114671291
0.6905	0.00001421155266030519
0.6910000000000001	0.000014214894264862324
0.6915	0.000014218236280642438
0.6920000000000001	0.000014221578707735981
0.6925	0.00001422492153346353
0.6930000000000001	0.000014228264768711252
0.6935	0.000014231608415120786
0.6940000000000001	0.000014234952472702193
0.6945	0.000014238296941465448
0.6950000000000001	0.000014241641821420451
0.6955	0.000014244987112577014
0.6960000000000001	0.000014248332814944872
0.6965	0.00001425167892853368
0.6970000000000001	0.00001425502545335301
0.6975	0.00001425837238941235
0.6980000000000001	0.00001426171973672111
0.6985	0.00001426506749528862
0.6990000000000001	0.000014268415665124123
0.6995	0.00001427176424623678
0.7000000000000001	0.00001427511323863568
0.7005	0.000014278462642329817
0.7010000000000001	0.000014281812457328112
0.7015	0.0000142851626836394
0.7020000000000001	0.000014288513321272434
0.7025	0.000014291864370235888
0.7030000000000001	0.000014295215830538347
0.7035	0.000014298567702188321
0.704	0.000014301919985194232
0.7045	0.000014305272679564424
0.705	0.000014308625785307153
0.7055	0.000014311979302430595
0.706	0.000014315333230942844
0.7065	0.000014318687570851912
0.707	0.00001432204232216572
0.7075	0.000014325397484892119
0.708	0.000014328753062628341
0.7085	0.000014332109056382968
0.709	0.000014335465461504437
0.7095	0.000014338822277950229
0.71	0.00001434217950567767
0.7105	0.00001434553714464395
0.711	0.000014348895194806111
0.7115	0.000014352253656121048
0.712	0.000014355612528545513
0.7125	0.000014358971812036112
0.713	0.000014362331506549302
0.7135	0.000014365691612041402
0.714	0.000014369052128468579
0.7145	0.000014372413055786856
0.715	0.00001437577439395211
0.7155	0.00001437913614292007
0.716	0.000014382498302646323
0.7165	0.000014385860873086306
0.717	0.000014389223854195311
0.7175	0.000014392587245928486
0.718	0.000014395951048240824
0.7185	0.000014399315261087181
0.719	0.00001440267988442226
0.7195	0.000014406044918200621
0.72	0.000014409410362376672
0.7205	0.00001441277621690468
0.721	0.000014416142481738758
0.7215	0.000014419509156832874
0.722	0.000014422876242140853
0.7225	0.000014426243737616364
0.723	0.000014429611643212935
0.7235	0.000014432979958883944
0.724	0.000014436348681852431
0.7245	0.000014439717815026731
0.725	0.000014443087358193782
0.7255	0.000014446457311294012
0.726	0.000014449827674295432
0.7265	0.00001445319844716593
0.727	0.000014456569629873254
0.7275	0.000014459941222385028
0.728	0.000014463313224668745
0.7285	0.000014466685636691765
0.729	0.000014470058458421321
0.7295	0.000014473431689824512
0.73	0.000014476805330868312
0.7305	0.000014480179381519557
0.731	0.000014483553841744956
0.7315	0.000014486928711511086
0.732	0.000014490303990784395
0.7325	0.000014493679679531197
0.733	0.000014497055777717674
0.7335	0.000014500432285309882
0.734	0.00001450380920227374
0.7345	0.000014507186528575038
0.735	0.000014510564264179433
0.7355	0.00001451394240905245
0.736	0.000014517320963159481
0.7365	0.000014520699926465792
0.737	0.000014524079298936507
0.7375	0.000014527459080536627
0.738	0.000014530839271231017
0.7385	0.000014534219870984406
0.739	0.000014537600879761394
0.7395	0.000014540982296049746
0.74	0.000014544364121097055
0.7405	0.000014547746355096727
0.741	0.000014551128997989789
0.7415	0.000014554512049767113
0.742	0.000014557895510402934
0.7425	0.00001456127937987137
0.743	0.000014564663658146408
0.7435	0.000014568048345201921
0.744	0.000014571433441011662
0.7445	0.000014574818945549258
0.745	0.00001457820485878822
0.7455	0.000014581591180701933
0.746	0.000014584977911263661
0.7465	0.000014588365050446552
0.747	0.000014591752598223623
0.7475	0.000014595140554567778
0.748	0.000014598528919451793
0.7485	0.000014601917692848327
0.749	0.000014605306874729912
0.7495	0.000014608696465068961
0.75	0.000014612086463837763
0.7505000000000001	0.000014615476871008488
0.751	0.000014618867686553177
0.7515000000000001	0.000014622258910443754
0.752	0.000014625650542652018
0.7525000000000001	0.00001462904258314965
0.753	0.000014632435031908197
0.7535000000000001	0.000014635827888899094
0.754	0.000014639221154093648
0.7545000000000001	0.000014642614827463043
0.755	0.00001464600891383612
0.7555000000000001	0.000014649403409654324
0.756	0.000014652798313493385
0.7565000000000001	0.000014656193625285181
0.757	0.000014659589344956064
0.7575000000000001	0.000014662985472448236
0.758	0.000014666382007687788
0.7585000000000001	0.000014669778950605918
0.759	0.000014673176301133652
0.7595000000000001	0.000014676574059201845
0.76	0.000014679972224741184
0.7605000000000001	0.00001468337079768218
0.761	0.000014686769777955176
0.7615000000000001	0.000014690169165490345
0.762	0.000014693568960217683
0.7625000000000001	0.000014696969162067022
0.763	0.000014700369770968016
0.7635000000000001	0.000014703770786850148
0.764	0.000014707172209642734
0.7645000000000001	0.000014710574039274912
0.765	0.00001471397627567565
0.7655000000000001	0.000014717378918773747
0.766	0.000014720781968497824
0.7665000000000001	0.000014724185424776333
0.767	0.000014727589287537554
0.7675000000000001	0.000014730993556709592
0.768	0.000014734398232220378
0.7685	0.000014737803313997675
0.769	0.000014741208801969069
0.7695	0.000014744614696061975
0.77	0.000014748020996203631
0.7705	0.000014751427691181875
0.771	0.00001475483478933686
0.7715	0.000014758242293473787
0.772	0.000014761650203606857
0.7725	0.000014765058519750196
0.773	0.000014768467241914155
0.7735	0.000014771876370120109
0.774	0.000014775285904378331
0.7745	0.000014778695844702667
0.775	0.000014782106191106906
0.7755	0.000014785516943604756
0.776	0.000014788928102209858
0.7765	0.000014792339666935785
0.777	0.000014795751637796039
0.7775	0.000014799164014804048
0.778	0.000014802576797973174
0.7785	0.00001480598998731671
0.779	0.000014809403582847871
0.7795	0.000014812817584579809
0.78	0.000014816231992525603
0.7805	0.000014819646806698257
0.781	0.000014823062027110712
0.7815	0.000014826477653775833
0.782	0.000014829893686706413
0.7825	0.000014833310125915178
0.783	0.00001483672697141478
0.7835	0.000014840144223217799
0.784	0.000014843561881336748
0.7845	0.000014846979945784066
0.785	0.00001485039841657212
0.7855	0.000014853817293713206
0.786	0.00001485723659514379
0.7865	0.000014860656304162174
0.787	0.00001486407641934164
0.7875	0.00001486749694057218
0.788	0.000014870917867743574
0.7885	0.000014874339200745385
0.789	0.000014877760939481134
0.7895	0.000014881183083811753
0.79	0.000014884605633640091
0.7905	0.000014888028588854837
0.791	0.000014891451949344469
0.7915	0.000014894875714997243
0.792	0.0000148982998857012
0.7925	0.000014901724461344166
0.793	0.000014905149441813745
0.7935	0.000014908574826997322
0.794	0.000014912000616782066
0.7945	0.000014915426811054932
0.795	0.000014918853409702652
0.7955	0.000014922280412611739
0.796	0.000014925707819668492
0.7965	0.000014929135630758988
0.797	0.000014932563845769086
0.7975	0.000014935992464584428
0.798	0.000014939421487090435
0.7985	0.00001494285091317231
0.799	0.000014946280742715036
0.7995	0.00001494971097560338
0.8	0.000014953141611721883
0.8005	0.000014956572650954876
0.801	0.000014960004093186462
0.8015	0.000014963435923217419
0.802	0.000014966868158369838
0.8025	0.00001497030079634539
0.803	0.000014973733837109274
0.8035	0.000014977167280626563
0.804	0.000014980601126862206
0.8045	0.000014984035375781022
0.805	0.00001498747002731509
0.8055	0.00001499090508149388
0.806	0.000014994340538249767
0.8065	0.000014997776397547082
0.807	0.000015001212659350032
0.8075	0.000015004649323622691
0.808	0.00001500808639032902
0.8085	0.000015011523859432844
0.809	0.00001501496173089787
0.8095	0.000015018400004687679
0.81	0.000015021838680765724
0.8105	0.000015025277759095334
0.811	0.000015028717239639712
0.8115	0.000015032157122361935
0.812	0.000015035597407224956
0.8125	0.0000150390380941916
0.8130000000000001	0.000015042479183224571
0.8135	0.00001504592067428644
0.8140000000000001	0.000015049362567339654
0.8145	0.000015052804862346536
0.8150000000000001	0.000015056247559269282
0.8155	0.000015059690658069963
0.8160000000000001	0.00001506313415871052
0.8165	0.000015066578064393153
0.8170000000000001	0.000015070022374674357
0.8175	0.000015073467086622731
0.8180000000000001	0.000015076912200160546
0.8185	0.000015080357715209889
0.8190000000000001	0.000015083803631692687
0.8195	0.000015087249949530684
0.8200000000000001	0.00001509069666864546
0.8205	0.000015094143788958416
0.8210000000000001	0.000015097591310437138
0.8215	0.000015101039232910403
0.8220000000000001	0.00001510448755634474
0.8225	0.000015107936280660852
0.8230000000000001	0.000015111385405779268
0.8235	0.000015114834931620347
0.8240000000000001	0.000015118284858104278
0.8245	0.000015121735185151064
0.8250000000000001	0.000015125185912680546
0.8255	0.000015128637040612386
0.8260000000000001	0.00001513208856886607
0.8265	0.000015135540497360913
0.8270000000000001	0.000015138992826016057
0.8275	0.000015142445554750462
0.8280000000000001	0.000015145898683482923
0.8285	0.000015149352212132052
0.8290000000000001	0.000015152806140616292
0.8295	0.000015156260468853909
0.8300000000000001	0.000015159715196762995
0.8305	0.000015163170324261462
0.8310000000000001	0.000015166625851267055
0.8315	0.000015170081777697336
0.8320000000000001	0.0000151735380964575
0.8325	0.000015176994814493266
0.833	0.000015180451931793819
0.8335	0.00001518390944832164
0.834	0.000015187367364039082
0.8345	0.000015190825678908373
0.835	0.00001519428439289162
0.8355	0.000015197743505950809
0.836	0.000015201203018047795
0.8365	0.000015204662929144317
0.837	0.000015208123239170312
0.8375	0.000015211583948150382
0.838	0.000015215045056014643
0.8385	0.00001521850656272434
0.839	0.00001522196846824059
0.8395	0.00001522543077252439
0.84	0.000015228893475536607
0.8405	0.000015232356577237993
0.841	0.000015235820077589164
0.8415	0.000015239283976550617
0.842	0.000015242748274082727
0.8425	0.00001524621297014574
0.843	0.000015249678064699775
0.8435	0.000015253143557704835
0.844	0.000015256609449120789
0.8445	0.000015260075738907384
0.845	0.000015263542427024242
0.8455	0.00001526700951343086
0.846	0.00001527047699808661
0.8465	0.000015273944880950735
0.847	0.00001527741316540507
0.8475	0.00001528088185056756
0.848	0.000015284350933755994
0.8485	0.000015287820414889844
0.849	0.0000152912902938884
0.8495	0.000015294760570670805
0.85	0.00001529823124515601
0.8505	0.000015301702317262806
0.851	0.000015305173786909803
0.8515	0.00001530864565401545
0.852	0.00001531211791849802
0.8525	0.00001531559058029088
0.853	0.00001531906363928158
0.8535	0.000015322537095402892
0.854	0.000015326010948572403
0.8545	0.000015329485198707528
0.855	0.000015332959845725496
0.8555	0.00001533643488954338
0.856	0.000015339910330078073
0.8565	0.0000153433861672463
0.857	0.000015346862400964607
0.8575	0.000015350339031149373
0.858	0.0000153538160577168
0.8585	0.00001535729348058292
0.859	0.000015360771299663588
0.8595	0.000015364249514874495
0.86	0.00001536772812613115
0.8605	0.000015371207133348887
0.861	0.000015374686536442874
0.8615	0.000015378166335328104
0.862	0.000015381646529919395
0.8625	0.00001538512711410013
0.863	0.000015388608095046186
0.8635	0.00001539208947151143
0.864	0.00001539557124344182
0.8645	0.00001539905341078317
0.865	0.000015402535973481173
0.8655	0.000015406018931481367
0.866	0.000015409502284729154
0.8665	0.000015412986033169808
0.867	0.000015416470176748453
0.8675	0.00001541995471541008
0.868	0.000015423439649099544
0.8685	0.000015426924977743452
0.869	0.000015430410701322458
0.8695	0.000015433896819763135
0.87	0.000015437383333009776
0.8705	0.00001544087024100654
0.871	0.00001544435754369745
0.8715	0.00001544784524102638
0.872	0.000015451333332937073
0.8725	0.000015454821819373138
0.873	0.000015458310700278026
0.8735	0.00001546179997559506
0.874	0.00001546528964526743
0.8745	0.000015468779709238176
0.875	0.000015472270167450196
0.8755000000000001	0.000015475761019846255
0.876	0.000015479252266368973
0.8765000000000001	0.000015482743906960834
0.877	0.000015486235941564182
0.8775000000000001	0.000015489728374744417
0.878	0.000015493221201665775
0.8785000000000001	0.000015496714422366076
0.879	0.000015500208036757343
0.8795000000000001	0.000015503702044751418
0.88	0.000015507196446259974
0.8805000000000001	0.000015510691241194515
0.881	0.00001551418642946635
0.8815000000000001	0.000015517682010986637
0.882	0.00001552117798566635
0.8825000000000001	0.00001552467435341628
0.883	0.000015528171114147057
0.8835000000000001	0.00001553166826776913
0.884	0.00001553516581420847
0.8845000000000001	0.000015538663753343896
0.885	0.000015542162085100815
0.8855000000000001	0.00001554566080938897
0.886	0.00001554915992611793
0.8865000000000001	0.000015552659435197097
0.887	0.000015556159336535683
0.8875000000000001	0.00001555965963004273
0.888	0.000015563160315627113
0.8885000000000001	0.00001556666139319752
0.889	0.000015570162862662465
0.8895000000000001	0.000015573664723930293
0.89	0.000015577166976909164
0.8905000000000001	0.00001558066962150706
0.891	0.000015584172657631802
0.8915000000000001	0.000015587676085191017
0.892	0.000015591179904092163
0.8925000000000001	0.00001559468411181737
0.893	0.00001559818871048149
0.8935000000000001	0.000015601693700241762
0.894	0.00001560519908102262
0.8945000000000001	0.000015608704852748362
0.895	0.000015612211015343117
0.8955000000000001	0.00001561571756873086
0.896	0.000015619224512835407
0.8965	0.00001562273184758042
0.897	0.0000156262395728894
0.8975	0.000015629747688685683
0.898	0.000015633256194892467
0.8985	0.000015636765091432768
0.899	0.000015640274378229466
0.8995	0.00001564378405519247
0.9	0.00001564729412226981
0.9005	0.000015650804579371278
0.901	0.00001565431542641911
0.9015	0.000015657826663335393
0.902	0.000015661338290042034
0.9025	0.0000156648503064608
0.903	0.000015668362712513294
0.9035	0.000015671875508120957
0.904	0.000015675388693205072
0.9045	0.00001567890226768676
0.905	0.000015682416231486994
0.9055	0.000015685930584526575
0.906	0.000015689445326726153
0.9065	0.00001569296045800621
0.907	0.00001569647597828708
0.9075	0.00001569999188631165
0.908	0.00001570350818305096
0.9085	0.000015707024868567316
0.909	0.000015710541942789195
0.9095	0.000015714059405644922
0.91	0.000015717577257062672
0.9105	0.000015721095496970463
0.911	0.000015724614125296177
0.9115	0.00001572813314196753
0.912	0.00001573165254691209
0.9125	0.000015735172340057282
0.913	0.00001573869252133038
0.9135	0.000015742213090658487
0.914	0.000015745734047968587
0.9145	0.000015749255393187485
0.915	0.000015752777126253886
0.9155	0.000015756299247070333
0.916	0.00001575982175557505
0.9165	0.000015763344651694236
0.917	0.000015766867935353956
0.9175	0.00001577039160648011
0.918	0.000015773915664998454
0.9185	0.00001577744011083459
0.919	0.000015780964943913972
0.9195	0.000015784490164161887
0.92	0.000015788015771503487
0.9205	0.000015791541765863767
0.921	0.000015795068147167563
0.9215	0.000015798594915339563
0.922	0.00001580212207030431
0.9225	0.00001580564961174736
0.923	0.000015809177539829156
0.9235	0.000015812705854479548
0.924	0.000015816234555624105
0.9245	0.000015819763643188237
0.925	0.00001582329311709721
0.9255	0.000015826822977276134
0.926	0.000015830353223649968
0.9265	0.000015833883856143516
0.927	0.00001583741487468144
0.9275	0.00001584094627918824
0.928	0.000015844478069588273
0.9285	0.000015848010245805735
0.929	0.000015851542807764677
0.9295	0.000015855075755388995
0.93	0.000015858609088602437
0.9305	0.000015862142807321393
0.931	0.000015865676911483648
0.9315	0.000015869211401005388
0.932	0.000015872746275809754
0.9325	0.000015876281535819728
0.933	0.000015879817180958143
0.9335	0.000015883353211147674
0.934	0.000015886889626310847
0.9345	0.00001589042642637004
0.935	0.000015893963611247465
0.9355	0.00001589750118086519
0.936	0.00001590103913514514
0.9365	0.000015904577474009057
0.937	0.00001590811619737856
0.9375	0.00001591165530243358
0.9380000000000001	0.000015915194792244833
0.9385	0.000015918734666359366
0.9390000000000001	0.00001592227492471416
0.9395	0.00001592581556724605
0.9400000000000001	0.000015929356593891747
0.9405	0.00001593289800458782
0.9410000000000001	0.000015936439799270706
0.9415	0.0000159399819778767
0.9420000000000001	0.000015943524540341958
0.9425	0.000015947067486602503
0.9430000000000001	0.00001595061081659423
0.9435	0.000015954154530252875
0.9440000000000001	0.000015957698627514058
0.9445	0.00001596124310831325
0.9450000000000001	0.000015964787972585793
0.9455	0.000015968333220266884
0.9460000000000001	0.000015971878851287985
0.9465	0.000015975424865591197
0.9470000000000001	0.00001597897126310776
0.9475	0.000015982518043772316
0.9480000000000001	0.000015986065207519386
0.9485	0.000015989612754283334
0.9490000000000001	0.000015993160683998406
0.9495	0.000015996708996598695
0.9500000000000001	0.000016000257692018168
0.9505	0.00001600380677019064
0.9510000000000001	0.0000160073562310498
0.9515	0.00001601090607452919
0.9520000000000001	0.000016014456303624276
0.9525	0.00001601800691901224
0.9530000000000001	0.000016021557916754626
0.9535	0.000016025109296737405
0.9540000000000001	0.00001602866105884635
0.9545	0.00001603221320296706
0.9550000000000001	0.000016035765728984927
0.9555	0.000016039318636785167
0.9560000000000001	0.000016042871926252797
0.9565	0.00001604642559727265
0.9570000000000001	0.000016049979649729365
0.9575	0.0000160535340835074
0.9580000000000001	0.00001605708889849101
0.9585	0.000016060644094564273
0.9590000000000001	0.000016064199671611064
0.9595	0.000016067755629515082
0.96	0.00001607131196815982
0.9605	0.000016074868687428603
0.961	0.000016078425787204534
0.9615	0.000016081983267369883
0.962	0.000016085541127808726
0.9625	0.000016089099368402952
0.963	0.00001609265798903492
0.9635	0.000016096216989586794
0.964	0.000016099776369940548
0.9645	0.000016103336129977972
0.965	0.000016106896269580665
0.9655	0.000016110456788630023
0.966	0.000016114017687007263
0.9665	0.00001611757896459341
0.967	0.00001612114061866735
0.9675	0.000016124702651150697
0.968	0.000016128265062523544
0.9685	0.000016131827852688014
0.969	0.000016135391021546055
0.9695	0.000016138954568999448
0.97	0.00001614251849494981
0.9705	0.00001614608279929858
0.971	0.00001614964748194704
0.9715	0.000016153212542796293
0.972	0.00001615677798174728
0.9725	0.000016160343798700776
0.973	0.000016163909993557373
0.9735	0.0000161674765662175
0.974	0.000016171043516581433
0.9745	0.000016174610844549253
0.975	0.000016178178550020885
0.9755	0.000016181746632896093
0.976	0.000016185315093074454
0.9765	0.000016188883930448837
0.977	0.000016192453144931534
0.9775	0.00001619602273641517
0.978	0.000016199592704798644
0.9785	0.0000162031630499807
0.979	0.0000162067337718599
0.9795	0.000016210304870334645
0.98	0.000016213876345303154
0.9805	0.000016217448196663496
0.981	0.00001622102042431355
0.9815	0.000016224593028151033
0.982	0.0000162281659957242
0.9825	0.00001623173934210778
0.983	0.000016235313064519786
0.9835	0.000016238887162923842
0.984	0.000016242461637283455
0.9845	0.000016246036487562053
0.985	0.000016249611713722946
0.9855	0.000016253187315729352
0.986	0.000016256763293544383
0.9865	0.000016260339647131055
0.987	0.000016263916376452276
0.9875	0.000016267493481470865
0.988	0.00001627107096214952
0.9885	0.000016274648818450864
0.989	0.00001627822705033739
0.9895	0.00001628180565777151
0.99	0.000016285384640715526
0.9905	0.000016288963999131643
0.991	0.00001629254373298196
0.9915	0.000016296123842228476
0.992	0.000016299704326852464
0.9925	0.000016303285186777025
0.993	0.000016306866421983037
0.9935	0.000016310448032432096
0.994	0.000016314030018085684
0.9945	0.00001631761237890519
0.995	0.000016321195114851896
0.9955	0.000016324778225886983
0.996	0.00001632836171197153
0.9965	0.000016331945581111753
0.997	0.000016335529826661028
0.9975	0.00001633911444702315
0.998	0.0000163426994420924
0.9985	0.00001634628481176288
0.999	0.000016349870555928532
0.9995	0.00001635345667448312