0.	7.620996879427525e-6
0.0005	7.624749469779897e-6
0.001	7.6285019480640905e-6
0.0015	7.632254314151475e-6
0.002	7.636006567913456e-6
0.0025	7.63975870922148e-6
0.003	7.64351073794704e-6
0.0035	7.647262653961656e-6
0.004	7.651014457136902e-6
0.0045000000000000005	7.654766147344382e-6
0.005	7.658517724455744e-6
0.0055	7.662269188342678e-6
0.006	7.666020538876913e-6
0.006500000000000001	7.669771775930216e-6
0.007	7.673522899374398e-6
0.0075	7.677273909081307e-6
0.008	7.681024804922834e-6
0.0085	7.684775586770907e-6
0.009000000000000001	7.6885262544975e-6
0.0095	7.692276811935851e-6
0.01	7.69602725890032e-6
0.0105	7.699777591268592e-6
0.011	7.70352780885278e-6
0.0115	7.707277911472773e-6
0.012	7.711027898925233e-6
0.0125	7.714777771030238e-6
0.013000000000000001	7.71852752760014e-6
0.0135	7.722277168447341e-6
0.014	7.72602669338432e-6
0.0145	7.7297761022236e-6
0.015	7.733525394777772e-6
0.0155	7.737274570859485e-6
0.016	7.741023630281445e-6
0.0165	7.744772572856423e-6
0.017	7.748521398397247e-6
0.0175	7.752270106716807e-6
0.018000000000000002	7.756018697628049e-6
0.0185	7.759767170943983e-6
0.019	7.76351552647768e-6
0.0195	7.767263764042268e-6
0.02	7.771011883450942e-6
0.0205	7.774759884516947e-6
0.021	7.778507767053599e-6
0.021500000000000002	7.78225553087427e-6
0.022	7.786003175792394e-6
0.0225	7.789750701621466e-6
0.023	7.79349810817504e-6
0.0235	7.797245393105333e-6
0.024	7.800992555175536e-6
0.0245	7.804739597462275e-6
0.025	7.808486519834023e-6
0.025500000000000002	7.812233322138652e-6
0.026000000000000002	7.815980004230965e-6
0.0265	7.81972656596581e-6
0.027	7.823473007198083e-6
0.0275	7.827219327782732e-6
0.028	7.830965527574752e-6
0.0285	7.834711606429184e-6
0.029	7.838457564201123e-6
0.029500000000000002	7.842203400745708e-6
0.03	7.84594911591813e-6
0.0305	7.849694709573624e-6
0.031	7.85344018156748e-6
0.0315	7.857185531755035e-6
0.032	7.86093075999167e-6
0.0325	7.864675866132823e-6
0.033	7.868420850033975e-6
0.0335	7.872165711550659e-6
0.034	7.875910450538457e-6
0.0345	7.879655066852999e-6
0.035	7.883399560349964e-6
0.035500000000000004	7.887143930885083e-6
0.036000000000000004	7.890888178314132e-6
0.0365	7.894632302492941e-6
0.037	7.898376303277387e-6
0.0375	7.902120180001306e-6
0.038	7.905863931667831e-6
0.0385	7.909607559526467e-6
0.039	7.913351063447693e-6
0.0395	7.91709444330203e-6
0.04	7.920837698960045e-6
0.0405	7.924580830292353e-6
0.041	7.928323837169612e-6
0.0415	7.932066719462523e-6
0.042	7.935809477041833e-6
0.0425	7.939552109778336e-6
0.043000000000000003	7.943294617542871e-6
0.043500000000000004	7.947037000206322e-6
0.044	7.950779257639616e-6
0.0445	7.954521389713725e-6
0.045	7.95826339629967e-6
0.0455	7.962005277268517e-6
0.046	7.965747032491375e-6
0.0465	7.969488661839398e-6
0.047	7.973230165183789e-6
0.0475	7.976971542395792e-6
0.048	7.9807127933467e-6
0.0485	7.98445391790785e-6
0.049	7.988194915950627e-6
0.0495	7.991935787346457e-6
0.05	7.995676531966814e-6
0.0505	7.999417149687283e-6
0.051000000000000004	8.003157640371261e-6
0.051500000000000004	8.00689800571064e-6
0.052000000000000005	8.010638256707334e-6
0.0525	8.014378380159568e-6
0.053	8.018118375827317e-6
0.0535	8.021858243470636e-6
0.054	8.025597982849666e-6
0.0545	8.029337593724635e-6
0.055	8.033077075855854e-6
0.0555	8.036816429003717e-6
0.056	8.040555652928706e-6
0.0565	8.044294747391388e-6
0.057	8.048033712152412e-6
0.0575	8.051772546972513e-6
0.058	8.055511251612517e-6
0.0585	8.059249825833328e-6
0.059000000000000004	8.062988269395942e-6
0.059500000000000004	8.066726582061436e-6
0.06	8.070464763590976e-6
0.0605	8.074202813745813e-6
0.061	8.077940732287287e-6
0.0615	8.081678518976818e-6
0.062	8.085416173575922e-6
0.0625	8.089153695846194e-6
0.063	8.092891085549317e-6
0.0635	8.096628342447067e-6
0.064	8.10036546625488e-6
0.0645	8.104102456828317e-6
0.065	8.107839313882632e-6
0.0655	8.111576037832452e-6
0.066	8.115312615564116e-6
0.0665	8.119049059146971e-6
0.067	8.122785368430777e-6
0.0675	8.12652154326535e-6
0.068	8.13025758350056e-6
0.0685	8.133993488986335e-6
0.069	8.137729259572662e-6
0.0695	8.14146489510958e-6
0.07	8.145200395447192e-6
0.07050000000000001	8.14893576043565e-6
0.07100000000000001	8.15267098992517e-6
0.07150000000000001	8.156406083766019e-6
0.07200000000000001	8.160141041808524e-6
0.0725	8.16387586390307e-6
0.073	8.167610549900098e-6
0.0735	8.171345099650106e-6
0.074	8.17507951300365e-6
0.0745	8.178813789811341e-6
0.075	8.182547929923851e-6
0.0755	8.186281933191908e-6
0.076	8.190015799466295e-6
0.0765	8.193749528597856e-6
0.077	8.197483120517094e-6
0.0775	8.201216574914632e-6
0.078	8.204949891721507e-6
0.0785	8.20868307078879e-6
0.079	8.212416111967605e-6
0.0795	8.21614901274864e-6
0.08	8.219881786642436e-6
0.0805	8.223614422150977e-6
0.081	8.227346919058306e-6
0.0815	8.231079277148544e-6
0.082	8.2348114962059e-6
0.0825	8.238543576014661e-6
0.083	8.242275516359203e-6
0.0835	8.246007317023983e-6
0.084	8.249738977793537e-6
0.0845	8.253470498452495e-6
0.085	8.257201878785563e-6
0.0855	8.260933118577534e-6
0.08600000000000001	8.264664217613283e-6
0.08650000000000001	8.268395175677769e-6
0.08700000000000001	8.27212599255604e-6
0.08750000000000001	8.275856668033225e-6
0.088	8.279587201894535e-6
0.0885	8.283317593925268e-6
0.089	8.28704784391081e-6
0.0895	8.290777951636626e-6
0.09	8.294507916821143e-6
0.0905	8.298237739385066e-6
0.091	8.301967419046771e-6
0.0915	8.305696955592071e-6
0.092	8.309426348806861e-6
0.0925	8.313155598477126e-6
0.093	8.316884704388929e-6
0.0935	8.32061366632843e-6
0.094	8.324342483610687e-6
0.0945	8.328071156023594e-6
0.095	8.331799683833914e-6
0.0955	8.335528066835235e-6
0.096	8.339256304821231e-6
0.0965	8.34298439758566e-6
0.097	8.346712344922365e-6
0.0975	8.350440146625269e-6
0.098	8.354167802488381e-6
0.0985	8.35789531230579e-6
0.099	8.361622675871678e-6
0.0995	8.365349892980302e-6
0.1	8.369076963426008e-6
0.1005	8.372803887003226e-6
0.101	8.376530663506468e-6
0.1015	8.380257292730332e-6
0.10200000000000001	8.383983774469501e-6
0.10250000000000001	8.387710108518746e-6
0.10300000000000001	8.391436294673902e-6
0.10350000000000001	8.395162332727921e-6
0.10400000000000001	8.398888222476818e-6
0.1045	8.402613963715695e-6
0.105	8.406339556239746e-6
0.1055	8.410064999844251e-6
0.106	8.413790294324569e-6
0.1065	8.417515439476155e-6
0.107	8.421240435094534e-6
0.1075	8.42496528097533e-6
0.108	8.428689975957897e-6
0.1085	8.43241451761856e-6
0.109	8.4361389089677e-6
0.1095	8.439863149832311e-6
0.11	8.443587240039462e-6
0.1105	8.447311179416294e-6
0.111	8.451034967790022e-6
0.1115	8.454758604987934e-6
0.112	8.458482090837392e-6
0.1125	8.462205425165834e-6
0.113	8.46592860780077e-6
0.1135	8.469651638569783e-6
0.114	8.473374517300532e-6
0.1145	8.477097243820752e-6
0.115	8.480819817958247e-6
0.1155	8.484542239540902e-6
0.116	8.488264508396666e-6
0.1165	8.491986624354808e-6
0.117	8.495708587240943e-6
0.11750000000000001	8.499430396884493e-6
0.11800000000000001	8.503152053113711e-6
0.11850000000000001	8.506873555756925e-6
0.11900000000000001	8.51059490464254e-6
0.11950000000000001	8.51431609959903e-6
0.12	8.518037140454949e-6
0.1205	8.521758027038925e-6
0.121	8.52547875917966e-6
0.1215	8.529199336705932e-6
0.122	8.532919756562096e-6
0.1225	8.536640065906478e-6
0.123	8.540360219828788e-6
0.1235	8.544080217847134e-6
0.124	8.547800059479827e-6
0.1245	8.551519744245387e-6
0.125	8.555239271662542e-6
0.1255	8.558958641250225e-6
0.126	8.56267785252758e-6
0.1265	8.566396905013959e-6
0.127	8.570115798228922e-6
0.1275	8.573834531692243e-6
0.128	8.577553104923905e-6
0.1285	8.581271517444099e-6
0.129	8.584989768773234e-6
0.1295	8.588707858424563e-6
0.13	8.592425785933733e-6
0.1305	8.5961435508144e-6
0.131	8.599861152587833e-6
0.1315	8.603578590775499e-6
0.132	8.607295864899092e-6
0.1325	8.61101297448052e-6
0.133	8.614729919041902e-6
0.1335	8.618446698105578e-6
0.134	8.62216331119411e-6
0.1345	8.625879757830268e-6
0.135	8.629596037537051e-6
0.1355	8.633312149837672e-6
0.136	8.637028119297108e-6
0.1365	8.640743833222918e-6
0.137	8.644459378598152e-6
0.1375	8.64817475541033e-6
0.138	8.651889963646984e-6
0.1385	8.655605003295654e-6
0.139	8.659319874343892e-6
0.1395	8.66303457677926e-6
0.14	8.666749110589333e-6
0.1405	8.670463475761694e-6
0.14100000000000001	8.674177672283941e-6
0.14150000000000001	8.677891700143676e-6
0.14200000000000002	8.681605559328517e-6
0.14250000000000002	8.685319249798463e-6
0.14300000000000002	8.68903277159674e-6
0.14350000000000002	8.692746124683282e-6
0.14400000000000002	8.696459309045748e-6
0.1445	8.700172324671808e-6
0.145	8.703885171549146e-6
0.1455	8.707597849665454e-6
0.146	8.711310359008435e-6
0.1465	8.715022699565803e-6
0.147	8.718734871325286e-6
0.1475	8.722446874274615e-6
0.148	8.726158708401538e-6
0.1485	8.729870373693815e-6
0.149	8.73358187013921e-6
0.1495	8.737293197725504e-6
0.15	8.741004356440484e-6
0.1505	8.744715356623147e-6
0.151	8.748426223060521e-6
0.1515	8.75213692016816e-6
0.152	8.755847447594858e-6
0.1525	8.759557804989577e-6
0.153	8.76326799200145e-6
0.1535	8.76697800827977e-6
0.154	8.770687853474001e-6
0.1545	8.774397527233773e-6
0.155	8.778107029208882e-6
0.1555	8.781816359047995e-6
0.156	8.785525516403852e-6
0.1565	8.789234500925458e-6
0.157	8.792943312263281e-6
0.1575	8.796651950067962e-6
0.158	8.800360413990306e-6
0.1585	8.804068703681293e-6
0.159	8.807776818792067e-6
0.1595	8.81148475897395e-6
0.16	8.815192523878424e-6
0.1605	8.818900113157149e-6
0.161	8.822607526461954e-6
0.1615	8.82631476344484e-6
0.162	8.830021823757979e-6
0.1625	8.83372870705371e-6
0.163	8.837435412984553e-6
0.1635	8.841141941203193e-6
0.164	8.84484829136249e-6
0.1645	8.848554463221515e-6
0.165	8.852260455631943e-6
0.1655	8.855966268946313e-6
0.166	8.859671902822554e-6
0.1665	8.863377356918762e-6
0.167	8.86708263089321e-6
0.1675	8.870787724404343e-6
0.168	8.874492637110774e-6
0.1685	8.878197368671295e-6
0.169	8.881901918745397e-6
0.1695	8.885606286991152e-6
0.17	8.8893104730684e-6
0.1705	8.893014476636623e-6
0.171	8.896718297355483e-6
0.1715	8.900421934884815e-6
0.17200000000000001	8.904125388884622e-6
0.17250000000000001	8.907828659015092e-6
0.17300000000000001	8.91153174493658e-6
0.17350000000000002	8.915234646309624e-6
0.17400000000000002	8.918937362794933e-6
0.17450000000000002	8.922639894053396e-6
0.17500000000000002	8.926342239746072e-6
0.17550000000000002	8.930044399534206e-6
0.176	8.933746373079212e-6
0.1765	8.93744816004269e-6
0.177	8.941149760086407e-6
0.1775	8.944851172872315e-6
0.178	8.948552398062542e-6
0.1785	8.952253435319399e-6
0.179	8.955954284062353e-6
0.1795	8.959654943793267e-6
0.18	8.963355414585485e-6
0.1805	8.967055696106827e-6
0.181	8.970755788025285e-6
0.1815	8.974455690009035e-6
0.182	8.978155401775017e-6
0.1825	8.981854922894003e-6
0.183	8.985554253083434e-6
0.1835	8.989253392012195e-6
0.184	8.992952339349346e-6
0.1845	8.996651094764126e-6
0.185	9.000349657925955e-6
0.1855	9.004048028504433e-6
0.186	9.007746206169338e-6
0.1865	9.01144419059063e-6
0.187	9.015141981438448e-6
0.1875	9.01883957838311e-6
0.188	9.02253698109512e-6
0.1885	9.02623418924516e-6
0.189	9.02993120250409e-6
0.1895	9.033628020542959e-6
0.19	9.03732464303299e-6
0.1905	9.041021069645595e-6
0.191	9.044717300052362e-6
0.1915	9.048413333925067e-6
0.192	9.052109170935666e-6
0.1925	9.055804810756298e-6
0.193	9.059500252689415e-6
0.1935	9.063195500435666e-6
0.194	9.066890549987477e-6
0.1945	9.070585400993474e-6
0.195	9.074280052552132e-6
0.1955	9.077974505418448e-6
0.196	9.081668758690883e-6
0.1965	9.085362812018898e-6
0.197	9.08905666505215e-6
0.1975	9.092750317440505e-6
0.198	9.096443768834018e-6
0.1985	9.100137018882947e-6
0.199	9.103830067237754e-6
0.1995	9.1075229135491e-6
0.2	9.111215557467842e-6
0.2005	9.114907998645045e-6
0.201	9.118600236731973e-6
0.2015	9.122292271380085e-6
0.202	9.125984102241054e-6
0.2025	9.129675728966746e-6
0.203	9.133367151209233e-6
0.20350000000000001	9.137058368620786e-6
0.20400000000000001	9.140749380853885e-6
0.20450000000000002	9.144440187561209e-6
0.20500000000000002	9.148130788395638e-6
0.20550000000000002	9.151821183010262e-6
0.20600000000000002	9.155511371058372e-6
0.20650000000000002	9.15920135219346e-6
0.20700000000000002	9.16289111919457e-6
0.20750000000000002	9.166580696161363e-6
0.20800000000000002	9.17027006565193e-6
0.2085	9.173959226229883e-6
0.209	9.17764817797426e-6
0.2095	9.181336920461246e-6
0.21	9.185025453267274e-6
0.2105	9.188713775969029e-6
0.211	9.192401888143445e-6
0.2115	9.196089789367711e-6
0.212	9.199777479219268e-6
0.2125	9.203464957275807e-6
0.213	9.20715222311527e-6
0.2135	9.210839276315861e-6
0.214	9.21452611645603e-6
0.2145	9.218212743114482e-6
0.215	9.221899155870177e-6
0.2155	9.225585354302336e-6
0.216	9.229271337990426e-6
0.2165	9.232957106514177e-6
0.217	9.23664265945357e-6
0.2175	9.240327996388846e-6
0.218	9.244013116900505e-6
0.2185	9.247698020569298e-6
0.219	9.251382706976239e-6
0.2195	9.255067175702597e-6
0.22	9.258751426329907e-6
0.2205	9.26243545843995e-6
0.221	9.26611927161478e-6
0.2215	9.269802864914581e-6
0.222	9.273486239412862e-6
0.2225	9.277169393724865e-6
0.223	9.280852327430493e-6
0.2235	9.284535040109915e-6
0.224	9.288217531343563e-6
0.2245	9.291899800712133e-6
0.225	9.295581847796587e-6
0.2255	9.299263672178153e-6
0.226	9.302945273438324e-6
0.2265	9.306626651158854e-6
0.227	9.31030780492177e-6
0.2275	9.313988734309365e-6
0.228	9.317669438904195e-6
0.2285	9.321349918289088e-6
0.229	9.325030172047137e-6
0.2295	9.328710199761704e-6
0.23	9.33239000101642e-6
0.2305	9.336069575395189e-6
0.231	9.339748922482178e-6
0.2315	9.343428041861824e-6
0.232	9.34710693311884e-6
0.2325	9.350785595838208e-6
0.233	9.354464029605177e-6
0.2335	9.358142234005268e-6
0.234	9.36182020862428e-6
0.23450000000000001	9.365497953086257e-6
0.23500000000000001	9.369175466901198e-6
0.23550000000000001	9.372852749824368e-6
0.23600000000000002	9.376529801026563e-6
0.23650000000000002	9.380206620380593e-6
0.23700000000000002	9.383883207475012e-6
0.23750000000000002	9.387559561898653e-6
0.23800000000000002	9.391235683240619e-6
0.23850000000000002	9.394911571090295e-6
0.23900000000000002	9.398587225037331e-6
0.23950000000000002	9.40226264467166e-6
0.24	9.405937829583484e-6
0.2405	9.40961277936329e-6
0.241	9.413287493601833e-6
0.2415	9.416961971890145e-6
0.242	9.420636213819542e-6
0.2425	9.424310218981606e-6
0.243	9.427983986968208e-6
0.2435	9.431657517371492e-6
0.244	9.43533080978388e-6
0.2445	9.439003863798074e-6
0.245	9.442676679007057e-6
0.2455	9.446349255004084e-6
0.246	9.4500215913827e-6
0.2465	9.453693687736722e-6
0.247	9.457365543660252e-6
0.2475	9.46103715793282e-6
0.248	9.464708531785046e-6
0.2485	9.468379663998008e-6
0.249	9.47205055416702e-6
0.2495	9.475721201887684e-6
0.25	9.479391613059216e-6
0.2505	9.483061762555316e-6
0.251	9.486731668435237e-6
0.2515	9.490401330383596e-6
0.252	9.494070748085244e-6
0.2525	9.497739921225253e-6
0.253	9.501408849488923e-6
0.2535	9.505077532561781e-6
0.254	9.508745970129583e-6
0.2545	9.512414161878309e-6
0.255	9.516082107494164e-6
0.2555	9.519749806663584e-6
0.256	9.523417259073232e-6
0.2565	9.527084464409998e-6
0.257	9.530751422360998e-6
0.2575	9.534418132613581e-6
0.258	9.538084594855317e-6
0.2585	9.54175080877401e-6
0.259	9.54541677405769e-6
0.2595	9.549082490394614e-6
0.26	9.552747957473273e-6
0.2605	9.556413175707115e-6
0.261	9.560078143331874e-6
0.2615	9.563742860758779e-6
0.262	9.567407327677152e-6
0.2625	9.571071543776546e-6
0.263	9.574735508746737e-6
0.2635	9.578399222277739e-6
0.264	9.582062684059787e-6
0.2645	9.585725864018113e-6
0.265	9.58938893996624e-6
0.2655	9.593051762584048e-6
0.266	9.596714330706576e-6
0.2665	9.600376643169687e-6
0.267	9.604038698810083e-6
0.2675	9.607700496465295e-6
0.268	9.611362034973696e-6
0.2685	9.615023313174506e-6
0.269	9.618684329907784e-6
0.2695	9.622345084014444e-6
0.27	9.626005574336253e-6
0.2705	9.62966579971583e-6
0.271	9.633325758996657e-6
0.2715	9.636985451023081e-6
0.272	9.640644874640313e-6
0.2725	9.644304028694435e-6
0.273	9.6479629120324e-6
0.2735	9.651621523502042e-6
0.274	9.655279857939074e-6
0.2745	9.65893792225492e-6
0.275	9.662595711287599e-6
0.2755	9.666253223889243e-6
0.276	9.6699104589129e-6
0.2765	9.673567415212523e-6
0.277	9.677224091642975e-6
0.2775	9.680880487060038e-6
0.278	9.684536600320409e-6
0.2785	9.688192526067157e-6
0.279	9.691847979318963e-6
0.2795	9.695503146971396e-6
0.28	9.699158028547816e-6
0.2805	9.702812623571989e-6
0.281	9.706466931568087e-6
0.28150000000000003	9.710120952060693e-6
0.28200000000000003	9.713774684574797e-6
0.28250000000000003	9.717428128635795e-6
0.28300000000000003	9.721081283769494e-6
0.28350000000000003	9.724734149502108e-6
0.28400000000000003	9.728386725360263e-6
0.28450000000000003	9.732039010870993e-6
0.28500000000000003	9.735691005561741e-6
0.28550000000000003	9.739342708960363e-6
0.28600000000000003	9.74299412059512e-6
0.28650000000000003	9.746645239994687e-6
0.28700000000000003	9.750296069547549e-6
0.28750000000000003	9.753946603042702e-6
0.28800000000000003	9.757596842865496e-6
0.2885	9.761246788545793e-6
0.289	9.764896439613858e-6
0.2895	9.768545795600362e-6
0.29	9.772194856036384e-6
0.2905	9.77584362045341e-6
0.291	9.779492088383334e-6
0.2915	9.783140259358457e-6
0.292	9.786788132911487e-6
0.2925	9.790435708575543e-6
0.293	9.794082927739628e-6
0.2935	9.797729971684835e-6
0.294	9.801376716291084e-6
0.2945	9.805023160626344e-6
0.295	9.808669303759383e-6
0.2955	9.812315144759774e-6
0.296	9.815960682697886e-6
0.2965	9.819605916644897e-6
0.297	9.823250845672788e-6
0.2975	9.82689546885435e-6
0.298	9.830539785263185e-6
0.2985	9.834183793973706e-6
0.299	9.83782749406114e-6
0.2995	9.841470884601534e-6
0.3	9.845113547956404e-6
0.3005	9.848756310517097e-6
0.301	9.852398760689504e-6
0.3015	9.856040897552692e-6
0.302	9.859682720187653e-6
0.3025	9.863324227673047e-6
0.303	9.866965419091583e-6
0.3035	9.870606293525678e-6
0.304	9.874246850058493e-6
0.3045	9.877887087773913e-6
0.305	9.881527005756542e-6
0.3055	9.88516660309172e-6
0.306	9.888805878865558e-6
0.3065	9.892445133997136e-6
0.307	9.896083588399936e-6
0.3075	9.899721767693104e-6
0.308	9.903359747220674e-6
0.3085	9.906997396665106e-6
0.309	9.910634719127599e-6
0.3095	9.914271713736578e-6
0.31	9.917908379621843e-6
0.3105	9.9215447159146e-6
0.311	9.925180721747474e-6
0.3115	9.928816396249991e-6
0.312	9.932451738566295e-6
0.3125	9.936086747829973e-6
0.313	9.939721423179698e-6
0.3135	9.943355766764689e-6
0.314	9.946989771755772e-6
0.3145	9.950623440203404e-6
0.315	9.954256771242647e-6
0.3155	9.957889764009461e-6
0.316	9.961522417640734e-6
0.3165	9.965154731274262e-6
0.317	9.96878670404876e-6
0.3175	9.972418335103866e-6
0.318	9.976049623580136e-6
0.3185	9.979680568619047e-6
0.319	9.983311169362998e-6
0.3195	9.986941424955303e-6
0.32	9.990571334540206e-6
0.3205	9.99420089726286e-6
0.321	9.997830112269348e-6
0.3215	0.000010001458978706664
0.322	0.000010005087495404868
0.3225	0.000010008715678193588
0.323	0.000010012343580859774
0.3235	0.000010015971130797245
0.324	0.000010019598326537596
0.3245	0.00001002322516661394
0.325	0.000010026851649560915
0.3255	0.000010030477773914687
0.326	0.000010034103538212945
0.3265	0.000010037728940994926
0.327	0.0000100413539808014
0.3275	0.000010044978656174689
0.328	0.00001004860296565866
0.3285	0.000010052226907798741
0.329	0.000010055850481141915
0.3295	0.000010059473684236729
0.33	0.0000100630965156333
0.3305	0.000010066718973883318
0.331	0.000010070341057540047
0.3315	0.000010073962765158338
0.332	0.000010077584095294621
0.3325	0.000010081205046506923
0.333	0.000010084825617354858
0.3335	0.000010088445806399645
0.334	0.000010092065612204098
0.3345	0.000010095685033332647
0.335	0.000010099304068351326
0.3355	0.000010102922715827786
0.336	0.000010106540974331296
0.3365	0.000010110158839810718
0.337	0.000010113776309330263
0.3375	0.00001011739332761908
0.338	0.00001012100995176386
0.3385	0.000010124626180800035
0.339	0.000010128242013764156
0.3395	0.000010131857449693904
0.34	0.000010135472487628089
0.3405	0.00001013908712660665
0.341	0.000010142701365670659
0.3415	0.00001014631520386232
0.342	0.000010149928640224977
0.3425	0.00001015354167380311
0.343	0.000010157154303642337
0.3435	0.000010160766528789421
0.34400000000000003	0.000010164378348292269
0.34450000000000003	0.000010167989761199932
0.34500000000000003	0.00001017160076656261
0.34550000000000003	0.000010175211363431652
0.34600000000000003	0.000010178821550859555
0.34650000000000003	0.000010182431327973087
0.34700000000000003	0.000010186040693677864
0.34750000000000003	0.000010189649647105822
0.34800000000000003	0.000010193258187314106
0.34850000000000003	0.000010196866313361012
0.34900000000000003	0.000010200474024306004
0.34950000000000003	0.000010204081319209707
0.35000000000000003	0.000010207688197133912
0.35050000000000003	0.000010211294657141581
0.35100000000000003	0.00001021490069829684
0.35150000000000003	0.000010218506300873518
0.352	0.000010222111785899901
0.3525	0.000010225716847305061
0.353	0.000010229321482159813
0.3535	0.00001023292568753852
0.354	0.000010236529460519127
0.3545	0.000010240132798183166
0.355	0.00001024373569761579
0.3555	0.000010247338155905794
0.356	0.000010250940170145629
0.3565	0.000010254541737431428
0.357	0.000010258142854863029
0.3575	0.000010261743519543994
0.358	0.000010265343728581626
0.3585	0.000010268943479087002
0.359	0.000010272542768175801
0.3595	0.000010276141592965017
0.36	0.000010279739950578
0.3605	0.000010283337838141093
0.361	0.000010286935252784519
0.3615	0.000010290532191642382
0.362	0.000010294128651852704
0.3625	0.000010297724630557434
0.363	0.000010301320124902474
0.3635	0.000010304915132037703
0.364	0.000010308509649116983
0.3645	0.000010312103673298196
0.365	0.000010315697201743257
0.3655	0.000010319290231618124
0.366	0.000010322882760092837
0.3665	0.0000103264746776147
0.367	0.00001033006603469834
0.3675	0.000010333656883850907
0.368	0.000010337247223378938
0.3685	0.00001034083705159152
0.369	0.00001034442636680031
0.3695	0.000010348015167319523
0.37	0.00001035160345146596
0.3705	0.000010355191217558992
0.371	0.000010358778463920582
0.3715	0.000010362366605441791
0.372	0.000010365952657617175
0.3725	0.00001036953818679396
0.373	0.000010373123193236847
0.3735	0.000010376707677084944
0.374	0.000010380291638327724
0.3745	0.000010383875076783856
0.375	0.000010387457992083164
0.3755	0.0000103910403836519
0.376	0.000010394622250701512
0.3765	0.00001039820359222096
0.377	0.000010401784406972667
0.3775	0.000010405364693492063
0.378	0.000010408944450090686
0.3785	0.000010412523674862718
0.379	0.000010416102365694803
0.3795	0.000010419680520278934
0.38	0.000010423258136128199
0.3805	0.000010426835210595104
0.381	0.000010430534731755652
0.3815	0.000010434561500578906
0.382	0.000010438581787369273
0.3825	0.000010442591199215889
0.383	0.000010446585472055993
0.3835	0.000010450560507341128
0.384	0.000010454512410697158
0.3845	0.000010458437523387819
0.385	0.000010462332447508388
0.3855	0.000010466194064792859
0.386	0.000010470019549155509
0.3865	0.000010473806373290131
0.387	0.00001047755230981143
0.3875	0.000010481255427540352
0.388	0.0000104849140836097
0.3885	0.000010488526912101048
0.389	0.00001049209280992464
0.3895	0.000010495610920626303
0.39	0.000010499273748062722
0.3905	0.000010502648479503247
0.391	0.000010505980919623074
0.3915	0.000010509270874781138
0.392	0.000010512518220448284
0.3925	0.000010515722898184683
0.393	0.000010518884912557107
0.3935	0.0000105220043280153
0.394	0.000010525081265745486
0.3945	0.000010528115900517702
0.395	0.000010531108457542504
0.3955	0.000010534059209351124
0.396	0.000010536968472712005
0.3965	0.000010539056158877962
0.397	0.0000105414597189724
0.3975	0.000010543840071966177
0.398	0.000010546198357063207
0.3985	0.000010548535650512413
0.399	0.000010550852970183585
0.3995	0.000010553151279761012
0.4	0.000010555431492592046
0.4005	0.000010557694475223846
0.401	0.000010559941050657804
0.4015	0.000010562172001348184
0.402	0.000010564388071968607
0.4025	0.000010566589971967638
0.403	0.000010568778377932553
0.4035	0.000010570953935778436
0.404	0.000010573117167245807
0.4045	0.000010575268857328727
0.405	0.000010577409472994701
0.4055	0.000010579539556318471
0.406	0.000010581659627520376
0.40650000000000003	0.000010583770186385014
0.40700000000000003	0.000010585871713586824
0.40750000000000003	0.00001058796467193028
0.40800000000000003	0.000010590049507511848
0.40850000000000003	0.000010592126650810082
0.40900000000000003	0.000010594196517709815
0.40950000000000003	0.000010596259510465825
0.41000000000000003	0.000010598316018610905
0.41050000000000003	0.000010600366419812918
0.41100000000000003	0.000010602411080685005
0.41150000000000003	0.00001060445035755278
0.41200000000000003	0.000010606484597182111
0.41250000000000003	0.000010608514137470734
0.41300000000000003	0.000010610539308106777
0.41350000000000003	0.000010612560431197022
0.41400000000000003	0.000010614577821867533
0.41450000000000004	0.000010616591788839119
0.41500000000000004	0.000010618602634979947
0.41550000000000004	0.000010620610657837439
0.41600000000000004	0.000010622616150151514
0.4165	0.000010624619400351083
0.417	0.000010626620693035636
0.4175	0.000010628620309443617
0.418	0.000010630618527909295
0.4185	0.000010632615624309674
0.419	0.000010634611872502992
0.4195	0.000010636607544760297
0.42	0.000010638602912191508
0.4205	0.000010640598245167423
0.421	0.000010642593813739012
0.4215	0.000010644892569321876
0.422	0.000010647024334568448
0.4225	0.000010649156247964936
0.423	0.000010651288309400054
0.4235	0.000010653420518762433
0.424	0.000010655552875940619
0.4245	0.000010657685380823059
0.425	0.000010659818033298126
0.4255	0.000010661950833254095
0.426	0.000010664083780579159
0.4265	0.000010666216875316753
0.427	0.000010668350117043474
0.4275	0.000010670483505802862
0.428	0.000010672617041482758
0.4285	0.00001067475072397091
0.429	0.000010676884553154985
0.4295	0.000010679018528922561
0.43	0.000010681152651161127
0.4305	0.000010683286919758086
0.431	0.000010685421334600755
0.4315	0.000010687555895576364
0.432	0.000010689690602572054
0.4325	0.000010691825455474878
0.433	0.000010693960454171806
0.4335	0.000010696095598549719
0.434	0.000010698230888495409
0.4345	0.000010700366323895589
0.435	0.000010702501904636877
0.4355	0.000010704637630605806
0.436	0.000010706773501688826
0.4365	0.000010708909517772296
0.437	0.00001071104567874249
0.4375	0.0000107131819844856
0.438	0.000010715318434887725
0.4385	0.000010717455029834878
0.439	0.00001071959176921299
0.4395	0.000010721728652907901
0.44	0.00001072386568080537
0.4405	0.000010726002852791068
0.441	0.000010728140168750575
0.4415	0.00001073027762856939
0.442	0.000010732415232132923
0.4425	0.000010734552979326503
0.443	0.000010736690870035365
0.4435	0.000010738828904144663
0.444	0.000010740967081539468
0.4445	0.000010743105402104759
0.445	0.000010745243865725429
0.4455	0.000010747382472286292
0.446	0.000010749520958419038
0.4465	0.000010751659711547702
0.447	0.000010753798608230957
0.4475	0.000010755937648698642
0.448	0.00001075807683318075
0.4485	0.000010760216161926887
0.449	0.00001076235563512835
0.4495	0.000010764495253035013
0.45	0.000010766635015877436
0.4505	0.00001076877492388634
0.451	0.000010770914977292586
0.4515	0.00001077305517632718
0.452	0.000010775195521221278
0.4525	0.00001077733601220618
0.453	0.00001077947664951334
0.4535	0.00001078161743337435
0.454	0.00001078375836402096
0.4545	0.000010785899441685063
0.455	0.0000107880406665987
0.4555	0.000010790182038994064
0.456	0.000010792323559103499
0.4565	0.00001079446522715949
0.457	0.000010796607043394682
0.4575	0.000010798749008041864
0.458	0.000010800891121333979
0.4585	0.000010803033383504116
0.459	0.000010805175794785524
0.4595	0.000010807318355411592
0.46	0.000010809461065615872
0.4605	0.000010811603925632058
0.461	0.000010813746935694004
0.4615	0.000010815890096035715
0.462	0.000010818033406891344
0.4625	0.000010820176868495203
0.463	0.000010822320481081757
0.4635	0.00001082446424488562
0.464	0.00001082660816014157
0.4645	0.000010828752227084528
0.465	0.000010830896445949576
0.4655	0.000010833040816971952
0.466	0.000010835185340387047
0.4665	0.000010837330016430409
0.467	0.000010839474845337742
0.4675	0.000010841619827344903
0.468	0.000010843764962687914
0.4685	0.000010845910251602946
0.46900000000000003	0.000010848055694326331
0.46950000000000003	0.000010850201291094557
0.47000000000000003	0.000010852347042144271
0.47050000000000003	0.000010854492946334195
0.47100000000000003	0.00001085663873542354
0.47150000000000003	0.00001085878485120802
0.47200000000000003	0.00001086093112312243
0.47250000000000003	0.000010863077551654406
0.47300000000000003	0.000010865224137291923
0.47350000000000003	0.000010867370880523297
0.47400000000000003	0.000010869517781837192
0.47450000000000003	0.000010871664841722618
0.47500000000000003	0.000010873812060668935
0.47550000000000003	0.000010875959439165844
0.47600000000000003	0.000010878106977703407
0.47650000000000003	0.000010880254676772026
0.47700000000000004	0.000010882402536862463
0.47750000000000004	0.000010884550558465833
0.47800000000000004	0.0000108866987420736
0.47850000000000004	0.000010888847088177588
0.47900000000000004	0.000010890995597269981
0.47950000000000004	0.000010893144269843319
0.48	0.000010895293106390497
0.4805	0.00001089744210740478
0.481	0.000010899591273379792
0.4815	0.000010901740604809516
0.482	0.000010903890102188305
0.4825	0.000010906039766010875
0.483	0.000010908189596772311
0.4835	0.000010910339594968068
0.484	0.000010912489761093966
0.4845	0.000010914640095646201
0.485	0.00001091679059912134
0.4855	0.000010918941272016322
0.486	0.000010921092114828461
0.4865	0.000010923243128055449
0.487	0.000010925394312195356
0.4875	0.000010927545667746626
0.488	0.000010929697195208089
0.4885	0.000010931848895078952
0.489	0.000010934000767858806
0.4895	0.000010936152814047627
0.49	0.000010938305034145775
0.4905	0.000010940457428653995
0.491	0.000010942609998073423
0.4915	0.000010944762742905583
0.492	0.000010946915663652387
0.4925	0.0000109490687594125
0.493	0.000010951222033499373
0.4935	0.000010953375485013638
0.494	0.000010955529114458857
0.4945	0.000010957682922338993
0.495	0.000010959836909158402
0.4955	0.000010961990974573367
0.496	0.000010964145283590228
0.4965	0.000010966299773395529
0.497	0.000010968454444589216
0.4975	0.000010970609297771715
0.498	0.000010972764333543944
0.4985	0.000010974919552507305
0.499	0.000010977074955263693
0.4995	0.000010979230542415493
0.5	0.000010981386314565585
0.5005000000000001	0.000010983542272317344
0.501	0.000010985698416274642
0.5015000000000001	0.000010987854747041854
0.502	0.00001099001126522385
0.5025000000000001	0.00001099216797142601
0.503	0.00001099432486625421
0.5035000000000001	0.000010996481950314844
0.504	0.000010998639224214807
0.5045000000000001	0.000011000796688561506
0.505	0.000011002954343962863
0.5055000000000001	0.000011005112191027314
0.506	0.000011007270230363805
0.5065000000000001	0.000011009428462581813
0.507	0.000011011586888291322
0.5075000000000001	0.000011013745508102848
0.508	0.000011015904322627421
0.5085000000000001	0.00001101806333247661
0.509	0.000011020222538262497
0.5095000000000001	0.000011022381940597709
0.51	0.00001102454154009539
0.5105000000000001	0.00001102670133736923
0.511	0.000011028861333033448
0.5115000000000001	0.0000110310215277028
0.512	0.000011033181921992584
0.5125	0.00001103534251651864
0.513	0.00001103750331189735
0.5135	0.00001103966430874564
0.514	0.000011041825506514794
0.5145	0.000011043986908157353
0.515	0.00001104614851312747
0.5155	0.000011048310322044328
0.516	0.00001105047233552768
0.5165	0.00001105263455419782
0.517	0.000011054796978675617
0.5175	0.000011056959609582486
0.518	0.00001105912244754042
0.5185	0.000011061285493171966
0.519	0.000011063448747100249
0.5195	0.000011065612209948953
0.52	0.000011067775857026345
0.5205	0.000011069939730856128
0.521	0.000011072103815563488
0.5215	0.000011074268111796657
0.522	0.000011076432620204468
0.5225	0.000011078597341436351
0.523	0.00001108076227614235
0.5235	0.000011082927424973115
0.524	0.000011085092788579905
0.5245	0.00001108725836761459
0.525	0.000011089424162729657
0.5255	0.000011091590174578212
0.526	0.000011093756403813974
0.5265	0.000011095922851091287
0.527	0.000011098089517065123
0.5275	0.000011100256402391068
0.528	0.000011102423507725347
0.5285	0.00001110459083372481
0.529	0.000011106758381046945
0.5295	0.000011108926150349863
0.53	0.000011111094142292324
0.5305	0.000011113262357533724
0.531	0.000011115430796734095
0.5315	0.000011117599460554122
0.532	0.000011119768349655127
0.5325	0.000011121937464699087
0.533	0.000011124106806348627
0.5335	0.000011126276375267025
0.534	0.000011128446172118216
0.5345	0.00001113061619756679
0.535	0.000011132786452277997
0.5355	0.000011134956932771896
0.536	0.000011137127648017092
0.5365	0.000011139298594538699
0.537	0.00001114146977300483
0.5375	0.000011143641184084261
0.538	0.000011145812828446456
0.5385	0.000011147984706761545
0.539	0.000011150156819700343
0.5395	0.000011152329167934342
0.54	0.000011154501752135722
0.5405	0.000011156674572977348
0.541	0.000011158847631132773
0.5415	0.00001116102092727624
0.542	0.000011163194462082687
0.5425	0.000011165368236227749
0.543	0.000011167542250387756
0.5435	0.000011169716505239742
0.544	0.000011171891001461443
0.5445	0.000011174065736705518
0.545	0.000011176240716791397
0.5455	0.000011178415940294082
0.546	0.000011180591407896501
0.5465	0.000011182767120282286
0.547	0.000011184943078135799
0.5475	0.00001118711928214212
0.548	0.000011189295732987055
0.5485	0.00001119147243135714
0.549	0.00001119364937793964
0.5495	0.00001119582657342255
0.55	0.000011198004018494608
0.5505	0.00001120018171384528
0.551	0.00001120235966016478
0.5515	0.000011204537858144063
0.552	0.000011206716308474828
0.5525	0.000011208895011849522
0.553	0.000011211073968961344
0.5535	0.000011213253180504247
0.554	0.000011215432647172937
0.5545	0.000011217612369662876
0.555	0.000011219792348670298
0.5555	0.000011221972584892187
0.556	0.0000112241530790263
0.5565	0.000011226333831771162
0.557	0.000011228514841549884
0.5575	0.000011230696113624667
0.558	0.00001123287764641824
0.5585	0.000011235059440632322
0.559	0.000011237241496969421
0.5595	0.000011239423816132815
0.56	0.000011241606398826585
0.5605	0.00001124378924575559
0.561	0.000011245972357625488
0.5615	0.000011248155735142726
0.562	0.000011250339379014557
0.5625	0.000011252523289949026
0.5630000000000001	0.000011254707468654988
0.5635	0.000011256891915842102
0.5640000000000001	0.000011259076632220831
0.5645	0.000011261261618502452
0.5650000000000001	0.00001126344687539906
0.5655	0.000011265632403623561
0.5660000000000001	0.000011267818203889685
0.5665	0.00001127000427691198
0.5670000000000001	0.00001127219062340582
0.5675	0.000011274377244087408
0.5680000000000001	0.00001127656413967378
0.5685	0.000011278751310882795
0.5690000000000001	0.00001128093895507367
0.5695	0.000011283126728659603
0.5700000000000001	0.00001128531477941612
0.5705	0.000011287503107936185
0.5710000000000001	0.000011289691714813454
0.5715	0.000011291880600642264
0.5720000000000001	0.000011294069766017638
0.5725	0.000011296259211535293
0.5730000000000001	0.000011298448937791636
0.5735	0.000011300638945383768
0.5740000000000001	0.000011302829234909479
0.5745	0.000011305019806967269
0.5750000000000001	0.000011307210662156324
0.5755	0.00001130940180107654
0.5760000000000001	0.000011311593224328513
0.5765	0.000011313784932513547
0.577	0.00001131597692623365
0.5775	0.000011318169206091542
0.578	0.000011320361769612885
0.5785	0.000011322554623569586
0.579	0.000011324747765487134
0.5795	0.000011326941195971213
0.58	0.00001132913491562822
0.5805	0.000011331328925065276
0.581	0.000011333523224890223
0.5815	0.000011335717815711631
0.582	0.000011337912698138802
0.5825	0.00001134010787278176
0.583	0.000011342303340251264
0.5835	0.000011344499101158814
0.584	0.000011346695156116635
0.5845	0.000011348891505737695
0.585	0.000011351088150635705
0.5855	0.000011353285091425119
0.586	0.000011355482328721128
0.5865	0.000011357679863139679
0.587	0.00001135987769529746
0.5875	0.00001136207582581192
0.588	0.000011364274255301249
0.5885	0.000011366472984384402
0.589	0.000011368672013681087
0.5895	0.000011370871343811772
0.59	0.000011373070975397688
0.5905	0.000011375270909060828
0.591	0.000011377471145423954
0.5915	0.000011379671685110595
0.592	0.000011381872528745049
0.5925	0.00001138407367695239
0.593	0.000011386275130358462
0.5935	0.00001138847707102569
0.594	0.000011390679172768636
0.5945	0.000011392881581040973
0.595	0.000011395084296375009
0.5955	0.000011397287319303704
0.596	0.000011399490650360678
0.5965	0.000011401694290080195
0.597	0.00001140389823899718
0.5975	0.000011406102497647218
0.598	0.000011408307066566545
0.5985	0.000011410511946292065
0.599	0.00001141271713425374
0.5995	0.000011414922637218587
0.6	0.000011417128452615135
0.6005	0.000011419334580983031
0.601	0.000011421541022862588
0.6015	0.00001142374777879479
0.602	0.000011425954849321291
0.6025	0.000011428162234984424
0.603	0.000011430369936327195
0.6035	0.000011432577953893286
0.604	0.000011434786288227061
0.6045	0.000011436994939873565
0.605	0.000011439203909378523
0.6055	0.000011441413197288348
0.606	0.000011443622804150136
0.6065	0.000011445832730511672
0.607	0.000011448042976921432
0.6075	0.000011450253543928581
0.608	0.00001145246443208298
0.6085	0.00001145467564193518
0.609	0.000011456887174036436
0.6095	0.000011459099028938695
0.61	0.000011461311207194608
0.6105	0.000011463523709357524
0.611	0.000011465736535981501
0.6115	0.0000114679496876213
0.612	0.000011470163164832387
0.6125	0.000011472376968170942
0.613	0.000011474591098193854
0.6135	0.00001147680555545872
0.614	0.00001147902034052386
0.6145	0.000011481235453948304
0.615	0.000011483450896291804
0.6155	0.000011485666668114828
0.616	0.000011487882769978571
0.6165	0.000011490099202444948
0.617	0.000011492315966076599
0.6175	0.000011494533179633247
0.618	0.000011496750629480862
0.6185	0.000011498968411825002
0.619	0.000011501186527170805
0.6195	0.000011503404976024068
0.62	0.000011505623756065004
0.6205	0.00001150784287346881
0.621	0.000011510062325911293
0.6215	0.000011512282113900894
0.622	0.00001151450223794671
0.6225	0.000011516722698558491
0.623	0.00001151894349624664
0.6235	0.000011521164631522216
0.624	0.000011523386104896937
0.6245	0.000011525607916883182
0.625	0.000011527830067993985
0.6255000000000001	0.000011530052558743048
0.626	0.000011532275389644734
0.6265000000000001	0.000011534498561214072
0.627	0.000011536722073966762
0.6275000000000001	0.000011538945928419166
0.628	0.00001154117012508832
0.6285000000000001	0.000011543394664491932
0.629	0.000011545619547148383
0.6295000000000001	0.00001154784477357673
0.63	0.000011550070344296704
0.6305000000000001	0.000011552296259828717
0.631	0.00001155452252069386
0.6315000000000001	0.000011556749127413904
0.632	0.000011558976080511307
0.6325000000000001	0.00001156120338050921
0.633	0.000011563431027931435
0.6335000000000001	0.000011565659023302501
0.634	0.000011567887367147613
0.6345000000000001	0.000011570116059992664
0.635	0.000011572345102364242
0.6355000000000001	0.000011574574494789637
0.636	0.000011576804237796824
0.6365000000000001	0.00001157903433191448
0.637	0.000011581264777671986
0.6375000000000001	0.000011583495575599416
0.638	0.000011585726726227558
0.6385000000000001	0.000011587958230087893
0.639	0.000011590190087712615
0.6395000000000001	0.000011592422299634625
0.64	0.000011594654866387535
0.6405	0.000011596887785544837
0.641	0.00001159912136061146
0.6415	0.000011601355055699166
0.642	0.000011603589106842151
0.6425	0.000011605823514411709
0.643	0.000011608058278779587
0.6435	0.000011610293400317992
0.644	0.000011612528879399583
0.6445	0.00001161476471639748
0.645	0.00001161700488906709
0.6455	0.000011619241456779311
0.646	0.000011621478383539954
0.6465	0.000011623715669724077
0.647	0.000011625953315707204
0.6475	0.000011628191321865326
0.648	0.000011630429688574891
0.6485	0.000011632668416212822
0.649	0.000011634907505156508
0.6495	0.0000116371469557838
0.65	0.000011639386768473027
0.6505	0.000011641626943602984
0.651	0.000011643867481552933
0.6515	0.000011646108382702615
0.652	0.00001164834964743224
0.6525	0.00001165059127612249
0.653	0.000011652833269154526
0.6535	0.00001165507562690998
0.654	0.000011657318349770963
0.6545	0.000011659561438120066
0.655	0.000011661804892340353
0.6555	0.000011664048712815368
0.656	0.000011666292899929139
0.6565	0.000011668537454066168
0.657	0.000011670782375611449
0.6575	0.000011673027664950451
0.658	0.000011675273322469129
0.6585	0.000011677519348553922
0.659	0.000011679765743591758
0.6595	0.000011682012507970047
0.66	0.00001168425964207669
0.6605	0.000011686507146300073
0.661	0.000011688755021029078
0.6615	0.000011691003266653067
0.662	0.000011693251883561907
0.6625	0.000011695500894202159
0.663	0.000011697750281103176
0.6635	0.000011700000040342216
0.664	0.000011702250172238945
0.6645	0.0000117045006771134
0.665	0.000011706751555286047
0.6655	0.000011709002807077588
0.666	0.000011711254432809237
0.6665	0.000011713506432802542
0.667	0.000011715758807379438
0.6675	0.000011718011556862232
0.668	0.00001172026468157362
0.6685	0.00001172251818183667
0.669	0.000011724772057974843
0.6695	0.000011727026310311976
0.67	0.000011729280939172292
0.6705	0.000011731535944880396
0.671	0.000011733791327761282
0.6715	0.000011736047088140325
0.672	0.000011738303226343291
0.6725	0.000011740559742696327
0.673	0.000011742816637525974
0.6735	0.000011745073911159157
0.674	0.000011747331563923193
0.6745	0.000011749589596145785
0.675	0.00001175184800815503
0.6755	0.000011754106800279412
0.676	0.00001175636597284781
0.6765	0.000011758625526189496
0.677	0.00001176088546063413
0.6775	0.000011763145776511773
0.678	0.000011765406474152873
0.6785	0.000011767667553888279
0.679	0.000011769929016049231
0.6795	0.00001177219086096737
0.68	0.00001177445308897473
0.6805	0.000011776715700403744
0.681	0.000011778978695587248
0.6815	0.00001178124207485847
0.682	0.000011783505838551042
0.6825	0.000011785769986999
0.683	0.000011788034520536772
0.6835	0.000011790299439499194
0.684	0.000011792564744221509
0.6845	0.000011794830435039354
0.685	0.000011797096512288776
0.6855	0.00001179936298140299
0.686	0.000011801629861358892
0.6865	0.00001180389712867736
0.687	0.000011806164783615735
0.6875	0.000011808432826431623
0.6880000000000001	0.000011810701257382968
0.6885	0.000011812970076727815
0.6890000000000001	0.000011815239284724635
0.6895	0.000011817508881632122
0.6900000000000001	0.000011819778867709247
0.6905	0.000011822049243215247
0.6910000000000001	0.000011824320008409634
0.6915	0.0000118265911635522
0.6920000000000001	0.000011828862708902999
0.6925	0.000011831134644722371
0.6930000000000001	0.000011833406971270924
0.6935	0.000011835679688809542
0.6940000000000001	0.000011837952797599386
0.6945	0.00001184022629790189
0.6950000000000001	0.000011842500189978769
0.6955	0.00001184477447409201
0.6960000000000001	0.000011847049150503881
0.6965	0.000011849324219476922
0.6970000000000001	0.000011851599681273959
0.6975	0.00001185387553615809
0.6980000000000001	0.000011856151784392692
0.6985	0.000011858428426241426
0.6990000000000001	0.000011860705461968227
0.6995	0.000011862982891837313
0.7000000000000001	0.000011865260716113184
0.7005	0.000011867538935060616
0.7010000000000001	0.000011869817548944673
0.7015	0.000011872096558030693
0.7020000000000001	0.000011874375962584299
0.7025	0.000011876655762871402
0.7030000000000001	0.000011878935959158191
0.7035	0.000011881216551711134
0.704	0.000011883497540796992
0.7045	0.000011885778926682805
0.705	0.000011888060709635898
0.7055	0.000011890342889923882
0.706	0.000011892625467814652
0.7065	0.000011894908443576393
0.707	0.000011897191817477571
0.7075	0.000011899475589786942
0.708	0.000011901759760773548
0.7085	0.00001190404433070672
0.709	0.000011906329321460192
0.7095	0.000011908614714498913
0.71	0.000011910900507176539
0.7105	0.000011913186699694258
0.711	0.000011915473292253434
0.7115	0.000011917760285055655
0.712	0.000011920047678302503
0.7125	0.000011922335472195898
0.713	0.000011924623666937872
0.7135	0.000011926912262730635
0.714	0.000011929201259776557
0.7145	0.000011931490658278187
0.715	0.000011933780458438237
0.7155	0.000011936070660459594
0.716	0.000011938361264545312
0.7165	0.00001194065227089862
0.717	0.000011942943679722915
0.7175	0.000011945235491221765
0.718	0.00001194752770559891
0.7185	0.000011949820323058263
0.719	0.000011952113343803905
0.7195	0.000011954406768040093
0.72	0.000011956700595971255
0.7205	0.00001195899482780199
0.721	0.000011961289463737071
0.7215	0.000011963584503981444
0.722	0.000011965879948740224
0.7225	0.000011968175798218708
0.723	0.000011970472052622354
0.7235	0.000011972768712156807
0.724	0.000011975065777027874
0.7245	0.000011977363247441545
0.725	0.000011979661123603977
0.7255	0.00001198195940572151
0.726	0.000011984258094000648
0.7265	0.00001198655718864808
0.727	0.00001198885668987066
0.7275	0.000011991156597875429
0.728	0.00001199345691286959
0.7285	0.000011995757635060535
0.729	0.000011998058764655823
0.7295	0.000012000360301863193
0.73	0.000012002662246890553
0.7305	0.000012004964599946004
0.731	0.000012007267361237804
0.7315	0.000012009570530974401
0.732	0.00001201187412780669
0.7325	0.000012014178134188717
0.733	0.000012016482549544046
0.7335	0.000012018787374026597
0.734	0.000012021092607790366
0.7345	0.000012023398250989485
0.735	0.000012025704303778009
0.7355	0.000012028010766310223
0.736	0.000012030317638740438
0.7365	0.000012032624921223057
0.737	0.000012034932613912553
0.7375	0.000012037240716963488
0.738	0.000012039549230530494
0.7385	0.000012041858154768292
0.739	0.00001204416748983168
0.7395	0.000012046477235875536
0.74	0.000012048787393054821
0.7405	0.000012051097961524572
0.741	0.000012053408941439911
0.7415	0.00001205572033295604
0.742	0.000012058032136228236
0.7425	0.000012060344351411863
0.743	0.000012062656978662369
0.7435	0.000012064970018135272
0.744	0.000012067283469986179
0.7445	0.000012069597334370776
0.745	0.000012071911611444826
0.7455	0.000012074226301364182
0.746	0.000012076541404284768
0.7465	0.000012078856920362594
0.747	0.000012081172849753751
0.7475	0.000012083489192614412
0.748	0.000012085805949100828
0.7485	0.000012088123119369336
0.749	0.000012090440703576349
0.7495	0.000012092758701878367
0.75	0.000012095077114431963
0.7505000000000001	0.000012097395941393803
0.751	0.000012099715182920624
0.7515000000000001	0.000012102034839169251
0.752	0.000012104354910296586
0.7525000000000001	0.00001210667539645962
0.753	0.000012108996297815415
0.7535000000000001	0.000012111317614521123
0.754	0.000012113639346733976
0.7545000000000001	0.000012115961501856017
0.755	0.000012118284083150089
0.7555000000000001	0.000012120607080360397
0.756	0.00001212293049359299
0.7565000000000001	0.00001212525432295391
0.757	0.000012127578568549182
0.7575000000000001	0.000012129903230484887
0.758	0.000012132228308866922
0.7585000000000001	0.000012134553803801336
0.759	0.000012136879715394113
0.7595000000000001	0.000012139206043751232
0.76	0.000012141532788978656
0.7605000000000001	0.00001214385995118234
0.761	0.000012146187530468227
0.7615000000000001	0.000012148515526942253
0.762	0.000012150843940710332
0.7625000000000001	0.000012153172771878383
0.763	0.000012155502020552295
0.7635000000000001	0.000012157831686837962
0.764	0.000012160161770841254
0.7645000000000001	0.000012162492272668041
0.765	0.00001216482319242417
0.7655000000000001	0.000012167154530215485
0.766	0.000012169486286147814
0.7665000000000001	0.000012171818460326972
0.767	0.000012174151052858766
0.7675000000000001	0.000012176484063848988
0.768	0.000012178817493403416
0.7685	0.000012181151341627822
0.769	0.00001218348560862796
0.7695	0.000012185820294509574
0.77	0.000012188155399378393
0.7705	0.000012190490923340133
0.771	0.000012192826866500506
0.7715	0.000012195163228965198
0.772	0.000012197500010839892
0.7725	0.000012199837212230252
0.773	0.000012202174833241933
0.7735	0.000012204512873980575
0.774	0.000012206851334551805
0.7745	0.000012209190215061234
0.775	0.000012211529515614467
0.7755	0.000012213869236317085
0.776	0.000012216209377274664
0.7765	0.000012218549938592764
0.777	0.000012220890923671232
0.7775	0.000012223232340383479
0.778	0.0000122255741777282
0.7785	0.000012227916435768205
0.779	0.000012230259114566217
0.7795	0.000012232602214184867
0.78	0.000012234945734686746
0.7805	0.000012237289676134208
0.781	0.000012239634038589656
0.7815	0.000012241978822115351
0.782	0.000012244324026773468
0.7825	0.000012246669652626085
0.783	0.000012249015699735195
0.7835	0.000012251362168162693
0.784	0.00001225370905797038
0.7845	0.000012256056369219968
0.785	0.000012258404101973074
0.7855	0.000012260752256291223
0.786	0.000012263100832235844
0.7865	0.000012265449829868274
0.787	0.000012267799249249757
0.7875	0.00001227014909044144
0.788	0.00001227249935350438
0.7885	0.000012274850038499536
0.789	0.000012277201145487776
0.7895	0.000012279552674529868
0.79	0.000012281904625686492
0.7905	0.000012284256999018224
0.791	0.000012286609794585553
0.7915	0.000012288963012448868
0.792	0.000012291316652668462
0.7925	0.000012293670715304533
0.793	0.000012296025200417186
0.7935	0.000012298380108066426
0.794	0.000012300735438312162
0.7945	0.000012303091191214204
0.795	0.000012305447366832273
0.7955	0.000012307803965225984
0.796	0.00001231016098645486
0.7965	0.000012312518430578323
0.797	0.000012314876297655701
0.7975	0.000012317234587746224
0.798	0.000012319593300909021
0.7985	0.000012321952437203122
0.799	0.000012324311996687464
0.7995	0.000012326671978554418
0.8	0.000012329032382489573
0.8005	0.00001233139320979901
0.801	0.000012333754460547637
0.8015	0.000012336116134800273
0.802	0.000012338478232621651
0.8025	0.000012340840754076402
0.803	0.000012343203699229098
0.8035	0.000012345567068144193
0.804	0.000012347930860886069
0.8045	0.000012350295077519008
0.805	0.000012352659718107212
0.8055	0.000012355024782714788
0.806	0.000012357390271405755
0.8065	0.000012359756184244045
0.807	0.000012362122521293493
0.8075	0.000012364489282617852
0.808	0.000012366856468280779
0.8085	0.00001236922407834584
0.809	0.000012371592112876519
0.8095	0.000012373960571936195
0.81	0.00001237632945558817
0.8105	0.000012378698763895645
0.811	0.000012381068496921734
0.8115	0.000012383438654729458
0.812	0.000012385809237381745
0.8125	0.000012388180244941435
0.8130000000000001	0.000012390551677471272
0.8135	0.000012392923535033908
0.8140000000000001	0.000012395295817691907
0.8145	0.000012397668525507732
0.8150000000000001	0.000012400041658543758
0.8155	0.000012402415216862269
0.8160000000000001	0.000012404789200525452
0.8165	0.000012407163609595401
0.8170000000000001	0.000012409538444134119
0.8175	0.00001241191370420351
0.8180000000000001	0.00001241428938986539
0.8185	0.000012416665501181475
0.8190000000000001	0.000012419042038213392
0.8195	0.000012421419001022672
0.8200000000000001	0.000012423796389670743
0.8205	0.000012426174204218951
0.8210000000000001	0.00001242855244472854
0.8215	0.000012430931111260657
0.8220000000000001	0.0000124333102200952
0.8225	0.00001243568975588539
0.8230000000000001	0.000012438069717788105
0.8235	0.00001244045010581165
0.8240000000000001	0.00001244283091996413
0.8245	0.00001244521216025347
0.8250000000000001	0.000012447593826687467
0.8255	0.000012449975919273532
0.8260000000000001	0.000012452358438019072
0.8265	0.000012454741382931239
0.8270000000000001	0.000012457124754017004
0.8275	0.00001245950855128313
0.8280000000000001	0.000012461892774736203
0.8285	0.000012464277424382608
0.8290000000000001	0.000012466662500228537
0.8295	0.00001246904800227999
0.8300000000000001	0.000012471433930542778
0.8305	0.00001247382028502251
0.8310000000000001	0.000012476207065724603
0.8315	0.000012478594272654288
0.8320000000000001	0.00001248098190581659
0.8325	0.00001248336996521634
0.833	0.000012485758450858186
0.8335	0.000012488147362746566
0.834	0.00001249053670088573
0.8345	0.00001249292646527973
0.835	0.00001249531665593242
0.8355	0.000012497707272847462
0.836	0.000012500098316028313
0.8365	0.000012502489785478244
0.837	0.000012504881681200316
0.8375	0.000012507274003197402
0.838	0.000012509666751472171
0.8385	0.000012512059926027097
0.839	0.000012514453526864453
0.8395	0.000012516847553986316
0.84	0.000012519242007394559
0.8405	0.000012521636887090862
0.841	0.000012524032193076698
0.8415	0.000012526427925353345
0.842	0.000012528824083921878
0.8425	0.000012531220668783174
0.843	0.000012533617679937905
0.8435	0.000012536015117386545
0.844	0.00001253841297746009
0.8445	0.000012540811263140386
0.845	0.00001254320997513749
0.8455	0.000012545609113464695
0.846	0.000012548008678135114
0.8465	0.000012550408669161684
0.847	0.00001255280908655714
0.8475	0.000012555209930334098
0.848	0.000012557611200504935
0.8485	0.000012560012897081869
0.849	0.000012562415020076937
0.8495	0.000012564817569501998
0.85	0.000012567220545368724
0.8505	0.000012569623947688617
0.851	0.000012572027776472985
0.8515	0.000012574432031732965
0.852	0.000012576836713479504
0.8525	0.000012579241821723374
0.853	0.000012581647356475161
0.8535	0.000012584053317745269
0.854	0.000012586459705543917
0.8545	0.000012588866519881146
0.855	0.000012591273760766811
0.8555	0.000012593681428210582
0.856	0.000012596089522221946
0.8565	0.000012598498042810207
0.857	0.000012600906989984482
0.8575	0.000012603316363753707
0.858	0.000012605726164126633
0.8585	0.00001260813639111182
0.859	0.000012610547044717645
0.8595	0.000012612958124952306
0.86	0.000012615369631823806
0.8605	0.000012617781565339965
0.861	0.000012620193925508418
0.8615	0.000012622606712336609
0.862	0.0000126250199258318
0.8625	0.000012627433566001062
0.863	0.000012629847632851279
0.8635	0.000012632262126389147
0.864	0.000012634677046621176
0.8645	0.000012637092393553684
0.865	0.000012639508167192801
0.8655	0.000012641924368870782
0.866	0.000012644341013854598
0.8665	0.000012646758085510955
0.867	0.000012649175583788498
0.8675	0.00001265159350863559
0.868	0.000012654011860000294
0.8685	0.00001265643063783039
0.869	0.000012658849842073436
0.8695	0.000012661269472676488
0.87	0.000012663689529586507
0.8705	0.000012666110012750109
0.871	0.000012668530922113608
0.8715	0.000012670952257623026
0.872	0.000012673374019224097
0.8725	0.000012675796206862255
0.873	0.000012678218820482646
0.8735	0.000012680641860030115
0.874	0.000012683065325449218
0.8745	0.000012685489216684214
0.875	0.000012687913533679066
0.8755000000000001	0.000012690338276377444
0.876	0.000012692763444722715
0.8765000000000001	0.00001269518903865796
0.877	0.000012697615058125953
0.8775000000000001	0.000012700041503069182
0.878	0.000012702468373429825
0.8785000000000001	0.000012704895669149773
0.879	0.00001270732339017061
0.8795000000000001	0.00001270975153643363
0.88	0.000012712180107879824
0.8805000000000001	0.000012714609104449884
0.881	0.0000127170385260842
0.8815000000000001	0.00001271946837272287
0.882	0.000012721898644305683
0.8825000000000001	0.000012724329340772133
0.883	0.00001272676046206141
0.8835000000000001	0.000012729192008112407
0.884	0.000012731623978863712
0.8845000000000001	0.000012734056374253612
0.885	0.000012736489194220092
0.8855000000000001	0.000012738922438700835
0.886	0.00001274135610763322
0.8865000000000001	0.000012743790200954322
0.887	0.000012746224718600918
0.8875000000000001	0.000012748659647497938
0.888	0.000012751094993407848
0.8885000000000001	0.000012753530763547877
0.889	0.00001275596695791866
0.8895000000000001	0.000012758403576520646
0.89	0.000012760840619354085
0.8905000000000001	0.00001276327808641896
0.891	0.00001276571597771528
0.8915000000000001	0.000012768154293242657
0.892	0.000012770593033000568
0.8925000000000001	0.000012773032196988303
0.893	0.00001277547178520495
0.8935000000000001	0.000012777911797649414
0.894	0.000012780352234320397
0.8945000000000001	0.000012782793095216407
0.895	0.00001278523438033576
0.8955000000000001	0.000012787676089676573
0.896	0.000012790118223236774
0.8965	0.000012792560781014089
0.897	0.000012795003763006047
0.8975	0.000012797447169209989
0.898	0.000012799890999623051
0.8985	0.000012802335254242172
0.899	0.000012804779933064102
0.8995	0.000012807225036085386
0.9	0.000012809670563302373
0.9005	0.000012812116514711216
0.901	0.000012814562890307868
0.9015	0.000012817009690088083
0.902	0.000012819456914047419
0.9025	0.00001282190456218123
0.903	0.000012824352634484677
0.9035	0.000012826801130952715
0.904	0.000012829250051580106
0.9045	0.000012831699396361404
0.905	0.000012834149165290969
0.9055	0.000012836599358362956
0.906	0.000012839049975571325
0.9065	0.000012841501016909825
0.907	0.000012843952482372014
0.9075	0.00001284640437195124
0.908	0.000012848856685640654
0.9085	0.000012851309423433205
0.909	0.000012853762593037538
0.9095	0.00001285621619332139
0.91	0.000012858670217621616
0.9105	0.000012861124665883576
0.911	0.000012863579538052348
0.9115	0.000012866034834072718
0.912	0.000012868490553889252
0.9125	0.000012870946697446068
0.913	0.000012873403264687148
0.9135	0.00001287586025555614
0.914	0.000012878317669996409
0.9145	0.000012880775507951029
0.915	0.00001288323376936279
0.9155	0.000012885692454174192
0.916	0.000012888151562327453
0.9165	0.000012890611093764496
0.917	0.00001289307104842696
0.9175	0.000012895531426256193
0.918	0.00001289799222719326
0.9185	0.000012900453451178926
0.919	0.000012902915098153677
0.9195	0.000012905377168057702
0.92	0.000012907839660830904
0.9205	0.000012910302576412893
0.921	0.00001291276591474299
0.9215	0.000012915229675760223
0.922	0.000012917693859403329
0.9225	0.000012920158465610754
0.923	0.00001292262349432065
0.9235	0.000012925088945470881
0.924	0.000012927554818999013
0.9245	0.00001293002111484232
0.925	0.000012932487832937785
0.9255	0.000012934954973222096
0.926	0.000012937422535631646
0.9265	0.000012939890520102533
0.927	0.000012942358926570564
0.9275	0.000012944827754971248
0.928	0.000012947297005239797
0.9285	0.00001294976667731113
0.929	0.000012952236771119872
0.9295	0.000012954707286600346
0.93	0.000012957178223686582
0.9305	0.000012959649578436165
0.931	0.00001296212135339583
0.9315	0.000012964593549788778
0.932	0.000012967066167564915
0.9325	0.00001296953920667388
0.933	0.000012972012667065041
0.9335	0.00001297448654868748
0.934	0.00001297696085149006
0.9345	0.000012979435575421325
0.935	0.000012981910720429561
0.9355	0.000012984386286462788
0.936	0.000012986862273468748
0.9365	0.000012989338681394916
0.937	0.000012991815510188496
0.9375	0.000012994292759796416
0.9380000000000001	0.000012996770430165334
0.9385	0.000012999248521241632
0.9390000000000001	0.000013001727032971423
0.9395	0.000013004205965300543
0.9400000000000001	0.000013006685318174558
0.9405	0.000013009165091538757
0.9410000000000001	0.000013011645285338155
0.9415	0.000013014125899517494
0.9420000000000001	0.000013016606934021235
0.9425	0.000013019088388793574
0.9430000000000001	0.000013021570263778422
0.9435	0.000013024052558919418
0.9440000000000001	0.000013026535274159927
0.9445	0.000013029018409443032
0.9450000000000001	0.000013031501964711546
0.9455	0.000013033985939907996
0.9460000000000001	0.00001303647033497464
0.9465	0.000013038955149853452
0.9470000000000001	0.000013041440384486137
0.9475	0.000013043926038814107
0.9480000000000001	0.000013046412112778509
0.9485	0.000013048898606320203
0.9490000000000001	0.000013051385519379777
0.9495	0.00001305387285189753
0.9500000000000001	0.000013056360603813487
0.9505	0.000013058848775067394
0.9510000000000001	0.000013061337365598715
0.9515	0.000013063826375646955
0.9520000000000001	0.000013066315805633988
0.9525	0.000013068805654711041
0.9530000000000001	0.00001307129592281281
0.9535	0.000013073786609873702
0.9540000000000001	0.000013076277715827834
0.9545	0.000013078769240609037
0.9550000000000001	0.000013081261184150858
0.9555	0.000013083753546386536
0.9560000000000001	0.000013086246327249039
0.9565	0.000013088739526671038
0.9570000000000001	0.000013091233144584917
0.9575	0.000013093727180922763
0.9580000000000001	0.00001309622163561638
0.9585	0.000013098716508597275
0.9590000000000001	0.000013101211799796667
0.9595	0.000013103707509145476
0.96	0.000013106203636574343
0.9605	0.000013108700182013606
0.961	0.000013111197145393313
0.9615	0.000013113694526643221
0.962	0.00001311619232569279
0.9625	0.00001311869054247119
0.963	0.000013121189176907297
0.9635	0.000013123688228929687
0.964	0.00001312618769846665
0.9645	0.00001312868758544618
0.965	0.000013131187889795961
0.9655	0.000013133688611443408
0.966	0.000013136189750315616
0.9665	0.000013138691306339396
0.967	0.000013141193279441263
0.9675	0.00001314369566954743
0.968	0.000013146198476583817
0.9685	0.000013148701700476047
0.969	0.00001315120534114944
0.9695	0.000013153709398529028
0.97	0.000013156213872539534
0.9705	0.000013158718763105388
0.971	0.000013161224070150724
0.9715	0.000013163729793599371
0.972	0.000013166235933374863
0.9725	0.000013168742488875836
0.973	0.000013171249455971286
0.9735	0.00001317375683917898
0.974	0.000013176264638438644
0.9745	0.000013178772853689725
0.975	0.000013181281484871402
0.9755	0.000013183790531922578
0.976	0.00001318629999478187
0.9765	0.000013188809873387669
0.977	0.000013191320167678048
0.9775	0.000013193830877590816
0.978	0.00001319634200306351
0.9785	0.0000131988535440334
0.979	0.000013201365500437466
0.9795	0.00001320387787221243
0.98	0.000013206390659294726
0.9805	0.000013208903861620516
0.981	0.000013211417479125691
0.9815	0.00001321393151174586
0.982	0.000013216445959416361
0.9825	0.00001321896082207225
0.983	0.00001322147609964831
0.9835	0.000013223991792079045
0.984	0.00001322650789929868
0.9845	0.000013229024421241167
0.985	0.000013231541357840176
0.9855	0.000013234058709029096
0.986	0.000013236576474741046
0.9865	0.000013239094654908858
0.987	0.00001324161324946509
0.9875	0.000013244132258342018
0.988	0.000013246651681471634
0.9885	0.000013249171518785663
0.989	0.000013251691770215534
0.9895	0.000013254212435692405
0.99	0.00001325673351514715
0.9905	0.000013259255008510362
0.991	0.000013261776915712354
0.9915	0.000013264299236683155
0.992	0.000013266821971352516
0.9925	0.000013269345119649899
0.993	0.000013271868681504486
0.9935	0.000013274392657475057
0.994	0.000013276917049068276
0.9945	0.000013279441853993985
0.995	0.000013281967072170423
0.9955	0.00001328449270351553
0.996	0.000013287018747946946
0.9965	0.00001328954520538201
0.997	0.000013292072075737774
0.9975	0.000013294599358930954
0.998	0.000013297127054877995
0.9985	0.000013299655163495029
0.999	0.000013302183684697892
0.9995	0.000013304712618402108