0.	8.023388938454737e-6
0.0005	8.027400632923964e-6
0.001	8.031412327393191e-6
0.0015	8.035424021862418e-6
0.002	8.039435716331646e-6
0.0025	8.043447410800874e-6
0.003	8.047459105270102e-6
0.0035	8.051470799739329e-6
0.004	8.055482494208556e-6
0.0045000000000000005	8.059494188677783e-6
0.005	8.06350588314701e-6
0.0055	8.067517577616238e-6
0.006	8.071529272085465e-6
0.006500000000000001	8.075540966554692e-6
0.007	8.079552661023921e-6
0.0075	8.083564355493148e-6
0.008	8.087576049962375e-6
0.0085	8.091587744431602e-6
0.009000000000000001	8.09559943890083e-6
0.0095	8.099611133370057e-6
0.01	8.103622827839284e-6
0.0105	8.107634522308511e-6
0.011	8.111646216777738e-6
0.0115	8.115657911246966e-6
0.012	8.119669605716194e-6
0.0125	8.123681300185422e-6
0.013000000000000001	8.127692994654649e-6
0.0135	8.131704689123876e-6
0.014	8.135716383593103e-6
0.0145	8.13972807806233e-6
0.015	8.143739772531558e-6
0.0155	8.147751467000785e-6
0.016	8.151763161470012e-6
0.0165	8.15577485593924e-6
0.017	8.159786550408468e-6
0.0175	8.163798244877695e-6
0.018000000000000002	8.167809939346922e-6
0.0185	8.17182163381615e-6
0.019	8.175833328285377e-6
0.0195	8.179845022754604e-6
0.02	8.183856717223831e-6
0.0205	8.187868411693058e-6
0.021	8.191880106162285e-6
0.021500000000000002	8.195891800631514e-6
0.022	8.199903495100742e-6
0.0225	8.203915189569969e-6
0.023	8.207926884039196e-6
0.0235	8.211938578508423e-6
0.024	8.21595027297765e-6
0.0245	8.219961967446877e-6
0.025	8.223973661916105e-6
0.025500000000000002	8.227985356385332e-6
0.026000000000000002	8.23199705085456e-6
0.0265	8.236008745323788e-6
0.027	8.240020439793015e-6
0.0275	8.244032134262242e-6
0.028	8.24804382873147e-6
0.0285	8.252055523200697e-6
0.029	8.256067217669924e-6
0.029500000000000002	8.260078912139151e-6
0.03	8.264090606608378e-6
0.0305	8.268102301077607e-6
0.031	8.272113995546834e-6
0.0315	8.276125690016062e-6
0.032	8.280137384485289e-6
0.0325	8.284149078954516e-6
0.033	8.288160773423743e-6
0.0335	8.29217246789297e-6
0.034	8.296184162362197e-6
0.0345	8.300195856831425e-6
0.035	8.304207551300654e-6
0.035500000000000004	8.30821924576988e-6
0.036000000000000004	8.312230940239108e-6
0.0365	8.316242634708335e-6
0.037	8.320254329177562e-6
0.0375	8.32426602364679e-6
0.038	8.328277718116017e-6
0.0385	8.332289412585244e-6
0.039	8.336301107054471e-6
0.0395	8.340312801523698e-6
0.04	8.344324495992927e-6
0.0405	8.348336190462154e-6
0.041	8.352347884931381e-6
0.0415	8.356359579400609e-6
0.042	8.360371273869836e-6
0.0425	8.364382968339063e-6
0.043000000000000003	8.36839466280829e-6
0.043500000000000004	8.372406357277517e-6
0.044	8.376418051746745e-6
0.0445	8.380429746215973e-6
0.045	8.3844414406852e-6
0.0455	8.388453135154428e-6
0.046	8.392464829623655e-6
0.0465	8.396476524092882e-6
0.047	8.40048821856211e-6
0.0475	8.404499913031337e-6
0.048	8.408511607500564e-6
0.0485	8.412523301969791e-6
0.049	8.416534996439018e-6
0.0495	8.420546690908247e-6
0.05	8.424558385377474e-6
0.0505	8.428570079846701e-6
0.051000000000000004	8.432581774315929e-6
0.051500000000000004	8.436593468785156e-6
0.052000000000000005	8.440605163254383e-6
0.0525	8.44461685772361e-6
0.053	8.448628552192837e-6
0.0535	8.452640246662065e-6
0.054	8.456651941131293e-6
0.0545	8.46066363560052e-6
0.055	8.464675330069748e-6
0.0555	8.468687024538975e-6
0.056	8.472698719008202e-6
0.0565	8.47671041347743e-6
0.057	8.480722107946657e-6
0.0575	8.484733802415884e-6
0.058	8.488745496885111e-6
0.0585	8.49275719135434e-6
0.059000000000000004	8.496768885823567e-6
0.059500000000000004	8.500780580292794e-6
0.06	8.504792274762021e-6
0.0605	8.508803969231249e-6
0.061	8.512815663700476e-6
0.0615	8.516827358169703e-6
0.062	8.52083905263893e-6
0.0625	8.524850747108157e-6
0.063	8.528862441577386e-6
0.0635	8.532874136046613e-6
0.064	8.53688583051584e-6
0.0645	8.540897524985068e-6
0.065	8.544909219454295e-6
0.0655	8.548920913923522e-6
0.066	8.55293260839275e-6
0.0665	8.556944302861976e-6
0.067	8.560955997331204e-6
0.0675	8.56496769180043e-6
0.068	8.56897938626966e-6
0.0685	8.572991080738887e-6
0.069	8.577002775208114e-6
0.0695	8.581014469677341e-6
0.07	8.585026164146568e-6
0.07050000000000001	8.589037858615796e-6
0.07100000000000001	8.593049553085023e-6
0.07150000000000001	8.59706124755425e-6
0.07200000000000001	8.601072942023477e-6
0.0725	8.605084636492706e-6
0.073	8.609096330961933e-6
0.0735	8.61310802543116e-6
0.074	8.617119719900388e-6
0.0745	8.621131414369615e-6
0.075	8.625143108838842e-6
0.0755	8.62915480330807e-6
0.076	8.633166497777296e-6
0.0765	8.637178192246524e-6
0.077	8.64118988671575e-6
0.0775	8.64520158118498e-6
0.078	8.649213275654207e-6
0.0785	8.653224970123434e-6
0.079	8.657236664592661e-6
0.0795	8.661248359061888e-6
0.08	8.665260053531116e-6
0.0805	8.669271748000343e-6
0.081	8.67328344246957e-6
0.0815	8.677295136938797e-6
0.082	8.681306831408026e-6
0.0825	8.685318525877253e-6
0.083	8.68933022034648e-6
0.0835	8.693341914815708e-6
0.084	8.697353609284935e-6
0.0845	8.701365303754162e-6
0.085	8.70537699822339e-6
0.0855	8.709388692692616e-6
0.08600000000000001	8.713400387161844e-6
0.08650000000000001	8.717412081631072e-6
0.08700000000000001	8.7214237761003e-6
0.08750000000000001	8.725435470569527e-6
0.088	8.729447165038754e-6
0.0885	8.733458859507981e-6
0.089	8.737470553977208e-6
0.0895	8.741482248446436e-6
0.09	8.745493942915663e-6
0.0905	8.74950563738489e-6
0.091	8.753517331854117e-6
0.0915	8.757529026323346e-6
0.092	8.761540720792573e-6
0.0925	8.7655524152618e-6
0.093	8.769564109731028e-6
0.0935	8.773575804200255e-6
0.094	8.777587498669482e-6
0.0945	8.781599193138709e-6
0.095	8.785610887607936e-6
0.0955	8.789622582077163e-6
0.096	8.793634276546392e-6
0.0965	8.79764597101562e-6
0.097	8.801657665484847e-6
0.0975	8.805669359954074e-6
0.098	8.809681054423301e-6
0.0985	8.813692748892528e-6
0.099	8.817704443361755e-6
0.0995	8.821716137830983e-6
0.1	8.82572783230021e-6
0.1005	8.829739526769439e-6
0.101	8.833751221238666e-6
0.1015	8.837762915707893e-6
0.10200000000000001	8.84177461017712e-6
0.10250000000000001	8.845786304646347e-6
0.10300000000000001	8.849797999115575e-6
0.10350000000000001	8.853809693584802e-6
0.10400000000000001	8.857821388054029e-6
0.1045	8.861833082523256e-6
0.105	8.865844776992483e-6
0.1055	8.869856471461712e-6
0.106	8.87386816593094e-6
0.1065	8.877879860400167e-6
0.107	8.881891554869394e-6
0.1075	8.885903249338621e-6
0.108	8.889914943807848e-6
0.1085	8.893926638277075e-6
0.109	8.897938332746303e-6
0.1095	8.90195002721553e-6
0.11	8.905961721684759e-6
0.1105	8.909973416153986e-6
0.111	8.913985110623213e-6
0.1115	8.91799680509244e-6
0.112	8.922008499561667e-6
0.1125	8.926020194030895e-6
0.113	8.930031888500122e-6
0.1135	8.934043582969349e-6
0.114	8.938055277438576e-6
0.1145	8.942066971907803e-6
0.115	8.946078666377032e-6
0.1155	8.95009036084626e-6
0.116	8.954102055315487e-6
0.1165	8.958113749784714e-6
0.117	8.962125444253941e-6
0.11750000000000001	8.966137138723168e-6
0.11800000000000001	8.970148833192395e-6
0.11850000000000001	8.974160527661623e-6
0.11900000000000001	8.978172222130851e-6
0.11950000000000001	8.982183916600079e-6
0.12	8.986195611069306e-6
0.1205	8.990207305538533e-6
0.121	8.99421900000776e-6
0.1215	8.998230694476987e-6
0.122	9.002242388946215e-6
0.1225	9.006254083415442e-6
0.123	9.010265777884669e-6
0.1235	9.014277472353896e-6
0.124	9.018289166823123e-6
0.1245	9.022300861292352e-6
0.125	9.02631255576158e-6
0.1255	9.030324250230807e-6
0.126	9.034335944700034e-6
0.1265	9.038347639169261e-6
0.127	9.042359333638488e-6
0.1275	9.046371028107715e-6
0.128	9.050382722576943e-6
0.1285	9.054394417046171e-6
0.129	9.058406111515399e-6
0.1295	9.062417805984626e-6
0.13	9.066429500453853e-6
0.1305	9.07044119492308e-6
0.131	9.074452889392307e-6
0.1315	9.078464583861535e-6
0.132	9.082476278330762e-6
0.1325	9.086487972799989e-6
0.133	9.090499667269216e-6
0.1335	9.094511361738445e-6
0.134	9.098523056207672e-6
0.1345	9.1025347506769e-6
0.135	9.106546445146127e-6
0.1355	9.110558139615354e-6
0.136	9.114569834084581e-6
0.1365	9.118581528553808e-6
0.137	9.122593223023035e-6
0.1375	9.126604917492264e-6
0.138	9.130616611961491e-6
0.1385	9.134628306430719e-6
0.139	9.138640000899946e-6
0.1395	9.142651695369173e-6
0.14	9.1466633898384e-6
0.1405	9.150675084307627e-6
0.14100000000000001	9.154686778776854e-6
0.14150000000000001	9.158698473246082e-6
0.14200000000000002	9.162710167715309e-6
0.14250000000000002	9.166721862184538e-6
0.14300000000000002	9.170733556653765e-6
0.14350000000000002	9.174745251122992e-6
0.14400000000000002	9.17875694559222e-6
0.1445	9.182768640061446e-6
0.145	9.186780334530674e-6
0.1455	9.1907920289999e-6
0.146	9.194803723469128e-6
0.1465	9.198815417938355e-6
0.147	9.202827112407582e-6
0.1475	9.206838806876811e-6
0.148	9.210850501346038e-6
0.1485	9.214862195815266e-6
0.149	9.218873890284493e-6
0.1495	9.22288558475372e-6
0.15	9.226897279222947e-6
0.1505	9.230908973692174e-6
0.151	9.234920668161402e-6
0.1515	9.238932362630629e-6
0.152	9.242944057099856e-6
0.1525	9.246955751569085e-6
0.153	9.250967446038312e-6
0.1535	9.25497914050754e-6
0.154	9.258990834976766e-6
0.1545	9.263002529445994e-6
0.155	9.26701422391522e-6
0.1555	9.271025918384448e-6
0.156	9.275037612853675e-6
0.1565	9.279049307322904e-6
0.157	9.283061001792131e-6
0.1575	9.287072696261358e-6
0.158	9.291084390730586e-6
0.1585	9.295096085199813e-6
0.159	9.29910777966904e-6
0.1595	9.303119474138267e-6
0.16	9.307131168607494e-6
0.1605	9.311142863076722e-6
0.161	9.315154557545949e-6
0.1615	9.319166252015178e-6
0.162	9.323177946484405e-6
0.1625	9.327189640953632e-6
0.163	9.33120133542286e-6
0.1635	9.335213029892086e-6
0.164	9.339224724361314e-6
0.1645	9.34323641883054e-6
0.165	9.347248113299768e-6
0.1655	9.351259807768997e-6
0.166	9.355271502238224e-6
0.1665	9.359283196707451e-6
0.167	9.363294891176678e-6
0.1675	9.367306585645906e-6
0.168	9.371318280115133e-6
0.1685	9.37532997458436e-6
0.169	9.379341669053587e-6
0.1695	9.383353363522814e-6
0.17	9.387365057992041e-6
0.1705	9.391376752461269e-6
0.171	9.395388446930498e-6
0.1715	9.399400141399725e-6
0.17200000000000001	9.403411835868952e-6
0.17250000000000001	9.407423530338179e-6
0.17300000000000001	9.411435224807406e-6
0.17350000000000002	9.415446919276633e-6
0.17400000000000002	9.41945861374586e-6
0.17450000000000002	9.423470308215088e-6
0.17500000000000002	9.427482002684317e-6
0.17550000000000002	9.431493697153544e-6
0.176	9.435505391622771e-6
0.1765	9.439517086091998e-6
0.177	9.443528780561225e-6
0.1775	9.447540475030453e-6
0.178	9.45155216949968e-6
0.1785	9.455563863968907e-6
0.179	9.459575558438134e-6
0.1795	9.463587252907361e-6
0.18	9.467598947376589e-6
0.1805	9.471610641845817e-6
0.181	9.475622336315045e-6
0.1815	9.479634030784272e-6
0.182	9.483645725253499e-6
0.1825	9.487657419722726e-6
0.183	9.491669114191953e-6
0.1835	9.49568080866118e-6
0.184	9.499692503130408e-6
0.1845	9.503704197599637e-6
0.185	9.507715892068864e-6
0.1855	9.511727586538091e-6
0.186	9.515739281007318e-6
0.1865	9.519750975476545e-6
0.187	9.523762669945773e-6
0.1875	9.527774364415e-6
0.188	9.531786058884227e-6
0.1885	9.535797753353454e-6
0.189	9.539809447822681e-6
0.1895	9.543821142291909e-6
0.19	9.547832836761137e-6
0.1905	9.551844531230365e-6
0.191	9.555856225699592e-6
0.1915	9.559867920168819e-6
0.192	9.563879614638046e-6
0.1925	9.567891309107273e-6
0.193	9.5719030035765e-6
0.1935	9.575914698045728e-6
0.194	9.579926392514957e-6
0.1945	9.583938086984184e-6
0.195	9.587949781453411e-6
0.1955	9.591961475922638e-6
0.196	9.595973170391865e-6
0.1965	9.599984864861093e-6
0.197	9.60399655933032e-6
0.1975	9.608008253799547e-6
0.198	9.612019948268774e-6
0.1985	9.616031642738001e-6
0.199	9.62004333720723e-6
0.1995	9.624055031676457e-6
0.2	9.628066726145685e-6
0.2005	9.632078420614912e-6
0.201	9.636090115084139e-6
0.2015	9.640101809553366e-6
0.202	9.644113504022593e-6
0.2025	9.64812519849182e-6
0.203	9.65213689296105e-6
0.20350000000000001	9.656148587430277e-6
0.20400000000000001	9.660160281899504e-6
0.20450000000000002	9.664171976368731e-6
0.20500000000000002	9.668183670837958e-6
0.20550000000000002	9.672195365307185e-6
0.20600000000000002	9.676207059776413e-6
0.20650000000000002	9.68021875424564e-6
0.20700000000000002	9.684230448714867e-6
0.20750000000000002	9.688242143184094e-6
0.20800000000000002	9.692253837653323e-6
0.2085	9.69626553212255e-6
0.209	9.700277226591777e-6
0.2095	9.704288921061005e-6
0.21	9.708300615530232e-6
0.2105	9.712312309999459e-6
0.211	9.716324004468686e-6
0.2115	9.720335698937913e-6
0.212	9.72434739340714e-6
0.2125	9.72835908787637e-6
0.213	9.732370782345597e-6
0.2135	9.736382476814824e-6
0.214	9.740394171284051e-6
0.2145	9.744405865753278e-6
0.215	9.748417560222505e-6
0.2155	9.752429254691732e-6
0.216	9.75644094916096e-6
0.2165	9.760452643630187e-6
0.217	9.764464338099414e-6
0.2175	9.768476032568641e-6
0.218	9.77248772703787e-6
0.2185	9.776499421507097e-6
0.219	9.780511115976324e-6
0.2195	9.784522810445552e-6
0.22	9.788534504914779e-6
0.2205	9.792546199384006e-6
0.221	9.796557893853233e-6
0.2215	9.80056958832246e-6
0.222	9.80458128279169e-6
0.2225	9.808592977260916e-6
0.223	9.812604671730144e-6
0.2235	9.81661636619937e-6
0.224	9.820628060668598e-6
0.2245	9.824639755137825e-6
0.225	9.828651449607052e-6
0.2255	9.83266314407628e-6
0.226	9.836674838545507e-6
0.2265	9.840686533014734e-6
0.227	9.844698227483963e-6
0.2275	9.84870992195319e-6
0.228	9.852721616422417e-6
0.2285	9.856733310891644e-6
0.229	9.860745005360872e-6
0.2295	9.864756699830099e-6
0.23	9.868768394299326e-6
0.2305	9.872780088768553e-6
0.231	9.876791783237782e-6
0.2315	9.88080347770701e-6
0.232	9.884815172176236e-6
0.2325	9.888826866645464e-6
0.233	9.89283856111469e-6
0.2335	9.896850255583918e-6
0.234	9.900861950053145e-6
0.23450000000000001	9.904873644522372e-6
0.23500000000000001	9.9088853389916e-6
0.23550000000000001	9.912897033460827e-6
0.23600000000000002	9.916908727930056e-6
0.23650000000000002	9.920920422399283e-6
0.23700000000000002	9.92493211686851e-6
0.23750000000000002	9.928943811337737e-6
0.23800000000000002	9.932955505806964e-6
0.23850000000000002	9.936967200276192e-6
0.23900000000000002	9.940978894745419e-6
0.23950000000000002	9.944990589214646e-6
0.24	9.949002283683873e-6
0.2405	9.953013978153102e-6
0.241	9.95702567262233e-6
0.2415	9.961037367091556e-6
0.242	9.965049061560784e-6
0.2425	9.96906075603001e-6
0.243	9.973072450499238e-6
0.2435	9.977084144968465e-6
0.244	9.981095839437692e-6
0.2445	9.98510753390692e-6
0.245	9.989119228376147e-6
0.2455	9.993130922845374e-6
0.246	9.997142617314603e-6
0.2465	0.00001000115431178383
0.247	0.000010005166006253057
0.2475	0.000010009177700722284
0.248	0.000010013189395191511
0.2485	0.000010017201089660739
0.249	0.000010021212784129966
0.2495	0.000010025224478599195
0.25	0.000010029236173068422
0.2505	0.000010033247867537649
0.251	0.000010037259562006876
0.2515	0.000010041271256476103
0.252	0.00001004528295094533
0.2525	0.000010049294645414558
0.253	0.000010053306339883785
0.2535	0.000010057318034353012
0.254	0.00001006132972882224
0.2545	0.000010065341423291467
0.255	0.000010069353117760694
0.2555	0.000010073364812229923
0.256	0.00001007737650669915
0.2565	0.000010081388201168377
0.257	0.000010085399895637604
0.2575	0.000010089411590106831
0.258	0.000010093423284576059
0.2585	0.000010097434979045286
0.259	0.000010101446673514515
0.2595	0.000010105458367983742
0.26	0.000010109470062452969
0.2605	0.000010113481756922196
0.261	0.000010117493451391423
0.2615	0.00001012150514586065
0.262	0.000010125516840329878
0.2625	0.000010129528534799105
0.263	0.000010133540229268332
0.2635	0.00001013755192373756
0.264	0.000010141563618206787
0.2645	0.000010145575312676015
0.265	0.000010149587007145243
0.2655	0.00001015359870161447
0.266	0.000010157610396083697
0.2665	0.000010161622090552924
0.267	0.000010165633785022151
0.2675	0.000010169645479491379
0.268	0.000010173657173960607
0.2685	0.000010177668868429835
0.269	0.000010181680562899062
0.2695	0.000010185692257368289
0.27	0.000010189703951837516
0.2705	0.000010193715646306743
0.271	0.00001019772734077597
0.2715	0.000010201739035245198
0.272	0.000010205750729714425
0.2725	0.000010209762424183652
0.273	0.00001021377411865288
0.2735	0.000010217785813122108
0.274	0.000010221797507591335
0.2745	0.000010225809202060563
0.275	0.00001022982089652979
0.2755	0.000010233832590999017
0.276	0.000010237844285468244
0.2765	0.000010241855979937471
0.277	0.0000102458676744067
0.2775	0.000010249879368875927
0.278	0.000010253891063345155
0.2785	0.000010257902757814382
0.279	0.000010261914452283609
0.2795	0.000010265926146752836
0.28	0.000010269937841222063
0.2805	0.00001027394953569129
0.281	0.000010277961230160518
0.28150000000000003	0.000010281972924629745
0.28200000000000003	0.000010285984619098972
0.28250000000000003	0.0000102899963135682
0.28300000000000003	0.000010294008008037428
0.28350000000000003	0.000010298019702506655
0.28400000000000003	0.000010302031396975883
0.28450000000000003	0.00001030604309144511
0.28500000000000003	0.000010310054785914337
0.28550000000000003	0.000010314066480383564
0.28600000000000003	0.000010318078174852791
0.28650000000000003	0.00001032208986932202
0.28700000000000003	0.000010326101563791247
0.28750000000000003	0.000010330113258260475
0.28800000000000003	0.000010334124952729702
0.2885	0.000010338136647198929
0.289	0.000010342148341668156
0.2895	0.000010346160036137383
0.29	0.00001035017173060661
0.2905	0.000010354183425075838
0.291	0.000010358195119545065
0.2915	0.000010362206814014292
0.292	0.00001036621850848352
0.2925	0.000010370230202952746
0.293	0.000010374241897421974
0.2935	0.000010378253591891202
0.294	0.00001038226528636043
0.2945	0.000010386276980829657
0.295	0.000010390288675298884
0.2955	0.000010394300369768111
0.296	0.000010398312064237338
0.2965	0.000010402323758706567
0.297	0.000010406335453175794
0.2975	0.000010410347147645022
0.298	0.000010414358842114249
0.2985	0.000010418370536583476
0.299	0.000010422382231052703
0.2995	0.00001042639392552193
0.3	0.000010430405619991158
0.3005	0.000010434417314460385
0.301	0.000010438429008929612
0.3015	0.000010442440703398839
0.302	0.000010446452397868066
0.3025	0.000010450464092337295
0.303	0.000010454475786806522
0.3035	0.00001045848748127575
0.304	0.000010462499175744977
0.3045	0.000010466510870214204
0.305	0.000010470522564683431
0.3055	0.000010474534259152658
0.306	0.000010478545953621887
0.3065	0.000010482557648091114
0.307	0.000010486569342560342
0.3075	0.000010490581037029569
0.308	0.000010494592731498796
0.3085	0.000010498604425968023
0.309	0.00001050261612043725
0.3095	0.000010506627814906478
0.31	0.000010510639509375705
0.3105	0.000010514651203844932
0.311	0.000010518662898314159
0.3115	0.000010522674592783388
0.312	0.000010526686287252615
0.3125	0.000010530697981721842
0.313	0.00001053470967619107
0.3135	0.000010538721370660297
0.314	0.000010542733065129524
0.3145	0.000010546744759598751
0.315	0.00001055075645406798
0.3155	0.000010554768148537207
0.316	0.000010558779843006434
0.3165	0.000010562791537475662
0.317	0.000010566803231944889
0.3175	0.000010570814926414116
0.318	0.000010574826620883343
0.3185	0.00001057883831535257
0.319	0.000010582850009821797
0.3195	0.000010586861704291025
0.32	0.000010590873398760252
0.3205	0.000010594885093229479
0.321	0.000010598896787698708
0.3215	0.000010602908482167935
0.322	0.000010606920176637162
0.3225	0.00001061093187110639
0.323	0.000010614943565575617
0.3235	0.000010618955260044844
0.324	0.000010622966954514073
0.3245	0.0000106269786489833
0.325	0.000010630990343452527
0.3255	0.000010635002037921754
0.326	0.000010639013732390981
0.3265	0.000010643025426860209
0.327	0.000010647037121329436
0.3275	0.000010651048815798663
0.328	0.00001065506051026789
0.3285	0.000010659072204737117
0.329	0.000010663083899206345
0.3295	0.000010667095593675572
0.33	0.0000106711072881448
0.3305	0.000010675118982614028
0.331	0.000010679130677083255
0.3315	0.000010683142371552482
0.332	0.00001068715406602171
0.3325	0.000010691165760490937
0.333	0.000010695177454960164
0.3335	0.000010699189149429393
0.334	0.00001070320084389862
0.3345	0.000010707212538367847
0.335	0.000010711224232837074
0.3355	0.000010715235927306301
0.336	0.000010719247621775529
0.3365	0.000010723259316244756
0.337	0.000010727271010713983
0.3375	0.00001073128270518321
0.338	0.000010735294399652437
0.3385	0.000010739306094121665
0.339	0.000010743317788590893
0.3395	0.00001074732948306012
0.34	0.000010751341177529348
0.3405	0.000010755352871998575
0.341	0.000010759364566467802
0.3415	0.00001076337626093703
0.342	0.000010767387955406257
0.3425	0.000010771399649875485
0.343	0.000010775411344344713
0.3435	0.00001077942303881394
0.34400000000000003	0.000010783434733283167
0.34450000000000003	0.000010787446427752394
0.34500000000000003	0.000010791458122221621
0.34550000000000003	0.000010795469816690849
0.34600000000000003	0.000010799481511160076
0.34650000000000003	0.000010803493205629303
0.34700000000000003	0.00001080750490009853
0.34750000000000003	0.000010811516594567757
0.34800000000000003	0.000010815078655346436
0.34850000000000003	0.000010817382014767125
0.34900000000000003	0.000010819685791924011
0.34950000000000003	0.000010821989986777455
0.35000000000000003	0.000010824294599287773
0.35050000000000003	0.000010826599629415226
0.35100000000000003	0.000010828905077120027
0.35150000000000003	0.000010831210942362338
0.352	0.000010833517225102269
0.3525	0.000010835823925299883
0.353	0.00001083813104291519
0.3535	0.00001084043857790815
0.354	0.000010842746530238674
0.3545	0.000010845054899866619
0.355	0.000010847363686751795
0.3555	0.000010849672890853965
0.356	0.000010851982512132833
0.3565	0.00001085429255054806
0.357	0.000010856603006059252
0.3575	0.000010858913878625971
0.358	0.000010861225168207721
0.3585	0.000010863536874763964
0.359	0.000010865848998254105
0.3595	0.000010868161538637505
0.36	0.000010870474495873468
0.3605	0.000010872787869921253
0.361	0.00001087510166074007
0.3615	0.000010877415868289074
0.362	0.000010879730492527377
0.3625	0.000010882045533414033
0.363	0.000010884360990908052
0.3635	0.000010886676864968392
0.364	0.000010888993155553961
0.3645	0.00001089130986262362
0.365	0.000010893626986136175
0.3655	0.000010895944526050388
0.366	0.000010898262482324968
0.3665	0.000010900580854918574
0.367	0.000010902899643789817
0.3675	0.000010905218848897256
0.368	0.000010907538470199403
0.3685	0.00001090985850765472
0.369	0.000010912178961221618
0.3695	0.000010914499830858461
0.37	0.000010916821116523559
0.3705	0.000010919142818175179
0.371	0.000010921464935771531
0.3715	0.000010923787469270781
0.372	0.000010926110418631044
0.3725	0.000010928433783810388
0.373	0.000010930757564766827
0.3735	0.000010933081761458327
0.374	0.000010935406373842808
0.3745	0.000010937731401878138
0.375	0.000010940056845522137
0.3755	0.000010942382704732572
0.376	0.00001094470897946717
0.3765	0.000010947035669683594
0.377	0.000010949362775339474
0.3775	0.000010951690296392381
0.378	0.00001095401823279984
0.3785	0.000010956346584519325
0.379	0.000010958675351508264
0.3795	0.000010961004533724032
0.38	0.000010963334131123962
0.3805	0.000010965664143665328
0.381	0.000010967994571305364
0.3815	0.000010970325414001252
0.382	0.000010972656671710123
0.3825	0.000010974988344389063
0.383	0.000010977320431995104
0.3835	0.000010979652934485236
0.384	0.000010981985851816396
0.3845	0.000010984319183945472
0.385	0.000010986652930829305
0.3855	0.000010988987092424685
0.386	0.000010991321668688358
0.3865	0.000010993656659577015
0.387	0.000010995992065047305
0.3875	0.000010998327885055824
0.388	0.00001100066411955912
0.3885	0.000011003000768513696
0.389	0.000011005337831876
0.3895	0.000011007675309602438
0.39	0.000011010013201649363
0.3905	0.000011012351507973083
0.391	0.000011014690228529856
0.3915	0.000011017029363275891
0.392	0.00001101936891216735
0.3925	0.000011021708875160348
0.393	0.000011024049252210949
0.3935	0.000011026390043275167
0.394	0.000011028731248308975
0.3945	0.00001103107286726829
0.395	0.000011033414900108987
0.3955	0.000011035757346786889
0.396	0.000011038100207257771
0.3965	0.000011040443481477362
0.397	0.000011042787169401343
0.3975	0.000011045131270985345
0.398	0.000011047475786184954
0.3985	0.000011049820714955703
0.399	0.00001105216605725308
0.3995	0.00001105451181303253
0.4	0.000011056857982249441
0.4005	0.00001105920456485916
0.401	0.000011061551560816982
0.4015	0.000011063898970078158
0.402	0.000011066246792597889
0.4025	0.000011068595028331327
0.403	0.00001107094367723358
0.4035	0.000011073292739259705
0.404	0.000011075642214364712
0.4045	0.000011077992102503566
0.405	0.00001108034240363118
0.4055	0.000011082693117702425
0.406	0.00001108504424467212
0.40650000000000003	0.000011087395784495037
0.40700000000000003	0.000011089747737125903
0.40750000000000003	0.000011092100102519393
0.40800000000000003	0.000011094452880630142
0.40850000000000003	0.00001109680607141273
0.40900000000000003	0.000011099159674821694
0.40950000000000003	0.000011101513690811523
0.41000000000000003	0.000011103868119336656
0.41050000000000003	0.00001110622296035149
0.41100000000000003	0.000011108578213810371
0.41150000000000003	0.000011110933879667596
0.41200000000000003	0.000011113289957877423
0.41250000000000003	0.000011115646448394051
0.41300000000000003	0.000011118003351171641
0.41350000000000003	0.000011120360666164305
0.41400000000000003	0.000011122718393326106
0.41450000000000004	0.00001112507653261106
0.41500000000000004	0.000011127435083973139
0.41550000000000004	0.000011129794047366264
0.41600000000000004	0.000011132153422744311
0.4165	0.00001113451321006111
0.417	0.000011136873409270445
0.4175	0.000011139234020326048
0.418	0.000011141595043181609
0.4185	0.00001114395647779077
0.419	0.000011146318324107126
0.4195	0.000011148680582084225
0.42	0.000011151043251675569
0.4205	0.000011153406332834612
0.421	0.000011155769825514762
0.4215	0.000011158133729669381
0.422	0.000011160498045251785
0.4225	0.000011162862772215239
0.423	0.00001116522791051297
0.4235	0.000011167593460098148
0.424	0.000011169959420923905
0.4245	0.000011172325792943322
0.425	0.000011174692576109437
0.4255	0.000011177059770375235
0.426	0.000011179427375693665
0.4265	0.00001118179539201762
0.427	0.000011184163819299953
0.4275	0.000011186532657493465
0.428	0.000011188901906550917
0.4285	0.00001119127156642502
0.429	0.00001119364163706844
0.4295	0.000011196012118433794
0.43	0.000011198383010473658
0.4305	0.00001120075431314056
0.431	0.000011203126026386976
0.4315	0.000011205498150165348
0.432	0.000011207870684428059
0.4325	0.000011210243629127456
0.433	0.000011212616984215836
0.4335	0.000011214990749645449
0.434	0.0000112173649253685
0.4345	0.000011219739511337148
0.435	0.00001122211450750351
0.4355	0.00001122448991381965
0.436	0.000011226865730237592
0.4365	0.000011229241956709312
0.437	0.00001123161859318674
0.4375	0.000011233995639621762
0.438	0.000011236373095966216
0.4385	0.000011238750962171897
0.439	0.000011241129238190553
0.4395	0.000011243507923973884
0.44	0.00001124588701947355
0.4405	0.000011248266524641161
0.441	0.000011250646439428283
0.4415	0.000011253026763786436
0.442	0.000011255407497667096
0.4425	0.000011257788641021693
0.443	0.00001126017019380161
0.4435	0.000011262552155958186
0.444	0.000011264934527442716
0.4445	0.00001126731730820645
0.445	0.000011269700498200585
0.4455	0.000011272084097376284
0.446	0.000011274468105684661
0.4465	0.00001127685252307678
0.447	0.000011279237349503665
0.4475	0.000011281622584916293
0.448	0.000011284008229265597
0.4485	0.000011286394282502464
0.449	0.000011288780744577737
0.4495	0.000011291167615442213
0.45	0.000011293554895046643
0.4505	0.000011295942583341738
0.451	0.000011298330680278157
0.4515	0.00001130071918580652
0.452	0.0000113031080998774
0.4525	0.000011305497422441323
0.453	0.000011307887153448777
0.4535	0.000011310277292850196
0.454	0.000011312667840595975
0.4545	0.000011315058796636467
0.455	0.000011317450160921972
0.4555	0.000011319841933402752
0.456	0.000011322234114029025
0.4565	0.000011324626702750959
0.457	0.00001132701969951868
0.4575	0.000011329413104282274
0.458	0.000011331806916991774
0.4585	0.000011334201137597175
0.459	0.000011336595766048428
0.4595	0.000011338990802295434
0.46	0.000011341386246288055
0.4605	0.000011343782097976107
0.461	0.00001134617835730936
0.4615	0.000011348575024237541
0.462	0.000011350972098710337
0.4625	0.000011353369580677381
0.463	0.000011355767470088273
0.4635	0.000011358165766892561
0.464	0.000011360564471039753
0.4645	0.00001136296358247931
0.465	0.00001136536310116065
0.4655	0.00001136776302703315
0.466	0.000011370163360046139
0.4665	0.000011372564100148903
0.467	0.000011374965247290687
0.4675	0.000011377366801420688
0.468	0.000011379768762488061
0.4685	0.000011382171130441917
0.46900000000000003	0.000011384573905231325
0.46950000000000003	0.000011386977086805307
0.47000000000000003	0.000011389380675112843
0.47050000000000003	0.000011391784670102872
0.47100000000000003	0.000011394189071724283
0.47150000000000003	0.000011396593879925926
0.47200000000000003	0.000011398999094656609
0.47250000000000003	0.000011401404715865091
0.47300000000000003	0.000011403810743500091
0.47350000000000003	0.000011406217177510283
0.47400000000000003	0.000011408624017844301
0.47450000000000003	0.000011411031264450731
0.47500000000000003	0.000011413438917278118
0.47550000000000003	0.000011415846976274965
0.47600000000000003	0.000011418255441389725
0.47650000000000003	0.000011420664312570818
0.47700000000000004	0.00001142307358976661
0.47750000000000004	0.000011425483272925435
0.47800000000000004	0.000011427893361995573
0.47850000000000004	0.000011430303856925267
0.47900000000000004	0.000011432714757662716
0.47950000000000004	0.000011435126064156074
0.48	0.000011437537776353455
0.4805	0.000011439949894202927
0.481	0.000011442362417652517
0.4815	0.000011444775346650208
0.482	0.000011447188681143938
0.4825	0.000011449602421081608
0.483	0.000011452016566411071
0.4835	0.000011454431117080136
0.484	0.000011456846073036574
0.4845	0.00001145926143422811
0.485	0.00001146167720060243
0.4855	0.00001146409337210717
0.486	0.000011466509948689929
0.4865	0.000011468926930298264
0.487	0.000011471344316879683
0.4875	0.00001147376210838166
0.488	0.00001147618030475162
0.4885	0.000011478598905936948
0.489	0.000011481017911884985
0.4895	0.000011483437322543032
0.49	0.000011485857137858346
0.4905	0.00001148827735777814
0.491	0.000011490697982249587
0.4915	0.000011493119011219817
0.492	0.000011495540444635919
0.4925	0.000011497962282444935
0.493	0.00001150038452459387
0.4935	0.000011502807171029684
0.494	0.000011505230221699295
0.4945	0.000011507653676549582
0.495	0.000011510077535527376
0.4955	0.00001151250179857947
0.496	0.000011514926465652615
0.4965	0.000011517351536693518
0.497	0.000011519777011648846
0.4975	0.00001152220289046522
0.498	0.000011524629173089225
0.4985	0.0000115270558594674
0.499	0.000011529482949546244
0.4995	0.000011531910443272212
0.5	0.000011534338340591719
0.5005000000000001	0.000011536766641451137
0.501	0.000011539195345796797
0.5015000000000001	0.00001154162445357499
0.502	0.000011544053964731961
0.5025000000000001	0.00001154648387921392
0.503	0.000011548914196967024
0.5035000000000001	0.000011551344917937404
0.504	0.000011553776042071134
0.5045000000000001	0.000011556207569314258
0.505	0.000011558639499612772
0.5055000000000001	0.000011561071832912633
0.506	0.000011563504569159755
0.5065000000000001	0.000011565937708300013
0.507	0.00001156837125027924
0.5075000000000001	0.000011570805195043226
0.508	0.000011573239542537718
0.5085000000000001	0.000011575674292708429
0.509	0.000011578109445501024
0.5095000000000001	0.000011580545000861128
0.51	0.000011582980958734326
0.5105000000000001	0.000011585417319066163
0.511	0.00001158785408180214
0.5115000000000001	0.000011590291246887719
0.512	0.00001159272881426832
0.5125	0.000011595166783889323
0.513	0.000011597605155696066
0.5135	0.000011600043929633845
0.514	0.000011602483105647919
0.5145	0.0000116049226836835
0.515	0.000011607362663685765
0.5155	0.000011609803045599848
0.516	0.000011612243829370841
0.5165	0.000011614685014943797
0.517	0.000011617126602263728
0.5175	0.000011619568591275603
0.518	0.000011622010981924354
0.5185	0.00001162445377415487
0.519	0.000011626896967911999
0.5195	0.00001162934056314055
0.52	0.00001163178455978529
0.5205	0.000011634228957790948
0.521	0.000011636673757102212
0.5215	0.000011639118957663723
0.522	0.000011641564559420093
0.5225	0.000011644010562315885
0.523	0.000011646456966295624
0.5235	0.000011648903771303795
0.524	0.000011651350977284842
0.5245	0.000011653798584183172
0.525	0.000011656246591943149
0.5255	0.000011658695000509094
0.526	0.000011661143809825294
0.5265	0.00001166359301983599
0.527	0.000011666042630485391
0.5275	0.000011668492641717653
0.528	0.000011670943053476906
0.5285	0.000011673393865707232
0.529	0.000011675845078352674
0.5295	0.000011678296691357237
0.53	0.000011680748704664882
0.5305	0.000011683201118219536
0.531	0.000011685653931965084
0.5315	0.000011688107145845367
0.532	0.000011690560759804193
0.5325	0.000011693014773785326
0.533	0.00001169546918773249
0.5335	0.000011697924001589374
0.534	0.00001170037921529962
0.5345	0.000011702834828806837
0.535	0.000011705290842054591
0.5355	0.00001170774725498641
0.536	0.000011710204067545783
0.5365	0.000011712661279676155
0.537	0.000011715118891320939
0.5375	0.000011717576902423502
0.538	0.000011720035312927176
0.5385	0.00001172249412277525
0.539	0.000011724953331910979
0.5395	0.000011727412940277572
0.54	0.000011729872947818204
0.5405	0.000011732333354476007
0.541	0.00001173479416019408
0.5415	0.000011737255364915474
0.542	0.000011739716968583208
0.5425	0.00001174217897114026
0.543	0.000011744641372529567
0.5435	0.00001174710417269403
0.544	0.00001174956737157651
0.5445	0.000011752030969119827
0.545	0.000011754494965266764
0.5455	0.000011756959359960065
0.546	0.000011759424153142437
0.5465	0.000011761889344756545
0.547	0.000011764354934745014
0.5475	0.000011766820923050436
0.548	0.00001176928730961536
0.5485	0.0000117717540943823
0.549	0.000011774221277293724
0.5495	0.000011776688858292069
0.55	0.000011779156837319731
0.5505	0.000011781625214319067
0.551	0.000011784093989232393
0.5515	0.000011786563162001994
0.552	0.000011789032732570108
0.5525	0.000011791502700878938
0.553	0.000011793973066870651
0.5535	0.000011796443830487374
0.554	0.000011798914991671194
0.5545	0.00001180138655036416
0.555	0.000011803858506508286
0.5555	0.000011806330860045546
0.556	0.000011808803610917874
0.5565	0.000011811276759067169
0.557	0.000011813750304435288
0.5575	0.000011816224246964053
0.558	0.000011818698586595248
0.5585	0.000011821173323270618
0.559	0.00001182364845693187
0.5595	0.000011826123987520673
0.56	0.000011828599914978659
0.5605	0.000011831076239247421
0.561	0.000011833552960268515
0.5615	0.000011836030077983459
0.562	0.000011838507592333734
0.5625	0.00001184098550326078
0.5630000000000001	0.000011843463810706004
0.5635	0.000011845942514610772
0.5640000000000001	0.000011848421614916415
0.5645	0.000011850901111564222
0.5650000000000001	0.00001185338100449545
0.5655	0.000011855861293651314
0.5660000000000001	0.000011858341978972996
0.5665	0.000011860823060401634
0.5670000000000001	0.000011863304537878335
0.5675	0.000011865786411344165
0.5680000000000001	0.000011868268680740155
0.5685	0.000011870751346007295
0.5690000000000001	0.000011873234407086541
0.5695	0.000011875717863918812
0.5700000000000001	0.000011878201716444987
0.5705	0.00001188068596460591
0.5710000000000001	0.000011883170608342388
0.5715	0.000011885655647595188
0.5720000000000001	0.000011888141082305044
0.5725	0.00001189062691241265
0.5730000000000001	0.000011893113137858665
0.5735	0.000011895599758583708
0.5740000000000001	0.000011898086774528364
0.5745	0.000011900574185633179
0.5750000000000001	0.000011903061991838667
0.5755	0.000011905550193085295
0.5760000000000001	0.000011908038789313506
0.5765	0.000011910527780463696
0.577	0.000011913017166476227
0.5775	0.000011915506947291427
0.578	0.000011917997122849588
0.5785	0.000011920487693090958
0.579	0.000011922978657955756
0.5795	0.000011925470017384163
0.58	0.000011927961771316318
0.5805	0.000011930453919692331
0.581	0.000011932946462452272
0.5815	0.000011935439399536174
0.582	0.000011937932730884033
0.5825	0.000011940426456435812
0.583	0.000011942920576131435
0.5835	0.000011945415089910789
0.584	0.000011947909997713728
0.5845	0.000011950405299480066
0.585	0.000011952900995149582
0.5855	0.000011955397084662023
0.586	0.000011957893567957093
0.5865	0.000011960390444974463
0.587	0.00001196288771565377
0.5875	0.00001196538537993461
0.588	0.000011967883437756549
0.5885	0.000011970381889059113
0.589	0.000011972880733781793
0.5895	0.000011975379971864045
0.59	0.000011977879603245285
0.5905	0.0000119803796278649
0.591	0.000011982880045662237
0.5915	0.000011985380856576605
0.592	0.000011987882060547284
0.5925	0.000011990383657513514
0.593	0.000011992885647414497
0.5935	0.000011995388030189404
0.594	0.000011997890805777369
0.5945	0.000012000393974117488
0.595	0.000012002897535148826
0.5955	0.00001200540148881041
0.596	0.000012007905835041227
0.5965	0.000012010410573780239
0.597	0.000012012915704966361
0.5975	0.000012015421228538484
0.598	0.000012017927144435455
0.5985	0.000012020433452596087
0.599	0.000012022940152959162
0.5995	0.000012025447245463425
0.6	0.000012027954730047582
0.6005	0.000012030462606650308
0.601	0.000012032970875210243
0.6015	0.00001203547953566599
0.602	0.000012037988587956117
0.6025	0.000012040498032019159
0.603	0.000012043007867793612
0.6035	0.000012045518095217943
0.604	0.000012048028714230577
0.6045	0.000012050539724769912
0.605	0.000012053051126774302
0.6055	0.000012055562920182077
0.606	0.000012058075104931521
0.6065	0.000012060587680960893
0.607	0.00001206310064820841
0.6075	0.000012065614006612258
0.608	0.000012068127756110589
0.6085	0.000012070641896641517
0.609	0.000012073156428143125
0.6095	0.00001207567135055346
0.61	0.000012078186663810533
0.6105	0.000012080702367852323
0.611	0.00001208321846261677
0.6115	0.00001208573494804179
0.612	0.000012088251824065254
0.6125	0.000012090769090625002
0.613	0.000012093286747658839
0.6135	0.00001209580479510454
0.614	0.00001209832323289984
0.6145	0.000012100842060982443
0.615	0.000012103361279290019
0.6155	0.000012105880887760203
0.616	0.000012108400886330596
0.6165	0.000012110921274938765
0.617	0.000012113442053522241
0.6175	0.000012115963222018526
0.618	0.000012118484780365082
0.6185	0.000012121006728499344
0.619	0.000012123529066358705
0.6195	0.00001212605179388053
0.62	0.00001212857491100215
0.6205	0.000012131098417660858
0.621	0.000012133622313793918
0.6215	0.000012136146599338556
0.622	0.00001213867127423197
0.6225	0.00001214119633841132
0.623	0.00001214372179181373
0.6235	0.000012146247634376297
0.624	0.000012148773866036081
0.6245	0.000012151300486730109
0.625	0.00001215382749639537
0.6255000000000001	0.000012156354894968829
0.626	0.00001215888268238741
0.6265000000000001	0.000012161410858588007
0.627	0.000012163939423507479
0.6275000000000001	0.000012166468377082653
0.628	0.000012168997719250321
0.6285000000000001	0.000012171527449947243
0.629	0.000012174057569110145
0.6295000000000001	0.000012176588076675723
0.63	0.000012179118972580636
0.6305000000000001	0.00001218165025676151
0.631	0.00001218418192915494
0.6315000000000001	0.000012186713989697489
0.632	0.000012189246438325684
0.6325000000000001	0.000012191779274976017
0.633	0.000012194312499584956
0.6335000000000001	0.000012196846112088928
0.634	0.000012199380112424327
0.6345000000000001	0.00001220191450052752
0.635	0.000012204449276334838
0.6355000000000001	0.000012206984439782577
0.636	0.000012209519990807004
0.6365000000000001	0.000012212055929344351
0.637	0.00001221459225533082
0.6375000000000001	0.000012217128968702576
0.638	0.000012219666069395756
0.6385000000000001	0.00001222220355734646
0.639	0.000012224741432490761
0.6395000000000001	0.000012227279694764695
0.64	0.000012229818344104265
0.6405	0.000012232357380445449
0.641	0.000012234896803724181
0.6415	0.000012237436613876374
0.642	0.0000122399768108379
0.6425	0.000012242517394544604
0.643	0.000012245058364932296
0.6435	0.000012247599721936757
0.644	0.000012250141465493733
0.6445	0.000012252683595538935
0.645	0.000012255226112008051
0.6455	0.000012257769014836729
0.646	0.000012260312303960588
0.6465	0.000012262855979315212
0.647	0.00001226540004083616
0.6475	0.00001226794448845895
0.648	0.000012270489322119076
0.6485	0.000012273034541751994
0.649	0.000012275580147293134
0.6495	0.000012278126138677889
0.65	0.000012280672515841624
0.6505	0.00001228321927871967
0.651	0.000012285766427247327
0.6515	0.000012288313961359864
0.652	0.000012290861880992517
0.6525	0.000012293410186080493
0.653	0.000012295958876558963
0.6535	0.000012298507952363071
0.654	0.000012301057413427929
0.6545	0.000012303607259688614
0.655	0.000012306157491080173
0.6555	0.000012308708107537626
0.656	0.000012311259108995957
0.6565	0.000012313810495390119
0.657	0.000012316362266655036
0.6575	0.000012318914422725597
0.658	0.000012321466963536665
0.6585	0.000012324019889023069
0.659	0.000012326573199119603
0.6595	0.000012329126893761039
0.66	0.000012331680972882112
0.6605	0.000012334235436417523
0.661	0.00001233679028430195
0.6615	0.000012339345516470032
0.662	0.000012341901132856385
0.6625	0.000012344457133395588
0.663	0.00001234701351802219
0.6635	0.000012349570286670714
0.664	0.000012352127439275646
0.6645	0.000012354684975771444
0.665	0.000012357242896092536
0.6655	0.000012359801200173317
0.666	0.000012362359887948155
0.6665	0.000012364918959351386
0.667	0.00001236747841431731
0.6675	0.000012370038252780208
0.668	0.000012372598474674318
0.6685	0.000012375159079933855
0.669	0.000012377720068493002
0.6695	0.00001238028144028591
0.67	0.000012382843195246705
0.6705	0.000012385405333309474
0.671	0.000012387967854408284
0.6715	0.000012390530758477158
0.672	0.000012393094045450106
0.6725	0.000012395657715261092
0.673	0.00001239822176784406
0.6735	0.000012400786203132919
0.674	0.000012403351021061552
0.6745	0.000012405916221563805
0.675	0.000012408481804573503
0.6755	0.000012411047770024432
0.676	0.000012413614117850356
0.6765	0.000012416180847985002
0.677	0.000012418747960362075
0.6775	0.000012421315454915243
0.678	0.000012423883331578149
0.6785	0.000012426451590284401
0.679	0.000012429020230967583
0.6795	0.000012431589253561245
0.68	0.000012434158657998912
0.6805	0.000012436728444214075
0.681	0.000012439298612140197
0.6815	0.00001244186916171071
0.682	0.00001244444009285902
0.6825	0.000012447011405518499
0.683	0.000012449583099622493
0.6835	0.00001245215517510432
0.684	0.000012454727631897261
0.6845	0.000012457300469934577
0.685	0.000012459873689149496
0.6855	0.000012462447289475212
0.686	0.000012465021270844896
0.6865	0.000012467595633191687
0.687	0.000012470170376448699
0.6875	0.000012472745500549007
0.6880000000000001	0.00001247532100542567
0.6885	0.000012477896891011706
0.6890000000000001	0.000012480473157240111
0.6895	0.00001248304980404385
0.6900000000000001	0.00001248562683135586
0.6905	0.000012488204239109049
0.6910000000000001	0.000012490782027236292
0.6915	0.00001249336019567044
0.6920000000000001	0.000012495938744344316
0.6925	0.00001249851767319071
0.6930000000000001	0.000012501096982142384
0.6935	0.000012503676671132073
0.6940000000000001	0.000012506256740092484
0.6945	0.00001250883718895629
0.6950000000000001	0.000012511418017656145
0.6955	0.000012513999226124666
0.6960000000000001	0.000012516580814294445
0.6965	0.000012519162782098043
0.6970000000000001	0.000012521745129467995
0.6975	0.000012524327856336808
0.6980000000000001	0.000012526910962636959
0.6985	0.000012529494448300894
0.6990000000000001	0.000012532078313261039
0.6995	0.000012534662557449782
0.7000000000000001	0.00001253724718079949
0.7005	0.000012539832183242497
0.7010000000000001	0.000012542417564711111
0.7015	0.000012545003325137611
0.7020000000000001	0.00001254758946445425
0.7025	0.00001255017598259325
0.7030000000000001	0.000012552762879486805
0.7035	0.000012555350155067084
0.704	0.000012557937809266225
0.7045	0.000012560525842016342
0.705	0.000012563114253249514
0.7055	0.0000125657030428978
0.706	0.000012568292210893224
0.7065	0.00001257088175716779
0.707	0.000012573471681653464
0.7075	0.000012576061984282197
0.708	0.0000125786526649859
0.7085	0.000012581243723696465
0.709	0.00001258383516034575
0.7095	0.000012586426974865592
0.71	0.000012589019167187795
0.7105	0.000012591611737244136
0.711	0.00001259420468496637
0.7115	0.000012596798010286218
0.712	0.000012599391713135374
0.7125	0.000012601985793445509
0.713	0.000012604580251148262
0.7135	0.00001260717508617525
0.714	0.000012609770298458058
0.7145	0.000012612365887928244
0.715	0.000012614961854517341
0.7155	0.000012617558198156856
0.716	0.000012620154918778262
0.7165	0.000012622752016313013
0.717	0.000012625349490692532
0.7175	0.000012627947341848215
0.718	0.00001263054556971143
0.7185	0.000012633144174213521
0.719	0.000012635743155285804
0.7195	0.000012638342512859566
0.72	0.000012640942246866071
0.7205	0.00001264354235723655
0.721	0.000012646142843902214
0.7215	0.000012648743706794243
0.722	0.000012651344945843792
0.7225	0.000012653946560981988
0.723	0.00001265654855213993
0.7235	0.000012659150919248698
0.724	0.000012661753662239335
0.7245	0.000012664356781042865
0.725	0.00001266696027559028
0.7255	0.00001266956414581255
0.726	0.000012672168391640618
0.7265	0.000012674773013005395
0.727	0.000012677378009837774
0.7275	0.000012679983382068616
0.728	0.000012682589129628758
0.7285	0.000012685195252449008
0.729	0.000012687801750460151
0.7295	0.000012690408623592945
0.73	0.00001269301587177812
0.7305	0.000012695623494946381
0.731	0.000012698231493028408
0.7315	0.000012700839865954854
0.732	0.000012703448613656345
0.7325	0.000012706057736063482
0.733	0.000012708667233106839
0.7335	0.000012711277104716966
0.734	0.000012713887350824384
0.7345	0.000012716497971359594
0.735	0.000012719108966253063
0.7355	0.00001272172033543524
0.736	0.000012724332078836542
0.7365	0.000012726944196387364
0.737	0.000012729556688018074
0.7375	0.000012732169553659015
0.738	0.000012734782793240503
0.7385	0.00001273739640669283
0.739	0.000012740010393946263
0.7395	0.000012742624754931038
0.74	0.000012745239489577374
0.7405	0.000012747854597815459
0.741	0.000012750470079575454
0.7415	0.000012753085934787503
0.742	0.000012755702163381715
0.7425	0.000012758318765288176
0.743	0.000012760935740436954
0.7435	0.000012763553088758083
0.744	0.000012766170810181574
0.7445	0.000012768788904637416
0.745	0.00001277140737205557
0.7455	0.00001277402621236597
0.746	0.000012776645425498531
0.7465	0.00001277926501138314
0.747	0.000012781884969949652
0.7475	0.00001278450530112791
0.748	0.000012787126004847723
0.7485	0.000012789747081038879
0.749	0.000012792368529631135
0.7495	0.000012794990350554234
0.75	0.000012797612543737885
0.7505000000000001	0.000012800235109111775
0.751	0.000012802858046605565
0.7515000000000001	0.000012805481356148897
0.752	0.00001280810503767138
0.7525000000000001	0.000012810729091102605
0.753	0.000012813353516372135
0.7535000000000001	0.000012815978313409511
0.754	0.000012818603482144245
0.7545000000000001	0.00001282122902250583
0.755	0.000012823854934423729
0.7555000000000001	0.000012826481217827385
0.756	0.000012829107872646215
0.7565000000000001	0.000012831734898809612
0.757	0.000012834362296246944
0.7575000000000001	0.000012836990064887555
0.758	0.000012839618204660766
0.7585000000000001	0.00001284224671549587
0.759	0.00001284487559732214
0.7595000000000001	0.000012847504850068823
0.76	0.000012850134473665143
0.7605000000000001	0.000012852764468040298
0.761	0.000012855394833123463
0.7615000000000001	0.00001285802556884379
0.762	0.000012860656675130404
0.7625000000000001	0.000012863288151912411
0.763	0.000012865919999118887
0.7635000000000001	0.00001286855221667889
0.764	0.000012871184804521449
0.7645000000000001	0.000012873817762575575
0.765	0.000012876451090770248
0.7655000000000001	0.000012879084789034431
0.766	0.000012881718857297059
0.7665000000000001	0.000012884353295487045
0.767	0.000012886988103533277
0.7675000000000001	0.000012889623281364623
0.768	0.000012892258828909926
0.7685	0.000012894894746097999
0.769	0.000012897531032857641
0.7695	0.000012900167689117622
0.77	0.000012902804714806692
0.7705	0.000012905442109853573
0.771	0.000012908079874186969
0.7715	0.000012910718007735555
0.772	0.000012913356510427989
0.7725	0.000012915995382192898
0.773	0.000012918634622958895
0.7735	0.000012921274232654562
0.774	0.000012923914211208462
0.7745	0.000012926554558549133
0.775	0.000012929195274605093
0.7755	0.000012931836359304831
0.776	0.000012934477812576818
0.7765	0.0000129371196343495
0.777	0.000012939761824551303
0.7775	0.000012942404383110626
0.778	0.000012945047309955848
0.7785	0.000012947690605015321
0.779	0.000012950334268217382
0.7795	0.000012952978299490336
0.78	0.000012955622698762471
0.7805	0.000012958267465962053
0.781	0.000012960912601017321
0.7815	0.000012963558103856494
0.782	0.00001296620397440777
0.7825	0.00001296885021259932
0.783	0.000012971496818359296
0.7835	0.000012974143791615826
0.784	0.000012976791132297018
0.7845	0.000012979438840330952
0.785	0.000012982086915645693
0.7855	0.000012984735358169276
0.786	0.00001298738416782972
0.7865	0.000012990033344555018
0.787	0.000012992682888273144
0.7875	0.000012995332798912045
0.788	0.000012997983076399651
0.7885	0.000013000633720663864
0.789	0.00001300328473163257
0.7895	0.000013005936109233628
0.79	0.000013008587853394878
0.7905	0.000013011239964044139
0.791	0.000013013892441109203
0.7915	0.000013016545284517845
0.792	0.000013019198494197814
0.7925	0.000013021852070076842
0.793	0.000013024506012082635
0.7935	0.000013027160320142877
0.794	0.000013029814994185235
0.7945	0.00001303247003413735
0.795	0.00001303512543992684
0.7955	0.000013037781211481307
0.796	0.000013040437348728326
0.7965	0.000013043093851595451
0.797	0.00001304575072001022
0.7975	0.000013048407953900141
0.798	0.000013051065553192709
0.7985	0.00001305372351781539
0.799	0.00001305638184769563
0.7995	0.00001305904054276086
0.8	0.000013061699602938484
0.8005	0.000013064359028155884
0.801	0.000013067018818340422
0.8015	0.000013069678973419443
0.802	0.000013072339493320263
0.8025	0.00001307500037797018
0.803	0.000013077661627296473
0.8035	0.0000130803232412264
0.804	0.000013082985219687196
0.8045	0.00001308564756260607
0.805	0.000013088310269910224
0.8055	0.000013090973341526822
0.806	0.000013093636777383018
0.8065	0.000013096300577405945
0.807	0.000013098964741522708
0.8075	0.000013101629269660397
0.808	0.00001310429416174608
0.8085	0.000013106959417706805
0.809	0.000013109625037469596
0.8095	0.000013112291020961458
0.81	0.000013114957368109378
0.8105	0.000013117624078840318
0.811	0.000013120291153081223
0.8115	0.000013122958590759012
0.812	0.000013125626391800592
0.8125	0.000013128294556132842
0.8130000000000001	0.000013130963083682622
0.8135	0.000013133631974376776
0.8140000000000001	0.000013136301228142122
0.8145	0.00001313897084490546
0.8150000000000001	0.00001314164082459357
0.8155	0.000013144311167133211
0.8160000000000001	0.000013146981872451121
0.8165	0.00001314965294047402
0.8170000000000001	0.000013152324371128606
0.8175	0.000013154996164341555
0.8180000000000001	0.000013157668320039529
0.8185	0.000013160340838149162
0.8190000000000001	0.000013163013718597075
0.8195	0.000013165686961309864
0.8200000000000001	0.000013168360566214107
0.8205	0.00001317103453323636
0.8210000000000001	0.000013173708862303167
0.8215	0.000013176383553341039
0.8220000000000001	0.000013179058606276476
0.8225	0.000013181734021035956
0.8230000000000001	0.00001318440979754594
0.8235	0.000013187085935732862
0.8240000000000001	0.000013189762435523145
0.8245	0.000013192439296843185
0.8250000000000001	0.000013195116519619364
0.8255	0.000013197794103778037
0.8260000000000001	0.00001320047204924555
0.8265	0.000013203150355948221
0.8270000000000001	0.00001320582902381235
0.8275	0.000013208508052764218
0.8280000000000001	0.000013211187442730089
0.8285	0.000013213867193636204
0.8290000000000001	0.000013216547305408788
0.8295	0.000013219227777974042
0.8300000000000001	0.000013221908611258151
0.8305	0.00001322458980518728
0.8310000000000001	0.000013227271359687578
0.8315	0.000013229953274685167
0.8320000000000001	0.000013232635550106156
0.8325	0.000013235318185876633
0.833	0.000013238001181922667
0.8335	0.000013240684538170308
0.834	0.000013243368254545586
0.8345	0.000013246052330974513
0.835	0.000013248736767383082
0.8355	0.000013251421563697268
0.836	0.00001325410671984302
0.8365	0.000013256792235746282
0.837	0.000013259478111332966
0.8375	0.000013262164346528971
0.838	0.000013264850941260176
0.8385	0.000013267537895452441
0.839	0.00001327022520903161
0.8395	0.000013272912881923502
0.84	0.000013275600914053925
0.8405	0.000013278289305348663
0.841	0.000013280978055733484
0.8415	0.000013283667165134136
0.842	0.000013286356633476348
0.8425	0.000013289046460685833
0.843	0.000013291736646688283
0.8435	0.000013294427191409373
0.844	0.000013297118094774758
0.8445	0.000013299809356710076
0.845	0.000013302500977140947
0.8455	0.000013305192955992973
0.846	0.000013307885293191734
0.8465	0.000013310577988662797
0.847	0.000013313271042331706
0.8475	0.00001331596445412399
0.848	0.000013318658223965159
0.8485	0.000013321352351780706
0.849	0.000013324046837496102
0.8495	0.000013326741681036807
0.85	0.000013329436882328254
0.8505	0.000013332132441295866
0.851	0.000013334828357865042
0.8515	0.00001333752463196117
0.852	0.00001334022126350961
0.8525	0.000013342918252435713
0.853	0.00001334561559866481
0.8535	0.000013348313302122215
0.854	0.000013351011362733218
0.8545	0.0000133537097804231
0.855	0.000013356408555117118
0.8555	0.000013359107686740515
0.856	0.000013361807175218515
0.8565	0.000013364507020476323
0.857	0.000013367207222439128
0.8575	0.000013369907781032104
0.858	0.000013372608696180403
0.8585	0.00001337530996780916
0.859	0.000013378011595843497
0.8595	0.000013380713580208513
0.86	0.000013383415920829292
0.8605	0.000013386118617630905
0.861	0.000013388821670538397
0.8615	0.000013391525079476804
0.862	0.000013394228844371137
0.8625	0.000013396932965146399
0.863	0.000013399637441727566
0.8635	0.000013402342274039606
0.864	0.000013405047462007462
0.8645	0.000013407753005556064
0.865	0.000013410458904610327
0.8655	0.000013413165159095144
0.866	0.000013415871768935394
0.8665	0.00001341857873405594
0.867	0.000013421286054381626
0.8675	0.000013423993729837279
0.868	0.00001342670176034771
0.8685	0.000013429410145837714
0.869	0.000013432118886232069
0.8695	0.000013434827981455535
0.87	0.000013437537431432855
0.8705	0.00001344024723608876
0.871	0.000013442957395347955
0.8715	0.000013445667909135138
0.872	0.000013448378777374987
0.8725	0.00001345108999999216
0.873	0.000013453801576911304
0.8735	0.000013456513508057046
0.874	0.000013459225793354
0.8745	0.000013461938432726757
0.875	0.000013464651426099898
0.8755000000000001	0.000013467364773397985
0.876	0.000013470078474545567
0.8765000000000001	0.000013472792529467169
0.877	0.000013475506938087308
0.8775000000000001	0.000013478221700330481
0.878	0.000013480936816121168
0.8785000000000001	0.000013483652285383836
0.879	0.000013486368108042931
0.8795000000000001	0.00001348908428402289
0.88	0.000013491800813248127
0.8805000000000001	0.000013494517695643044
0.881	0.000013497234931132026
0.8815000000000001	0.000013499952519639441
0.882	0.000013502670461089642
0.8825000000000001	0.000013505388755406967
0.883	0.000013508107402515738
0.8835000000000001	0.00001351082640234026
0.884	0.000013513545754804819
0.8845000000000001	0.000013516265459833695
0.885	0.000013518985517351142
0.8855000000000001	0.000013521705927281404
0.886	0.000013524426689548707
0.8865000000000001	0.000013527147804077264
0.887	0.000013529869270791269
0.8875000000000001	0.000013532591089614902
0.888	0.00001353531326047233
0.8885000000000001	0.0000135380357832877
0.889	0.000013540758657985144
0.8895000000000001	0.000013543481884488783
0.89	0.000013546205462722718
0.8905000000000001	0.00001354892939261104
0.891	0.000013551653674077814
0.8915000000000001	0.000013554378307047104
0.892	0.000013557103291442949
0.8925000000000001	0.000013559828627189373
0.893	0.000013562554314210389
0.8935000000000001	0.000013565280352429993
0.894	0.000013568006741772166
0.8945000000000001	0.000013570733482160873
0.895	0.000013573460573520063
0.8955000000000001	0.000013576188015773676
0.896	0.000013578915808845626
0.8965	0.000013581643952659824
0.897	0.00001358437244714016
0.8975	0.000013587101292210507
0.898	0.000013589830487794728
0.8985	0.000013592560033816667
0.899	0.000013595289930200158
0.8995	0.000013598020176869013
0.9	0.000013600750773747039
0.9005	0.000013603481720758017
0.901	0.000013606213017825725
0.9015	0.000013608944664873916
0.902	0.000013611676661826334
0.9025	0.000013614409008606708
0.903	0.000013617141705138753
0.9035	0.000013619874751346165
0.904	0.000013622608147152631
0.9045	0.00001362534189248182
0.905	0.000013628075987257389
0.9055	0.000013630810431402978
0.906	0.000013633545224842215
0.9065	0.00001363628036749871
0.907	0.000013639015859296067
0.9075	0.000013641751700157866
0.908	0.000013644487890007678
0.9085	0.000013647224428769058
0.909	0.000013649961316365547
0.9095	0.000013652698552720672
0.91	0.00001365543613775795
0.9105	0.000013658174071400876
0.911	0.000013660912353572936
0.9115	0.000013663650984197601
0.912	0.000013666389963198329
0.9125	0.000013669129290498562
0.913	0.000013671868966021731
0.9135	0.000013674608989691249
0.914	0.00001367734936143052
0.9145	0.000013680090081162926
0.915	0.000013682831148811848
0.9155	0.000013685572564300642
0.916	0.000013688314327552654
0.9165	0.00001369105643849122
0.917	0.000013693798897039654
0.9175	0.000013696541703121264
0.918	0.000013699284856659342
0.9185	0.000013702028357577166
0.919	0.000013704772205798
0.9195	0.000013707516401245093
0.92	0.000013710260943841687
0.9205	0.000013713005833511002
0.921	0.000013715751070176252
0.9215	0.00001371849665376063
0.922	0.000013721242584187324
0.9225	0.000013723988861379503
0.923	0.000013726735485260325
0.9235	0.000013729482455752932
0.924	0.000013732229772780457
0.9245	0.000013734977436266017
0.925	0.000013737725446132716
0.9255	0.000013740473802303646
0.926	0.000013743222504701886
0.9265	0.000013745971553250497
0.927	0.000013748720947872535
0.9275	0.00001375147068849104
0.928	0.000013754220775029035
0.9285	0.000013756971207409534
0.929	0.000013759721985555539
0.9295	0.000013762473109390036
0.93	0.000013765224578836
0.9305	0.00001376797639381639
0.931	0.000013770728554254157
0.9315	0.00001377348106007224
0.932	0.000013776233911193557
0.9325	0.000013778987107541023
0.933	0.000013781740649037536
0.9335	0.000013784494535605977
0.934	0.000013787248767169223
0.9345	0.000013790003343650133
0.935	0.000013792758264971555
0.9355	0.000013795513531056321
0.936	0.00001379826914182726
0.9365	0.000013801025097207177
0.937	0.000013803781397118873
0.9375	0.00001380653804148513
0.9380000000000001	0.000013809295030228725
0.9385	0.000013812052363272417
0.9390000000000001	0.000013814810040538954
0.9395	0.000013817568061951072
0.9400000000000001	0.000013820326427431497
0.9405	0.000013823085136902939
0.9410000000000001	0.000013825844190288097
0.9415	0.00001382860358750966
0.9420000000000001	0.000013831363328490305
0.9425	0.000013834123413152692
0.9430000000000001	0.000013836883841419473
0.9435	0.00001383964461321329
0.9440000000000001	0.000013842405728456766
0.9445	0.00001384516718707252
0.9450000000000001	0.000013847928988983153
0.9455	0.000013850691134111258
0.9460000000000001	0.000013853453622379415
0.9465	0.00001385621645371019
0.9470000000000001	0.000013858979628026141
0.9475	0.00001386174314524981
0.9480000000000001	0.00001386450700530373
0.9485	0.000013867271208110424
0.9490000000000001	0.000013870035753592401
0.9495	0.000013872800641672156
0.9500000000000001	0.000013875565872272177
0.9505	0.000013878331445314938
0.9510000000000001	0.0000138810973607229
0.9515	0.000013883863618418517
0.9520000000000001	0.000013886630218324227
0.9525	0.00001388939716036246
0.9530000000000001	0.000013892164444455628
0.9535	0.000013894932070526142
0.9540000000000001	0.000013897700038496396
0.9545	0.00001390046834828877
0.9550000000000001	0.000013903236999825637
0.9555	0.000013906005993029356
0.9560000000000001	0.000013908775327822277
0.9565	0.000013911545004126738
0.9570000000000001	0.000013914315021865064
0.9575	0.000013917085380959573
0.9580000000000001	0.000013919856081332566
0.9585	0.000013922627122906339
0.9590000000000001	0.000013925398505603175
0.9595	0.00001392817022934534
0.96	0.0000139309422940551
0.9605	0.000013933714699654702
0.961	0.00001393648744606638
0.9615	0.00001393926053321237
0.962	0.00001394203396101488
0.9625	0.00001394480772939612
0.963	0.000013947581838278284
0.9635	0.000013950356287583556
0.964	0.00001395313107723411
0.9645	0.000013955906207152108
0.965	0.000013958681677259698
0.9655	0.000013961457487479029
0.966	0.000013964233637732225
0.9665	0.000013967010127941409
0.967	0.000013969786958028688
0.9675	0.000013972564127916162
0.968	0.00001397534163752592
0.9685	0.00001397811948678004
0.969	0.000013980897675600587
0.9695	0.000013983676203909622
0.97	0.000013986455071629186
0.9705	0.00001398923427868132
0.971	0.000013992013824988049
0.9715	0.000013994793710471385
0.972	0.000013997573935053337
0.9725	0.000014000354498655899
0.973	0.000014003135401201056
0.9735	0.000014005916642610781
0.974	0.000014008698222807041
0.9745	0.000014011480141711788
0.975	0.000014014262399246969
0.9755	0.000014017044995334515
0.976	0.000014019827929896352
0.9765	0.000014022611202854394
0.977	0.000014025394814130545
0.9775	0.000014028178763646701
0.978	0.000014030963051324742
0.9785	0.000014033747677086548
0.979	0.000014036532640853979
0.9795	0.000014039317942548893
0.98	0.000014042103582093132
0.9805	0.000014044889559408534
0.981	0.000014047675874416924
0.9815	0.000014050462527040115
0.982	0.000014053249517199917
0.9825	0.000014056036844818123
0.983	0.000014058824509816523
0.9835	0.000014061612512116895
0.984	0.000014064400851641002
0.9845	0.000014067189528310605
0.985	0.000014069978542047454
0.9855	0.000014072767892773287
0.986	0.000014075557580409832
0.9865	0.000014078347604878813
0.987	0.000014081137966101938
0.9875	0.000014083928664000914
0.988	0.000014086719698497425
0.9885	0.000014089511069513161
0.989	0.000014092302776969791
0.9895	0.000014095094820788983
0.99	0.000014097887200892394
0.9905	0.000014100679917201664
0.991	0.000014103472969638437
0.9915	0.000014106266358124335
0.992	0.000014109060082580982
0.9925	0.000014111854142929987
0.993	0.000014114648539092945
0.9935	0.000014117443270991458
0.994	0.0000141202383385471
0.9945	0.00001412303374168145
0.995	0.000014125829480316071
0.9955	0.000014128625554372519
0.996	0.000014131421963772343
0.9965	0.000014134218708437082
0.997	0.000014137015788288263
0.9975	0.00001413981320324741
0.998	0.000014142610953236034
0.9985	0.000014145409038175636
0.999	0.000014148207457987715
0.9995	0.000014151006212593755