0.	0.
0.0005	12779.628736305614
0.001	25559.25743025203
0.0015	38338.88603539224
0.002	51118.51450959186
0.0025	63898.1428115554
0.003	76677.77090001176
0.0035	89457.39873377078
0.004	102237.0262716937
0.0045000000000000005	115016.65347270985
0.005	127796.28029580116
0.0055	140575.90670000878
0.006	153355.53264444054
0.006500000000000001	166135.15808826344
0.007	178914.78299069457
0.0075	191694.4073110255
0.008	204474.03100859412
0.0085	217253.6540428037
0.009000000000000001	230033.27637313475
0.0095	242812.8979590998
0.01	255592.51876028845
0.0105	268372.13873635593
0.011	281151.7578470087
0.0115	293931.3760520163
0.012	306710.99331122264
0.0125	319490.6095800192
0.013000000000000001	332270.22475582163
0.0135	345049.838779136
0.014	357829.4516103253
0.0145	370609.0632000019
0.015	383388.6735083142
0.0155	396168.28249949735
0.016	408947.89013872395
0.0165	421727.4963921522
0.017	434507.1012268896
0.0175	447286.7046110302
0.018000000000000002	460066.30651362514
0.0185	472845.90690468665
0.019	485625.5057552109
0.0195	498405.1030371381
0.02	511184.6987233941
0.0205	523964.2927878629
0.021	536743.8852053934
0.021500000000000002	549523.4759518097
0.022	562303.0650038784
0.0225	575082.6523393607
0.023	587862.2379369816
0.0235	600641.8217764084
0.024	613421.4038382942
0.0245	626200.9841042619
0.025	638980.5625568761
0.025500000000000002	651760.139180009
0.026000000000000002	664539.7139740204
0.0265	677319.2869331228
0.027	690098.8580397192
0.0275	702878.4271825495
0.028	715657.9943063853
0.0285	728437.5594017582
0.029	741217.1224612098
0.029500000000000002	753996.6834793135
0.03	766776.242452661
0.0305	779555.7993798753
0.031	792335.3542615768
0.0315	805114.9071004377
0.032	817894.4579011379
0.0325	830674.0066703783
0.033	843453.553416883
0.0335	856233.0981513904
0.034	869012.6408866704
0.0345	881792.1816375066
0.035	894571.7204206985
0.035500000000000004	907351.257255073
0.036000000000000004	920130.7921614584
0.0365	932910.3251627228
0.037	945689.8562837399
0.0375	958469.3855513914
0.038	971248.9129946014
0.0385	984028.4386442867
0.039	996807.9625243045
0.0395	1.0095874846600709e6
0.04	1.02236700508894e6
0.0405	1.0351465238864408e6
0.041	1.0479260411217628e6
0.0415	1.06070555683776e6
0.042	1.0734850710789044e6
0.0425	1.086264583891275e6
0.043000000000000003	1.0990440953225566e6
0.043500000000000004	1.1118236054220456e6
0.044	1.1246031142406666e6
0.0445	1.1373826218309298e6
0.045	1.150162128246959e6
0.0455	1.162941633544498e6
0.046	1.1757211377808806e6
0.0465	1.1885006410150714e6
0.047	1.2012801433076223e6
0.0475	1.2140596447207017e6
0.048	1.226839145318075e6
0.0485	1.239618645165119e6
0.049	1.2523981443288121e6
0.0495	1.2651776428777399e6
0.05	1.2779571408820746e6
0.0505	1.290736638413603e6
0.051000000000000004	1.3035161355457439e6
0.051500000000000004	1.3162956323534648e6
0.052000000000000005	1.329075128884071e6
0.0525	1.3418546251559563e6
0.053	1.3546341212481607e6
0.0535	1.367413617311151e6
0.054	1.380193113531624e6
0.0545	1.3929726099965465e6
0.055	1.4057521067927468e6
0.0555	1.418531604007964e6
0.056	1.4313111017308391e6
0.0565	1.4440906000509234e6
0.057	1.4568700990586677e6
0.0575	1.4696495988454262e6
0.058	1.4824290995034717e6
0.0585	1.4952086011259602e6
0.059000000000000004	1.5079881038069688e6
0.059500000000000004	1.52076760764147e6
0.06	1.5335471127253447e6
0.0605	1.5463266191553785e6
0.061	1.559106127029258e6
0.0615	1.5718856364455684e6
0.062	1.5846651475038044e6
0.0625	1.5974446603043661e6
0.063	1.6102241749485456e6
0.0635	1.6230036915385518e6
0.064	1.6357832101774763e6
0.0645	1.6485627309693256e6
0.065	1.6613422540222502e6
0.0655	1.6741217794550587e6
0.066	1.6869013073756765e6
0.0665	1.6996808380064676e6
0.067	1.712460371809362e6
0.0675	1.7252399089130491e6
0.068	1.7380194494175666e6
0.0685	1.7507989934193715e6
0.069	1.7635785410113658e6
0.0695	1.7763580922828643e6
0.07	1.7891376473196389e6
0.07050000000000001	1.8019172062038872e6
0.07100000000000001	1.81469676901424e6
0.07150000000000001	1.8274763358257767e6
0.07200000000000001	1.840255906710013e6
0.0725	1.8530354817349017e6
0.073	1.8658150609648386e6
0.0735	1.8785946444606783e6
0.074	1.8913742322796902e6
0.0745	1.9041538244756213e6
0.075	1.9169334210986537e6
0.0755	1.929713022195408e6
0.076	1.942492627808966e6
0.0765	1.9552722379788533e6
0.077	1.9680518527410533e6
0.0775	1.9808314721279957e6
0.078	1.993611096162862e6
0.0785	2.0063907248186255e6
0.079	2.019170358104936e6
0.0795	2.0319499959969416e6
0.08	2.0447296381743664e6
0.0805	2.057509284584311e6
0.081	2.070288935245079e6
0.0815	2.0830685901759884e6
0.082	2.0958482493973554e6
0.0825	2.108627912930511e6
0.083	2.1214075807978017e6
0.0835	2.1341872530225674e6
0.084	2.1469669296291717e6
0.0845	2.1597466106429826e6
0.085	2.1725262960903724e6
0.0855	2.1853059859987255e6
0.08600000000000001	2.198085680396436e6
0.08650000000000001	2.2108653793129055e6
0.08700000000000001	2.223645082778541e6
0.08750000000000001	2.236424790824763e6
0.088	2.249204503484e6
0.0885	2.261984220789687e6
0.089	2.2747639427762697e6
0.0895	2.287543669479196e6
0.09	2.3003234009349137e6
0.0905	2.3131031371809472e6
0.091	2.325882878259114e6
0.0915	2.3386626243305933e6
0.092	2.351442375495698e6
0.0925	2.3642221317931176e6
0.093	2.3770018932586024e6
0.0935	2.3897816599284955e6
0.094	2.402561431839769e6
0.0945	2.4153412090287823e6
0.095	2.4281209915313385e6
0.0955	2.440900779382622e6
0.096	2.4536805726172696e6
0.0965	2.4664603712692913e6
0.097	2.4792401753721484e6
0.0975	2.492019984958691e6
0.098	2.5047998000612063e6
0.0985	2.517579620711372e6
0.099	2.530359446940304e6
0.0995	2.5431392787785116e6
0.1	2.5559191162559353e6
0.1005	2.568698959401923e6
0.101	2.5814788082452407e6
0.1015	2.5942586628140532e6
0.10200000000000001	2.6070385231359648e6
0.10250000000000001	2.619818389237986e6
0.10300000000000001	2.6325982611465272e6
0.10350000000000001	2.6453781388874506e6
0.10400000000000001	2.658158022485988e6
0.1045	2.670937911911494e6
0.105	2.683717807128814e6
0.1055	2.69649770816292e6
0.106	2.7092776150517985e6
0.1065	2.72205752783709e6
0.107	2.734837446544737e6
0.1075	2.7476173712008004e6
0.108	2.7603973018315216e6
0.1085	2.773177238463296e6
0.109	2.785957181122708e6
0.1095	2.7987371298365034e6
0.11	2.811517084631614e6
0.1105	2.82429704553512e6
0.111	2.837077012574296e6
0.1115	2.8498569857765804e6
0.112	2.8626369651695807e6
0.1125	2.8754169507810785e6
0.113	2.8881969426390277e6
0.1135	2.900976940771554e6
0.114	2.9137569452069597e6
0.1145	2.92653695597372e6
0.115	2.939316973100473e6
0.1155	2.9520969966160264e6
0.116	2.9648770265493807e6
0.1165	2.977657062929685e6
0.117	2.990437105786281e6
0.11750000000000001	3.0032171551522147e6
0.11800000000000001	3.0159972110653e6
0.11850000000000001	3.0287772735555754e6
0.11900000000000001	3.041557342661317e6
0.11950000000000001	3.0543374184391215e6
0.12	3.067117500920485e6
0.1205	3.079897590134702e6
0.121	3.092677686110787e6
0.1215	3.105457788877509e6
0.122	3.118237898463368e6
0.1225	3.131018014896629e6
0.123	3.143798138205277e6
0.1235	3.156578268417046e6
0.124	3.169358405559437e6
0.1245	3.182138549659656e6
0.125	3.194918700744681e6
0.1255	3.207698858841221e6
0.126	3.2204790239757337e6
0.1265	3.233259196174415e6
0.127	3.2460393754632114e6
0.1275	3.258819561867808e6
0.128	3.2715997554136366e6
0.1285	3.284379956125871e6
0.129	3.29716016402943e6
0.1295	3.3099403791489676e6
0.13	3.3227206015089145e6
0.1305	3.3355008311498007e6
0.131	3.3482810681748088e6
0.1315	3.3610613126171124e6
0.132	3.3738415645040125e6
0.1325	3.3866218239083374e6
0.133	3.3994020908612143e6
0.1335	3.412182365379379e6
0.134	3.4249626474777614e6
0.1345	3.4377429371695025e6
0.135	3.45052323446593e6
0.1355	3.4633035393765755e6
0.136	3.476083851909161e6
0.1365	3.488864172069616e6
0.137	3.5016444998620558e6
0.1375	3.5144248352888e6
0.138	3.527205178350363e6
0.1385	3.5399855290454524e6
0.139	3.5527658873709776e6
0.1395	3.565546253322049e6
0.14	3.578326626891972e6
0.1405	3.591107008072242e6
0.14100000000000001	3.6038873968525575e6
0.14150000000000001	3.6166677932208115e6
0.14200000000000002	3.629448197163097e6
0.14250000000000002	3.6422286086637094e6
0.14300000000000002	3.655009027705116e6
0.14350000000000002	3.6677894542664164e6
0.14400000000000002	3.6805698883069414e6
0.1445	3.693350329798197e6
0.145	3.7061307787155346e6
0.1455	3.7189112350083934e6
0.146	3.7316916986344587e6
0.1465	3.744472169565301e6
0.147	3.7572526477712714e6
0.1475	3.7700331332215066e6
0.148	3.782813625883922e6
0.1485	3.7955941257252027e6
0.149	3.8083746327108364e6
0.1495	3.821155146805085e6
0.15	3.8339356679709726e6
0.1505	3.8467161961703263e6
0.151	3.8594967313637445e6
0.1515	3.8722772735106065e6
0.152	3.885057822569072e6
0.1525	3.897838378496088e6
0.153	3.91061894124736e6
0.1535	3.9233995107774036e6
0.154	3.936180087039491e6
0.1545	3.948960669985679e6
0.155	3.9617412595668295e6
0.1555	3.9745218557315385e6
0.156	3.987302458431005e6
0.1565	4.0000830675979997e6
0.157	4.012863682352704e6
0.1575	4.0256443021443393e6
0.158	4.038424926935577e6
0.1585	4.0512055567144034e6
0.159	4.0639861914887507e6
0.1595	4.0767668312526564e6
0.16	4.0895474760099165e6
0.1605	4.1023281257744916e6
0.161	4.1151087805704894e6
0.1615	4.1278894404321564e6
0.162	4.1406701054038983e6
0.1625	4.153450775540294e6
0.163	4.1662314509060676e6
0.1635	4.1790121315761134e6
0.164	4.191792817635501e6
0.1645	4.204573509179466e6
0.165	4.217354206313431e6
0.1655	4.230134909153007e6
0.166	4.24291561782399e6
0.1665	4.255696332462368e6
0.167	4.268477053214361e6
0.1675	4.281257780236374e6
0.168	4.294038513695042e6
0.1685	4.306819253767242e6
0.169	4.3196000006340435e6
0.1695	4.332380754510795e6
0.17	4.345161517832735e6
0.1705	4.357942293845179e6
0.171	4.370723082728505e6
0.1715	4.383503884606803e6
0.17200000000000001	4.396284699558859e6
0.17250000000000001	4.409065527637883e6
0.17300000000000001	4.421846368862085e6
0.17350000000000002	4.434627223213389e6
0.17400000000000002	4.447408090637444e6
0.17450000000000002	4.460188971043628e6
0.17500000000000002	4.472969864305021e6
0.17550000000000002	4.485750770258437e6
0.176	4.498531688704414e6
0.1765	4.511312619407233e6
0.177	4.524093562094938e6
0.1775	4.5368745164593505e6
0.178	4.549655482156079e6
0.1785	4.562436458804587e6
0.179	4.575217445988168e6
0.1795	4.587998443254043e6
0.18	4.600779450113331e6
0.1805	4.613560466041156e6
0.181	4.626341490476644e6
0.1815	4.639122522823005e6
0.182	4.651903562429425e6
0.1825	4.6646846086808e6
0.183	4.677465658469558e6
0.1835	4.690246705686712e6
0.184	4.703027749435837e6
0.1845	4.715808789074717e6
0.185	4.728589824060616e6
0.1855	4.74137085383139e6
0.186	4.754151877837845e6
0.1865	4.766932895563564e6
0.187	4.779713906524878e6
0.1875	4.792494910270809e6
0.188	4.805275906383026e6
0.1885	4.818056894475868e6
0.189	4.830837874196233e6
0.1895	4.843618845223605e6
0.19	4.856399807270027e6
0.1905	4.869180760080053e6
0.191	4.881961703430783e6
0.1915	4.894742637131809e6
0.192	4.907523561025228e6
0.1925	4.920304474985634e6
0.193	4.933085378920125e6
0.1935	4.945866272768284e6
0.194	4.958647156502234e6
0.1945	4.971428030126574e6
0.195	4.984208893667053e6
0.1955	4.996989747226093e6
0.196	5.009770591495188e6
0.1965	5.022551430604028e6
0.197	5.035332265393297e6
0.1975	5.048113095973243e6
0.198	5.060893922463487e6
0.1985	5.073674744959871e6
0.199	5.086455563530581e6
0.1995	5.099236378229743e6
0.2	5.112017189097436e6
0.2005	5.12479799615965e6
0.201	5.137578799428302e6
0.2015	5.150359598901234e6
0.202	5.163140394562174e6
0.2025	5.175921186380761e6
0.203	5.188701974312525e6
0.20350000000000001	5.201482758298881e6
0.20400000000000001	5.21426353826711e6
0.20450000000000002	5.22704431413038e6
0.20500000000000002	5.239825085787726e6
0.20550000000000002	5.25260585312404e6
0.20600000000000002	5.265386616010083e6
0.20650000000000002	5.278167374302459e6
0.20700000000000002	5.290948127843632e6
0.20750000000000002	5.303728876461915e6
0.20800000000000002	5.316509619970436e6
0.2085	5.329290358172076e6
0.209	5.34207109080152e6
0.2095	5.354851816621717e6
0.21	5.367632534998024e6
0.2105	5.380413245696257e6
0.211	5.393193948006421e6
0.2115	5.405974641149878e6
0.212	5.41875532490049e6
0.2125	5.431535999040364e6
0.213	5.444316663359164e6
0.2135	5.457097317654122e6
0.214	5.469877961730054e6
0.2145	5.482658595399363e6
0.215	5.495439218482039e6
0.2155	5.508219830805645e6
0.216	5.521000432205352e6
0.2165	5.533781022523921e6
0.217	5.546561601611715e6
0.2175	5.559342169326685e6
0.218	5.572122725534423e6
0.2185	5.584903270108067e6
0.219	5.597683802928427e6
0.2195	5.61046432388389e6
0.22	5.623244832870476e6
0.2205	5.636025329791798e6
0.221	5.648805814559115e6
0.2215	5.661586287091288e6
0.222	5.674366747314931e6
0.2225	5.687147195283625e6
0.223	5.699927631044118e6
0.2235	5.712708054542777e6
0.224	5.725488465884808e6
0.2245	5.738268865313987e6
0.225	5.751049252795106e6
0.2255	5.76382962828801e6
0.226	5.776609991754275e6
0.2265	5.789390343157208e6
0.227	5.8021706824618345e6
0.2275	5.814951009634907e6
0.228	5.827731324644898e6
0.2285	5.840511627462018e6
0.229	5.853291918058196e6
0.2295	5.8660721964070825e6
0.23	5.878852462484058e6
0.2305	5.891632716266244e6
0.231	5.904412957732467e6
0.2315	5.9171931868632855e6
0.232	5.929973403640994e6
0.2325	5.942753608049599e6
0.233	5.95553380007486e6
0.2335	5.968313979704236e6
0.234	5.981094146926921e6
0.23450000000000001	5.993874301733835e6
0.23500000000000001	6.006654444117664e6
0.23550000000000001	6.019434573988191e6
0.23600000000000002	6.032214691170577e6
0.23650000000000002	6.044994795660638e6
0.23700000000000002	6.057774887489672e6
0.23750000000000002	6.070554966742611e6
0.23800000000000002	6.083335033435946e6
0.23850000000000002	6.09611508758443e6
0.23900000000000002	6.108895129205875e6
0.23950000000000002	6.121675158321148e6
0.24	6.134455174954186e6
0.2405	6.147235179131963e6
0.241	6.1600151708845375e6
0.2415	6.172795150245006e6
0.242	6.185575117249534e6
0.2425	6.198355071937341e6
0.243	6.211135014350701e6
0.2435	6.22391494453495e6
0.244	6.236694862538479e6
0.2445	6.249474768412736e6
0.245	6.262254662212232e6
0.2455	6.275034543994511e6
0.246	6.287814413820211e6
0.2465	6.300594271752992e6
0.247	6.313374117859581e6
0.2475	6.326153952209743e6
0.248	6.338933774876382e6
0.2485	6.35171358597917e6
0.249	6.364493385794363e6
0.2495	6.377273174425516e6
0.25	6.390052951989199e6
0.2505	6.402832718732361e6
0.251	6.415612474755238e6
0.2515	6.428392220136208e6
0.252	6.441171954952422e6
0.2525	6.453951679279808e6
0.253	6.46673139319305e6
0.2535	6.4795110967656365e6
0.254	6.492290790069807e6
0.2545	6.505070473176579e6
0.255	6.5178501461557355e6
0.2555	6.530629809075849e6
0.256	6.543409462004247e6
0.2565	6.556189105007052e6
0.257	6.568968738149137e6
0.2575	6.581748361494161e6
0.258	6.5945279751045555e6
0.2585	6.607307579041524e6
0.259	6.620087173365042e6
0.2595	6.632866758133859e6
0.26	6.6456463334055e6
0.2605	6.658425899236223e6
0.261	6.671205455681204e6
0.2615	6.6839850027775485e6
0.262	6.6967645403780565e6
0.2625	6.709544068477601e6
0.263	6.722323587127392e6
0.2635	6.73510309635512e6
0.264	6.747882596211808e6
0.2645	6.760662086756224e6
0.265	6.773441568048659e6
0.2655	6.786221040150888e6
0.266	6.799000503126226e6
0.2665	6.811779957039463e6
0.267	6.8245594019569205e6
0.2675	6.837338837946413e6
0.268	6.850118265077268e6
0.2685	6.8628976834203275e6
0.269	6.8756770930479085e6
0.2695	6.888456494033876e6
0.27	6.901235886453579e6
0.2705	6.914015270383879e6
0.271	6.926794645903147e6
0.2715	6.939574013091255e6
0.272	6.952353372029584e6
0.2725	6.965132722801034e6
0.273	6.977912065489995e6
0.2735	6.990691400182364e6
0.274	7.003470726965542e6
0.2745	7.016250045931275e6
0.275	7.029029357408305e6
0.2755	7.0418086616398115e6
0.276	7.054587958718175e6
0.2765	7.067367248818364e6
0.277	7.080146532058148e6
0.2775	7.092925808517579e6
0.278	7.1057050782736875e6
0.2785	7.118484341400425e6
0.279	7.131263597968668e6
0.2795	7.144042848046256e6
0.28	7.15682209169796e6
0.2805	7.169601328985492e6
0.281	7.182380559967489e6
0.28150000000000003	7.195159784699554e6
0.28200000000000003	7.207939003234209e6
0.28250000000000003	7.220718215620924e6
0.28300000000000003	7.233497421906122e6
0.28350000000000003	7.246276622133136e6
0.28400000000000003	7.259055816342273e6
0.28450000000000003	7.2718350045707645e6
0.28500000000000003	7.284614186852788e6
0.28550000000000003	7.297393363219458e6
0.28600000000000003	7.310172533698835e6
0.28650000000000003	7.322951698315932e6
0.28700000000000003	7.3357308570926385e6
0.28750000000000003	7.348510010047987e6
0.28800000000000003	7.361289157011719e6
0.2885	7.374068297721642e6
0.289	7.38684743219083e6
0.2895	7.399626560475805e6
0.29	7.4124056826220425e6
0.2905	7.425184798646978e6
0.291	7.437963908568469e6
0.2915	7.450743012404759e6
0.292	7.463522110174505e6
0.2925	7.476301201896748e6
0.293	7.489080287590947e6
0.2935	7.501859367276972e6
0.294	7.514638440975061e6
0.2945	7.527417508705882e6
0.295	7.540196570490495e6
0.2955	7.552975626350373e6
0.296	7.565754676307371e6
0.2965	7.578533720383775e6
0.297	7.591312758602235e6
0.2975	7.60409179098584e6
0.298	7.616870817558068e6
0.2985	7.629649838342795e6
0.299	7.642428853364307e6
0.2995	7.655207862647285e6
0.3	7.6679868662168365e6
0.3005	7.6807658640984325e6
0.301	7.693544856317985e6
0.3015	7.706323842901791e6
0.302	7.719102823876561e6
0.3025	7.731881799419458e6
0.303	7.744660769768699e6
0.3035	7.757439734949248e6
0.304	7.770218694981766e6
0.3045	7.782997649884124e6
0.305	7.7957765996714225e6
0.3055	7.808555544355998e6
0.306	7.82133448394739e6
0.3065	7.834113418452359e6
0.307	7.846892347874901e6
0.3075	7.859671272216222e6
0.308	7.872450191474757e6
0.3085	7.885229105646147e6
0.309	7.898008014723272e6
0.3095	7.910786918696217e6
0.31	7.923565817552292e6
0.3105	7.936344711276023e6
0.311	7.949123599849147e6
0.3115	7.961902483250633e6
0.312	7.974681361456649e6
0.3125	7.987460234440591e6
0.313	8.000239102173061e6
0.3135	8.013017964554212e6
0.314	8.025796818473892e6
0.3145	8.038575636722212e6
0.315	8.051354410160714e6
0.3155	8.064133134711104e6
0.316	8.07691180617291e6
0.3165	8.0896904202068895e6
0.317	8.102468972346937e6
0.3175	8.115247458002324e6
0.318	8.128025872502456e6
0.3185	8.140804210963257e6
0.319	8.153582468457354e6
0.3195	8.166360639920055e6
0.32	8.179138720172181e6
0.3205	8.191916703922046e6
0.321	8.204694585767388e6
0.3215	8.217472360197331e6
0.322	8.230250021594401e6
0.3225	8.243027564236539e6
0.323	8.255804982299086e6
0.3235	8.268582269856897e6
0.324	8.281359420886298e6
0.3245	8.294136429267202e6
0.325	8.306913288785162e6
0.3255	8.3196899931334155e6
0.326	8.3324665359149985e6
0.3265	8.345242910644779e6
0.327	8.35801911075157e6
0.3275	8.370795129580182e6
0.328	8.383570960393502e6
0.3285	8.396346596503869e6
0.329	8.40912203161035e6
0.3295	8.421897258809356e6
0.33	8.434672271042405e6
0.3305	8.447447061172351e6
0.331	8.460221621985398e6
0.3315	8.472995946193144e6
0.332	8.485770026434543e6
0.3325	8.498543855277916e6
0.333	8.511317425222926e6
0.3335	8.524090728702491e6
0.334	8.536863758084761e6
0.3345	8.549636505675042e6
0.335	8.56240896371764e6
0.3355	8.575181124397812e6
0.336	8.587952979843568e6
0.3365	8.60072452212756e6
0.337	8.613495743268842e6
0.3375	8.6262666352347e6
0.338	8.639037189942438e6
0.3385	8.651807399261072e6
0.339	8.6645772550131e6
0.3395	8.677346748976175e6
0.34	8.69011587288478e6
0.3405	8.7028846184319e6
0.341	8.715652977270594e6
0.3415	8.72842094066426e6
0.342	8.741188497776559e6
0.3425	8.753955639716655e6
0.343	8.766722358048322e6
0.3435	8.77948864433183e6
0.34400000000000003	8.792254490125494e6
0.34450000000000003	8.80501988698714e6
0.34500000000000003	8.817784826475566e6
0.34550000000000003	8.830549300151944e6
0.34600000000000003	8.843313299581245e6
0.34650000000000003	8.856076816333607e6
0.34700000000000003	8.868839841985665e6
0.34750000000000003	8.881602368121857e6
0.34800000000000003	8.89436438633575e6
0.34850000000000003	8.907125888231244e6
0.34900000000000003	8.919886865423847e6
0.34950000000000003	8.932647309541872e6
0.35000000000000003	8.945407212227575e6
0.35050000000000003	8.95816656513834e6
0.35100000000000003	8.970925359947808e6
0.35150000000000003	8.983683588346928e6
0.352	8.996441242045078e6
0.3525	9.009198312771054e6
0.353	9.021954792274125e6
0.3535	9.034710672324995e6
0.354	9.047465944716785e6
0.3545	9.060220601360045e6
0.355	9.072974634695753e6
0.3555	9.085728036689494e6
0.356	9.098480799219042e6
0.3565	9.111232914181849e6
0.357	9.123984373495879e6
0.3575	9.136735169100352e6
0.358	9.149485292956544e6
0.3585	9.16223473704855e6
0.359	9.174983493383955e6
0.3595	9.187731553994574e6
0.36	9.20047891093712e6
0.3605	9.213225556293849e6
0.361	9.225971482173214e6
0.3615	9.238716680710483e6
0.362	9.251461144068317e6
0.3625	9.264204864437368e6
0.363	9.276947834036816e6
0.3635	9.289690045114923e6
0.364	9.302431489949547e6
0.3645	9.315172160848651e6
0.365	9.327912050150761e6
0.3655	9.340651150225474e6
0.366	9.353389453473862e6
0.3665	9.36612695232894e6
0.367	9.378863639256047e6
0.3675	9.39159950682062e6
0.368	9.404334547908604e6
0.3685	9.417068755132152e6
0.369	9.429802121081162e6
0.3695	9.442534638375483e6
0.37	9.455266299665252e6
0.3705	9.467997097631173e6
0.371	9.480727024984838e6
0.3715	9.493456074468998e6
0.372	9.506184238857849e6
0.3725	9.518911510957282e6
0.373	9.5316378836051e6
0.3735	9.544363349671302e6
0.374	9.557087902058262e6
0.3745	9.569811533700952e6
0.375	9.582534237567153e6
0.3755	9.59525600665761e6
0.376	9.607976834006248e6
0.3765	9.620696712680286e6
0.377	9.633415635780448e6
0.3775	9.646133596441073e6
0.378	9.658850587830257e6
0.3785	9.671566603697376e6
0.379	9.684281636210116e6
0.3795	9.696995679160247e6
0.38	9.709708725852052e6
0.3805	9.722420769667113e6
0.381	9.735131804182528e6
0.3815	9.747841822829654e6
0.382	9.760550819045348e6
0.3825	9.773258786298644e6
0.383	9.785965718090747e6
0.3835	9.798671607955128e6
0.384	9.81137644945754e6
0.3845	9.824080236196049e6
0.385	9.83678296180108e6
0.3855	9.849484619935412e6
0.386	9.862185204294203e6
0.3865	9.87488470860501e6
0.387	9.887583126627771e6
0.3875	9.900280452154825e6
0.388	9.912976679010866e6
0.3885	9.925671801052975e6
0.389	9.938365812170567e6
0.3895	9.951058706285393e6
0.39	9.963750477351483e6
0.3905	9.976441119355133e6
0.391	9.989130626314877e6
0.3915	1.000181899228141e7
0.392	1.0014506211337587e7
0.3925	1.0027192277598327e7
0.393	1.0039877185210595e7
0.3935	1.005256092844721e7
0.394	1.0065243502003843e7
0.3945	1.0077924900186459e7
0.395	1.0090605117257686e7
0.3955	1.0103284147506146e7
0.396	1.0115961985246344e7
0.3965	1.012863862481866e7
0.397	1.014131406058925e7
0.3975	1.0153988286949953e7
0.398	1.0166661298318215e7
0.3985	1.0179333089137046e7
0.399	1.0192003653874867e7
0.3995	1.0204672987025488e7
0.4	1.0217341083107991e7
0.4005	1.0230007936666625e7
0.401	1.0242673542270731e7
0.4015	1.025533789451465e7
0.402	1.0268000988017604e7
0.4025	1.0280662817423625e7
0.403	1.0293323377401415e7
0.4035	1.0305982662644302e7
0.404	1.031864066787007e7
0.4045	1.03312973878209e7
0.405	1.034395281726324e7
0.4055	1.0356606950987704e7
0.406	1.036925978380897e7
0.40650000000000003	1.0381911310522152e7
0.40700000000000003	1.0394561525670188e7
0.40750000000000003	1.0407210424078299e7
0.40800000000000003	1.0419858000663694e7
0.40850000000000003	1.0432504250370834e7
0.40900000000000003	1.0445149168171296e7
0.40950000000000003	1.0457792749063684e7
0.41000000000000003	1.0470434988073483e7
0.41050000000000003	1.0483075880252955e7
0.41100000000000003	1.0495715420681007e7
0.41150000000000003	1.050835360446306e7
0.41200000000000003	1.0520990426730955e7
0.41250000000000003	1.0533625882642793e7
0.41300000000000003	1.0546259967382828e7
0.41350000000000003	1.0558892676161354e7
0.41400000000000003	1.0571524004214559e7
0.41450000000000004	1.0584153946804395e7
0.41500000000000004	1.0596782499218488e7
0.41550000000000004	1.0609409656769967e7
0.41600000000000004	1.062203541479737e7
0.4165	1.0634659768664507e7
0.417	1.0647282713760313e7
0.4175	1.0659904245498747e7
0.418	1.0672524359318668e7
0.4185	1.068514305068368e7
0.419	1.0697760315082027e7
0.4195	1.0710376148067895e7
0.42	1.0722990545775194e7
0.4205	1.0735603503954954e7
0.421	1.0748215018179217e7
0.4215	1.0760825084036702e7
0.422	1.077343369713271e7
0.4225	1.0786040853088964e7
0.423	1.0798646547543535e7
0.4235	1.0811250776150677e7
0.424	1.0823853534580741e7
0.4245	1.083645481852002e7
0.425	1.0849054623670664e7
0.4255	1.0861652945750514e7
0.426	1.0874249780493008e7
0.4265	1.0886845123647075e7
0.427	1.089943897097696e7
0.4275	1.0912031318262165e7
0.428	1.0924622161297277e7
0.4285	1.0937211495891873e7
0.429	1.0949799317870403e7
0.4295	1.0962385623072056e7
0.43	1.0974970407350635e7
0.4305	1.0987553666574467e7
0.431	1.1000135396626245e7
0.4315	1.1012715593402928e7
0.432	1.102529425281564e7
0.4325	1.103787137079179e7
0.433	1.1050446943446059e7
0.4335	1.1063020966839602e7
0.434	1.1075593436934825e7
0.4345	1.108816434970515e7
0.435	1.1100733701134937e7
0.4355	1.1113301487219354e7
0.436	1.112586770396426e7
0.4365	1.1138432347386071e7
0.437	1.1150995413511684e7
0.4375	1.1163556898378316e7
0.438	1.1176116798033448e7
0.4385	1.1188675108534621e7
0.439	1.1201231825949423e7
0.4395	1.1213786946355285e7
0.44	1.1226340465839442e7
0.4405	1.1238892380498748e7
0.441	1.1251442686439632e7
0.4415	1.1263991379777923e7
0.442	1.127653845663878e7
0.4425	1.1289083913156554e7
0.443	1.1301627745474698e7
0.4435	1.131416994974563e7
0.444	1.132671052213064e7
0.4445	1.1339249458799774e7
0.445	1.1351786755931703e7
0.4455	1.1364322409713667e7
0.446	1.137685641706881e7
0.4465	1.1389388775180291e7
0.447	1.1401919480244696e7
0.4475	1.1414448528446218e7
0.448	1.1426975915962005e7
0.4485	1.1439501638962071e7
0.449	1.1452025693609133e7
0.4495	1.1464548076058509e7
0.45	1.1477068782457994e7
0.4505	1.1489587808947736e7
0.451	1.1502105151660092e7
0.4515	1.1514620806719502e7
0.452	1.1527134770242395e7
0.4525	1.1539647038337003e7
0.453	1.1552157607103271e7
0.4535	1.15646664726327e7
0.454	1.1577173631008213e7
0.4545	1.158967907830405e7
0.455	1.1602182810585579e7
0.4555	1.1614684823909188e7
0.456	1.1627185113378344e7
0.4565	1.1639683676948126e7
0.457	1.1652180509673368e7
0.4575	1.1664675607573092e7
0.458	1.1677168966656635e7
0.4585	1.1689660582923494e7
0.459	1.1702150452896887e7
0.4595	1.1714638573868336e7
0.46	1.172712494184844e7
0.4605	1.1739609552759508e7
0.461	1.1752092402496357e7
0.4615	1.176457348692616e7
0.462	1.17770528018882e7
0.4625	1.1789530343193643e7
0.463	1.1802006106625343e7
0.4635	1.1814480087937586e7
0.464	1.1826952282855881e7
0.4645	1.1839422687076697e7
0.465	1.185189129626724e7
0.4655	1.1864358106065182e7
0.466	1.1876823112078415e7
0.4665	1.1889286309884803e7
0.467	1.1901747695031883e7
0.4675	1.191420726303663e7
0.468	1.1926665009385142e7
0.4685	1.1939120929532373e7
0.46900000000000003	1.1951575018901857e7
0.46950000000000003	1.1964027272885384e7
0.47000000000000003	1.1976477686842704e7
0.47050000000000003	1.1988926256101234e7
0.47100000000000003	1.2001372975955728e7
0.47150000000000003	1.2013817841667952e7
0.47200000000000003	1.2026260845121356e7
0.47250000000000003	1.2038701973138567e7
0.47300000000000003	1.2051141220592065e7
0.47350000000000003	1.2063578582834164e7
0.47400000000000003	1.2076014055293819e7
0.47450000000000003	1.2088447633476986e7
0.47500000000000003	1.2100879312966825e7
0.47550000000000003	1.211330908942397e7
0.47600000000000003	1.2125736958586771e7
0.47650000000000003	1.2138162916271528e7
0.47700000000000004	1.2150586958372705e7
0.47750000000000004	1.2163009080863127e7
0.47800000000000004	1.2175429279794183e7
0.47850000000000004	1.2187847551296003e7
0.47900000000000004	1.2200263891577624e7
0.47950000000000004	1.2212678296927134e7
0.48	1.2225090763711818e7
0.4805	1.2237501288378319e7
0.481	1.2249909867452696e7
0.4815	1.2262316497540548e7
0.482	1.2274721175327111e7
0.4825	1.2287123897577334e7
0.483	1.2299524661135916e7
0.4835	1.2311923462927371e7
0.484	1.232432029995606e7
0.4845	1.2336715169330262e7
0.485	1.2349108069894463e7
0.4855	1.2361498999904955e7
0.486	1.2373887956644684e7
0.4865	1.2386274937451027e7
0.487	1.2398659939715765e7
0.4875	1.2411042960884998e7
0.488	1.2423423998459106e7
0.4885	1.2435803049992686e7
0.489	1.2448180113094466e7
0.4895	1.246055518542727e7
0.49	1.247292826470787e7
0.4905	1.2485299348706996e7
0.491	1.2497668435249163e7
0.4915	1.2510035522212604e7
0.492	1.2522400607529191e7
0.4925	1.2534763689184293e7
0.493	1.2547124765216682e7
0.4935	1.2559483833718428e7
0.494	1.2571840892834745e7
0.4945	1.2584195940763898e7
0.495	1.2596548975757042e7
0.4955	1.2608899996118102e7
0.496	1.262124900020362e7
0.4965	1.2633595986422606e7
0.497	1.2645940953236409e7
0.4975	1.2658283899494251e7
0.498	1.2670624825300448e7
0.4985	1.268296372944249e7
0.499	1.269530061054845e7
0.4995	1.2707635467278978e7
0.5	1.2719968298327198e7
0.5005000000000001	1.2732299102418605e7
0.501	1.274462787831089e7
0.5015000000000001	1.2756954624793878e7
0.502	1.2769279340689339e7
0.5025000000000001	1.278160202485093e7
0.503	1.2793922676163994e7
0.5035000000000001	1.2806241293545488e7
0.504	1.2818557875943825e7
0.5045000000000001	1.2830872422338735e7
0.505	1.2843184931741163e7
0.5055000000000001	1.2855495403193107e7
0.506	1.286780383576749e7
0.5065000000000001	1.2880110228568029e7
0.507	1.2892414580729106e7
0.5075000000000001	1.2904716891415594e7
0.508	1.2917017159822766e7
0.5085000000000001	1.2929315385176126e7
0.509	1.2941611566731263e7
0.5095000000000001	1.2953905703773735e7
0.51	1.2966197795618894e7
0.5105000000000001	1.2978487841923267e7
0.511	1.2990775842637181e7
0.5115000000000001	1.3003061797165632e7
0.512	1.3015345704921693e7
0.5125	1.3027627565339543e7
0.513	1.3039907377874285e7
0.5135	1.3052185142001858e7
0.514	1.306446085721895e7
0.5145	1.307673452304285e7
0.515	1.3089006139011376e7
0.5155	1.3101275704682741e7
0.516	1.3113543219635447e7
0.5165	1.3125808683468193e7
0.517	1.3138072095799726e7
0.5175	1.3150333456268772e7
0.518	1.316259276453393e7
0.5185	1.3174850020273497e7
0.519	1.318710522318544e7
0.5195	1.3199358372987233e7
0.52	1.3211609469415775e7
0.5205	1.3223858512227245e7
0.521	1.3236105501197055e7
0.5215	1.3248350436119653e7
0.522	1.3260593316808507e7
0.5225	1.3272834143095907e7
0.523	1.3285072914832927e7
0.5235	1.3297309632151615e7
0.524	1.3309544295496361e7
0.5245	1.33217769047815e7
0.525	1.333400745991389e7
0.5255	1.3346235960811367e7
0.526	1.335846240740267e7
0.5265	1.3370686799627377e7
0.527	1.338290913743583e7
0.5275	1.339512942078907e7
0.528	1.3407347649658795e7
0.5285	1.3419563824027242e7
0.529	1.3431777943887178e7
0.5295	1.3443990008184696e7
0.53	1.3456200019415397e7
0.5305	1.3468407976073144e7
0.531	1.3480613878213963e7
0.5315	1.349281772590162e7
0.532	1.3505019519207511e7
0.5325	1.3517219258210544e7
0.533	1.3529416942996984e7
0.5335	1.354161257366035e7
0.534	1.355380615030126e7
0.5345	1.356599767302732e7
0.535	1.357818714195299e7
0.5355	1.3590374373287253e7
0.536	1.3602559947587274e7
0.5365	1.3614743908630617e7
0.537	1.3626926679335373e7
0.5375	1.36391082620059e7
0.538	1.3651288658844396e7
0.5385	1.3663467872052083e7
0.539	1.3675645903829275e7
0.5395	1.3687822756375318e7
0.54	1.369999843188861e7
0.5405	1.3712172932566568e7
0.541	1.372434626060567e7
0.5415	1.3736518418201402e7
0.542	1.3748689407548295e7
0.5425	1.3760859230839897e7
0.543	1.377302789026878e7
0.5435	1.3785195388026495e7
0.544	1.3797361726303661e7
0.5445	1.3809526907289842e7
0.545	1.3821690933173649e7
0.5455	1.3833853806142656e7
0.546	1.3846015528383452e7
0.5465	1.3858176102081599e7
0.547	1.3870335529421652e7
0.5475	1.388249381258713e7
0.548	1.389465095376055e7
0.5485	1.3906806955123378e7
0.549	1.391896181885608e7
0.5495	1.3931115547138035e7
0.55	1.3943268142248359e7
0.5505	1.3955419606914468e7
0.551	1.3967569943388963e7
0.5515	1.3979719153833635e7
0.552	1.3991867240403268e7
0.5525	1.400401420524566e7
0.553	1.4016160050501727e7
0.5535	1.4028304778305413e7
0.554	1.4040448390783872e7
0.5545	1.4052590890057338e7
0.555	1.4064732278239291e7
0.5555	1.40768725574364e7
0.556	1.4089011729748584e7
0.5565	1.4101149797269057e7
0.557	1.4113286762084339e7
0.5575	1.412542262627427e7
0.558	1.413755739191206e7
0.5585	1.4149691061064333e7
0.559	1.416182363579112e7
0.5595	1.4173955118145896e7
0.56	1.4186085510175655e7
0.5605	1.4198214813920852e7
0.561	1.4210343031415507e7
0.5615	1.4222470164687198e7
0.562	1.4234596215757096e7
0.5625	1.4246721186639989e7
0.5630000000000001	1.425884507934431e7
0.5635	1.4270967895878803e7
0.5640000000000001	1.4283089638395153e7
0.5645	1.4295210308947057e7
0.5650000000000001	1.4307329909514299e7
0.5655	1.4319448442068635e7
0.5660000000000001	1.4331565908573847e7
0.5665	1.4343682310985785e7
0.5670000000000001	1.4355797651252383e7
0.5675	1.4367911931313701e7
0.5680000000000001	1.4380025153101988e7
0.5685	1.4392137318541652e7
0.5690000000000001	1.4404248429549374e7
0.5695	1.441635848803407e7
0.5700000000000001	1.4428467495896967e7
0.5705	1.4440575455031633e7
0.5710000000000001	1.4452682367323987e7
0.5715	1.446478823465235e7
0.5720000000000001	1.4476893058887482e7
0.5725	1.4488996841892593e7
0.5730000000000001	1.4501099585523406e7
0.5735	1.4513201291628156e7
0.5740000000000001	1.4525301962047637e7
0.5745	1.4537401598615233e7
0.5750000000000001	1.4549500203156967e7
0.5755	1.4561597777491478e7
0.5760000000000001	1.457369432343012e7
0.5765	1.4585789842776941e7
0.577	1.459788433732874e7
0.5775	1.4609977808777966e7
0.578	1.4622070258420095e7
0.5785	1.4634161687969021e7
0.579	1.4646252099203989e7
0.5795	1.4658341493902119e7
0.58	1.4670429873838397e7
0.5805	1.468251724078567e7
0.581	1.4694603596514672e7
0.5815	1.4706688942794034e7
0.582	1.4718773281390237e7
0.5825	1.4730856614067685e7
0.583	1.4742938942588665e7
0.5835	1.4755020268713372e7
0.584	1.4767100594199885e7
0.5845	1.4779179920804236e7
0.585	1.4791258250280328e7
0.5855	1.480333558438002e7
0.586	1.4815411924853066e7
0.5865	1.4827487273447167e7
0.587	1.4839561631907964e7
0.5875	1.4851635001979016e7
0.588	1.486370738540184e7
0.5885	1.4875778783915898e7
0.589	1.488784919925861e7
0.5895	1.4899918633165339e7
0.59	1.4911987087369423e7
0.5905	1.492405456360217e7
0.591	1.4936121063592838e7
0.5915	1.4948186589176625e7
0.592	1.496025114280095e7
0.5925	1.497231472631499e7
0.593	1.4984377341424337e7
0.5935	1.4996438989825428e7
0.594	1.5008499673205543e7
0.5945	1.5020559393242877e7
0.595	1.5032618151606554e7
0.5955	1.5044675949956676e7
0.596	1.5056732789944354e7
0.5965	1.5068788673211759e7
0.597	1.5080843601396432e7
0.5975	1.5092897576113587e7
0.598	1.510495059898362e7
0.5985	1.511700267161324e7
0.599	1.5129053795600357e7
0.5995	1.514110397253416e7
0.6	1.5153153203995097e7
0.6005	1.5165201491554966e7
0.601	1.5177248836776905e7
0.6015	1.518929524121545e7
0.602	1.5201340706416542e7
0.6025	1.5213385233917594e7
0.603	1.5225428825247496e7
0.6035	1.5237471481926652e7
0.604	1.5249513205467002e7
0.6045	1.5261553997372104e7
0.605	1.5273593859137077e7
0.6055	1.5285632792253064e7
0.606	1.5297670806651311e7
0.6065	1.5309707911255399e7
0.607	1.5321744107486099e7
0.6075	1.5333779396435998e7
0.608	1.5345813779126007e7
0.6085	1.5357847256454386e7
0.609	1.536987982919701e7
0.6095	1.538191149800754e7
0.61	1.539394226341756e7
0.6105	1.5405972125836711e7
0.611	1.5418001085552637e7
0.6115	1.5430029142731078e7
0.612	1.5442056297415717e7
0.6125	1.5454082549528122e7
0.613	1.5466107898867533e7
0.6135	1.5478132345110705e7
0.614	1.5490155887811566e7
0.6145	1.550217852640095e7
0.615	1.5514200260186184e7
0.6155	1.5526221088350711e7
0.616	1.5538241009953547e7
0.6165	1.5550260023928793e7
0.617	1.556227812908503e7
0.6175	1.5574295324104674e7
0.618	1.5586311607543277e7
0.6185	1.5598326977828775e7
0.619	1.5610341433260668e7
0.6195	1.5622354972033251e7
0.62	1.5634367591698566e7
0.6205	1.5646379281157235e7
0.621	1.5658390034501245e7
0.6215	1.567039984950947e7
0.622	1.5682408723923864e7
0.6225	1.5694416655449126e7
0.623	1.5706423641752439e7
0.6235	1.571842968046312e7
0.624	1.5730434769172374e7
0.6245	1.5742438905432913e7
0.625	1.5754442086758668e7
0.6255000000000001	1.5766444310624437e7
0.626	1.5778445574465597e7
0.6265000000000001	1.5790445875677679e7
0.627	1.58024452116161e7
0.6275000000000001	1.5814443579595767e7
0.628	1.58264409768907e7
0.6285000000000001	1.5838437400733707e7
0.629	1.5850432848315956e7
0.6295000000000001	1.586242731675868e7
0.63	1.5874420803221263e7
0.6305000000000001	1.588641330474279e7
0.631	1.5898404818344053e7
0.6315000000000001	1.5910395341002215e7
0.632	1.592238486965039e7
0.6325000000000001	1.5934373401177255e7
0.633	1.5946360932426551e7
0.6335000000000001	1.595834746019665e7
0.634	1.5970332981152613e7
0.6345000000000001	1.5982317487619864e7
0.635	1.5994300973830422e7
0.6355000000000001	1.6006283436462369e7
0.636	1.6018264872201499e7
0.6365000000000001	1.6030245277741505e7
0.637	1.6042224649784114e7
0.6375000000000001	1.6054202985039307e7
0.638	1.6066180280225458e7
0.6385000000000001	1.6078156532069525e7
0.639	1.6090131737307211e7
0.6395000000000001	1.6102105892683152e7
0.64	1.6114078994951095e7
0.6405	1.6126051040874068e7
0.641	1.6138022027224561e7
0.6415	1.614999195078472e7
0.642	1.6161960808346512e7
0.6425	1.6173928596711887e7
0.643	1.618589531269302e7
0.6435	1.6197860953112451e7
0.644	1.6209825514803272e7
0.6445	1.6221788994609307e7
0.645	1.6233751389385339e7
0.6455	1.6245712695997244e7
0.646	1.6257672911322208e7
0.6465	1.6269632032248914e7
0.647	1.628159005567773e7
0.6475	1.6293546978520874e7
0.648	1.6305502796744507e7
0.6485	1.6317457506261896e7
0.649	1.6329411104040265e7
0.6495	1.6341363587076792e7
0.65	1.6353314952398712e7
0.6505	1.6365265197063662e7
0.651	1.6377214318160057e7
0.6515	1.6389162312807474e7
0.652	1.6401109178156994e7
0.6525	1.641305491139157e7
0.653	1.6424999509726413e7
0.6535	1.6436942970409336e7
0.654	1.6448885290721087e7
0.6545	1.6460826467975771e7
0.655	1.6472766499521164e7
0.6555	1.648470538273905e7
0.656	1.6496643115045637e7
0.6565	1.650857969389184e7
0.657	1.6520515116763677e7
0.6575	1.6532449381182566e7
0.658	1.6544382484705742e7
0.6585	1.655631442492652e7
0.659	1.6568245199474681e7
0.6595	1.6580174806016792e7
0.66	1.659210324225653e7
0.6605	1.6604030505935038e7
0.661	1.661595659479634e7
0.6615	1.662788150650257e7
0.662	1.6639805238892155e7
0.6625	1.6651727789862642e7
0.663	1.6663649157352488e7
0.6635	1.6675569339341428e7
0.664	1.6687488333850747e7
0.6645	1.6699406138943601e7
0.665	1.6711322752725368e7
0.6655	1.6723238173343897e7
0.666	1.6735152398989843e7
0.6665	1.6747065427896945e7
0.667	1.6758977258342344e7
0.6675	1.6770887888646817e7
0.668	1.678279731717511e7
0.6685	1.679470554233619e7
0.669	1.680661256258351e7
0.6695	1.681851837641528e7
0.67	1.6830422982374743e7
0.6705	1.684232637905037e7
0.671	1.685422856507621e7
0.6715	1.686612953913202e7
0.672	1.6878029299943577e7
0.6725	1.688992784628288e7
0.673	1.6901825176968373e7
0.6735	1.691372129086518e7
0.674	1.692561618706413e7
0.6745	1.6937509865034696e7
0.675	1.6949402323807903e7
0.6755	1.696129356242387e7
0.676	1.697318357996373e7
0.6765	1.6985072375549715e7
0.677	1.699695994834541e7
0.6775	1.700884629755583e7
0.678	1.702073142242757e7
0.6785	1.7032615322248943e7
0.679	1.7044497996350154e7
0.6795	1.7056379444103364e7
0.68	1.706825966492286e7
0.6805	1.7080138658265147e7
0.681	1.7092016423629057e7
0.6815	1.710389296055587e7
0.682	1.7115768268629406e7
0.6825	1.7127642347476132e7
0.683	1.7139515196765225e7
0.6835	1.7151386816208664e7
0.684	1.716325720556134e7
0.6845	1.7175126364621088e7
0.685	1.7186994293228775e7
0.6855	1.719886099126835e7
0.686	1.7210726458666936e7
0.6865	1.7222590695403248e7
0.687	1.723445370241282e7
0.6875	1.7246315480367772e7
0.6880000000000001	1.725817602934557e7
0.6885	1.727003534945261e7
0.6890000000000001	1.7281893440824274e7
0.6895	1.7293750303624917e7
0.6900000000000001	1.730560593804789e7
0.6905	1.7317460344315547e7
0.6910000000000001	1.732931352267925e7
0.6915	1.7341165473419417e7
0.6920000000000001	1.735301619684543e7
0.6925	1.736486569329573e7
0.6930000000000001	1.7376713963137764e7
0.6935	1.7388561006767984e7
0.6940000000000001	1.740040682461186e7
0.6945	1.7412251417123843e7
0.6950000000000001	1.742409478478739e7
0.6955	1.7435936928114902e7
0.6960000000000001	1.7447777847647883e7
0.6965	1.7459617543956324e7
0.6970000000000001	1.7471456017639548e7
0.6975	1.7483293269325614e7
0.6980000000000001	1.7495129299671426e7
0.6985	1.7506964109365378e7
0.6990000000000001	1.7518797699114535e7
0.6995	1.7530630070001636e7
0.7000000000000001	1.754246122437623e7
0.7005	1.7554291163221933e7
0.7010000000000001	1.756611988732699e7
0.7015	1.757794739748877e7
0.7020000000000001	1.75897736945138e7
0.7025	1.7601598779217698e7
0.7030000000000001	1.761342265242519e7
0.7035	1.762524531497008e7
0.704	1.763706676769526e7
0.7045	1.7648887011452653e7
0.705	1.7660706047103237e7
0.7055	1.767252387551701e7
0.706	1.7684340497572977e7
0.7065	1.7696155914159127e7
0.707	1.7707970126172427e7
0.7075	1.7719783134518813e7
0.708	1.773159494011315e7
0.7085	1.7743405543879222e7
0.709	1.7755214946749724e7
0.7095	1.776702314966626e7
0.71	1.7778830153579254e7
0.7105	1.7790635959448036e7
0.711	1.7802440568240732e7
0.7115	1.7814243980934203e7
0.712	1.782604619851451e7
0.7125	1.7837847221813753e7
0.713	1.7849647051621094e7
0.7135	1.7861445688952655e7
0.714	1.7873243134837754e7
0.7145	1.7885039390317876e7
0.715	1.789683445644657e7
0.7155	1.7908628334289476e7
0.716	1.792042102492428e7
0.7165	1.7932212529440667e7
0.717	1.79440028489403e7
0.7175	1.7955791984536838e7
0.718	1.7967579937355824e7
0.7185	1.7979366708534688e7
0.719	1.7991152299222745e7
0.7195	1.8002936710581128e7
0.72	1.801471994378277e7
0.7205	1.8026502000012346e7
0.721	1.8038282880466282e7
0.7215	1.8050062586352717e7
0.722	1.8061841118891403e7
0.7225	1.807361847931377e7
0.723	1.8085394668862805e7
0.7235	1.8097169688793086e7
0.724	1.8108943540370684e7
0.7245	1.8120716224876195e7
0.725	1.8132487743637785e7
0.7255	1.8144258100663476e7
0.726	1.8156027298790496e7
0.7265	1.8167795339274637e7
0.727	1.81795622233447e7
0.7275	1.8191327952202573e7
0.728	1.8203092527023304e7
0.7285	1.8214855948955186e7
0.729	1.8226618219119783e7
0.7295	1.823837933861207e7
0.73	1.8250139308500398e7
0.7305	1.8261898129826657e7
0.731	1.827365580360628e7
0.7315	1.8285412330828276e7
0.732	1.829716771245536e7
0.7325	1.8308921949423928e7
0.733	1.832067504264417e7
0.7335	1.8332426993000075e7
0.734	1.8344177801349502e7
0.7345	1.835592746852421e7
0.735	1.836767599532991e7
0.7355	1.8379423382546302e7
0.736	1.8391169630927093e7
0.7365	1.840291474120009e7
0.737	1.8414658714067157e7
0.7375	1.8426401550204925e7
0.738	1.8438143250224315e7
0.7385	1.8449883813067686e7
0.739	1.846162323843906e7
0.7395	1.8473361526950836e7
0.74	1.8485098679212853e7
0.7405	1.849683469583246e7
0.741	1.8508569577414516e7
0.7415	1.8520303324561384e7
0.742	1.8532035937872887e7
0.7425	1.854376741794587e7
0.743	1.8555497765272316e7
0.7435	1.856722697874463e7
0.744	1.8578955058356505e7
0.7445	1.8590682004694447e7
0.745	1.8602407818342574e7
0.7455	1.861413249988258e7
0.746	1.862585604989379e7
0.7465	1.8637578468953133e7
0.747	1.8649299757635135e7
0.7475	1.866101991651195e7
0.748	1.8672738946153324e7
0.7485	1.8684456847126644e7
0.749	1.8696173619996887e7
0.7495	1.8707889265326675e7
0.75	1.8719603783676226e7
0.7505000000000001	1.87313171756034e7
0.751	1.874302944166417e7
0.7515000000000001	1.8754740582453534e7
0.752	1.8766450598548464e7
0.7525000000000001	1.8778159490496315e7
0.753	1.8789867258841455e7
0.7535000000000001	1.8801573904125296e7
0.754	1.8813279426886257e7
0.7545000000000001	1.88249838276598e7
0.755	1.88366871069784e7
0.7555000000000001	1.8848389265371587e7
0.756	1.8860090303365916e7
0.7565000000000001	1.8871790221484967e7
0.757	1.8883489020249363e7
0.7575000000000001	1.889518670017679e7
0.758	1.890688326178195e7
0.7585000000000001	1.89185787055766e7
0.759	1.893027303206954e7
0.7595000000000001	1.8941966241766613e7
0.76	1.8953658335170716e7
0.7605000000000001	1.8965349312781822e7
0.761	1.89770391750969e7
0.7615000000000001	1.898872792261002e7
0.762	1.9000415555812296e7
0.7625000000000001	1.9012102075191896e7
0.763	1.902378748123406e7
0.7635000000000001	1.9035471774421055e7
0.764	1.9047154955232237e7
0.7645000000000001	1.9058837024101425e7
0.765	1.907051798146334e7
0.7655000000000001	1.908219782778965e7
0.766	1.9093876563549798e7
0.7665000000000001	1.910555418921102e7
0.767	1.9117230705238316e7
0.7675000000000001	1.9128906112094514e7
0.768	1.9140580410240207e7
0.7685	1.915225360013379e7
0.769	1.9163925682231445e7
0.7695	1.917559665698716e7
0.77	1.91872665248527e7
0.7705	1.9198935286277622e7
0.771	1.9210602941709314e7
0.7715	1.9222269491592932e7
0.772	1.9233934936371427e7
0.7725	1.924559927648557e7
0.773	1.9257262512373917e7
0.7735	1.9268924644472823e7
0.774	1.9280585673216455e7
0.7745	1.9292245599036783e7
0.775	1.9303904422363568e7
0.7755	1.931556214362438e7
0.776	1.93272187632446e7
0.7765	1.9338874281647407e7
0.777	1.9350528699253786e7
0.7775	1.9362182016422573e7
0.778	1.9373834233478628e7
0.7785	1.9385485350837212e7
0.779	1.9397135368913777e7
0.7795	1.9408784288122915e7
0.78	1.942043210887837e7
0.7805	1.9432078831593055e7
0.781	1.944372445667902e7
0.7815	1.9455368984547473e7
0.782	1.9467012415608793e7
0.7825	1.9478654750272498e7
0.783	1.9490295988947254e7
0.7835	1.9501936132040903e7
0.784	1.9513575179960422e7
0.7845	1.9525213133111954e7
0.785	1.9536849991900805e7
0.7855	1.954848575673141e7
0.786	1.956012042800739e7
0.7865	1.9571754006131504e7
0.787	1.9583386491505668e7
0.7875	1.9595017884530958e7
0.788	1.9606648185607616e7
0.7885	1.961827739513502e7
0.789	1.9629905513511714e7
0.7895	1.9641532541135404e7
0.79	1.965315847840295e7
0.7905	1.966478332571032e7
0.791	1.96764070834526e7
0.7915	1.968802975202411e7
0.792	1.969965133181834e7
0.7925	1.971127182322793e7
0.793	1.9722891226644702e7
0.7935	1.973450954245962e7
0.794	1.9746126771062806e7
0.7945	1.975774291284354e7
0.795	1.9769357968190275e7
0.7955	1.978097193749061e7
0.796	1.9792584821131308e7
0.7965	1.9804196619498305e7
0.797	1.9815807332976665e7
0.7975	1.9827416961950634e7
0.798	1.983902550680363e7
0.7985	1.98506329679182e7
0.799	1.9862239345676072e7
0.7995	1.9873844640458126e7
0.8	1.988544885264442e7
0.8005	1.989705198261414e7
0.801	1.990865403074566e7
0.8015	1.99202549974165e7
0.802	1.993185488300335e7
0.8025	1.994345368788206e7
0.803	1.9955051412427627e7
0.8035	1.9966648057022918e7
0.804	1.997824362208577e7
0.8045	1.998983810799441e7
0.805	2.000143151511944e7
0.8055	2.001302384383009e7
0.806	2.0024615094494205e7
0.8065	2.00362052674783e7
0.807	2.004779436314753e7
0.8075	2.005938238186567e7
0.808	2.0070969323995147e7
0.8085	2.008255518989703e7
0.809	2.0094139979931038e7
0.8095	2.010572369445551e7
0.81	2.0117306333827443e7
0.8105	2.012888789840248e7
0.811	2.014046838853488e7
0.8115	2.0152047804577578e7
0.812	2.016362614688212e7
0.8125	2.017520341579872e7
0.8130000000000001	2.0186779611676216e7
0.8135	2.019835473486209e7
0.8140000000000001	2.0209928785702474e7
0.8145	2.0221501764542144e7
0.8150000000000001	2.0233073671724502e7
0.8155	2.0244644507591613e7
0.8160000000000001	2.025621427248418e7
0.8165	2.0267782966735095e7
0.8170000000000001	2.027935059060261e7
0.8175	2.0290917144400276e7
0.8180000000000001	2.030248262846515e7
0.8185	2.0314047043133877e7
0.8190000000000001	2.0325610388742726e7
0.8195	2.0337172665627547e7
0.8200000000000001	2.0348733874123808e7
0.8205	2.0360294014566585e7
0.8210000000000001	2.037185308729056e7
0.8215	2.0383411092630003e7
0.8220000000000001	2.0394968030918803e7
0.8225	2.0406523902490463e7
0.8230000000000001	2.0418078707678076e7
0.8235	2.0429632446814332e7
0.8240000000000001	2.0441185120231546e7
0.8245	2.045273672826162e7
0.8250000000000001	2.046428727123608e7
0.8255	2.0475836749486033e7
0.8260000000000001	2.0487385163342204e7
0.8265	2.049893251313493e7
0.8270000000000001	2.0510478799194124e7
0.8275	2.0522024021849327e7
0.8280000000000001	2.0533568181429677e7
0.8285	2.054511127826392e7
0.8290000000000001	2.0556653312680393e7
0.8295	2.0568194285004858e7
0.8300000000000001	2.0579734195415996e7
0.8305	2.0591273044151947e7
0.8310000000000001	2.060281083154292e7
0.8315	2.0614347557920855e7
0.8320000000000001	2.0625883223619398e7
0.8325	2.0637417828973882e7
0.833	2.0648951374321394e7
0.8335	2.0660483860000707e7
0.834	2.0672015286352314e7
0.8345	2.068354565371842e7
0.835	2.069507496244293e7
0.8355	2.070660321287148e7
0.836	2.0718130405351397e7
0.8365	2.072965654023173e7
0.837	2.0741181617863234e7
0.8375	2.0752705638598364e7
0.838	2.0764228602791294e7
0.8385	2.0775750510797914e7
0.839	2.0787271362975795e7
0.8395	2.0798791159684245e7
0.84	2.081030990128426e7
0.8405	2.082182758813855e7
0.841	2.0833344220611528e7
0.8415	2.0844859799069315e7
0.842	2.085637432387973e7
0.8425	2.0867887795412306e7
0.843	2.0879400214291405e7
0.8435	2.0890911581228513e7
0.844	2.090242189659265e7
0.8445	2.091393116074753e7
0.845	2.092543937405334e7
0.8455	2.0936946536866818e7
0.846	2.0948452649541162e7
0.8465	2.0959957712426104e7
0.847	2.0971461725867856e7
0.8475	2.098296469020917e7
0.848	2.0994466605789274e7
0.8485	2.1005967472943917e7
0.849	2.1017467292005353e7
0.8495	2.1028966063302327e7
0.85	2.1040463787160125e7
0.8505	2.1051960463900514e7
0.851	2.106345609384176e7
0.8515	2.1074950677298684e7
0.852	2.1086444214582548e7
0.8525	2.1097936706001185e7
0.853	2.1109428151858896e7
0.8535	2.11209185524565e7
0.854	2.1132407908091318e7
0.8545	2.1143896219057202e7
0.855	2.1155383485644482e7
0.8555	2.116686970814002e7
0.856	2.1178354971850842e7
0.8565	2.118983951074057e7
0.857	2.1201323302754406e7
0.8575	2.121280630887041e7
0.858	2.1224288490654968e7
0.8585	2.1235769810450602e7
0.859	2.1247250231577314e7
0.8595	2.12587297185459e7
0.86	2.1270208237281412e7
0.8605	2.128168575535439e7
0.861	2.1293162242216706e7
0.8615	2.1304637669438712e7
0.862	2.131611201094335e7
0.8625	2.1327585243232988e7
0.863	2.1339057345604002e7
0.8635	2.1350528300344378e7
0.864	2.1361998092909276e7
0.8645	2.1373466712070204e7
0.865	2.1384934150033638e7
0.8655	2.139640040252572e7
0.866	2.140786546884066e7
0.8665	2.1419329351851422e7
0.867	2.1430792057982296e7
0.8675	2.1442253597144254e7
0.868	2.145371398263493e7
0.8685	2.1465173231006145e7
0.869	2.1476631357196648e7
0.8695	2.148808836950211e7
0.87	2.149954432164282e7
0.8705	2.1510999254677203e7
0.871	2.1522453190311037e7
0.8715	2.153390613103796e7
0.872	2.1545358034991294e7
0.8725	2.155680888474657e7
0.873	2.1568258710074462e7
0.8735	2.1579707582779415e7
0.874	2.1591155506759994e7
0.8745	2.1602602417095263e7
0.875	2.1614048229588047e7
0.8755000000000001	2.1625492935577087e7
0.876	2.163693658776045e7
0.8765000000000001	2.164837921390535e7
0.877	2.1659820816817015e7
0.8775000000000001	2.1671261386248816e7
0.878	2.168270092308384e7
0.8785000000000001	2.1694139435508676e7
0.879	2.170557692876254e7
0.8795000000000001	2.1717013398418207e7
0.88	2.1728448825809136e7
0.8805000000000001	2.173988321455515e7
0.881	2.175131660120709e7
0.8815000000000001	2.176274903061631e7
0.882	2.1774180491810355e7
0.8825000000000001	2.1785610904464643e7
0.883	2.1797040216853347e7
0.8835000000000001	2.1808468443960417e7
0.884	2.1819895652526893e7
0.8845000000000001	2.183132186014855e7
0.885	2.1842747049016137e7
0.8855000000000001	2.185417119447582e7
0.886	2.1865594296943877e7
0.8865000000000001	2.187701637362219e7
0.887	2.1888437434547264e7
0.8875000000000001	2.1899857483578667e7
0.888	2.1911276521349933e7
0.8885000000000001	2.1922694547137134e7
0.889	2.1934111558235947e7
0.8895000000000001	2.1945527549881525e7
0.89	2.195694251546868e7
0.8905000000000001	2.196835644740218e7
0.891	2.1979769332735542e7
0.8915000000000001	2.199118113950967e7
0.892	2.200259183612585e7
0.8925000000000001	2.2014001448525593e7
0.893	2.202541007791116e7
0.8935000000000001	2.203681776636784e7
0.894	2.2048224480515525e7
0.8945000000000001	2.2059630115255494e7
0.895	2.207103465620633e7
0.8955000000000001	2.2082438178094357e7
0.896	2.209384074958682e7
0.8965	2.210524237413385e7
0.897	2.2116643003537152e7
0.8975	2.2128042611933753e7
0.898	2.213944119027585e7
0.8985	2.2150838738815036e7
0.899	2.2162235275021978e7
0.8995	2.21736308627256e7
0.9	2.2185025534980055e7
0.9005	2.219641925685723e7
0.901	2.22078119018977e7
0.9015	2.2219203420343727e7
0.902	2.223059385129257e7
0.9025	2.2241983268265728e7
0.903	2.2253371687386617e7
0.9035	2.2264759094187386e7
0.904	2.2276145479778588e7
0.9045	2.228753084500749e7
0.905	2.2298915194394283e7
0.9055	2.2310298532946635e7
0.906	2.232168087076331e7
0.9065	2.233306221583253e7
0.907	2.2344442566330843e7
0.9075	2.2355821909845922e7
0.908	2.2367200239220936e7
0.9085	2.2378577546425726e7
0.909	2.238995382353344e7
0.9095	2.2401329094720438e7
0.91	2.2412703449539043e7
0.9105	2.2424076934858806e7
0.911	2.24354495048683e7
0.9115	2.244682098022913e7
0.912	2.245819128376731e7
0.9125	2.246956047231487e7
0.913	2.2480928651863184e7
0.9135	2.2492295840285834e7
0.914	2.2503661999809686e7
0.9145	2.251502711385353e7
0.915	2.2526391202972855e7
0.9155	2.2537754313207984e7
0.916	2.2549116452324063e7
0.9165	2.256047759235977e7
0.917	2.257183770323459e7
0.9175	2.2583196786067445e7
0.918	2.2594554864499338e7
0.9185	2.260591195496315e7
0.919	2.2617268074020952e7
0.9195	2.2628623238625318e7
0.92	2.2639977440432124e7
0.9205	2.265133063302212e7
0.921	2.2662682780052435e7
0.9215	2.2674033884553004e7
0.922	2.2685383984364007e7
0.9225	2.269673309111258e7
0.923	2.270808119518353e7
0.9235	2.271942827888066e7
0.924	2.2730774340523906e7
0.9245	2.274211938786164e7
0.925	2.2753463428097792e7
0.9255	2.276480646866108e7
0.926	2.2776148519465033e7
0.9265	2.2787489579670895e7
0.927	2.279882963263692e7
0.9275	2.281016866368664e7
0.928	2.28215066778212e7
0.9285	2.2832843699101638e7
0.929	2.284417973922732e7
0.9295	2.2855514798884362e7
0.93	2.2866848872216355e7
0.9305	2.2878181957133405e7
0.931	2.288951405035995e7
0.9315	2.2900845150301374e7
0.932	2.2912175259104554e7
0.9325	2.292350438421522e7
0.933	2.293483252529907e7
0.9335	2.2946159672933664e7
0.934	2.2957485814411044e7
0.9345	2.2968810947701845e7
0.935	2.2980135080044907e7
0.9355	2.2991458215662822e7
0.936	2.3002780353895795e7
0.9365	2.3014101490922123e7
0.937	2.3025421625612635e7
0.9375	2.303674075773648e7
0.9380000000000001	2.3048058888114456e7
0.9385	2.3059376018364087e7
0.9390000000000001	2.307069214684966e7
0.9395	2.308200728365529e7
0.9400000000000001	2.3093321461692017e7
0.9405	2.3104634726145975e7
0.9410000000000001	2.3115947067510586e7
0.9415	2.3127258407051325e7
0.9420000000000001	2.3138568678870123e7
0.9425	2.3149877885922257e7
0.9430000000000001	2.3161186086798485e7
0.9435	2.3172493305243082e7
0.9440000000000001	2.3183799542993993e7
0.9445	2.3195104793526046e7
0.9450000000000001	2.320640906032909e7
0.9455	2.32177123569551e7
0.9460000000000001	2.322901468440024e7
0.9465	2.324031602160073e7
0.9470000000000001	2.3251616323718425e7
0.9475	2.3262915591802962e7
0.9480000000000001	2.3274213881995168e7
0.9485	2.3285511243293118e7
0.9490000000000001	2.3296807671283584e7
0.9495	2.3308103109392762e7
0.9500000000000001	2.3319397531247456e7
0.9505	2.333069094446022e7
0.9510000000000001	2.3341983376046773e7
0.9515	2.335327483100282e7
0.9520000000000001	2.336456529710619e7
0.9525	2.337585476915679e7
0.9530000000000001	2.338714326204143e7
0.9535	2.3398430814334493e7
0.9540000000000001	2.3409717429819122e7
0.9545	2.3421003071002193e7
0.9550000000000001	2.343228768377476e7
0.9555	2.3443571271529436e7
0.9560000000000001	2.3454853897564773e7
0.9565	2.34661355924241e7
0.9570000000000001	2.3477416338962156e7
0.9575	2.3488696078240678e7
0.9580000000000001	2.3499974792740386e7
0.9585	2.35112524962084e7
0.9590000000000001	2.3522529210299514e7
0.9595	2.3533804945698842e7
0.96	2.3545079715564214e7
0.9605	2.3556353522758484e7
0.961	2.3567626355568554e7
0.9615	2.3578898191613793e7
0.962	2.3590169029484626e7
0.9625	2.3601438887518264e7
0.963	2.3612707780313827e7
0.9635	2.3623975713296164e7
0.964	2.3635242697237216e7
0.9645	2.3646508705524303e7
0.965	2.365777363067484e7
0.9655	2.3669037350103106e7
0.966	2.3680299929816164e7
0.9665	2.3691561615083456e7
0.967	2.3702822503944494e7
0.9675	2.3714082579572607e7
0.968	2.3725341729838092e7
0.9685	2.373659990622311e7
0.969	2.3747857079076573e7
0.9695	2.375911323458144e7
0.97	2.3770368380147036e7
0.9705	2.3781622556975644e7
0.971	2.3792875784406986e7
0.9715	2.3804128063283302e7
0.972	2.3815379383176554e7
0.9725	2.382662973606214e7
0.973	2.3837879104265455e7
0.9735	2.3849127477087803e7
0.974	2.386037485965067e7
0.9745	2.387162127267974e7
0.975	2.38828667250154e7
0.9755	2.389411121803377e7
0.976	2.3905354749053825e7
0.9765	2.3916597314922057e7
0.977	2.3927838906571206e7
0.9775	2.393907951997827e7
0.978	2.395031916752515e7
0.9785	2.3961557881713472e7
0.979	2.3972795625022255e7
0.9795	2.3984032200445894e7
0.98	2.399526746850477e7
0.9805	2.4006501631711453e7
0.981	2.4017735112482768e7
0.9815	2.402896800068374e7
0.982	2.4040200199120212e7
0.9825	2.4051431398104828e7
0.983	2.4062661486702397e7
0.9835	2.4073890510852493e7
0.984	2.408511853363776e7
0.9845	2.4096345580236763e7
0.985	2.4107571681559365e7
0.9855	2.4118796840989616e7
0.986	2.413002102244599e7
0.9865	2.4141244176740855e7
0.987	2.4152466312817957e7
0.9875	2.4163687499839857e7
0.988	2.417490777034616e7
0.9885	2.4186127111604024e7
0.989	2.4197345475330155e7
0.9895	2.420856283671761e7
0.99	2.4219779167449392e7
0.9905	2.42309944568966e7
0.991	2.4242208736690626e7
0.9915	2.4253422089521643e7
0.992	2.426463454926135e7
0.9925	2.427584610922409e7
0.993	2.4287056737766404e7
0.9935	2.4298266425827116e7
0.994	2.430947517305301e7
0.9945	2.4320682978505038e7
0.995	2.4331889837867767e7
0.9955	2.434309574647723e7
0.996	2.4354300695467547e7
0.9965	2.436550466490583e7
0.997	2.4376707634126246e7
0.9975	2.4387909636257745e7
0.998	2.439910758504574e7
0.9985	2.441030673085225e7
0.999	2.4421505835589185e7
0.9995	2.44327040501798e7