0.	0.
0.001	51125.6616649595
0.002	102251.33637885509
0.003	153377.03719055356
0.004	204502.77714882136
0.005	255628.56930223238
0.006	306754.4266990984
0.007	357880.36238747666
0.008	409006.38941504696
0.009000000000000001	460132.52082904975
0.01	511258.7696762834
0.011	562385.1490029836
0.012	613511.6718547823
0.013000000000000001	664638.3512766768
0.014	715765.200312922
0.015	766892.232007007
0.016	818019.459401591
0.017	869146.8955384237
0.018000000000000002	920274.5534582938
0.019	971402.4462009805
0.02	1.0225305868051836e6
0.021	1.0736589883084649e6
0.022	1.1247876637472117e6
0.023	1.1759166261565015e6
0.024	1.2270458885701366e6
0.025	1.2781754640205353e6
0.026000000000000002	1.329305365538679e6
0.027	1.3804356061540311e6
0.028	1.4315661988945492e6
0.029	1.4826971567865228e6
0.03	1.5338284928545905e6
0.031	1.5849602201216533e6
0.032	1.6360923516087933e6
0.033	1.687224900335273e6
0.034	1.7383578793184261e6
0.035	1.7894913015735948e6
0.036000000000000004	1.840625180114112e6
0.037	1.891759527951181e6
0.038	1.942894358093869e6
0.039	1.9940296835490526e6
0.04	2.0451655173212881e6
0.041	2.0963018724128213e6
0.042	2.1474387618235014e6
0.043000000000000003	2.1985761985506993e6
0.044	2.2497141912321933e6
0.045	2.3008527383342357e6
0.046	2.351991851660913e6
0.047	2.403131544177422e6
0.048	2.4542718288498763e6
0.049	2.5054127186452686e6
0.05	2.556554226531411e6
0.051000000000000004	2.6076963654769314e6
0.052000000000000005	2.658839148451184e6
0.053	2.7099825884242384e6
0.054	2.761126698366825e6
0.055	2.812271491250294e6
0.056	2.8634169800465815e6
0.057	2.914563177728186e6
0.058	2.965710097268063e6
0.059000000000000004	3.0168577516396404e6
0.06	3.0680061538167843e6
0.061	3.119155316773705e6
0.062	3.170305253484978e6
0.063	3.2214559769254266e6
0.064	3.2726075000701672e6
0.065	3.3237598358945055e6
0.066	3.374912997373901e6
0.067	3.426066997483969e6
0.068	3.477221849200388e6
0.069	3.5283775654989053e6
0.07	3.579534159355237e6
0.07100000000000001	3.6306916437450857e6
0.07200000000000001	3.6818500316440715e6
0.073	3.733009336027658e6
0.074	3.784169569871237e6
0.075	3.8353307461498925e6
0.076	3.8864928778385217e6
0.077	3.937655977911724e6
0.078	3.9888200593437813e6
0.079	4.03998513510859e6
0.08	4.091151218179665e6
0.081	4.1423183215300515e6
0.082	4.1934864581323112e6
0.083	4.244655640958477e6
0.084	4.295825882979983e6
0.085	4.346997197167724e6
0.08600000000000001	4.398169596491861e6
0.08700000000000001	4.449343093921891e6
0.088	4.500517702426591e6
0.089	4.551693434973941e6
0.09	4.60287030453111e6
0.091	4.654048324064416e6
0.092	4.70522750653928e6
0.093	4.756407864920163e6
0.094	4.8075894121705685e6
0.095	4.858772161252981e6
0.096	4.909956125128797e6
0.097	4.961141316758345e6
0.098	5.012327749100786e6
0.099	5.0635154351141155e6
0.1	5.114704387755088e6
0.101	5.165894619979204e6
0.10200000000000001	5.21708614474065e6
0.10300000000000001	5.268278974992294e6
0.10400000000000001	5.319473123685586e6
0.105	5.370668603770556e6
0.106	5.421865428195769e6
0.107	5.473063609908284e6
0.108	5.524263161853612e6
0.109	5.5754640969756795e6
0.11	5.626666428216787e6
0.111	5.677870168517529e6
0.112	5.729075330816825e6
0.113	5.780281928051841e6
0.114	5.831489973157925e6
0.115	5.88269947906863e6
0.116	5.933910458715615e6
0.117	5.985122925028615e6
0.11800000000000001	6.036336890935433e6
0.11900000000000001	6.087552369361857e6
0.12	6.138769373231662e6
0.121	6.189987915466539e6
0.122	6.241208008986041e6
0.123	6.292429666707615e6
0.124	6.343652901546472e6
0.125	6.394877726415566e6
0.126	6.446104154225636e6
0.127	6.497332197885067e6
0.128	6.548561870299873e6
0.129	6.599793184373674e6
0.13	6.651026153007696e6
0.131	6.702260789100619e6
0.132	6.75349710554865e6
0.133	6.80473511524542e6
0.134	6.855974831081947e6
0.135	6.907216265946624e6
0.136	6.958459432725154e6
0.137	7.0097043443005225e6
0.138	7.0609510135529535e6
0.139	7.112199453359862e6
0.14	7.163449676595808e6
0.14100000000000001	7.214701696132499e6
0.14200000000000002	7.265955524838686e6
0.14300000000000002	7.317211175580179e6
0.14400000000000002	7.36846866121977e6
0.145	7.419727994617211e6
0.146	7.470989188629158e6
0.147	7.522252256109144e6
0.148	7.5735172053609695e6
0.149	7.624784029369533e6
0.15	7.676052738698951e6
0.151	7.727323346241481e6
0.152	7.778595864889996e6
0.153	7.829870307537841e6
0.154	7.881146687078875e6
0.155	7.932425016407298e6
0.156	7.983705308417695e6
0.157	8.034987576004872e6
0.158	8.0862718320638705e6
0.159	8.137558089489891e6
0.16	8.188846361178185e6
0.161	8.240136660024074e6
0.162	8.291428998922803e6
0.163	8.342723390769541e6
0.164	8.394019848459277e6
0.165	8.445318384886783e6
0.166	8.496619012946565e6
0.167	8.547921745532766e6
0.168	8.599226595539132e6
0.169	8.65053357585891e6
0.17	8.701842699384872e6
0.171	8.753153979009155e6
0.17200000000000001	8.804467427623259e6
0.17300000000000001	8.855783058117963e6
0.17400000000000002	8.9071008833833e6
0.17500000000000002	8.95842091630843e6
0.176	9.009743169781629e6
0.177	9.061067656690221e6
0.178	9.112394389920525e6
0.179	9.16372338235775e6
0.18	9.21505464688599e6
0.181	9.266388196388124e6
0.182	9.317724043745786e6
0.183	9.369062201839248e6
0.184	9.420402683547463e6
0.185	9.471745501747884e6
0.186	9.523090669316486e6
0.187	9.574438199127676e6
0.188	9.625788104054235e6
0.189	9.67714039696726e6
0.19	9.728495090736113e6
0.191	9.779852198228315e6
0.192	9.831211732309572e6
0.193	9.882573705843614e6
0.194	9.933938131692223e6
0.195	9.985305022715107e6
0.196	1.0036674391769895e7
0.197	1.0088046251712032e7
0.198	1.0139420615394723e7
0.199	1.0190797495668925e7
0.2	1.0242176905383209e7
0.201	1.0293558857383762e7
0.202	1.0344943364514314e7
0.203	1.0396330439616036e7
0.20400000000000001	1.044772009552755e7
0.20500000000000002	1.0499112345084816e7
0.20600000000000002	1.0550507201121077e7
0.20700000000000002	1.0601904676466838e7
0.20800000000000002	1.0653304783949774e7
0.209	1.0704707536394652e7
0.21	1.075611294662334e7
0.211	1.0807521027454669e7
0.212	1.0858931791704424e7
0.213	1.091034525218527e7
0.214	1.0961761421706678e7
0.215	1.1013180313074902e7
0.216	1.1064601939092884e7
0.217	1.1116026312560208e7
0.218	1.1167453445934001e7
0.219	1.1218883341901913e7
0.22	1.127031600852955e7
0.221	1.1321751458587753e7
0.222	1.1373189704846965e7
0.223	1.1424630760077206e7
0.224	1.1476074637048014e7
0.225	1.1527521348528389e7
0.226	1.1578970907286806e7
0.227	1.163042332609109e7
0.228	1.1681878617708422e7
0.229	1.1733336794905292e7
0.23	1.1784797870447442e7
0.231	1.1836261857099844e7
0.232	1.1887728767626625e7
0.233	1.1939198614791045e7
0.234	1.1990671411355447e7
0.23500000000000001	1.204214717008121e7
0.23600000000000002	1.2093625903728727e7
0.23700000000000002	1.2145107625057323e7
0.23800000000000002	1.219659234682526e7
0.23900000000000002	1.2248080081789635e7
0.24	1.2299570842706399e7
0.241	1.2351064642330265e7
0.242	1.24025614934147e7
0.243	1.2454061408711864e7
0.244	1.2505564400972545e7
0.245	1.2557070482946163e7
0.246	1.2608579667380722e7
0.247	1.2660091967022702e7
0.248	1.2711607394617112e7
0.249	1.2763125962907383e7
0.25	1.2814647684635317e7
0.251	1.2866172572541103e7
0.252	1.2917700639363235e7
0.253	1.2969231897838462e7
0.254	1.3020766360701786e7
0.255	1.3072304040686367e7
0.256	1.3123844950523514e7
0.257	1.3175389102942636e7
0.258	1.3226936510671217e7
0.259	1.3278487186434716e7
0.26	1.3330041142956613e7
0.261	1.3381598392958295e7
0.262	1.343315894915905e7
0.263	1.3484722824275974e7
0.264	1.3536290031024057e7
0.265	1.3587860582115946e7
0.266	1.3639434490262091e7
0.267	1.3691011768170591e7
0.268	1.3742592428547192e7
0.269	1.3794176484095218e7
0.27	1.3845763947515575e7
0.271	1.3897354831506684e7
0.272	1.394894914876443e7
0.273	1.4000546911982123e7
0.274	1.4052148133850476e7
0.275	1.4103752827057533e7
0.276	1.4155361004288673e7
0.277	1.420697267822654e7
0.278	1.4258587861550983e7
0.279	1.4310206566939052e7
0.28	1.4361828807064926e7
0.281	1.4413454594599908e7
0.28200000000000003	1.446508394221235e7
0.28300000000000003	1.4516716862567613e7
0.28400000000000003	1.4568353368328074e7
0.28500000000000003	1.4619993472153021e7
0.28600000000000003	1.4671637186698629e7
0.28700000000000003	1.4723284524617977e7
0.28800000000000003	1.4774935498560922e7
0.289	1.4826590121174105e7
0.29	1.487824840510091e7
0.291	1.492991036298142e7
0.292	1.4981576007452346e7
0.293	1.503324535114706e7
0.294	1.5084918406695476e7
0.295	1.5136595186724033e7
0.296	1.5188275703855691e7
0.297	1.5239959970709832e7
0.298	1.5291647999902293e7
0.299	1.5343339804045232e7
0.3	1.53950353957472e7
0.301	1.544673478761297e7
0.302	1.5498437992243618e7
0.303	1.555014502223641e7
0.304	1.5601855890184801e7
0.305	1.5653570608678358e7
0.306	1.5705289190302726e7
0.307	1.5757011647639668e7
0.308	1.5808737993266871e7
0.309	1.5860468239758078e7
0.31	1.591220239968287e7
0.311	1.5963940485606823e7
0.312	1.6015682510091282e7
0.313	1.606742848569346e7
0.314	1.61191784249663e7
0.315	1.6170932340458518e7
0.316	1.6222690244714484e7
0.317	1.6274452150274267e7
0.318	1.6326218069673501e7
0.319	1.6377988015443439e7
0.32	1.6429762000110835e7
0.321	1.6481540036197964e7
0.322	1.6533322136222526e7
0.323	1.6585108312697686e7
0.324	1.6636898578131953e7
0.325	1.6688692945029173e7
0.326	1.67404914258885e7
0.327	1.679229403320434e7
0.328	1.684410077946632e7
0.329	1.689591167715927e7
0.33	1.694772673876314e7
0.331	1.6999545976752978e7
0.332	1.705136940359891e7
0.333	1.7103197031766057e7
0.334	1.7155028873714574e7
0.335	1.720686494189953e7
0.336	1.7258705248770915e7
0.337	1.7310549806773543e7
0.338	1.736239862834713e7
0.339	1.7414251725926127e7
0.34	1.7466109111939758e7
0.341	1.7517970798811935e7
0.342	1.7569836798961278e7
0.343	1.762170712480102e7
0.34400000000000003	1.7673581788739003e7
0.34500000000000003	1.7725460803177584e7
0.34600000000000003	1.7777344180513702e7
0.34700000000000003	1.7829231933138724e7
0.34800000000000003	1.7881124073438466e7
0.34900000000000003	1.7933020613793176e7
0.35000000000000003	1.7984921566577412e7
0.35100000000000003	1.8036826944160108e7
0.352	1.8088736758904453e7
0.353	1.814065102316789e7
0.354	1.8192569749302052e7
0.355	1.8244492949652787e7
0.356	1.8296420636560027e7
0.357	1.8348352822357785e7
0.358	1.84002895193742e7
0.359	1.845223073993136e7
0.36	1.8504176496230755e7
0.361	1.8556126779841453e7
0.362	1.8608081587788474e7
0.363	1.866004093243991e7
0.364	1.8712004826161925e7
0.365	1.8763973281318545e7
0.366	1.8815946310271677e7
0.367	1.886792392538099e7
0.368	1.8919906139003895e7
0.369	1.8971892963495452e7
0.37	1.902388441120834e7
0.371	1.9075880494492732e7
0.372	1.9127881225696333e7
0.373	1.91798866171642e7
0.374	1.923189668123877e7
0.375	1.9283911430259746e7
0.376	1.9335930876564078e7
0.377	1.9387955032485835e7
0.378	1.9439983910356224e7
0.379	1.9492017522503477e7
0.38	1.9544055880698994e7
0.381	1.959609898900132e7
0.382	1.9648146856958322e7
0.383	1.970019949687691e7
0.384	1.975225692106361e7
0.385	1.9804319141824435e7
0.386	1.9856386171464924e7
0.387	1.9908458022290014e7
0.388	1.996053470660404e7
0.389	2.0012616236710686e7
0.39	2.0064702624912895e7
0.391	2.0116793883512832e7
0.392	2.0168890024811894e7
0.393	2.0220991061110537e7
0.394	2.0273097004708394e7
0.395	2.032520786790407e7
0.396	2.0377323662995163e7
0.397	2.042944440227825e7
0.398	2.048157009804875e7
0.399	2.0533700762600925e7
0.4	2.0585836408227865e7
0.401	2.0637977047221385e7
0.402	2.069012269187199e7
0.403	2.0742273354468834e7
0.404	2.0794429047299664e7
0.405	2.0846589782650795e7
0.406	2.0898755572807048e7
0.40700000000000003	2.095092643005166e7
0.40800000000000003	2.1003102366666313e7
0.40900000000000003	2.1055283394931037e7
0.41000000000000003	2.1107469527124166e7
0.41100000000000003	2.1159660775522303e7
0.41200000000000003	2.1211857152400266e7
0.41300000000000003	2.126405867003108e7
0.41400000000000003	2.1316265340685826e7
0.41500000000000004	2.1368477176633693e7
0.41600000000000004	2.1420694190141927e7
0.417	2.1472916393475715e7
0.418	2.152514379889817e7
0.419	2.157737641867035e7
0.42	2.1629614265051093e7
0.421	2.1681857350297067e7
0.422	2.1734105686662696e7
0.423	2.1786359286400065e7
0.424	2.1838618161758967e7
0.425	2.1890882324986756e7
0.426	2.1943151788328383e7
0.427	2.1995426564026315e7
0.428	2.2047706664320495e7
0.429	2.2099992101448257e7
0.43	2.215228288764436e7
0.431	2.220457903514089e7
0.432	2.225688055616718e7
0.433	2.2309187462949883e7
0.434	2.2361499767712787e7
0.435	2.2413817482676867e7
0.436	2.2466140620060194e7
0.437	2.2518469192077924e7
0.438	2.257080321094221e7
0.439	2.2623142688862197e7
0.44	2.267548763804394e7
0.441	2.2727838070690393e7
0.442	2.278019399900137e7
0.443	2.283255543517344e7
0.444	2.288492239139995e7
0.445	2.2937294879870966e7
0.446	2.2989672912773196e7
0.447	2.3042056502289977e7
0.448	2.3094445660601232e7
0.449	2.314684039988338e7
0.45	2.319924073230938e7
0.451	2.3251646670048617e7
0.452	2.3304058225266855e7
0.453	2.335647541012623e7
0.454	2.3408898236785207e7
0.455	2.3461326717398502e7
0.456	2.351376086411708e7
0.457	2.356620068908805e7
0.458	2.3618646204454713e7
0.459	2.3671097422356427e7
0.46	2.372355435492864e7
0.461	2.3776017014302786e7
0.462	2.38284854126063e7
0.463	2.3880959561962478e7
0.464	2.3933439474490583e7
0.465	2.398592516230568e7
0.466	2.4038416637518596e7
0.467	2.4090913912236e7
0.468	2.4143416998560224e7
0.46900000000000003	2.4195925908589277e7
0.47000000000000003	2.424844065441678e7
0.47100000000000003	2.4300961248131976e7
0.47200000000000003	2.435348770181966e7
0.47300000000000003	2.440602002756009e7
0.47400000000000003	2.445855823742903e7
0.47500000000000003	2.4511102343497626e7
0.47600000000000003	2.456365235783243e7
0.47700000000000004	2.4616208292495333e7
0.47800000000000004	2.4668770159543518e7
0.47900000000000004	2.4721337971029405e7
0.48	2.4773911739000645e7
0.481	2.4826491475500077e7
0.482	2.487907719256564e7
0.483	2.4931668902230382e7
0.484	2.498426661652238e7
0.485	2.503687034746475e7
0.486	2.5089480107075542e7
0.487	2.5142095907367762e7
0.488	2.519471776034929e7
0.489	2.5247345678022835e7
0.49	2.529997967238592e7
0.491	2.5352619755430866e7
0.492	2.540526593914467e7
0.493	2.5457918235509016e7
0.494	2.5510576656500246e7
0.495	2.556324121408933e7
0.496	2.5615911920241755e7
0.497	2.566858878691755e7
0.498	2.5721271826071203e7
0.499	2.577396104965167e7
0.5	2.5826656469602335e7
0.503	2.5984780027024064e7
0.506	2.6142959781192258e7
0.509	2.6301196053646937e7
0.512	2.6459489165449053e7
0.515	2.661783943717088e7
0.518	2.6776247188886624e7
0.521	2.6934712740162853e7
0.524	2.709323641004921e7
0.527	2.7251818517069e7
0.53	2.7410459379209913e7
0.533	2.7569159306774113e7
0.536	2.7727918556796044e7
0.539	2.7886737432086706e7
0.542	2.8045616248524103e7
0.545	2.8204555321608678e7
0.548	2.8363554966456413e7
0.551	2.8522615497792028e7
0.554	2.8681737229942173e7
0.557	2.8840920476828624e7
0.56	2.9000165551961657e7
0.563	2.9159472768433318e7
0.5660000000000001	2.931884243891081e7
0.569	2.9478274875629872e7
0.5720000000000001	2.963777039038828e7
0.575	2.9797329294539273e7
0.578	2.995695189898507e7
0.581	3.011663851417046e7
0.584	3.0276389450076368e7
0.587	3.0436205016213458e7
0.59	3.059608552161583e7
0.593	3.0756031274834633e7
0.596	3.091604258393184e7
0.599	3.1076119756473996e7
0.602	3.123626309952593e7
0.605	3.1396472742170345e7
0.608	3.155674872591911e7
0.611	3.1717091356678803e7
0.614	3.187750094277877e7
0.617	3.203797779234294e7
0.62	3.2198522213277295e7
0.623	3.2359134513257332e7
0.626	3.2519814999715663e7
0.629	3.268056397982966e7
0.632	3.2841381760509305e7
0.635	3.300226864838503e7
0.638	3.3163224949795738e7
0.641	3.3324250970776804e7
0.644	3.3485347017048333e7
0.647	3.364651339400339e7
0.65	3.380775040669637e7
0.653	3.396905835983136e7
0.656	3.413043755775086e7
0.659	3.429188830442426e7
0.662	3.445341090343664e7
0.665	3.461500565797758e7
0.668	3.477667287083003e7
0.671	3.493841284435937e7
0.674	3.510022588050242e7
0.677	3.526211227650734e7
0.6799999999999999	3.542407228752764e7
0.683	3.5586106201648824e7
0.6859999999999999	3.5748214319126114e7
0.6890000000000001	3.591039693990765e7
0.692	3.6072654363625646e7
0.6950000000000001	3.6234986889587834e7
0.698	3.639739481676877e7
0.7010000000000001	3.655987844380149e7
0.704	3.6722438068968974e7
0.7070000000000001	3.688507399019585e7
0.71	3.704778650504019e7
0.713	3.721057591068527e7
0.716	3.7373442503931515e7
0.719	3.7536386581188455e7
0.722	3.769940843846676e7
0.725	3.786250837137039e7
0.728	3.8025686675088786e7
0.731	3.8188943644389175e7
0.734	3.8352279573608816e7
0.737	3.8515694756647505e7
0.74	3.8679189486959964e7
0.743	3.8842764057548515e7
0.746	3.900641876095553e7
0.749	3.9170153889256194e7
0.752	3.933396973405129e7
0.755	3.9497866586459935e7
0.758	3.9661844737112395e7
0.761	3.982590447614319e7
0.764	3.99900460931839e7
0.767	4.0154269877356306e7
0.77	4.031857611726548e7
0.773	4.0482965100992955e7
0.776	4.064743711609001e7
0.779	4.081199244957074e7
0.782	4.0976631387905665e7
0.785	4.1141354217014946e7
0.788	4.1306161222261846e7
0.7909999999999999	4.147105268844627e7
0.794	4.163602889979834e7
0.7969999999999999	4.180109013997182e7
0.8	4.1966236692038e7
0.8029999999999999	4.2131468838479206e7
0.806	4.229678686118268e7
0.8089999999999999	4.246219104143425e7
0.812	4.262768165991231e7
0.815	4.2793258991675556e7
0.8180000000000001	4.295892327938886e7
0.821	4.3124674794486426e7
0.8240000000000001	4.3290513815315016e7
0.827	4.345644061973272e7
0.8300000000000001	4.3622455485104516e7
0.833	4.3788558688297495e7
0.8360000000000001	4.3954750505676486e7
0.839	4.412103121309946e7
0.8420000000000001	4.428740108591309e7
0.845	4.445386039894843e7
0.8480000000000001	4.46204094265164e7
0.851	4.478704844240349e7
0.854	4.495377771986752e7
0.857	4.512059753163329e7
0.86	4.528750814988838e7
0.863	4.545450984627895e7
0.866	4.5621602891905576e7
0.869	4.5788787557319075e7
0.872	4.5956064112516515e7
0.875	4.612343282693695e7
0.878	4.629089396945764e7
0.881	4.645844780838982e7
0.884	4.66260946114748e7
0.887	4.679383464588005e7
0.89	4.696166795184955e7
0.893	4.71295944072879e7
0.896	4.729761427491976e7
0.899	4.746572782403471e7
0.902	4.763393532364131e7
0.905	4.78022370424567e7
0.908	4.797063324889621e7
0.911	4.813912421106315e7
0.914	4.830771019673851e7
0.917	4.847639147337108e7
0.9199999999999999	4.8645168308067374e7
0.923	4.881404096758191e7
0.9259999999999999	4.8983009718307294e7
0.929	4.915207482626491e7
0.9319999999999999	4.932123655709497e7
0.935	4.949049517604756e7
0.938	4.965985094797292e7
0.9410000000000001	4.982930413731249e7
0.944	4.999885500808959e7
0.9470000000000001	5.0168503822230354e7
0.95	5.033825081534467e7
0.9530000000000001	5.05080962404278e7
0.956	5.067804035987532e7
0.9590000000000001	5.084808343574735e7
0.962	5.101822572976053e7
0.9650000000000001	5.118846750328114e7
0.968	5.1358809017317146e7
0.9710000000000001	5.152925053251136e7
0.974	5.169979230913389e7
0.9770000000000001	5.1870434607075274e7
0.98	5.204117768583926e7
0.983	5.22120218045361e7
0.986	5.238296722187541e7
0.989	5.255401419615965e7
0.992	5.272516298527727e7
0.995	5.2896413846696235e7
0.998	5.306776703745735e7
1.001	5.323922281416802e7
1.004	5.341078143299566e7
1.0070000000000001	5.3582443149661615e7
1.01	5.375420821943478e7
1.013	5.392607689712561e7
1.016	5.409804943707998e7
1.0190000000000001	5.427012609317321e7
1.022	5.4442307118804194e7
1.025	5.4614592766889505e7
1.028	5.478698328985773e7
1.0310000000000001	5.4959478939643644e7
1.034	5.5132079967682585e7
1.037	5.53047866249051e7
1.04	5.5477599161731206e7
1.0430000000000001	5.565051782806508e7
1.046	5.582354287328966e7
1.049	5.59966745462614e7
1.052	5.6169913095305e7
1.0550000000000002	5.634325876820821e7
1.058	5.651671181221674e7
1.061	5.669027247402922e7
1.064	5.6863940999792255e7
1.0670000000000002	5.703771763509535e7
1.07	5.721160262496615e7
1.073	5.738559621386564e7
1.076	5.755969864008008e7
1.079	5.773391012390254e7
1.0819999999999999	5.7908230905633e7
1.085	5.808266122757705e7
1.088	5.82572013315579e7
1.091	5.843185145891261e7
1.0939999999999999	5.860661185048847e7
1.097	5.8781482746639185e7
1.1	5.8956464387221456e7
1.103	5.91315570115912e7
1.1059999999999999	5.930676085860019e7
1.109	5.948207616659262e7
1.112	5.9657503173401475e7
1.115	5.983304211634528e7
1.1179999999999999	6.000869323222487e7
1.121	6.018445675731985e7
1.124	6.0360332927385524e7
1.127	6.053632197764963e7
1.13	6.0712424142809115e7
1.133	6.088863965702711e7
1.1360000000000001	6.106496875392972e7
1.139	6.124141166660302e7
1.142	6.141796862759005e7
1.145	6.159463986888786e7
1.1480000000000001	6.177142562194442e7
1.151	6.1948326117655836e7
1.154	6.212534158636349e7
1.157	6.230247225785111e7
1.1600000000000001	6.247971836134197e7
1.163	6.265708012549619e7
1.166	6.283455777840787e7
1.169	6.301215154760252e7
1.1720000000000002	6.318986166003424e7
1.175	6.336768834208313e7
1.178	6.3545631819552675e7
1.181	6.3723692317667134e7
1.1840000000000002	6.390187006106893e7
1.187	6.408016527381618e7
1.19	6.425857817938016e7
1.193	6.443710900064278e7
1.1960000000000002	6.461575795989421e7
1.199	6.4794525278578475e7
1.202	6.497341116223055e7
1.205	6.5152415822153874e7
1.208	6.5331539478348516e7
1.2109999999999999	6.551078235030194e7
1.214	6.569014465698713e7
1.217	6.586962661686093e7
1.22	6.604922844786225e7
1.2229999999999999	6.62289503674105e7
1.226	6.640879259240388e7
1.229	6.658875533921768e7
1.232	6.676883882370268e7
1.2349999999999999	6.694904326118357e7
1.238	6.712936877386113e7
1.241	6.730981490799507e7
1.244	6.74903817495694e7
1.2469999999999999	6.767106951776583e7
1.25	6.785187843151017e7
1.2530000000000001	6.803280870946437e7
1.256	6.821386057001907e7
1.259	6.839503423128575e7
1.262	6.857632991108936e7
1.2650000000000001	6.875774782696088e7
1.268	6.893928819613e7
1.271	6.91209512355179e7
1.274	6.930273716173023e7
1.2770000000000001	6.948464619104996e7
1.28	6.966667853943056e7
1.283	6.984883442248912e7
1.286	7.003111405549972e7
1.2890000000000001	7.021351765338658e7
1.292	7.039604543071777e7
1.295	7.057869760169853e7
1.298	7.076147438016519e7
1.3010000000000002	7.094437597957847e7
1.304	7.112740261301772e7
1.307	7.131055449317464e7
1.31	7.149383183234718e7
1.3130000000000002	7.167723484243372e7
1.316	7.186076373492725e7
1.319	7.204441872090958e7
1.322	7.222820000559954e7
1.3250000000000002	7.241210778512481e7
1.328	7.259614226863512e7
1.331	7.278030366564895e7
1.334	7.296459218532358e7
1.337	7.314900803645018e7
1.3399999999999999	7.333355142744923e7
1.343	7.351822256636566e7
1.346	7.370302166086422e7
1.349	7.388794891822505e7
1.3519999999999999	7.407300454533914e7
1.355	7.42581887487038e7
1.358	7.444350173441862e7
1.361	7.462894370818087e7
1.3639999999999999	7.481451487528157e7
1.367	7.500021544060123e7
1.37	7.518604560860576e7
1.373	7.537200558334246e7
1.376	7.555809556843634e7
1.379	7.574431576708582e7
1.3820000000000001	7.593066638205935e7
1.385	7.611714761569129e7
1.388	7.630375966987854e7
1.391	7.649050274607672e7
1.3940000000000001	7.667737704529664e7
1.397	7.686438276810078e7
1.4	7.705152011460002e7
1.403	7.723878928444988e7
1.4060000000000001	7.742619047684759e7
1.409	7.761372389052849e7
1.412	7.780138972376294e7
1.415	7.798918817435318e7
1.4180000000000001	7.817711943963005e7
1.421	7.836518371645008e7
1.424	7.855338120119241e7
1.427	7.874171208975576e7
1.4300000000000002	7.893017657755555e7
1.433	7.911877485952105e7
1.436	7.93075071300925e7
1.439	7.949637358280768e7
1.4420000000000002	7.968537439997137e7
1.445	7.98745097695617e7
1.448	8.006377988412286e7
1.451	8.025318493576232e7
1.4540000000000002	8.04427251161486e7
1.457	8.06324006165092e7
1.46	8.082221162762819e7
1.463	8.101215833984442e7
1.466	8.120224094304909e7
1.4689999999999999	8.139245962668402e7
1.472	8.158281457973963e7
1.475	8.177330599075274e7
1.478	8.196393404780476e7
1.4809999999999999	8.215469893852004e7
1.484	8.234560085006365e7
1.487	8.253663996913977e7
1.49	8.272781648198983e7
1.4929999999999999	8.291913057439092e7
1.496	8.311058243165378e7
1.499	8.330217223862132e7
1.502	8.349390017966695e7
1.5050000000000001	8.3685766438693e7
1.508	8.387777119912882e7
1.5110000000000001	8.406991464392966e7
1.514	8.426219695557478e7
1.5170000000000001	8.445461831606613e7
1.52	8.464717890692684e7
1.5230000000000001	8.483987890919963e7
1.526	8.503271850344558e7
1.529	8.522569786974265e7
1.532	8.541881718768424e7
1.535	8.561207663637789e7
1.538	8.580547639444405e7
1.541	8.59990166400145e7
1.544	8.619269755073151e7
1.547	8.638651930374607e7
1.55	8.658048207571717e7
1.553	8.677458604281007e7
1.556	8.696883137906575e7
1.559	8.716321824945496e7
1.562	8.735774682691841e7
1.565	8.755241728572808e7
1.568	8.774722979971306e7
1.571	8.794218454225838e7
1.574	8.813728168630444e7
1.577	8.833252140434603e7
1.58	8.852790386843182e7
1.583	8.872342925016315e7
1.586	8.891909772069377e7
1.589	8.911490945072877e7
1.592	8.931086461052413e7
1.595	8.950696336988567e7
1.598	8.97032058981688e7
1.601	8.989959236427747e7
1.604	9.009612293666387e7
1.607	9.029279778332737e7
1.61	9.048961707181442e7
1.613	9.068658096921748e7
1.616	9.088368964217463e7
1.619	9.108094325686897e7
1.622	9.127834197902806e7
1.625	9.147588597392336e7
1.6280000000000001	9.167357540636963e7
1.631	9.187141044072442e7
1.6340000000000001	9.206939124088769e7
1.637	9.226751797030097e7
1.6400000000000001	9.24657907919473e7
1.643	9.266420986835027e7
1.6460000000000001	9.286277536157396e7
1.649	9.306148743322214e7
1.6520000000000001	9.326034624443816e7
1.655	9.345935195590404e7
1.658	9.365850472784048e7
1.661	9.38578047200062e7
1.664	9.405725209169751e7
1.667	9.425684700174795e7
1.67	9.445658960748053e7
1.673	9.465648005841574e7
1.676	9.485651851020811e7
1.679	9.505670511991404e7
1.682	9.52570400441732e7
1.685	9.545752343920827e7
1.688	9.56581554608247e7
1.691	9.585893573627633e7
1.694	9.605986361418979e7
1.697	9.626093924859075e7
1.7	9.64621628022255e7
1.703	9.6663534437641e7
1.706	9.686505431717928e7
1.709	9.706672260297224e7
1.712	9.726853945693614e7
1.715	9.74705050407665e7
1.718	9.767261951593298e7
1.721	9.787488304367423e7
1.724	9.807729578499289e7
1.727	9.827985790065087e7
1.73	9.848256955116425e7
1.733	9.868543089679871e7
1.736	9.888844209756488e7
1.739	9.909160331321348e7
1.742	9.929491470323117e7
1.745	9.949837642683582e7
1.748	9.970198864297214e7
1.7510000000000001	9.990575151030754e7
1.754	1.0010966518722771e8
1.7570000000000001	1.0031372983183256e8
1.76	1.0051794560193214e8
1.7630000000000001	1.0072231265504244e8
1.766	1.0092683114838167e8
1.7690000000000001	1.0113150123886621e8
1.772	1.013363230831068e8
1.7750000000000001	1.0154129683740482e8
1.778	1.017464226577485e8
1.781	1.0195170069980958e8
1.784	1.0215713111458552e8
1.787	1.0236271405211289e8
1.79	1.025684496671352e8
1.793	1.0277433811411227e8
1.796	1.0298037954721098e8
1.799	1.0318657412030232e8
1.802	1.0339292198695828e8
1.805	1.0359942330044886e8
1.808	1.0380607821373913e8
1.811	1.0401288687948626e8
1.814	1.0421984945003699e8
1.817	1.0442696607742444e8
1.82	1.0463423691336569e8
1.823	1.0484166210925904e8
1.826	1.0504924181618144e8
1.829	1.0525697618488577e8
1.832	1.0546486536579856e8
1.835	1.0567290950901732e8
1.838	1.0588110876430832e8
1.841	1.0608946328110406e8
1.844	1.0629797320850109e8
1.847	1.0650663869525763e8
1.85	1.067154598897915e8
1.853	1.0692443694017781e8
1.856	1.0713356999414688e8
1.859	1.0734285919908212e8
1.862	1.0755230470201813e8
1.865	1.0776190664963855e8
1.868	1.079716651882741e8
1.871	1.0818158046390079e8
1.874	1.0839165262213802e8
1.877	1.0860188180824664e8
1.8800000000000001	1.0881226816712727e8
1.883	1.0902281184331845e8
1.8860000000000001	1.0923351298099506e8
1.889	1.094443717239666e8
1.8920000000000001	1.096553882156742e8
1.895	1.0986656259514171e8
1.8980000000000001	1.1007789500130332e8
1.901	1.1028938557653582e8
1.9040000000000001	1.105010344628779e8
1.907	1.107128418020289e8
1.91	1.1092480773534726e8
1.913	1.1113693240384953e8
1.916	1.1134921594820882e8
1.919	1.1156165850875387e8
1.922	1.1177426022546759e8
1.925	1.1198702123798618e8
1.928	1.1219994168559775e8
1.931	1.1241302170724146e8
1.934	1.1262626144150616e8
1.937	1.1283966102662973e8
1.94	1.130532206004977e8
1.943	1.1326694030064255e8
1.946	1.1348082026424259e8
1.949	1.13694860628121e8
1.952	1.1390906152874514e8
1.955	1.1412342310222542e8
1.958	1.1433794548431458e8
1.961	1.1455262881040679e8
1.964	1.147674732155369e8
1.967	1.1498247883437972e8
1.97	1.15197645801249e8
1.973	1.15412974250097e8
1.976	1.1562846431451353e8
1.979	1.1584411612772545e8
1.982	1.1605992982259585e8
1.985	1.1627590553162342e8
1.988	1.1649204338694188e8
1.991	1.1670834352031928e8
1.994	1.1692480606315751e8
1.997	1.1714143114649159e8
2.	1.173582189009892e8
2.003	1.1757516945602366e8
2.0060000000000002	1.177922829365939e8
2.0090000000000003	1.180095594715606e8
2.012	1.1822699919017191e8
2.015	1.1844460222133632e8
2.018	1.1866236869362246e8
2.021	1.1888029873525865e8
2.024	1.1909839247413248e8
2.027	1.1931665003779075e8
2.0300000000000002	1.1953507155343889e8
2.0330000000000004	1.1975365714794087e8
2.036	1.1997240694781883e8
2.0389999999999997	1.2019132107925285e8
2.042	1.204103996680808e8
2.045	1.2062964283979781e8
2.048	1.2084905071955644e8
2.051	1.2106862343216617e8
2.0540000000000003	1.2128836110209337e8
2.057	1.2150826385346107e8
2.06	1.2172833181004882e8
2.0629999999999997	1.2194856509529237e8
2.066	1.2216896383228382e8
2.069	1.2238952814377116e8
2.072	1.2261025815215845e8
2.075	1.2283115397950543e8
2.0780000000000003	1.2305221574752755e8
2.081	1.2327344357759589e8
2.084	1.2349483759073706e8
2.0869999999999997	1.2371639790763308e8
2.09	1.239381246486213e8
2.093	1.2416001793369444e8
2.096	1.2438207788250041e8
2.099	1.2460430461434245e8
2.1020000000000003	1.2482669824817882e8
2.105	1.2504925890262304e8
2.108	1.2527198669594379e8
2.1109999999999998	1.2549488174549522e8
2.114	1.2571794416469336e8
2.117	1.2594117406995648e8
2.12	1.2616457157821982e8
2.123	1.2638813680609997e8
2.1260000000000003	1.266118698698949e8
2.129	1.2683577088558407e8
2.132	1.270598399688286e8
2.135	1.2728407723497128e8
2.138	1.2750848279903693e8
2.141	1.2773305677573207e8
2.144	1.2795779927944551e8
2.1470000000000002	1.2818271042424843e8
2.1500000000000004	1.2840779032389416e8
2.153	1.2863303909181869e8
2.156	1.2885845684114084e8
2.159	1.2908404368466201e8
2.162	1.2930979973486692e8
2.165	1.2953572510392328e8
2.168	1.2976181990368222e8
2.1710000000000003	1.299880842456784e8
2.174	1.3021451824113019e8
2.177	1.3044112200093992e8
2.1799999999999997	1.3066789563569385e8
2.183	1.3089483925566274e8
2.186	1.3112195297080158e8
2.189	1.3134923689075011e8
2.192	1.31576691124833e8
2.1950000000000003	1.3180431578205994e8
2.198	1.3203211097112575e8
2.201	1.3226007680041097e8
2.2039999999999997	1.324882133779816e8
2.207	1.3271652081158979e8
2.21	1.3294499920867357e8
2.213	1.3317364867635743e8
2.216	1.3340246932145236e8
2.2190000000000003	1.3363146124916331e8
2.222	1.3386062456240125e8
2.225	1.3408995936690132e8
2.2279999999999998	1.3431946576826987e8
2.231	1.3454914387182367e8
2.234	1.3477899378258985e8
2.237	1.3500901560530666e8
2.24	1.352392094444236e8
2.2430000000000003	1.3546957540410146e8
2.246	1.35700113588213e8
2.249	1.3593082410034314e8
2.252	1.361617070437889e8
2.255	1.3639276252156046e8
2.258	1.3662399063638055e8
2.261	1.368553914906855e8
2.2640000000000002	1.370869651866249e8
2.2670000000000003	1.3731871182606262e8
2.27	1.3755063151057655e8
2.273	1.37782724341459e8
2.276	1.3801499041971716e8
2.279	1.3824742984607348e8
2.282	1.3848004272096556e8
2.285	1.387128291445469e8
2.2880000000000003	1.3894578921668693e8
2.2910000000000004	1.3917892303697145e8
2.294	1.394122307047028e8
2.2969999999999997	1.3964571231890044e8
2.3	1.3987936797830096e8
2.303	1.401131977813585e8
2.306	1.4034720182624504e8
2.309	1.405813802108507e8
2.3120000000000003	1.4081573303278413e8
2.315	1.4105026038937265e8
2.318	1.4128496237766278e8
2.3209999999999997	1.4151983879440477e8
2.324	1.4175488803931892e8
2.327	1.419901099506097e8
2.33	1.422255046367596e8
2.333	1.424610722069891e8
2.3360000000000003	1.4269681277040863e8
2.339	1.4293272643601426e8
2.342	1.431688133126841e8
2.3449999999999998	1.4340507350917423e8
2.348	1.4364150713411495e8
2.351	1.43878114296007e8
2.354	1.441148951032178e8
2.357	1.4435184966397807e8
2.3600000000000003	1.44588978086378e8
2.363	1.44826280478364e8
2.366	1.4506375694773498e8
2.3689999999999998	1.4530140760213926e8
2.372	1.4553923254907104e8
2.375	1.4577723189586732e8
2.378	1.4601540574970433e8
2.3810000000000002	1.4625375421759492e8
2.3840000000000003	1.464922774063851e8
2.387	1.4673097542275104e8
2.39	1.4696984837319624e8
2.393	1.4720889636404857e8
2.396	1.4744811950145733e8
2.399	1.4768751789139044e8
2.402	1.4792709163963178e8
2.4050000000000002	1.4816684085177836e8
2.4080000000000004	1.4840676563323793e8
2.411	1.486468660892259e8
2.414	1.4888714232476336e8
2.417	1.4912759444467416e8
2.42	1.4936822255358276e8
2.423	1.4960902675591147e8
2.426	1.498500071558785e8
2.4290000000000003	1.5009116385737634e8
2.432	1.5033249696180686e8
2.435	1.5057400657183054e8
2.4379999999999997	1.508156927908536e8
2.441	1.5105755572208428e8
2.444	1.5129959546853033e8
2.447	1.515418121329975e8
2.45	1.5178420581808725e8
2.4530000000000003	1.520267766261951e8
2.456	1.522695246595085e8
2.459	1.525124500200054e8
2.4619999999999997	1.52755552809452e8
2.465	1.529988331294015e8
2.468	1.53242291081192e8
2.471	1.5348592676594523e8
2.474	1.537297402845645e8
2.4770000000000003	1.5397373173692074e8
2.48	1.5421790122505185e8
2.483	1.544622488484333e8
2.4859999999999998	1.5470677470708013e8
2.489	1.5495147890078238e8
2.492	1.5519636152910262e8
2.495	1.554414226913752e8
2.498	1.5568666248670468e8
2.501	1.559320810139645e8
2.504	1.5617767837179616e8
2.507	1.5642345465860745e8
2.5100000000000002	1.5666940997257152e8
2.513	1.5691554441162562e8
2.516	1.5716185807347044e8
2.519	1.5740835105556825e8
2.5220000000000002	1.5765502345514238e8
2.525	1.5790187536917606e8
2.528	1.5814890689441144e8
2.531	1.5839611812734854e8
2.5340000000000003	1.5864350916395932e8
2.537	1.5889108009803405e8
2.54	1.5913883102488115e8
2.543	1.593867620400501e8
2.5460000000000003	1.5963487323885888e8
2.549	1.5988316471639302e8
2.552	1.6013163656750524e8
2.555	1.6038028888681388e8
2.558	1.60629121768703e8
2.561	1.6087813530732152e8
2.564	1.611273295965823e8
2.567	1.6137670473016164e8
2.57	1.616262608014987e8
2.573	1.6187599790379506e8
2.576	1.6212591613001385e8
2.579	1.623760155728794e8
2.582	1.6262629632487655e8
2.585	1.6287675847825053e8
2.588	1.631274021250059e8
2.591	1.6337822735690662e8
2.594	1.6362923426547527e8
2.597	1.6388042294199285e8
2.6	1.6413179347749814e8
2.603	1.6438334596278742e8
2.606	1.6463508048841414e8
2.609	1.6488699714468876e8
2.612	1.6513909602167788e8
2.615	1.6539137720920447e8
2.618	1.656438407968471e8
2.621	1.658964868739402e8
2.624	1.6614931552957326e8
2.6270000000000002	1.6640232685259092e8
2.63	1.666555209315925e8
2.633	1.6690889785493198e8
2.636	1.6716245771071777e8
2.6390000000000002	1.6741620058587417e8
2.642	1.676701265664109e8
2.645	1.6792423573968688e8
2.648	1.6817852819285533e8
2.6510000000000002	1.684330040128361e8
2.654	1.686876632863156e8
2.657	1.6894250609974673e8
2.66	1.6919753253934857e8
2.6630000000000003	1.6945274269110665e8
2.666	1.6970813664077252e8
2.669	1.6996371447386426e8
2.672	1.7021947627566573e8
2.6750000000000003	1.7047542213122717e8
2.678	1.7073155212536466e8
2.681	1.7098786634266087e8
2.684	1.7124436486746418e8
2.687	1.7150104778388926e8
2.69	1.7175791517581704e8
2.693	1.7201496712689447e8
2.696	1.7227220372053504e8
2.699	1.725296250399183e8
2.702	1.7278723116799045e8
2.705	1.7304502218746388e8
2.708	1.733029981808178e8
2.711	1.7356115923029792e8
2.714	1.738195054179167e8
2.717	1.7407803682545343e8
2.72	1.7433675353445444e8
2.723	1.745956556262331e8
2.726	1.7485474318187004e8
2.729	1.7511401628221327e8
2.732	1.7537347500787812e8
2.735	1.7563311943924776e8
2.738	1.7589294965647304e8
2.741	1.7615296573920602e8
2.744	1.764131677654585e8
2.747	1.766735558144037e8
2.75	1.7693412996528715e8
2.753	1.771948902971343e8
2.7560000000000002	1.7745583688875118e8
2.759	1.7771696981872436e8
2.762	1.7797828916542113e8
2.765	1.7823979500698996e8
2.7680000000000002	1.785014874213604e8
2.771	1.7876336648624364e8
2.774	1.790254322791326e8
2.777	1.7928768487730217e8
2.7800000000000002	1.7955012435780936e8
2.783	1.798127507974939e8
2.786	1.8007556427297813e8
2.789	1.8033856486066723e8
2.7920000000000003	1.8060175263674998e8
2.795	1.808651276771983e8
2.798	1.8112869005776846e8
2.801	1.813924398540003e8
2.8040000000000003	1.8165637714121827e8
2.807	1.819205019945314e8
2.81	1.8218481448883376e8
2.813	1.8244931469880447e8
2.816	1.8271400269890818e8
2.819	1.829788785633955e8
2.822	1.8324394236630306e8
2.825	1.8350919418145373e8
2.828	1.8377463408245727e8
2.831	1.8404026214271036e8
2.834	1.843060784353971e8
2.837	1.8457208303348896e8
2.84	1.8483827600974545e8
2.843	1.8510465743661237e8
2.846	1.8537122738502708e8
2.849	1.8563798592667705e8
2.852	1.8590493313349393e8
2.855	1.8617206907720944e8
2.858	1.864393938293548e8
2.861	1.8670690746126163e8
2.864	1.8697461004406202e8
2.867	1.872425016486894e8
2.87	1.875105823458782e8
2.873	1.877788522061645e8
2.876	1.880473112998864e8
2.879	1.883159596971844e8
2.882	1.8858479746800172e8
2.8850000000000002	1.8885382468208423e8
2.888	1.8912304140898147e8
2.891	1.893924477180468e8
2.894	1.8966204367843738e8
2.8970000000000002	1.8993182935911483e8
2.9	1.902018048288456e8
2.903	1.9047197015620127e8
2.906	1.9074232540955886e8
2.9090000000000003	1.910128706571011e8
2.912	1.9128360596681693e8
2.915	1.9155453140650198e8
2.918	1.9182564704375854e8
2.9210000000000003	1.9209695294599614e8
2.924	1.9236844918043196e8
2.927	1.9264013581409106e8
2.93	1.9291201291380692e8
2.933	1.9318408054622123e8
2.936	1.934563387777852e8
2.939	1.93728787674759e8
2.942	1.9400142730321273e8
2.945	1.9427425772892696e8
2.948	1.9454727901635972e8
2.951	1.9482049123065025e8
2.954	1.950938944371265e8
2.957	1.9536748870093656e8
2.96	1.9564127408704972e8
2.963	1.959152506602559e8
2.966	1.9618941848516676e8
2.969	1.964637776262155e8
2.972	1.9673832814765784e8
2.975	1.9701307011357182e8
2.978	1.972880035878585e8
2.981	1.97563128634242e8
2.984	1.978384453162704e8
2.987	1.9811395369731545e8
2.99	1.9838965384057352e8
2.993	1.9866554580906522e8
2.996	1.989416296656369e8
2.999	1.9921790547295982e8
3.0020000000000002	1.994943732935312e8
3.005	1.9977103318967414e8
3.008	2.0004788522503522e8
3.011	2.0032492945854917e8
3.0140000000000002	2.0060216595356584e8
3.017	2.008795947717166e8
3.02	2.0115721597446063e8
3.023	2.0143502962308553e8
3.0260000000000002	2.017130357787073e8
3.029	2.019912345022708e8
3.032	2.0226962585455033e8
3.035	2.0254820989614987e8
3.0380000000000003	2.0282698668750322e8
3.041	2.031059562888746e8
3.044	2.033851187603588e8
3.047	2.0366447416167453e8
3.0500000000000003	2.0394402255146262e8
3.053	2.042237639891526e8
3.056	2.0450369853418088e8
3.059	2.0478382624582374e8
3.062	2.050641471831983e8
3.065	2.053446614052627e8
3.068	2.0562536897081625e8
3.071	2.0590626993849966e8
3.074	2.0618736436679605e8
3.077	2.064686523140306e8
3.08	2.0675013383837113e8
3.083	2.070318089978284e8
3.086	2.073136778502568e8
3.089	2.0759574045335403e8
3.092	2.07877996864662e8
3.095	2.0816044714156687e8
3.098	2.0844309134129944e8
3.101	2.0872592952093568e8
3.104	2.0900896173739657e8
3.107	2.0929218804744896e8
3.11	2.0957560850770563e8
3.113	2.0985922317462575e8
3.116	2.1014303210451502e8
3.119	2.1042703535352606e8
3.122	2.107112329776588e8
3.125	2.1099562503276086e8
3.128	2.1128021157452756e8
3.1310000000000002	2.1156499265850273e8
3.134	2.1184996834007838e8
3.137	2.1213513867449585e8
3.14	2.1242050371684527e8
3.1430000000000002	2.127060635220664e8
3.146	2.1299181814494878e8
3.149	2.132777676396398e8
3.152	2.1356391205982435e8
3.1550000000000002	2.1385025145984066e8
3.158	2.141367858938965e8
3.161	2.1442351541605812e8
3.164	2.1471044008025047e8
3.1670000000000003	2.149975599402572e8
3.17	2.1528487504972142e8
3.173	2.1557238546214584e8
3.176	2.158600912308929e8
3.1790000000000003	2.1614799240918535e8
3.182	2.164360890501063e8
3.185	2.1672438120659986e8
3.188	2.17012868931471e8
3.191	2.1730155227738613e8
3.194	2.1759043129687357e8
3.197	2.1787950604232317e8
3.2	2.181687765659875e8
3.203	2.1845824291998136e8
3.206	2.1874790515628272e8
3.209	2.1903776332673243e8
3.212	2.1932781748303494e8
3.215	2.1961806767675844e8
3.218	2.199085139593348e8
3.221	2.201991563820607e8
3.224	2.2048999499609706e8
3.227	2.207810298524696e8
3.23	2.210722610020695e8
3.233	2.213636884956532e8
3.236	2.2165531238384274e8
3.239	2.219471327171262e8
3.242	2.2223914954585797e8
3.245	2.2253136292025882e8
3.248	2.2282377289034662e8
3.251	2.231163795052357e8
3.254	2.2340918281450674e8
3.257	2.2370218286786038e8
3.2600000000000002	2.2399537971487164e8
3.263	2.242887734049895e8
3.266	2.2458236398753795e8
3.269	2.2487615151171562e8
3.2720000000000002	2.2517013602659643e8
3.275	2.254643175811296e8
3.278	2.2575869622414047e8
3.281	2.2605327200432977e8
3.2840000000000003	2.2634804497027496e8
3.287	2.266430151704297e8
3.29	2.269381826531245e8
3.293	2.272335474665669e8
3.2960000000000003	2.2752910965884152e8
3.299	2.278248692779108e8
3.302	2.2812082637161493e8
3.305	2.284169809876719e8
3.3080000000000003	2.2871333317367816e8
3.311	2.2900988313118616e8
3.314	2.293066316871255e8
3.317	2.2960357897700527e8
3.32	2.2990072502430716e8
3.323	2.3019806985258487e8
3.326	2.3049561348546383e8
3.329	2.3079335594664147e8
3.332	2.3109129725988713e8
3.335	2.3138943744904163e8
3.338	2.3168777653801766e8
3.341	2.3198631455079952e8
3.344	2.3228505151144272e8
3.347	2.3258398744407454e8
3.35	2.32883122372422e8
3.353	2.331824563202055e8
3.356	2.3348198931177223e8
3.359	2.3378172137154695e8
3.362	2.340816525240302e8
3.365	2.3438178279379892e8
3.368	2.346821122055058e8
3.371	2.349826407838794e8
3.374	2.3528336855372357e8
3.3770000000000002	2.3558429553991768e8
3.38	2.3588542176741615e8
3.383	2.3618674726124826e8
3.386	2.3648827204651803e8
3.3890000000000002	2.3678999614840385e8
3.392	2.3709191959215826e8
3.395	2.3739404240310794e8
3.398	2.3769636460665312e8
3.4010000000000002	2.3799888622826743e8
3.404	2.3830160729349744e8
3.407	2.3860452782796288e8
3.41	2.3890764785735562e8
3.4130000000000003	2.3921096740744e8
3.416	2.3951448650405222e8
3.419	2.3981820517309994e8
3.422	2.4012212344056222e8
3.4250000000000003	2.404262413324888e8
3.428	2.4073055887499997e8
3.431	2.4103507609428626e8
3.434	2.4133979301660812e8
3.4370000000000003	2.416447096682951e8
3.44	2.419498260757458e8
3.443	2.4225514226542792e8
3.446	2.4256065826387683e8
3.449	2.4286637409747812e8
3.452	2.4317228979225653e8
3.455	2.4347840537491232e8
3.458	2.4378472087226048e8
3.461	2.440912363111867e8
3.464	2.4439795171864763e8
3.467	2.4470486712166977e8
3.47	2.4501198254734927e8
3.473	2.453192980228517e8
3.476	2.4562681357541117e8
3.479	2.4593452923233002e8
3.482	2.4624244502097848e8
3.485	2.4655056096879384e8
3.488	2.4685887710328028e8
3.491	2.471673934520082e8
3.494	2.4747611004261354e8
3.497	2.4778502690279755e8
3.5	2.4809414406007352e8
3.503	2.484034615427602e8
3.5060000000000002	2.487129793785143e8
3.509	2.4902269759529227e8
3.512	2.4933261622111332e8
3.515	2.496427352840582e8
3.5180000000000002	2.4995305481226906e8
3.521	2.5026357483394876e8
3.524	2.5057429537736055e8
3.527	2.5088521647082683e8
3.5300000000000002	2.511963381427294e8
3.533	2.515076604215079e8
3.536	2.5181918333566034e8
3.539	2.521309069137415e8
3.5420000000000003	2.5244283118436274e8
3.545	2.5275495617619145e8
3.548	2.530672819178332e8
3.551	2.5337980843746153e8
3.5540000000000003	2.5369253576382568e8
3.557	2.540054639258192e8
3.56	2.543185929523927e8
3.563	2.5463192287255326e8
3.5660000000000003	2.549454537153641e8
3.569	2.5525918550994322e8
3.572	2.5557311828546366e8
3.575	2.55887252071152e8
3.578	2.5620158689628816e8
3.581	2.5651612279020488e8
3.584	2.5683085978228652e8
3.587	2.5714579790196875e8
3.59	2.5746093717873752e8
3.593	2.5777627764212933e8
3.596	2.5809181932172906e8
3.599	2.5840756224717048e8
3.602	2.587235064481352e8
3.605	2.590396519543516e8
3.608	2.5935599879559493e8
3.611	2.5967254700168574e8
3.614	2.5998929660248962e8
3.617	2.603062476279167e8
3.62	2.6062340010792047e8
3.623	2.6094075407249713e8
3.626	2.6125830955168548e8
3.629	2.6157606657556543e8
3.632	2.6189402517425779e8
3.6350000000000002	2.622121853779231e8
3.638	2.6253054721676135e8
3.641	2.6284911072101137e8
3.644	2.631678759209494e8
3.6470000000000002	2.634868428468034e8
3.65	2.6380601152838376e8
3.653	2.641253819959852e8
3.656	2.6444495428003585e8
3.6590000000000003	2.6476472841100204e8
3.662	2.6508470441938767e8
3.665	2.654048823357335e8
3.668	2.657252621906158e8
3.6710000000000003	2.6604584401464662e8
3.674	2.6636662783847228e8
3.677	2.6668761369277304e8
3.68	2.6700880160826212e8
3.6830000000000003	2.6733019161568525e8
3.686	2.6765178374581954e8
3.689	2.6797357802947342e8
3.692	2.6829557449748504e8
3.6950000000000003	2.686177731807222e8
3.698	2.689401741100811e8
3.701	2.6926277731648654e8
3.704	2.6958558283089006e8
3.707	2.699085906842698e8
3.71	2.7023180090762967e8
3.713	2.7055521353199893e8
3.716	2.708788285884307e8
3.719	2.7120264610800195e8
3.722	2.7152666612181264e8
3.725	2.7185088866098475e8
3.728	2.7217531375666165e8
3.731	2.7249994144000757e8
3.734	2.728247717422065e8
3.737	2.73149804694462e8
3.74	2.734750403279959e8
3.743	2.7380047867404795e8
3.746	2.741261197637834e8
3.749	2.7445196362799406e8
3.7520000000000002	2.747780102979024e8
3.755	2.7510425980481935e8
3.758	2.754307121800739e8
3.761	2.7575736745501226e8
3.7640000000000002	2.760842256609969e8
3.767	2.7641128682940596e8
3.77	2.767385509916328e8
3.773	2.770660181790853e8
3.7760000000000002	2.773936884231845e8
3.779	2.777215617553648e8
3.782	2.7804963820707273e8
3.785	2.7837791780976665e8
3.7880000000000003	2.7870640059491533e8
3.791	2.790350865939982e8
3.794	2.7936397583850396e8
3.797	2.7969306835993046e8
3.8000000000000003	2.800223641897834e8
3.803	2.803518633595763e8
3.806	2.8068156590082926e8
3.809	2.8101147184506893e8
3.8120000000000003	2.81341581223827e8
3.815	2.8167189406864023e8
3.818	2.820024104110499e8
3.821	2.823331302826002e8
3.8240000000000003	2.826640537148389e8
3.827	2.829951807393153e8
3.83	2.8332651138758093e8
3.833	2.8365804569118786e8
3.836	2.839897836816886e8
3.839	2.8432172539063543e8
3.842	2.846538708495795e8
3.845	2.849862200899408e8
3.848	2.8531877314285165e8
3.851	2.8565153003982884e8
3.854	2.859844908124203e8
3.857	2.863176554921732e8
3.86	2.86651024110633e8
3.863	2.869845966993434e8
3.866	2.873183732898452e8
3.869	2.876523539136762e8
3.872	2.8798653860236967e8
3.875	2.883209273893217e8
3.878	2.8865552030230606e8
3.8810000000000002	2.889903173747249e8
3.884	2.893253186380902e8
3.887	2.896605241239075e8
3.89	2.8999593386367494e8
3.8930000000000002	2.9033154788888246e8
3.896	2.906673662310118e8
3.899	2.9100338892153513e8
3.902	2.913396159919156e8
3.9050000000000002	2.916760474736054e8
3.908	2.9201268339804643e8
3.911	2.923495237966692e8
3.914	2.9268656870089215e8
3.9170000000000003	2.930238181421215e8
3.92	2.933612721517503e8
3.923	2.936989307611585e8
3.926	2.940367940017116e8
3.9290000000000003	2.943748619047608e8
3.932	2.947131345016417e8
3.935	2.950516118236753e8
3.938	2.9539029390216565e8
3.9410000000000003	2.957291807684003e8
3.944	2.960682724534442e8
3.947	2.9640756898824203e8
3.95	2.967470704040293e8
3.9530000000000003	2.970867767320291e8
3.956	2.974266880034479e8
3.959	2.977668042494759e8
3.962	2.981071255012857e8
3.965	2.984476517900323e8
3.968	2.987883831468529e8
3.971	2.991293196028657e8
3.974	2.9947046118916976e8
3.977	2.998118079368448e8
3.98	3.001533598769506e8
3.983	3.004951170405261e8
3.986	3.008370794585893e8
3.989	3.011792471621372e8
3.992	3.015216201821449e8
3.995	3.0186419854956484e8
3.998	3.022069822953271e8
4.0009999999999994	3.0254997145033854e8
4.004	3.028931660454825e8
4.007	3.0323656611161804e8
4.01	3.035801716795801e8
4.013	3.039239827801787e8
4.016	3.0426799944419855e8
4.019	3.046122217023986e8
4.022	3.04956649585512e8
4.025	3.053012831242451e8
4.0280000000000005	3.056461223492776e8
4.031000000000001	3.0599116729126173e8
4.034000000000001	3.063364179808222e8
4.037	3.0668187444855547e8
4.04	3.0702753672502154e8
4.043	3.0737340484045434e8
4.046	3.077194788252133e8
4.0489999999999995	3.0806575870978296e8
4.052	3.084122445246211e8
4.055	3.087589363001578e8
4.058	3.0910583406679434e8
4.061	3.094529378549046e8
4.064	3.098002476948328e8
4.067	3.101477636168948e8
4.07	3.1049548565137637e8
4.073	3.1084341382853407e8
4.0760000000000005	3.111915481785937e8
4.079000000000001	3.11539888731751e8
4.082000000000001	3.118884355181708e8
4.085	3.122371885679865e8
4.088	3.1258614791130054e8
4.091	3.129353135781835e8
4.093999999999999	3.1328468559867305e8
4.0969999999999995	3.1363426400277543e8
4.1	3.1398404882046366e8
4.103	3.143340400816777e8
4.106	3.1468423781632423e8
4.109	3.1503464205427617e8
4.112	3.153852528253727e8
4.115	3.1573607015941846e8
4.118	3.160870940861837e8
4.121	3.16438324635404e8
4.1240000000000006	3.167897618367793e8
4.127000000000001	3.1714140571997434e8
4.13	3.174932563146186e8
4.133	3.178453136503051e8
4.136	3.181975777565908e8
4.139	3.185500486629291e8
4.1419999999999995	3.189027263984902e8
4.145	3.1925561099268353e8
4.148	3.196087024749231e8
4.151	3.199620008745878e8
4.154	3.20315506221021e8
4.157	3.206692185435307e8
4.16	3.210231378713887e8
4.163	3.213772642338305e8
4.166	3.217315976600556e8
4.1690000000000005	3.220861381792265e8
4.172000000000001	3.224408858204691e8
4.175000000000001	3.227958406128716e8
4.178	3.231510025854853e8
4.181	3.235063717673242e8
4.184	3.238619481873638e8
4.187	3.242177318745422e8
4.1899999999999995	3.245737228577585e8
4.193	3.249299211658741e8
4.196	3.2528632682771146e8
4.199	3.256429398720539e8
4.202	3.259997603276459e8
4.205	3.263567882231928e8
4.208	3.2671402358735985e8
4.211	3.270714664487732e8
4.214	3.2742911683601886e8
4.2170000000000005	3.2778697477764267e8
4.220000000000001	3.2814504030215055e8
4.223	3.2850331343800724e8
4.226	3.288617942136374e8
4.229	3.292204826574249e8
4.232	3.295793787977123e8
4.234999999999999	3.299384826628009e8
4.2379999999999995	3.302977942807582e8
4.241	3.306573136796164e8
4.244	3.310170408875555e8
4.247	3.3137697593271554e8
4.25	3.317371188431971e8
4.253	3.3209746964706016e8
4.256	3.3245802837232494e8
4.259	3.328187950469711e8
4.2620000000000005	3.331797696989376e8
4.265000000000001	3.335409523561229e8
4.268000000000001	3.339023430463848e8
4.271	3.342639417975395e8
4.274	3.3462574863736266e8
4.277	3.3498776359358835e8
4.28	3.353499866939094e8
4.2829999999999995	3.3571241796597683e8
4.286	3.360750574374002e8
4.289	3.3643790513574713e8
4.292	3.36800961088543e8
4.295	3.3716422532327163e8
4.298	3.3752769786737406e8
4.301	3.378913787482493e8
4.304	3.382552679932537e8
4.307	3.386193656297011e8
4.3100000000000005	3.3898367168486255e8
4.313000000000001	3.3934818618596625e8
4.316000000000001	3.397129091601973e8
4.319	3.400778406346978e8
4.322	3.4044298063656694e8
4.325	3.4080832919286007e8
4.328	3.411738863305894e8
4.3309999999999995	3.4153965207672364e8
4.334	3.4190562645814216e8
4.337	3.422718095014685e8
4.34	3.4263820123350126e8
4.343	3.43004801681038e8
4.346	3.4337161087083375e8
4.349	3.4373862882960165e8
4.352	3.441058555840125e8
4.355	3.4447329116069466e8
4.3580000000000005	3.448409355862339e8
4.361000000000001	3.452087888871738e8
4.364	3.45576851090015e8
4.367	3.459451222212156e8
4.37	3.4631360230719066e8
4.373	3.4668229137431264e8
4.3759999999999994	3.4705118944891065e8
4.379	3.474202965572711e8
4.382	3.477896127256371e8
4.385	3.481591379802085e8
4.388	3.4852887234714204e8
4.391	3.488988158525509e8
4.394	3.4926896852250504e8
4.397	3.4963933038303053e8
4.4	3.500099014601103e8
4.4030000000000005	3.503806817796834e8
4.406000000000001	3.507516713676454e8
4.409000000000001	3.511228702498478e8
4.412	3.5149427845209837e8
4.415	3.518658960001611e8
4.418	3.5223772291975605e8
4.421	3.5260975923655885e8
4.4239999999999995	3.5298200497620165e8
4.427	3.5335446016427195e8
4.43	3.537271248263125e8
4.433	3.5409999898764247e8
4.436	3.544730826735867e8
4.439	3.548463759095588e8
4.442	3.552198787209294e8
4.445	3.5559359113302684e8
4.448	3.5596751317113644e8
4.4510000000000005	3.5634164486050093e8
4.454000000000001	3.567159862263203e8
4.457000000000001	3.5709053729375166e8
4.46	3.574652980879091e8
4.463	3.5784026863386405e8
4.466	3.582154489566449e8
4.468999999999999	3.5859083908123666e8
4.4719999999999995	3.5896643903258204e8
4.475	3.5934224883558e8
4.478	3.5971826851508677e8
4.481	3.600944980959155e8
4.484	3.6047093760283566e8
4.487	3.6084758706057405e8
4.49	3.6122444649381405e8
4.493	3.616015159271958e8
4.496	3.6197879538531595e8
4.4990000000000006	3.6235628489272815e8
4.502	3.6273398447394234e8
4.505	3.631118941534256e8
4.508	3.634900139556011e8
4.511	3.6386834390484864e8
4.514	3.64246884025505e8
4.517	3.6462563434186304e8
4.5200000000000005	3.650045948781724e8
4.523	3.6538376565863883e8
4.526	3.6576314670742506e8
4.529	3.661427380485787e8
4.532	3.6652253970597506e8
4.535	3.669025517036359e8
4.538	3.6728277406555295e8
4.541	3.676632068156761e8
4.5440000000000005	3.6804384997791284e8
4.547	3.684247035761291e8
4.55	3.688057676341486e8
4.553	3.69187042175753e8
4.556	3.69568527224682e8
4.559	3.699502228046331e8
4.562	3.70332128939262e8
4.565	3.7071424565218186e8
4.5680000000000005	3.7109657296696436e8
4.571	3.7147911090713865e8
4.574	3.7186185949619204e8
4.577	3.722448187575696e8
4.58	3.7262798871467453e8
4.583	3.730113693908675e8
4.586	3.7339496080946726e8
4.589	3.7377876299375093e8
4.5920000000000005	3.741627759669528e8
4.595	3.745469997522654e8
4.598	3.749314343728391e8
4.601	3.753160798517824e8
4.604	3.7570093621216124e8
4.607	3.760860034769998e8
4.61	3.7647128166927993e8
4.613	3.768567708119417e8
4.616	3.772424709278827e8
4.619	3.7762838203995866e8
4.622	3.7801450417098314e8
4.625	3.784008373437081e8
4.628	3.7878738158067274e8
4.631	3.7917413690451723e8
4.634	3.7956110333788997e8
4.6370000000000005	3.799482809033981e8
4.64	3.803356696236087e8
4.643	3.8072326952104837e8
4.646	3.8111108061820287e8
4.649	3.814991029375173e8
4.652	3.818873365013967e8
4.655	3.822757813322055e8
4.658	3.8266443745226717e8
4.6610000000000005	3.830533048838653e8
4.664	3.834423836492426e8
4.667	3.838316737706015e8
4.67	3.842211752701041e8
4.673	3.846108881698718e8
4.676	3.8500081249198586e8
4.679	3.853909482584869e8
4.682	3.857812954913752e8
4.6850000000000005	3.8617185421261084e8
4.688	3.8656262444411325e8
4.691	3.869536062077621e8
4.694	3.873447995253962e8
4.697	3.877362044188141e8
4.7	3.881278209097744e8
4.703	3.885196490199951e8
4.706	3.889116887711541e8
4.7090000000000005	3.893039401848891e8
4.712	3.8969640328279746e8
4.715	3.9008907808643675e8
4.718	3.9048196461732394e8
4.721	3.908750628969342e8
4.724	3.9126837294656175e8
4.727	3.9166189478751326e8
4.73	3.9205562844114727e8
4.733	3.924495739287839e8
4.736	3.9284373127170503e8
4.739	3.9323810049115324e8
4.742	3.9363268160833263e8
4.745	3.9402747464440894e8
4.748	3.944224796205092e8
4.751	3.9481769655772173e8
4.7540000000000004	3.952131254770967e8
4.757	3.956087663996451e8
4.76	3.9600461934634036e8
4.763	3.9640068433811665e8
4.766	3.9679696139587027e8
4.769	3.9719345054045886e8
4.772	3.9759015179270136e8
4.775	3.979870651733791e8
4.7780000000000005	3.983841907032348e8
4.781	3.987815284029722e8
4.784	3.9917907829325795e8
4.787	3.9957684039471954e8
4.79	3.9997481472794676e8
4.793	4.0037300131349087e8
4.796	4.0077140017186534e8
4.799	4.0117001132354504e8
4.8020000000000005	4.0156883478896725e8
4.805	4.0196787058853066e8
4.808	4.023671187425966e8
4.811	4.0276657927148783e8
4.814	4.031662521954892e8
4.817	4.0356613753484774e8
4.82	4.039662353096856e8
4.823	4.043665455400472e8
4.8260000000000005	4.047670682460668e8
4.829	4.0516780344784254e8
4.832	4.0556875116543674e8
4.835	4.059699114188745e8
4.838	4.063712842281448e8
4.841	4.067728696132e8
4.844	4.0717466759395623e8
4.847	4.07576678190293e8
4.8500000000000005	4.079789014220536e8
4.853	4.083813373090447e8
4.856	4.087839858710375e8
4.859	4.091868471277659e8
4.862	4.095899210989282e8
4.865	4.0999320780418646e8
4.868	4.1039670726316607e8
4.871	4.10800419495457e8
4.874	4.1120434452061254e8
4.877	4.116084823581505e8
4.88	4.120128330275522e8
4.883	4.1241739654826295e8
4.886	4.128221729396923e8
4.889	4.132271622212139e8
4.892	4.136323644121654e8
4.8950000000000005	4.140377795318483e8
4.898	4.144434075995288e8
4.901	4.148492486344372e8
4.904	4.152553026557678e8
4.907	4.156615696826792e8
4.91	4.1606804973429453e8
4.913	4.1647474282970107e8
4.916	4.168816489878989e8
4.9190000000000005	4.172887682277668e8
4.922	4.1769610056827915e8
4.925	4.181036460283838e8
4.928	4.1851140462699395e8
4.931	4.189193763829886e8
4.934	4.1932756131521213e8
4.937	4.1973595944247544e8
4.94	4.201445707835544e8
4.9430000000000005	4.205533953571915e8
4.946	4.209624331820942e8
4.949	4.21371684276937e8
4.952	4.217811486603595e8
4.955	4.221908263509676e8
4.958	4.2260071736733305e8
4.961	4.2301082172799385e8
4.964	4.23421139451454e8
4.9670000000000005	4.238316705561837e8
4.97	4.2424241506061924e8
4.973	4.246533729831631e8
4.976	4.250645443421842e8
4.979	4.254759291560175e8
4.982	4.2588752744296426e8
4.985	4.262993392212924e8
4.988	4.267113645092358e8
4.991	4.27123603324995e8
4.994	4.275360556867373e8
4.997	4.279487216125958e8