0.	8.012378733520303e-6
0.0005	8.016407121063947e-6
0.001	8.020435481543227e-6
0.0015	8.024463813871205e-6
0.002	8.028492116961026e-6
0.0025	8.032520389725906e-6
0.003	8.036548631079148e-6
0.0035	8.04057683993414e-6
0.004	8.044605015204356e-6
0.0045000000000000005	8.048633155803359e-6
0.005	8.05266126064481e-6
0.0055	8.056689328642461e-6
0.006	8.060717358710171e-6
0.006500000000000001	8.064745349761894e-6
0.007	8.068773300711693e-6
0.0075	8.072801210473736e-6
0.008	8.076829077962306e-6
0.0085	8.080856902091799e-6
0.009000000000000001	8.084884681776723e-6
0.0095	8.088912415931716e-6
0.01	8.09294010347153e-6
0.0105	8.096967743311044e-6
0.011	8.100995334365269e-6
0.0115	8.105022875549344e-6
0.012	8.109050365778549e-6
0.0125	8.113077768891272e-6
0.013000000000000001	8.117105044887589e-6
0.0135	8.121132267947223e-6
0.014	8.125159437945484e-6
0.0145	8.129186554757686e-6
0.015	8.133213801551199e-6
0.0155	8.137240811512566e-6
0.016	8.141267767914072e-6
0.0165	8.145294670631124e-6
0.017	8.149321519539133e-6
0.0175	8.153348314513542e-6
0.018000000000000002	8.1573750554298e-6
0.0185	8.16140174216338e-6
0.019	8.165428374589763e-6
0.0195	8.169454952584458e-6
0.02	8.173481476022984e-6
0.0205	8.177507944780878e-6
0.021	8.181534358733696e-6
0.021500000000000002	8.185560717757006e-6
0.022	8.189587021726397e-6
0.0225	8.193613270517478e-6
0.023	8.19763946400587e-6
0.0235	8.201665602067211e-6
0.024	8.205691684577163e-6
0.0245	8.209717653650953e-6
0.025	8.21374365675175e-6
0.025500000000000002	8.21776960415399e-6
0.026000000000000002	8.221795495457948e-6
0.0265	8.225821330263956e-6
0.027	8.229847108172408e-6
0.0275	8.233872828783754e-6
0.028	8.237898491698496e-6
0.0285	8.2419240965172e-6
0.029	8.24594964284049e-6
0.029500000000000002	8.249975130269038e-6
0.03	8.254000558403588e-6
0.0305	8.258025926844935e-6
0.031	8.262051235193935e-6
0.0315	8.266076483051507e-6
0.032	8.270101670018626e-6
0.0325	8.27412679569633e-6
0.033	8.278151859685718e-6
0.0335	8.28217686158795e-6
0.034	8.286201801004245e-6
0.0345	8.290226677535891e-6
0.035	8.29425149078424e-6
0.035500000000000004	8.29827624035069e-6
0.036000000000000004	8.30230092583672e-6
0.0365	8.30632554684387e-6
0.037	8.310350102973737e-6
0.0375	8.314374641070952e-6
0.038	8.318399042404108e-6
0.0385	8.322423377460986e-6
0.039	8.326447646048948e-6
0.0395	8.330471847975381e-6
0.04	8.334495983047717e-6
0.0405	8.338520051073401e-6
0.041	8.342544051859926e-6
0.0415	8.346567985214813e-6
0.042	8.35059185094561e-6
0.0425	8.35461564885991e-6
0.043000000000000003	8.35863937876533e-6
0.043500000000000004	8.362663040469514e-6
0.044	8.366686633780154e-6
0.0445	8.370710158504965e-6
0.045	8.374733614451695e-6
0.0455	8.378757001428126e-6
0.046	8.382780319242077e-6
0.0465	8.386803567701396e-6
0.047	8.39082674661397e-6
0.0475	8.394849855787712e-6
0.048	8.398872895030574e-6
0.0485	8.402895864150536e-6
0.049	8.406918762955623e-6
0.0495	8.410941591253885e-6
0.05	8.4149643488534e-6
0.0505	8.418987286919122e-6
0.051000000000000004	8.423009786842424e-6
0.051500000000000004	8.427032214311582e-6
0.052000000000000005	8.431054570134987e-6
0.0525	8.435076855120888e-6
0.053	8.439099070077396e-6
0.0535	8.443121215812483e-6
0.054	8.447143293133988e-6
0.0545	8.451165302849606e-6
0.055	8.455187245766907e-6
0.0555	8.459209122693325e-6
0.056	8.463230934436169e-6
0.0565	8.467252681802611e-6
0.057	8.471274365599703e-6
0.0575	8.47529598663437e-6
0.058	8.479317545713416e-6
0.0585	8.483339043643516e-6
0.059000000000000004	8.487360481231229e-6
0.059500000000000004	8.491381859282995e-6
0.06	8.495403178605137e-6
0.0605	8.49942444000386e-6
0.061	8.503445644285264e-6
0.0615	8.50746679225532e-6
0.062	8.511487884719904e-6
0.0625	8.515508922484776e-6
0.063	8.519529906355592e-6
0.0635	8.52355083713789e-6
0.064	8.527571684926884e-6
0.0645	8.53159253452336e-6
0.065	8.535613333520816e-6
0.0655	8.539634082530903e-6
0.066	8.543654782165192e-6
0.0665	8.547675433035185e-6
0.067	8.55169603575231e-6
0.0675	8.555716590927915e-6
0.068	8.559737099173287e-6
0.0685	8.563757561099637e-6
0.069	8.567777977318114e-6
0.0695	8.571798348439787e-6
0.07	8.575818675075668e-6
0.07050000000000001	8.579838957836698e-6
0.07100000000000001	8.583859197333752e-6
0.07150000000000001	8.587879394177645e-6
0.07200000000000001	8.591899548979123e-6
0.0725	8.59591966234887e-6
0.073	8.599939734897512e-6
0.0735	8.603959767235609e-6
0.074	8.607979759973666e-6
0.0745	8.611999713722125e-6
0.075	8.616019629091372e-6
0.0755	8.620039506691735e-6
0.076	8.624059347133486e-6
0.0765	8.628079151026842e-6
0.077	8.632099060712642e-6
0.0775	8.636118703001355e-6
0.078	8.64013831011631e-6
0.0785	8.644157883443567e-6
0.079	8.648177424369078e-6
0.0795	8.652196934278688e-6
0.08	8.656216414558137e-6
0.0805	8.660235866593067e-6
0.081	8.664255291769031e-6
0.0815	8.66827469147149e-6
0.082	8.672294067085828e-6
0.0825	8.67631341999734e-6
0.083	8.680332751591257e-6
0.0835	8.684352063252736e-6
0.084	8.688371356366872e-6
0.0845	8.692390632318697e-6
0.085	8.696409892493195e-6
0.0855	8.700429138275294e-6
0.08600000000000001	8.704448371049878e-6
0.08650000000000001	8.708467592201795e-6
0.08700000000000001	8.712486803115848e-6
0.08750000000000001	8.716506005176818e-6
0.088	8.720525199769457e-6
0.0885	8.724544388278493e-6
0.089	8.728563572088641e-6
0.0895	8.7325827525846e-6
0.09	8.736601509099161e-6
0.0905	8.740620923719216e-6
0.091	8.744640340812684e-6
0.0915	8.74865975972545e-6
0.092	8.752679179803393e-6
0.0925	8.756698600392393e-6
0.093	8.760718020838328e-6
0.0935	8.764737440487079e-6
0.094	8.76875685868453e-6
0.0945	8.77277627477657e-6
0.095	8.776795688109085e-6
0.0955	8.780815098027973e-6
0.096	8.784834503879137e-6
0.0965	8.788853905008486e-6
0.097	8.79287330076194e-6
0.0975	8.796892690485424e-6
0.098	8.800912073524881e-6
0.0985	8.804931449226259e-6
0.099	8.808950816935522e-6
0.0995	8.812970175998649e-6
0.1	8.816989525761631e-6
0.1005	8.82100886557048e-6
0.101	8.825028194771212e-6
0.1015	8.829047512709881e-6
0.10200000000000001	8.833066818732544e-6
0.10250000000000001	8.837086112185288e-6
0.10300000000000001	8.841105683947275e-6
0.10350000000000001	8.845124804482572e-6
0.10400000000000001	8.84914390921276e-6
0.1045	8.853162998744882e-6
0.105	8.857182073685954e-6
0.1055	8.861201134642979e-6
0.106	8.865220182222926e-6
0.1065	8.869239217032758e-6
0.107	8.873258239679414e-6
0.1075	8.877277250769816e-6
0.108	8.88129625091087e-6
0.1085	8.885315240709463e-6
0.109	8.889334220772473e-6
0.1095	8.89335319170676e-6
0.11	8.89737215411917e-6
0.1105	8.901391108616544e-6
0.111	8.905410055805702e-6
0.1115	8.90942899629346e-6
0.112	8.913447930686624e-6
0.1125	8.91746685959199e-6
0.113	8.921485783616351e-6
0.1135	8.925504703366485e-6
0.114	8.929523619449171e-6
0.1145	8.933542532471182e-6
0.115	8.937561443039288e-6
0.1155	8.941580351760252e-6
0.116	8.94559925924084e-6
0.1165	8.949618147575954e-6
0.117	8.953637069749634e-6
0.11750000000000001	8.957655992532842e-6
0.11800000000000001	8.961674916400493e-6
0.11850000000000001	8.965693841827502e-6
0.11900000000000001	8.969712769288783e-6
0.11950000000000001	8.973731699259259e-6
0.12	8.977750632213852e-6
0.1205	8.981769568627491e-6
0.121	8.985788508975107e-6
0.1215	8.989807453731639e-6
0.122	8.993826403372029e-6
0.1225	8.997845358371227e-6
0.123	9.001864319204187e-6
0.1235	9.005883286345874e-6
0.124	9.009902260271258e-6
0.1245	9.013921241455323e-6
0.125	9.017940230373051e-6
0.1255	9.021959227499443e-6
0.126	9.025978233309509e-6
0.1265	9.029997248278267e-6
0.127	9.034016272880745e-6
0.1275	9.03803530759199e-6
0.128	9.042054352887053e-6
0.1285	9.046073409241006e-6
0.129	9.050092477128922e-6
0.1295	9.054111364670185e-6
0.13	9.05813059240738e-6
0.1305	9.062149833614404e-6
0.131	9.066169087600976e-6
0.1315	9.070188353676793e-6
0.132	9.074207631151533e-6
0.1325	9.078226919334855e-6
0.133	9.082246217536403e-6
0.1335	9.086265525065803e-6
0.134	9.090284841232662e-6
0.1345	9.094304165346577e-6
0.135	9.098323496717137e-6
0.1355	9.102342834653914e-6
0.136	9.106362178466468e-6
0.1365	9.110381527464353e-6
0.137	9.114400880957117e-6
0.1375	9.118420238254299e-6
0.138	9.122439598665429e-6
0.1385	9.126458961500036e-6
0.139	9.130478326067649e-6
0.1395	9.134497691677788e-6
0.14	9.138517057639983e-6
0.1405	9.142536423263749e-6
0.14100000000000001	9.146555787858614e-6
0.14150000000000001	9.150575150734107e-6
0.14200000000000002	9.154594511199758e-6
0.14250000000000002	9.158613924443483e-6
0.14300000000000002	9.162633243840702e-6
0.14350000000000002	9.16665255856584e-6
0.14400000000000002	9.170671868223563e-6
0.1445	9.174691172418545e-6
0.145	9.178710470755462e-6
0.1455	9.182729762839003e-6
0.146	9.186749048273853e-6
0.1465	9.190768326664717e-6
0.147	9.194787597616296e-6
0.1475	9.198806860733306e-6
0.148	9.202826115620465e-6
0.1485	9.206845361882504e-6
0.149	9.210864599124157e-6
0.1495	9.214883826950176e-6
0.15	9.218903044965319e-6
0.1505	9.222922252774347e-6
0.151	9.22694144998204e-6
0.1515	9.230960636193186e-6
0.152	9.234979811012585e-6
0.1525	9.238998974045045e-6
0.153	9.243018124895388e-6
0.1535	9.24703726316845e-6
0.154	9.251056388469074e-6
0.1545	9.255075500402126e-6
0.155	9.259094598572474e-6
0.1555	9.263116823557614e-6
0.156	9.267134195596575e-6
0.1565	9.271151540073734e-6
0.157	9.275168871275413e-6
0.1575	9.279186203487857e-6
0.158	9.283203550997754e-6
0.1585	9.28722092809272e-6
0.159	9.291238349061831e-6
0.1595	9.295255828196108e-6
0.16	9.299273379789032e-6
0.1605	9.303291018137057e-6
0.161	9.307308757540113e-6
0.1615	9.311326612302108e-6
0.162	9.315344596731444e-6
0.1625	9.319362725141522e-6
0.163	9.323381011851254e-6
0.1635	9.327399471185566e-6
0.164	9.33141811747591e-6
0.1645	9.335436965060787e-6
0.165	9.339456028286229e-6
0.1655	9.343475321506344e-6
0.166	9.347494859083795e-6
0.1665	9.351514655390342e-6
0.167	9.355534724807338e-6
0.1675	9.359555081726246e-6
0.168	9.363575740549154e-6
0.1685	9.367596715689297e-6
0.169	9.371610869367525e-6
0.1695	9.375639268819074e-6
0.17	9.37966803351959e-6
0.1705	9.383697119492838e-6
0.171	9.387726482731347e-6
0.1715	9.391756079201162e-6
0.17200000000000001	9.395785864846628e-6
0.17250000000000001	9.399815795595152e-6
0.17300000000000001	9.403845827361982e-6
0.17350000000000002	9.407875916054992e-6
0.17400000000000002	9.411906017579449e-6
0.17450000000000002	9.415936087842811e-6
0.17500000000000002	9.419966082759496e-6
0.17550000000000002	9.423995958255656e-6
0.176	9.428025670273965e-6
0.1765	9.432055174778378e-6
0.177	9.43608442775891e-6
0.1775	9.440113385236377e-6
0.178	9.444142003267158e-6
0.1785	9.448170237947948e-6
0.179	9.452198045420475e-6
0.1795	9.45622538187623e-6
0.18	9.46025220356118e-6
0.1805	9.464278466780475e-6
0.181	9.468304127903111e-6
0.1815	9.472329143366627e-6
0.182	9.47636577191031e-6
0.1825	9.480379241453437e-6
0.183	9.484391921239798e-6
0.1835	9.488403855196138e-6
0.184	9.492415087171512e-6
0.1845	9.49642566094209e-6
0.185	9.500435620215958e-6
0.1855	9.5044450086379e-6
0.186	9.508453869794178e-6
0.1865	9.512462247217269e-6
0.187	9.516470184390622e-6
0.1875	9.520477724753387e-6
0.188	9.524484911705139e-6
0.1885	9.52849178861059e-6
0.189	9.532498398804301e-6
0.1895	9.536504785595374e-6
0.19	9.540510992272162e-6
0.1905	9.544517062106937e-6
0.191	9.548523038360599e-6
0.1915	9.55252896428735e-6
0.192	9.556534883139379e-6
0.1925	9.560540838171548e-6
0.193	9.564546872646077e-6
0.1935	9.568553029837222e-6
0.194	9.572559353035982e-6
0.1945	9.57656588555477e-6
0.195	9.580562526747629e-6
0.1955	9.584576357794348e-6
0.196	9.58859056032805e-6
0.1965	9.592605119717078e-6
0.197	9.596620021317124e-6
0.1975	9.600635250471762e-6
0.198	9.60465079251298e-6
0.1985	9.60866663276171e-6
0.199	9.612682756528364e-6
0.1995	9.616699149113372e-6
0.2	9.620715795807712e-6
0.2005	9.624732681893453e-6
0.201	9.628749792644285e-6
0.2015	9.632767113326064e-6
0.202	9.636784629197344e-6
0.2025	9.640802325509921e-6
0.203	9.644820187509367e-6
0.20350000000000001	9.648838200435572e-6
0.20400000000000001	9.652856349523289e-6
0.20450000000000002	9.656874620002665e-6
0.20500000000000002	9.660892997099793e-6
0.20550000000000002	9.664911466037248e-6
0.20600000000000002	9.66893001203462e-6
0.20650000000000002	9.672948620309076e-6
0.20700000000000002	9.676967276075882e-6
0.20750000000000002	9.680985964548952e-6
0.20800000000000002	9.685007862951107e-6
0.2085	9.6890247269886e-6
0.209	9.693041567626626e-6
0.2095	9.697058386083292e-6
0.21	9.701075183576632e-6
0.2105	9.705091961324626e-6
0.211	9.70910872054519e-6
0.2115	9.713125462456196e-6
0.212	9.717142188275458e-6
0.2125	9.721158899220749e-6
0.213	9.725175596509793e-6
0.2135	9.729192281360284e-6
0.214	9.733208954989875e-6
0.2145	9.737225618616189e-6
0.215	9.741242273456822e-6
0.2155	9.745258920729348e-6
0.216	9.749275561651318e-6
0.2165	9.753292197440266e-6
0.217	9.757308829313713e-6
0.2175	9.761325458489176e-6
0.218	9.76534208618416e-6
0.2185	9.76935871361617e-6
0.219	9.773375342002712e-6
0.2195	9.777391972561303e-6
0.22	9.78140860650946e-6
0.2205	9.785425245064724e-6
0.221	9.789441889444641e-6
0.2215	9.793458267545733e-6
0.222	9.79747521385432e-6
0.2225	9.80149216955596e-6
0.223	9.805509133398424e-6
0.2235	9.80952610412947e-6
0.224	9.813543080496827e-6
0.2245	9.817560061248213e-6
0.225	9.821577045131335e-6
0.2255	9.825594030893895e-6
0.226	9.829611017283589e-6
0.2265	9.833628003048109e-6
0.227	9.837644986935168e-6
0.2275	9.841661967692468e-6
0.228	9.845678944067735e-6
0.2285	9.849695914808712e-6
0.229	9.853712878663151e-6
0.2295	9.857729834378844e-6
0.23	9.861746780703601e-6
0.2305	9.865763716385264e-6
0.231	9.869780640171716e-6
0.2315	9.873797550810874e-6
0.232	9.877814447050703e-6
0.2325	9.88183132763921e-6
0.233	9.885848191324462e-6
0.2335	9.889865036854576e-6
0.234	9.893881862977726e-6
0.23450000000000001	9.897899059704753e-6
0.23500000000000001	9.901915511938665e-6
0.23550000000000001	9.90593194046941e-6
0.23600000000000002	9.909948346904533e-6
0.23650000000000002	9.913964732851493e-6
0.23700000000000002	9.917981099917667e-6
0.23750000000000002	9.921997449710374e-6
0.23800000000000002	9.926013783836854e-6
0.23850000000000002	9.930030103904297e-6
0.23900000000000002	9.93404641151984e-6
0.23950000000000002	9.938062708290573e-6
0.24	9.942078995823552e-6
0.2405	9.946095275725795e-6
0.241	9.950111549604292e-6
0.2415	9.95412781906602e-6
0.242	9.958144085717941e-6
0.2425	9.962160351167007e-6
0.243	9.966176617020174e-6
0.2435	9.970192884884398e-6
0.244	9.974209156366656e-6
0.2445	9.978225433073935e-6
0.245	9.982241716613253e-6
0.2455	9.986258008591656e-6
0.246	9.990274310616235e-6
0.2465	9.994290624294115e-6
0.247	9.99830695123248e-6
0.2475	0.000010002322818206957
0.248	0.000010006339512578845
0.2485	0.000010010356226262508
0.249	0.000010014372957958976
0.2495	0.000010018389706369218
0.25	0.00001002240647019415
0.2505	0.000010026423248134642
0.251	0.000010030440038891527
0.2515	0.000010034456841165592
0.252	0.000010038473653657595
0.2525	0.000010042490475068261
0.253	0.000010046507304098291
0.2535	0.000010050524139448363
0.254	0.000010054540979819136
0.2545	0.000010058557823911258
0.255	0.000010062574670425366
0.2555	0.000010066591518062098
0.256	0.00001007060836552208
0.2565	0.00001007462521150595
0.257	0.00001007864205471435
0.2575	0.000010082658893847937
0.258	0.000010086675727607383
0.2585	0.000010090692554693377
0.259	0.000010094709373806636
0.2595	0.0000100987261836479
0.26	0.00001010274298291795
0.2605	0.000010106760340878701
0.261	0.000010110776767693944
0.2615	0.00001011479317809227
0.262	0.0000101188095737864
0.2625	0.000010122825956488997
0.263	0.000010126842327912669
0.2635	0.00001013085868976999
0.264	0.000010134875043773487
0.2645	0.00001013889139163567
0.265	0.000010142907735069015
0.2655	0.000010146924075785993
0.266	0.000010150940415499069
0.2665	0.000010154956755920701
0.267	0.000010158973098763364
0.2675	0.000010162989445739537
0.268	0.000010167005798561736
0.2685	0.000010171022158942492
0.269	0.00001017503852859438
0.2695	0.000010179054909230024
0.27	0.00001018307130256209
0.2705	0.000010187087710303309
0.271	0.000010191104134166476
0.2715	0.000010195120575864458
0.272	0.000010199137037110206
0.2725	0.000010203153519616762
0.273	0.00001020717002509725
0.2735	0.000010211186555264913
0.274	0.000010215202677105541
0.2745	0.000010219219762151092
0.275	0.00001022323687650567
0.2755	0.00001022725401756401
0.276	0.00001023127118272069
0.2765	0.000010235288369370149
0.277	0.000010239305574906685
0.2775	0.000010243322796724492
0.278	0.000010247340032217668
0.2785	0.000010251357278780236
0.279	0.000010255374533806154
0.2795	0.00001025939179468934
0.28	0.000010263409058823684
0.2805	0.000010267426323603066
0.281	0.000010271443586421373
0.28150000000000003	0.00001027546084467251
0.28200000000000003	0.000010279478095750434
0.28250000000000003	0.000010283495337049148
0.28300000000000003	0.000010287512565962738
0.28350000000000003	0.000010291529779885373
0.28400000000000003	0.000010295546976211336
0.28450000000000003	0.000010299564152335032
0.28500000000000003	0.000010303581305651011
0.28550000000000003	0.000010307598433553976
0.28600000000000003	0.00001031161553343881
0.28650000000000003	0.000010315632602700584
0.28700000000000003	0.000010319650283425768
0.28750000000000003	0.000010323666694454535
0.28800000000000003	0.00001032768306654458
0.2885	0.000010331699402183238
0.289	0.000010335715703857624
0.2895	0.000010339731974054662
0.29	0.000010343748215261086
0.2905	0.000010347764429963461
0.291	0.000010351780620648198
0.2915	0.000010355796789801571
0.292	0.000010359812939909727
0.2925	0.000010363829073458712
0.293	0.00001036784519293447
0.2935	0.00001037186130082288
0.294	0.000010375877399609743
0.2945	0.00001037989349178083
0.295	0.000010383909579821871
0.2955	0.000010387925666218583
0.296	0.000010391941753456683
0.2965	0.000010395957844021903
0.297	0.000010399973940400001
0.2975	0.000010403990045076788
0.298	0.000010408006160538131
0.2985	0.000010412022289269974
0.299	0.000010416038433758356
0.2995	0.000010420054596489415
0.3	0.000010424070779949422
0.3005	0.00001042808698662478
0.301	0.000010432103219002042
0.3015	0.000010436119479567936
0.302	0.000010440135770809371
0.3025	0.000010444152095213457
0.303	0.000010448168455267512
0.3035	0.000010452184853459092
0.304	0.000010456201292275995
0.3045	0.000010460217774206281
0.305	0.000010464234301738283
0.3055	0.000010468250877360627
0.306	0.000010472267503562252
0.3065	0.000010476284182832405
0.307	0.000010480300917660686
0.3075	0.000010484317710537039
0.308	0.000010488334563951779
0.3085	0.000010492351480395607
0.309	0.000010496368462359616
0.3095	0.000010500385512335326
0.31	0.000010504402632814675
0.3105	0.000010508419826290053
0.311	0.00001051243709525431
0.3115	0.000010516454442200774
0.312	0.000010520471869623263
0.3125	0.000010524489380016098
0.313	0.00001052850697587413
0.3135	0.000010532550880684412
0.314	0.00001053652474385412
0.3145	0.000010540494682146934
0.315	0.000010544460596063339
0.3155	0.000010548422386687675
0.316	0.000010552379955700906
0.3165	0.000010556333205393244
0.317	0.000010560282038676565
0.3175	0.000010564226359096663
0.318	0.000010568145464514912
0.3185	0.00001057207301156385
0.319	0.000010575994477757989
0.3195	0.000010579909724581458
0.32	0.000010583818615937276
0.3205	0.000010587721018176308
0.321	0.000010591616800123852
0.3215	0.00001059550583310394
0.322	0.000010599387990961333
0.3225	0.000010603263150081215
0.323	0.00001060713118940664
0.3235	0.000010610991990453739
0.324	0.00001061484543732474
0.3245	0.000010618691416718774
0.325	0.000010622529817940592
0.3255	0.000010626360532907136
0.326	0.000010630183456152066
0.3265	0.000010633998484828276
0.327	0.000010637805518708407
0.3275	0.000010641604460183447
0.328	0.000010645395214259443
0.3285	0.000010649177688552373
0.329	0.000010652951793281235
0.3295	0.000010656717441259406
0.33	0.000010660474547884322
0.3305	0.000010664223031125533
0.331	0.000010667962811511189
0.3315	0.00001067169381211301
0.332	0.000010675415958529804
0.3325	0.00001067912917886958
0.333	0.000010682833403730337
0.3335	0.000010686528566179533
0.334	0.000010690214601732366
0.3345	0.000010693891448328882
0.335	0.00001069755904630994
0.3355	0.000010701217338392171
0.336	0.000010704866269641907
0.3365	0.000010708505787448197
0.337	0.000010712135841494922
0.3375	0.000010715756383732096
0.338	0.000010719367368346398
0.3385	0.00001072296875173098
0.339	0.000010726560492454614
0.3395	0.000010730142551230242
0.34	0.000010733714890882947
0.3405	0.000010737277476317435
0.341	0.00001074083027448504
0.3415	0.000010744373254350341
0.342	0.000010747906386857398
0.3425	0.000010751429644895678
0.343	0.000010754943003265707
0.3435	0.0000107584464386445
0.34400000000000003	0.00001076193992955079
0.34450000000000003	0.000010765423456310125
0.34500000000000003	0.000010768897001019846
0.34550000000000003	0.000010772360547514009
0.34600000000000003	0.000010775814081328257
0.34650000000000003	0.000010779257589664716
0.34700000000000003	0.000010782691061356906
0.34750000000000003	0.000010786114486834734
0.34800000000000003	0.000010789527858089585
0.34850000000000003	0.000010792931168639538
0.34900000000000003	0.000010796324413494748
0.34950000000000003	0.000010799707589122997
0.35000000000000003	0.000010803080693415476
0.35050000000000003	0.000010806443725652777
0.35100000000000003	0.00001080979668647117
0.35150000000000003	0.00001081313957782913
0.352	0.000010816472402974184
0.3525	0.000010819795166410065
0.353	0.000010823107873864207
0.3535	0.000010826410532255595
0.354	0.000010829703149662965
0.3545	0.00001083298573529342
0.355	0.0000108362582994514
0.3555	0.000010839520853508104
0.356	0.000010842773409871288
0.3565	0.000010846015981955526
0.357	0.000010849248584152883
0.3575	0.000010852471231804065
0.358	0.000010855683941169979
0.3585	0.0000108588867294038
0.359	0.000010862079614523465
0.3595	0.000010865262615384668
0.36	0.000010868435751654296
0.3605	0.000010871599043784376
0.361	0.00001087475251298648
0.3615	0.00001087789618120661
0.362	0.000010881030071100578
0.3625	0.000010884154206009869
0.363	0.00001088726860993797
0.3635	0.000010890373307527195
0.364	0.000010893468324035989
0.3645	0.000010896553685316709
0.365	0.000010899629417793877
0.3655	0.000010902695548442921
0.366	0.000010905752104769375
0.3665	0.00001090879911478854
0.367	0.000010911836607005638
0.3675	0.000010914864610396385
0.368	0.000010917883154388056
0.3685	0.000010920892268840979
0.369	0.000010923891984030471
0.3695	0.000010926882330629243
0.37	0.00001092986333969019
0.3705	0.00001093283504262967
0.371	0.000010935797471211144
0.3715	0.000010938750657529276
0.372	0.000010941694633994433
0.3725	0.00001094462943331757
0.373	0.000010947555088495544
0.3735	0.000010950471632796784
0.374	0.000010953379099747374
0.3745	0.000010956277523117488
0.375	0.000010959166936908222
0.3755	0.000010962047375338764
0.376	0.000010964918872833928
0.3765	0.00001096778146401205
0.377	0.000010970635183673205
0.3775	0.000010973480066787775
0.378	0.00001097631614848534
0.3785	0.000010979081229985592
0.379	0.00001098189842508931
0.3795	0.000010984706921728093
0.38	0.00001098750675632426
0.3805	0.00001099029796541305
0.381	0.00001099308058563254
0.3815	0.000010995854653713857
0.382	0.00001099862020647163
0.3825	0.00001100137728079477
0.383	0.000011004125913637466
0.3835	0.000011006866142010478
0.384	0.00001100959800297267
0.3845	0.000011012321533622795
0.385	0.000011015036771091533
0.3855	0.000011017743752533761
0.386	0.000011020442515121061
0.3865	0.000011023133096034466
0.387	0.000011025815532457416
0.3875	0.000011028489861568945
0.388	0.000011031156120537083
0.3885	0.000011033814346512464
0.389	0.000011036464576622134
0.3895	0.000011039106847963576
0.39	0.000011041741197598916
0.3905	0.00001104436766254932
0.391	0.000011046986279789597
0.3915	0.000011049597086242953
0.392	0.00001105220011877596
0.3925	0.000011054795414193654
0.393	0.000011057383009234852
0.3935	0.000011059962940567589
0.394	0.000011062535244784751
0.3945	0.000011065099958399842
0.395	0.000011067657117842911
0.3955	0.00001107020675945664
0.396	0.00001107274891949255
0.3965	0.000011075283634107383
0.397	0.000011077810939359594
0.3975	0.00001108033087120599
0.398	0.000011082843465498504
0.3985	0.000011085348757981075
0.399	0.000011087846784286686
0.3995	0.000011090337579934495
0.4	0.000011092821180327091
0.4005	0.000011095297620747874
0.401	0.000011097766936358529
0.4015	0.000011100229162196628
0.402	0.00001110268433317332
0.4025	0.000011105132484071132
0.403	0.000011107573649541874
0.4035	0.000011110007864104625
0.404	0.000011112435162143835
0.4045	0.000011114855577907496
0.405	0.000011117269145505417
0.4055	0.000011119675898907584
0.406	0.000011122075871942599
0.40650000000000003	0.000011124469098296198
0.40700000000000003	0.00001112685561150986
0.40750000000000003	0.000011129235444979475
0.40800000000000003	0.000011131608631954108
0.40850000000000003	0.000011133975205534817
0.40900000000000003	0.00001113633519867355
0.40950000000000003	0.00001113868864417211
0.41000000000000003	0.000011141035574681183
0.41050000000000003	0.000011143376022699431
0.41100000000000003	0.000011145710020572651
0.41150000000000003	0.000011148037600492988
0.41200000000000003	0.000011150358794498213
0.41250000000000003	0.000011152673634471053
0.41300000000000003	0.000011154982152138567
0.41350000000000003	0.000011157284379071613
0.41400000000000003	0.000011159580346684305
0.41450000000000004	0.000011161870086233577
0.41500000000000004	0.000011164153628818766
0.41550000000000004	0.000011166431005381243
0.41600000000000004	0.000011168702246704103
0.4165	0.000011170967383411881
0.417	0.000011173226445970327
0.4175	0.000011175479464686214
0.418	0.000011177726469707178
0.4185	0.000011179967491021614
0.419	0.000011182202558458597
0.4195	0.000011184431701687834
0.42	0.000011186654950219673
0.4205	0.000011188872333405118
0.421	0.000011191083880435894
0.4215	0.000011193289620344533
0.422	0.000011195489582004508
0.4225	0.000011197683794130362
0.423	0.000011199872285277911
0.4235	0.000011202055083844425
0.424	0.000011204232218068876
0.4245	0.00001120640371603219
0.425	0.000011208569605657524
0.4255	0.000011210729914710573
0.426	0.000011212884670799894
0.4265	0.000011215033901377255
0.427	0.000011217177633738002
0.4275	0.000011219315895021452
0.428	0.000011221448712211291
0.4285	0.000011223576112136012
0.429	0.000011225698121469349
0.4295	0.000011227814766730739
0.43	0.000011229926074285804
0.4305	0.00001123203207034684
0.431	0.000011234132780973326
0.4315	0.000011236228232072437
0.432	0.000011238318449399601
0.4325	0.000011240403458559016
0.433	0.000011242483285004242
0.4335	0.000011244557954038751
0.434	0.000011246627490816532
0.4345	0.000011248691920342666
0.435	0.000011250751267473945
0.4355	0.000011252805556919484
0.436	0.000011254854813241346
0.4365	0.000011256899060855175
0.437	0.00001125893832403084
0.4375	0.00001126097262689309
0.438	0.000011263001993422197
0.4385	0.000011265026447454644
0.439	0.000011267046012683776
0.4395	0.00001126906071266049
0.44	0.000011271070570793922
0.4405	0.000011273075610352123
0.441	0.000011275075854462776
0.4415	0.000011277071326113875
0.442	0.000011279062048154444
0.4425	0.000011281048043295244
0.443	0.000011283029334109486
0.4435	0.00001128500594303354
0.444	0.000011286977892367675
0.4445	0.00001128894520427676
0.445	0.000011290907900791008
0.4455	0.000011292866003806698
0.446	0.00001129481953508691
0.4465	0.000011296768516262254
0.447	0.000011298712968831605
0.4475	0.000011300652914162848
0.448	0.000011302588373493613
0.4485	0.00001130451936793201
0.449	0.000011306445918457376
0.4495	0.000011308368045921013
0.45	0.00001131028577104693
0.4505	0.000011312199114432593
0.451	0.000011314108096549651
0.4515	0.000011316012737744698
0.452	0.000011317913058240008
0.4525	0.000011319809078134265
0.453	0.00001132170081740333
0.4535	0.00001132358829590096
0.454	0.00001132547153335956
0.4545	0.000011327350549390919
0.455	0.000011329225363486947
0.4555	0.00001133109599502042
0.456	0.000011333028889917495
0.4565	0.000011334890096634421
0.457	0.0000113367471820677
0.4575	0.000011338600165470202
0.458	0.00001134044906597253
0.4585	0.000011342293902583657
0.459	0.00001134413469419157
0.4595	0.0000113459714595639
0.46	0.00001134780421734858
0.4605	0.000011349632986074484
0.461	0.000011351457784152086
0.4615	0.000011353278629874103
0.462	0.000011355095541416159
0.4625	0.000011356908536837439
0.463	0.000011358717634081351
0.4635	0.000011360522850976197
0.464	0.000011362324205235816
0.4645	0.000011364121714460273
0.465	0.000011365915396136517
0.4655	0.00001136770526763905
0.466	0.000011369491346230606
0.4665	0.000011371273649062815
0.467	0.00001137305219317688
0.4675	0.000011374826995504261
0.468	0.000011376598072867337
0.4685	0.0000113783654419801
0.46900000000000003	0.000011380129119448816
0.46950000000000003	0.000011381889121772718
0.47000000000000003	0.000011383645465344682
0.47050000000000003	0.000011385398166451907
0.47100000000000003	0.000011387147241276598
0.47150000000000003	0.000011388892705896643
0.47200000000000003	0.000011390634576286301
0.47250000000000003	0.00001139237286831688
0.47300000000000003	0.000011394107597757421
0.47350000000000003	0.00001139583878027538
0.47400000000000003	0.000011397566431437307
0.47450000000000003	0.000011399290566709537
0.47500000000000003	0.000011401011201458862
0.47550000000000003	0.000011402728350953214
0.47600000000000003	0.000011404442030362355
0.47650000000000003	0.000011406152254758548
0.47700000000000004	0.000011407859039117236
0.47750000000000004	0.000011409562398317732
0.47800000000000004	0.000011411262347143885
0.47850000000000004	0.000011412958900284768
0.47900000000000004	0.000011414652072335346
0.47950000000000004	0.00001141634187779716
0.48	0.000011418028331078999
0.4805	0.000011419711446497565
0.481	0.000011421391238278165
0.4815	0.000011423067720555362
0.482	0.000011424740907373654
0.4825	0.000011426410812688142
0.483	0.000011428077450365201
0.4835	0.000011429740834183135
0.484	0.000011431400977832853
0.4845	0.00001143305789491852
0.485	0.000011434711598958223
0.4855	0.000011436362103384634
0.486	0.000011438009421545654
0.4865	0.000011439653566705084
0.487	0.000011441294552043265
0.4875	0.000011442932390657732
0.488	0.00001144456709556387
0.4885	0.00001144619867969555
0.489	0.000011447827155905775
0.4895	0.000011449452536967335
0.49	0.000011451074835573432
0.4905	0.000011452694064338322
0.491	0.00001145431023579795
0.4915	0.00001145592336241059
0.492	0.00001145753345655746
0.4925	0.00001145914053054337
0.493	0.000011460744596597325
0.4935	0.000011462345666873163
0.494	0.00001146394375345017
0.4945	0.0000114655388683337
0.495	0.000011467131023455781
0.4955	0.000011468720230675737
0.496	0.00001147030650178079
0.4965	0.000011471889848486672
0.497	0.000011473470282438217
0.4975	0.000011475047815209978
0.498	0.000011476622458306803
0.4985	0.000011478194223164454
0.499	0.000011479763121150176
0.4995	0.000011481329163563298
0.5	0.000011482892361635812
0.5005000000000001	0.000011484452726532961
0.501	0.000011486010269353811
0.5015000000000001	0.000011487565001131832
0.502	0.000011489116932835469
0.5025000000000001	0.00001149066607536871
0.503	0.00001149221243957165
0.5035000000000001	0.000011493756036221063
0.504	0.00001149529687603095
0.5045000000000001	0.000011496834969653104
0.505	0.000011498370327677653
0.5055000000000001	0.000011499902960633628
0.506	0.000011501432878989487
0.5065000000000001	0.00001150296009315367
0.507	0.000011504484613475141
0.5075000000000001	0.000011506006450243917
0.508	0.000011507525613691597
0.5085000000000001	0.000011509042113991915
0.509	0.000011510555961261227
0.5095000000000001	0.000011512067165559072
0.51	0.00001151357573688866
0.5105000000000001	0.000011515081685197413
0.511	0.000011516585020377456
0.5115000000000001	0.00001151808575226614
0.512	0.000011519583890646534
0.5125	0.000011521079445247937
0.513	0.000011522572425746378
0.5135	0.00001152406284176509
0.514	0.000011525550702875031
0.5145	0.000011527036018595341
0.515	0.00001152851879839385
0.5155	0.00001152999905168754
0.516	0.000011531476787843036
0.5165	0.000011532952016177067
0.517	0.000011534424745956944
0.5175	0.000011535894986401019
0.518	0.000011537362746679152
0.5185	0.000011538828035913169
0.519	0.000011540290863177312
0.5195	0.0000115417512374987
0.52	0.00001154320916785777
0.5205	0.000011544664663188721
0.521	0.000011546117732379958
0.5215	0.000011547568384274527
0.522	0.00001154901662767055
0.5225	0.000011550462471321655
0.523	0.000011551905923937405
0.5235	0.000011553346994183713
0.524	0.000011554785690683268
0.5245	0.000011556222022015953
0.525	0.000011557655996719254
0.5255	0.000011559087623288663
0.526	0.000011560516910178094
0.5265	0.000011561943865800283
0.527	0.000011563368498527178
0.5275	0.000011564790816690342
0.528	0.000011566210828581343
0.5285	0.000011567628542452136
0.529	0.000011569043966515459
0.5295	0.000011570518287878455
0.53	0.000011571917338407303
0.5305	0.000011573315374782781
0.531	0.000011574712411327033
0.5315	0.000011576108462254232
0.532	0.000011577503541671217
0.5325	0.000011578897663578102
0.533	0.000011580290841868881
0.5335	0.000011581683090332059
0.534	0.000011583074422651255
0.5345	0.00001158446485240581
0.535	0.000011585854393071404
0.5355	0.000011586440313103096
0.536	0.000011588902180208745
0.5365	0.00001159136445358661
0.537	0.000011593827133217233
0.5375	0.000011596290219080962
0.538	0.000011598753711157944
0.5385	0.000011601217609428125
0.539	0.000011603681913871258
0.5395	0.00001160614662446689
0.54	0.000011608611741194374
0.5405	0.000011611077264032863
0.541	0.000011613543192961306
0.5415	0.000011616009527958455
0.542	0.000011618476269002861
0.5425	0.000011620943416072877
0.543	0.000011623410969146648
0.5435	0.000011625878928202129
0.544	0.00001162834729321706
0.5445	0.000011630816064168991
0.545	0.000011633285241035268
0.5455	0.000011635754823793027
0.546	0.000011638224812419212
0.5465	0.000011640695206890559
0.547	0.000011643166007183603
0.5475	0.000011645637213274673
0.548	0.0000116481088251399
0.5485	0.000011650580842755206
0.549	0.000011653053266096314
0.5495	0.000011655526095138739
0.55	0.000011657999329857794
0.5505	0.000011660472970228588
0.551	0.000011662947016226024
0.5515	0.000011665421467824799
0.552	0.00001166789632499941
0.5525	0.00001167037158772414
0.553	0.000011672847255973075
0.5535	0.00001167532332972009
0.554	0.000011677799808938856
0.5545	0.000011680276693602832
0.555	0.000011682753983685282
0.5555	0.000011685231679159253
0.556	0.000011687709779997585
0.5565	0.000011690188286172916
0.557	0.000011692667197657678
0.5575	0.000011695146514424085
0.558	0.000011697626236444152
0.5585	0.000011700106363689679
0.559	0.000011702586896132268
0.5595	0.000011705067833743299
0.56	0.000011707549176493953
0.5605	0.000011710030924355194
0.561	0.000011712513077297783
0.5615	0.000011714995635292268
0.562	0.000011717478598308989
0.5625	0.00001171996196631807
0.5630000000000001	0.000011722445739289431
0.5635	0.000011724929917192777
0.5640000000000001	0.000011727414499997608
0.5645	0.000011729899487673204
0.5650000000000001	0.00001173238488018864
0.5655	0.000011734870677512777
0.5660000000000001	0.000011737356879614263
0.5665	0.000011739843486461537
0.5670000000000001	0.00001174233049802282
0.5675	0.000011744817914266128
0.5680000000000001	0.000011747305735159257
0.5685	0.000011749793960669793
0.5690000000000001	0.00001175228259076511
0.5695	0.000011754771625412362
0.5700000000000001	0.000011757261064578498
0.5705	0.000011759750908230245
0.5710000000000001	0.000011762241156334121
0.5715	0.000011764731808856426
0.5720000000000001	0.000011767222865763246
0.5725	0.000011769714327020453
0.5730000000000001	0.000011772206192593702
0.5735	0.000011774698462448433
0.5740000000000001	0.00001177719113654987
0.5745	0.000011779684214863019
0.5750000000000001	0.000011782177697352675
0.5755	0.000011784671583983411
0.5760000000000001	0.000011787165874719587
0.5765	0.00001178966056952534
0.577	0.000011792155668364599
0.5775	0.000011794651171201064
0.578	0.000011797147077998227
0.5785	0.000011799643388719358
0.579	0.000011802140103327507
0.5795	0.00001180463722178551
0.58	0.000011807134744055976
0.5805	0.000011809632670101307
0.581	0.000011812130999883673
0.5815	0.000011814629733365035
0.582	0.000011817128870507128
0.5825	0.000011819628411271467
0.583	0.000011822128355619349
0.5835	0.000011824628703511853
0.584	0.00001182712945490983
0.5845	0.000011829630609773916
0.585	0.000011832132168064522
0.5855	0.000011834634129741842
0.586	0.000011837136494765843
0.5865	0.000011839639263096276
0.587	0.000011842142434692663
0.5875	0.000011844646009514307
0.588	0.00001184714998752029
0.5885	0.00001184965436866947
0.589	0.000011852159152920476
0.5895	0.000011854664340231725
0.59	0.0000118571699305614
0.5905	0.000011859675923867464
0.591	0.000011862182320107658
0.5915	0.000011864689119239494
0.592	0.000011867196321220263
0.5925	0.00001186970392600703
0.593	0.000011872211933556636
0.5935	0.000011874720343825691
0.594	0.000011877229156770587
0.5945	0.000011879738372347487
0.595	0.000011882247990512327
0.5955	0.000011884758011220817
0.596	0.000011887268434428441
0.5965	0.000011889779260090455
0.597	0.000011892290488161892
0.5975	0.000011894802118597549
0.598	0.000011897314151352006
0.5985	0.000011899826586379608
0.599	0.000011902339423634475
0.5995	0.000011904852663070495
0.6	0.000011907366304641335
0.6005	0.000011909880348300422
0.601	0.000011912394794000967
0.6015	0.00001191490964169594
0.602	0.00001191742489133809
0.6025	0.000011919940542879932
0.603	0.000011922456596273749
0.6035	0.000011924973051471602
0.604	0.000011927489908425311
0.6045	0.000011930007167086473
0.605	0.000011932524827406452
0.6055	0.00001193504288933638
0.606	0.000011937561352827155
0.6065	0.000011940080217829448
0.607	0.000011942599484293699
0.6075	0.000011945119152170108
0.608	0.00001194763922140865
0.6085	0.000011950159691959066
0.609	0.00001195268056377086
0.6095	0.00001195520183679331
0.61	0.000011957723510975453
0.6105	0.000011960245586266097
0.611	0.000011962768062613813
0.6115	0.000011965290939966944
0.612	0.000011967814218273591
0.6125	0.000011970337897481627
0.613	0.000011972861977538685
0.6135	0.000011975386458392163
0.614	0.00001197791133998923
0.6145	0.000011980436622276814
0.615	0.000011982962305201605
0.6155	0.000011985488388710065
0.616	0.00001198801487274841
0.6165	0.000011990541757262629
0.617	0.000011993069042198467
0.6175	0.000011995596727501436
0.618	0.000011998124813116808
0.6185	0.000012000653298989622
0.619	0.000012003182185064672
0.6195	0.000012005711471286524
0.62	0.000012008241157599492
0.6205	0.000012010771243947668
0.621	0.000012013301730274892
0.6215	0.00001201583261652477
0.622	0.000012018363902640671
0.6225	0.00001202089558856572
0.623	0.000012023427674242808
0.6235	0.00001202596015961458
0.624	0.000012028493044623443
0.6245	0.000012031026329211569
0.625	0.00001203356001332088
0.6255000000000001	0.000012036094096893065
0.626	0.000012038628579869566
0.6265000000000001	0.000012041163462191588
0.627	0.000012043698743800093
0.6275000000000001	0.000012046234424635802
0.628	0.000012048770504639191
0.6285000000000001	0.000012051306983750498
0.629	0.000012053843861909713
0.6295000000000001	0.00001205638113905659
0.63	0.000012058918815130634
0.6305000000000001	0.00001206145689007111
0.631	0.000012063995363817039
0.6315000000000001	0.0000120665342363072
0.632	0.000012069073507480121
0.6325000000000001	0.000012071613177274094
0.633	0.000012074153245627166
0.6335000000000001	0.000012076693712477132
0.634	0.000012079234577761549
0.6345000000000001	0.000012081775841417727
0.635	0.00001208431750338273
0.6355000000000001	0.000012086859563593376
0.636	0.000012089402021986236
0.6365000000000001	0.000012091944878497642
0.637	0.00001209448813306367
0.6375000000000001	0.000012097031785620154
0.638	0.000012099575836102683
0.6385000000000001	0.000012102120284446596
0.639	0.000012104665130586985
0.6395000000000001	0.000012107210374458696
0.64	0.000012109756015996326
0.6405	0.000012112302055134223
0.641	0.00001211484849180649
0.6415	0.000012117395325946979
0.642	0.000012119942557489294
0.6425	0.000012122490186366787
0.643	0.00001212503821251257
0.6435	0.00001212758663585949
0.644	0.000012130135456340164
0.6445	0.000012132684673886942
0.645	0.000012135234288431935
0.6455	0.000012137784299906994
0.646	0.00001214033470824373
0.6465	0.000012142885513373494
0.647	0.000012145436715227391
0.6475	0.000012147988313736272
0.648	0.000012150540308830743
0.6485	0.000012153092700441147
0.649	0.000012155645488497584
0.6495	0.000012158198672929898
0.65	0.000012160752253667683
0.6505	0.000012163306230640276
0.651	0.000012165860603776766
0.6515	0.000012168415373005986
0.652	0.000012170970538256514
0.6525	0.00001217352609945668
0.653	0.000012176082056534554
0.6535	0.000012178638409417954
0.654	0.000012181195158034446
0.6545	0.000012183752302311338
0.655	0.000012186309842175686
0.6555	0.000012188867777554286
0.656	0.000012191426108373687
0.6565	0.000012193984834560175
0.657	0.000012196543956039784
0.6575	0.000012199103472738291
0.658	0.000012201663384581216
0.6585	0.000012204223691493822
0.659	0.000012206784393401121
0.6595	0.000012209345490227858
0.66	0.000012211906981898531
0.6605	0.000012214468868337375
0.661	0.000012217031149468367
0.6615	0.00001221959382521523
0.662	0.000012222156895501425
0.6625	0.000012224720360250156
0.663	0.000012227284219384371
0.6635	0.000012229848472826755
0.664	0.000012232413120499734
0.6645	0.00001223497816232548
0.665	0.000012237543598225903
0.6655	0.000012240109428122648
0.666	0.000012242675651937111
0.6665	0.000012245242269590415
0.667	0.000012247809281003434
0.6675	0.000012250376686096772
0.668	0.00001225294448479078
0.6685	0.000012255512677005545
0.669	0.00001225808126266089
0.6695	0.000012260650241676378
0.67	0.000012263219613971313
0.6705	0.000012265789379464735
0.671	0.00001226835953807542
0.6715	0.000012270930089721884
0.672	0.000012273501034322381
0.6725	0.0000122760723717949
0.673	0.000012278644102057163
0.6735	0.000012281216225026641
0.674	0.000012283788740620528
0.6745	0.00001228636164875576
0.675	0.000012288934949349011
0.6755	0.000012291508642316688
0.676	0.000012294082727574932
0.6765	0.000012296657205039622
0.677	0.000012299232074626374
0.6775	0.00001230180733625053
0.678	0.000012304382989827179
0.6785	0.000012306959035271133
0.679	0.000012309535472496947
0.6795	0.000012312112301418903
0.68	0.000012314689521951024
0.6805	0.000012317267134007054
0.681	0.000012319845137500488
0.6815	0.000012322423532344538
0.682	0.000012325002318452157
0.6825	0.000012327581495736029
0.683	0.00001233016106410857
0.6835	0.000012332741023481929
0.684	0.000012335321373767983
0.6845	0.00001233790211487835
0.685	0.000012340483246724367
0.6855	0.00001234306476921711
0.686	0.000012345646682267385
0.6865	0.000012348228985785729
0.687	0.000012350811679682409
0.6875	0.000012353394763867418
0.6880000000000001	0.00001235597823825049
0.6885	0.000012358562102741076
0.6890000000000001	0.000012361146357248365
0.6895	0.000012363731001681272
0.6900000000000001	0.000012366316035948445
0.6905	0.000012368901459958256
0.6910000000000001	0.00001237148727361881
0.6915	0.000012374073476837935
0.6920000000000001	0.000012376660069523194
0.6925	0.000012379247051581874
0.6930000000000001	0.000012381834422920991
0.6935	0.00001238442218344729
0.6940000000000001	0.00001238701033306724
0.6945	0.000012389598871687041
0.6950000000000001	0.000012392187799212619
0.6955	0.000012394777115549621
0.6960000000000001	0.000012397366820603432
0.6965	0.000012399956914279153
0.6970000000000001	0.000012402547396481619
0.6975	0.000012405138267115382
0.6980000000000001	0.000012407729526084727
0.6985	0.000012410321173293664
0.6990000000000001	0.000012412913208645924
0.6995	0.000012415505632044966
0.7000000000000001	0.000012418098443393974
0.7005	0.000012420691642595855
0.7010000000000001	0.000012423285229553243
0.7015	0.000012425879204168493
0.7020000000000001	0.000012428473566343685
0.7025	0.000012431068315980624
0.7030000000000001	0.00001243366345298084
0.7035	0.000012436258977245579
0.704	0.000012438854888675819
0.7045	0.000012441451187172255
0.705	0.000012444047872635308
0.7055	0.000012446644944965119
0.706	0.000012449242404061552
0.7065	0.000012451840249824195
0.707	0.000012454438482152354
0.7075	0.00001245703710094506
0.708	0.000012459636106101067
0.7085	0.00001246223549751884
0.709	0.000012464835275096578
0.7095	0.000012467435438732193
0.71	0.00001247003598832332
0.7105	0.000012472636923767312
0.711	0.000012475238244961245
0.7115	0.000012477839951801915
0.712	0.000012480442044185834
0.7125	0.000012483044522009239
0.713	0.00001248564738516808
0.7135	0.000012488250633558029
0.714	0.000012490854267074479
0.7145	0.00001249345828561254
0.715	0.000012496062689067037
0.7155	0.000012498667477332518
0.716	0.000012501272650303249
0.7165	0.000012503878207873209
0.717	0.000012506484149936098
0.7175	0.000012509090476385332
0.718	0.000012511697187114048
0.7185	0.000012514304282015096
0.719	0.000012516911760981041
0.7195	0.00001251951962390417
0.72	0.000012522127870676483
0.7205	0.000012524736501189697
0.721	0.000012527345515335242
0.7215	0.00001252995491300427
0.722	0.000012532564694087643
0.7225	0.00001253517485847594
0.723	0.000012537785406059453
0.7235	0.000012540396336728196
0.724	0.000012543007650371888
0.7245	0.000012545619346879968
0.725	0.000012548231426141589
0.7255	0.00001255084388804562
0.726	0.000012553456732480637
0.7265	0.000012556069959334935
0.727	0.000012558683568496524
0.7275	0.000012561297559853123
0.728	0.000012563911933292162
0.7285	0.000012566526688700795
0.729	0.000012569141825965874
0.7295	0.000012571757344973974
0.73	0.000012574373245611378
0.7305	0.000012576989527764083
0.731	0.000012579606191317794
0.7315	0.000012582223236157933
0.732	0.000012584840662169627
0.7325	0.000012587458469237723
0.733	0.00001259007665724677
0.7335	0.000012592695226081032
0.734	0.000012595314175624487
0.7345	0.000012597933505760813
0.735	0.00001260055321637341
0.7355	0.000012603173307345382
0.736	0.000012605793778559545
0.7365	0.00001260841462989842
0.737	0.000012611035861244245
0.7375	0.00001261365747247896
0.738	0.000012616279463484217
0.7385	0.00001261890183414138
0.739	0.000012621524584331516
0.7395	0.000012624147713935404
0.74	0.00001262677122283353
0.7405	0.000012629395110906087
0.741	0.000012632019378032982
0.7415	0.00001263464402409382
0.742	0.00001263726904896792
0.7425	0.00001263989657260038
0.743	0.000012642519347175534
0.7435	0.000012645142498934565
0.744	0.00001264776602786785
0.7445	0.000012650389933965641
0.745	0.000012653014217218058
0.7455	0.00001265563887761509
0.746	0.000012658263915146593
0.7465	0.000012660889329802293
0.747	0.000012663515121571784
0.7475	0.000012666141290444527
0.748	0.000012668767836409854
0.7485	0.000012671394759456965
0.749	0.000012674022059574922
0.7495	0.00001267664973675266
0.75	0.00001267927779097898
0.7505000000000001	0.000012681906222242553
0.751	0.00001268453503053191
0.7515000000000001	0.00001268716421583546
0.752	0.00001268979377814147
0.7525000000000001	0.000012692423717438075
0.753	0.000012695054033713279
0.7535000000000001	0.000012697684726954955
0.754	0.000012700315797150837
0.7545000000000001	0.000012702947244288527
0.755	0.000012705579068355493
0.7555000000000001	0.000012708211269339072
0.756	0.000012710843847226462
0.7565000000000001	0.000012713476802004729
0.757	0.000012716110133660805
0.7575000000000001	0.00001271874384218149
0.758	0.000012721377927553438
0.7585000000000001	0.000012724012389763185
0.759	0.000012726647228797117
0.7595000000000001	0.000012729282444641493
0.76	0.000012731918037282433
0.7605000000000001	0.000012734554006705927
0.761	0.000012737190352897819
0.7615000000000001	0.00001273982707584383
0.762	0.000012742464175529532
0.7625000000000001	0.000012745101651940374
0.763	0.000012747739505061657
0.7635000000000001	0.000012750377734878553
0.764	0.000012753016341376096
0.7645000000000001	0.000012755655324539182
0.765	0.00001275829468435257
0.7655000000000001	0.000012760934420800884
0.766	0.00001276357453386861
0.7665000000000001	0.000012766215023540097
0.767	0.000012768855889799552
0.7675000000000001	0.000012771497132631055
0.768	0.000012774138752018538
0.7685	0.000012776780747945801
0.769	0.000012779423120396502
0.7695	0.000012782065869354166
0.77	0.000012784708994802175
0.7705	0.000012787352496723774
0.771	0.000012789996375102071
0.7715	0.000012792640629920035
0.772	0.000012795285261160495
0.7725	0.000012797930268806138
0.773	0.00001280057565283952
0.7735	0.00001280322141324305
0.774	0.000012805867549999003
0.7745	0.000012808514063089509
0.775	0.000012811160952496565
0.7755	0.000012813808218202022
0.776	0.000012816455860187595
0.7765	0.000012819103878434853
0.777	0.000012821752272925236
0.7775	0.00001282440104364003
0.778	0.000012827050190560393
0.7785	0.000012829699713667333
0.779	0.00001283234961294172
0.7795	0.000012834999888364283
0.78	0.000012837650539915615
0.7805	0.000012840301567576157
0.781	0.000012842952971326219
0.7815	0.000012845604751145962
0.782	0.000012848256907015411
0.7825	0.000012850909438914442
0.783	0.000012853562346822798
0.7835	0.000012856215630720074
0.784	0.000012858869290585722
0.7845	0.000012861523326399052
0.785	0.000012864177738139239
0.7855	0.000012866832525785302
0.786	0.000012869487689316128
0.7865	0.000012872143228710457
0.787	0.000012874799143946884
0.7875	0.000012877455435003863
0.788	0.000012880112101859705
0.7885	0.000012882769144492576
0.789	0.000012885426562880497
0.7895	0.000012888084357001347
0.79	0.000012890742526832863
0.7905	0.000012893401072352633
0.791	0.000012896059993538105
0.7915	0.000012898719290366577
0.792	0.000012901378962815209
0.7925	0.000012904039010861013
0.793	0.000012906699434480856
0.7935	0.000012909360233651456
0.794	0.000012912021408349395
0.7945	0.000012914682958551104
0.795	0.000012917344884232865
0.7955	0.00001292000718537082
0.796	0.000012922669861940965
0.7965	0.000012925332913919147
0.797	0.000012927996341281068
0.7975	0.000012930660144002284
0.798	0.000012933324322058208
0.7985	0.000012935988875424097
0.799	0.000012938653804075072
0.7995	0.000012941319107986099
0.8	0.000012943984787132005
0.8005	0.000012946650841487462
0.801	0.000012949317271026999
0.8015	0.000012951984075724996
0.802	0.000012954651255555689
0.8025	0.00001295731881049316
0.803	0.000012959986740511349
0.8035	0.000012962655045584044
0.804	0.000012965323725684889
0.8045	0.000012967992780787371
0.805	0.000012970662210864841
0.8055	0.000012973332015890493
0.806	0.000012976002195837371
0.8065	0.000012978672750678379
0.807	0.000012981343680386264
0.8075	0.000012984014984933626
0.808	0.000012986686664292915
0.8085	0.000012989358718436432
0.809	0.000012992031147336333
0.8095	0.000012994703950964614
0.81	0.000012997377129293132
0.8105	0.000013000050682293587
0.811	0.000013002724609937533
0.8115	0.000013005398912196368
0.812	0.000013008073589041344
0.8125	0.000013010748640443563
0.8130000000000001	0.000013013424066373973
0.8135	0.000013016099866803375
0.8140000000000001	0.000013018776041702414
0.8145	0.000013021452591041589
0.8150000000000001	0.00001302412951479124
0.8155	0.000013026806812921567
0.8160000000000001	0.000013029484485402609
0.8165	0.000013032162532204253
0.8170000000000001	0.000013034840953296243
0.8175	0.000013037519748648158
0.8180000000000001	0.00001304019891822944
0.8185	0.000013042878462009362
0.8190000000000001	0.000013045558379957058
0.8195	0.000013048238672041504
0.8200000000000001	0.000013050919338231522
0.8205	0.000013053600378495781
0.8210000000000001	0.000013056281792802802
0.8215	0.000013058963581120943
0.8220000000000001	0.00001306164574341842
0.8225	0.000013064328279663287
0.8230000000000001	0.00001306701118982345
0.8235	0.000013069694473866656
0.8240000000000001	0.0000130723781317605
0.8245	0.000013075062163472425
0.8250000000000001	0.000013077746568969718
0.8255	0.000013080431348219508
0.8260000000000001	0.000013083116501188779
0.8265	0.000013085802027844348
0.8270000000000001	0.000013088487928152887
0.8275	0.000013091174202080909
0.8280000000000001	0.000013093860849594772
0.8285	0.000013096547870660678
0.8290000000000001	0.000013099235265244675
0.8295	0.000013101923033312654
0.8300000000000001	0.000013104611174830353
0.8305	0.000013107299689763349
0.8310000000000001	0.00001310998857807707
0.8315	0.000013112677839736781
0.8320000000000001	0.000013115367474707594
0.8325	0.000013118057482954464
0.833	0.000013120747864442191
0.8335	0.000013123438619135417
0.834	0.000013126129746998624
0.8345	0.00001312882124799614
0.835	0.000013131513122092139
0.8355	0.000013134205369250633
0.836	0.000013136897989435474
0.8365	0.000013139590982610364
0.837	0.00001314228434873884
0.8375	0.000013144978087784289
0.838	0.00001314767219970993
0.8385	0.000013150366684478833
0.839	0.000013153061542053904
0.8395	0.000013155756772397893
0.84	0.000013158452375473386
0.8405	0.000013161148351242823
0.841	0.000013163844699668469
0.8415	0.000013166541420712441
0.842	0.000013169238514336693
0.8425	0.000013171935980503021
0.843	0.000013174633819173057
0.8435	0.000013177332030308281
0.844	0.000013180030613870006
0.8445	0.00001318272956981939
0.845	0.000013185428898117425
0.8455	0.00001318812859872495
0.846	0.000013190828671602641
0.8465	0.00001319352911671101
0.847	0.000013196229934010412
0.8475	0.00001319893112346104
0.848	0.000013201632685022926
0.8485	0.00001320433461865594
0.849	0.000013207036924319794
0.8495	0.000013209739601974034
0.85	0.000013212442651578047
0.8505	0.000013215146073091058
0.851	0.000013217849866472131
0.8515	0.000013220554031680167
0.852	0.000013223258568673903
0.8525	0.000013225963477411919
0.853	0.000013228668757852626
0.8535	0.000013231374409954277
0.854	0.00001323408043367496
0.8545	0.000013236786828972602
0.855	0.000013239493595804967
0.8555	0.000013242200734129654
0.856	0.000013244908243904097
0.8565	0.00001324761612508557
0.857	0.000013250324377631188
0.8575	0.00001325303300149789
0.858	0.000013255741996642459
0.8585	0.000013258451363021514
0.859	0.000013261161100591511
0.8595	0.000013263871209308735
0.86	0.000013266581689129313
0.8605	0.000013269292540009206
0.861	0.000013272003761904206
0.8615	0.000013274715354769948
0.862	0.000013277427318561895
0.8625	0.000013280139653235348
0.863	0.000013282852358745441
0.8635	0.000013285565435047146
0.864	0.000013288278882095266
0.8645	0.000013290992699844437
0.865	0.000013293706888249133
0.8655	0.000013296421447263662
0.866	0.00001329913637684216
0.8665	0.000013301851676938602
0.867	0.000013304567347506797
0.8675	0.000013307283388500385
0.868	0.000013309999799872838
0.8685	0.000013312716581577464
0.869	0.000013315433733567405
0.8695	0.00001331815125579563
0.87	0.000013320869148214945
0.8705	0.000013323587410777991
0.871	0.000013326306043437235
0.8715	0.000013329025046144978
0.872	0.000013331744418853357
0.8725	0.000013334464161514339
0.873	0.00001333718427407972
0.8735	0.000013339904756501132
0.874	0.000013342625608730034
0.8745	0.000013345346830717722
0.875	0.000013348068422415315
0.8755000000000001	0.000013350790383773773
0.876	0.000013353512714743878
0.8765000000000001	0.00001335623541527625
0.877	0.000013358958485321333
0.8775000000000001	0.000013361681924829407
0.878	0.00001336440573375058
0.8785000000000001	0.00001336712991203479
0.879	0.000013369854459631805
0.8795000000000001	0.000013372579376491226
0.88	0.000013375304662562476
0.8805000000000001	0.000013378030317794819
0.881	0.000013380756342137338
0.8815000000000001	0.000013383482735538953
0.882	0.000013386209497948407
0.8825000000000001	0.000013388936629314277
0.883	0.000013391664129584964
0.8835000000000001	0.000013394391998708707
0.884	0.000013397120236633559
0.8845000000000001	0.000013399848843307416
0.885	0.000013402577818677994
0.8855000000000001	0.000013405307162692841
0.886	0.00001340803687529933
0.8865000000000001	0.000013410766956444665
0.887	0.000013413497406075874
0.8875000000000001	0.000013416228224139816
0.888	0.000013418959410583178
0.8885000000000001	0.000013421690965352472
0.889	0.000013424422888394037
0.8895000000000001	0.00001342715517965404
0.89	0.000013429887839078477
0.8905000000000001	0.000013432620866613168
0.891	0.00001343535426220376
0.8915000000000001	0.000013438088025795726
0.892	0.00001344082215733437
0.8925000000000001	0.000013443556656764816
0.893	0.000013446291524032016
0.8935000000000001	0.000013449026759080753
0.894	0.000013451762361855626
0.8945000000000001	0.00001345449833230107
0.895	0.000013457234670361336
0.8955000000000001	0.000013459971375980511
0.896	0.000013462708449102497
0.8965	0.000013465445889671025
0.897	0.000013468183697629655
0.8975	0.000013470921872921766
0.898	0.000013473660415490565
0.8985	0.000013476399325279082
0.899	0.000013479138602230173
0.8995	0.000013481878246286514
0.9	0.000013484618257390611
0.9005	0.000013487358635484792
0.901	0.000013490099380511207
0.9015	0.00001349284049241183
0.902	0.000013495581971128461
0.9025	0.00001349832381660272
0.903	0.000013501066028776054
0.9035	0.000013503808607589731
0.904	0.000013506551552984841
0.9045	0.0000135092948649023
0.905	0.000013512038543282842
0.9055	0.000013514782588067029
0.906	0.000013517526999195244
0.9065	0.000013520271776607688
0.907	0.000013523016920244386
0.9075	0.000013525762430045193
0.908	0.000013528508305949774
0.9085	0.000013531254547897622
0.909	0.00001353400115582805
0.9095	0.000013536748129680195
0.91	0.000013539495469393014
0.9105	0.000013542243174905282
0.911	0.000013544991246155598
0.9115	0.000013547739683082384
0.912	0.000013550488485623878
0.9125	0.00001355323765371814
0.913	0.000013555987187303055
0.9135	0.000013558737086316324
0.914	0.000013561487350695467
0.9145	0.000013564237980377828
0.915	0.000013566988975300569
0.9155	0.00001356974033540067
0.916	0.000013572492060614935
0.9165	0.000013575244150879984
0.917	0.000013577996606132257
0.9175	0.000013580749426308014
0.918	0.000013583502611343336
0.9185	0.000013586256161174119
0.919	0.00001358901007573608
0.9195	0.000013591764354964753
0.92	0.000013594518998795494
0.9205	0.000013597274007163473
0.921	0.000013600029380003684
0.9215	0.000013602785117250934
0.922	0.000013605541218839852
0.9225	0.000013608297684704878
0.923	0.000013611054514780279
0.9235	0.000013613811709000133
0.924	0.00001361656926729834
0.9245	0.00001361932718960861
0.925	0.00001362208547586448
0.9255	0.000013624844125999298
0.926	0.00001362760313994623
0.9265	0.000013630362517638255
0.927	0.000013633122259008178
0.9275	0.000013635882363988613
0.928	0.000013638642832511994
0.9285	0.000013641403664510565
0.929	0.000013644164859916398
0.9295	0.000013646926418661366
0.93	0.000013649688340677173
0.9305	0.000013652450625895325
0.931	0.000013655213274247156
0.9315	0.000013657976285663804
0.932	0.00001366073966007623
0.9325	0.000013663503397415206
0.933	0.000013666267497611326
0.9335	0.000013669031960594987
0.934	0.000013671796786296412
0.9345	0.000013674561974645631
0.935	0.000013677327525572496
0.9355	0.000013680093439006665
0.936	0.000013682859714877617
0.9365	0.000013685626353114638
0.937	0.000013688393353646838
0.9375	0.000013691160716403129
0.9380000000000001	0.00001369392815909232
0.9385	0.000013696696848989627
0.9390000000000001	0.000013699465901119685
0.9395	0.000013702235315385606
0.9400000000000001	0.000013705005091690285
0.9405	0.000013707775229936397
0.9410000000000001	0.000013710545730026398
0.9415	0.00001371331659186252
0.9420000000000001	0.00001371608781534678
0.9425	0.000013718859400380968
0.9430000000000001	0.00001372163134686666
0.9435	0.000013724403654705211
0.9440000000000001	0.000013727176323797749
0.9445	0.000013729949354045182
0.9450000000000001	0.000013732722745348207
0.9455	0.000013735496497607287
0.9460000000000001	0.000013738270610722671
0.9465	0.000013741045084594382
0.9470000000000001	0.000013743819919122226
0.9475	0.000013746595114205785
0.9480000000000001	0.000013749370669744419
0.9485	0.000013752146585637264
0.9490000000000001	0.000013754922861783236
0.9495	0.00001375769949808103
0.9500000000000001	0.000013760476494429117
0.9505	0.000013763253850725744
0.9510000000000001	0.000013766031566868938
0.9515	0.000013768809642756499
0.9520000000000001	0.000013771588078286008
0.9525	0.000013774366873354823
0.9530000000000001	0.000013777146027860077
0.9535	0.000013779925541698678
0.9540000000000001	0.000013782705414767316
0.9545	0.00001378548564696245
0.9550000000000001	0.00001378826623818032
0.9555	0.000013791047188316941
0.9560000000000001	0.000013793828497268105
0.9565	0.000013796610164929377
0.9570000000000001	0.0000137993921911961
0.9575	0.000013802174575963394
0.9580000000000001	0.00001380495731912615
0.9585	0.000013807740420579037
0.9590000000000001	0.0000138105238802165
0.9595	0.000013813307697932756
0.96	0.000013816091873621801
0.9605	0.000013818876407177403
0.961	0.000013821661298493103
0.9615	0.00001382444654746222
0.962	0.000013827232153977848
0.9625	0.000013830018117932852
0.963	0.00001383280443921987
0.9635	0.00001383559111773132
0.964	0.000013838378153359389
0.9645	0.00001384116554599604
0.965	0.000013843953295533005
0.9655	0.000013846741401861798
0.966	0.0000138495298648737
0.9665	0.000013852318684459764
0.967	0.000013855107860510822
0.9675	0.000013857897392917475
0.968	0.000013860687281570096
0.9685	0.000013863477526358836
0.969	0.000013866268127173612
0.9695	0.00001386905908390412
0.97	0.000013871850396439817
0.9705	0.00001387464206466995
0.971	0.000013877434088483521
0.9715	0.000013880226467769316
0.972	0.000013883019202415885
0.9725	0.000013885812292311552
0.973	0.000013888605737344417
0.9735	0.000013891399537402345
0.974	0.000013894193692372975
0.9745	0.00001389698820214372
0.975	0.000013899783066601759
0.9755	0.000013902578285634044
0.976	0.0000139053738591273
0.9765	0.000013908169786968022
0.977	0.000013910966069042474
0.9775	0.00001391376270523669
0.978	0.000013916559695436475
0.9785	0.000013919357039527407
0.979	0.000013922154737394832
0.9795	0.000013924952788923865
0.98	0.000013927751193999391
0.9805	0.000013930549952506068
0.981	0.00001393334906432832
0.9815	0.00001393614852935034
0.982	0.000013938948347456096
0.9825	0.00001394174851852932
0.983	0.000013944549042453514
0.9835	0.000013947349919111951
0.984	0.00001395015114838767
0.9845	0.000013952952730163484
0.985	0.000013955754664321966
0.9855	0.000013958556950745466
0.986	0.000013961359589316098
0.9865	0.000013964162579915748
0.987	0.000013966965922426065
0.9875	0.000013969769616728473
0.988	0.000013972573662704155
0.9885	0.00001397537806023407
0.989	0.00001397818280919894
0.9895	0.000013980987909479257
0.99	0.000013983793360955278
0.9905	0.000013986599163507032
0.991	0.000013989405317014312
0.9915	0.000013992211821356676
0.992	0.000013995018676413454
0.9925	0.000013997825882063743
0.993	0.000014000633438186398
0.9935	0.000014003441344660053
0.994	0.000014006249601363102
0.9945	0.000014009058208173703
0.995	0.000014011867164969785
0.9955	0.000014014676471629044
0.996	0.000014017486128028938
0.9965	0.000014020296134046695
0.997	0.000014023106489559307
0.9975	0.00001402591719444353
0.998	0.00001402872824857589
0.9985	0.000014031539651832673
0.999	0.000014034351404089936
0.9995	0.0000140371635052235