0.	0.000011339680161263406
0.001	0.000011345354730520281
0.002	0.000011351032193641738
0.003	0.000011356712550220922
0.004	0.000011362395799837611
0.005	0.000011368081942058148
0.006	0.000011373770976435413
0.007	0.00001137946290250875
0.008	0.000011385157719803933
0.009000000000000001	0.000011390855427833104
0.01	0.000011396556026094735
0.011	0.000011402259514073568
0.012	0.000011407965891240558
0.013000000000000001	0.000011413675157052846
0.014	0.000011419387310953681
0.015	0.000011425102352372386
0.016	0.000011430820280724304
0.017	0.000011436541095410743
0.018000000000000002	0.00001144226479581893
0.019	0.00001144799138132196
0.02	0.000011453720851278739
0.021	0.000011459453205033945
0.022	0.000011465188441917965
0.023	0.00001147092656124685
0.024	0.000011476667562322263
0.025	0.00001148241144443143
0.026000000000000002	0.000011488158206847089
0.027	0.000011493907848827433
0.028	0.000011499660369616072
0.029	0.000011505415768441965
0.03	0.000011511174044519386
0.031	0.000011516935197047857
0.032	0.000011522699225212115
0.033	0.000011528466128182045
0.034	0.000011534235905112637
0.035	0.000011540008555143937
0.036000000000000004	0.00001154578407740099
0.037	0.00001155156247099379
0.038	0.000011557343735017237
0.039	0.000011563127868551077
0.04	0.000011568914870659854
0.041	0.000011574704740392863
0.042	0.000011580497476784096
0.043000000000000003	0.000011586293078852183
0.044	0.000011592085683820308
0.045	0.000011597878117079953
0.046	0.00001160367340251419
0.047	0.000011609471540703923
0.048	0.000011615272532222534
0.049	0.000011621076377635849
0.05	0.000011626883077502102
0.051000000000000004	0.000011632692632371903
0.052000000000000005	0.000011638505042788197
0.053	0.000011644320309286243
0.054	0.00001165013843239357
0.055	0.00001165595941262994
0.056	0.00001166178325050732
0.057	0.00001166760994652985
0.058	0.000011673439501193799
0.059000000000000004	0.000011679271914987533
0.06	0.000011685107188391488
0.061	0.000011690945321878127
0.062	0.000011696786315911906
0.063	0.000011702630170949242
0.064	0.000011708476887438476
0.065	0.000011714326465819839
0.066	0.000011720178906525412
0.067	0.000011726034209979099
0.068	0.000011731892376596588
0.069	0.00001173775340678531
0.07	0.000011743617300944416
0.07100000000000001	0.000011749484059464726
0.07200000000000001	0.000011755353682728704
0.073	0.000011761226171110421
0.074	0.000011767101524975517
0.075	0.000011772979744681169
0.076	0.000011778860830576045
0.077	0.000011784744783000283
0.078	0.00001179063160228544
0.079	0.000011796521288754469
0.08	0.000011802413842721674
0.081	0.00001180830926449268
0.082	0.000011814207554364386
0.083	0.000011820108712624945
0.084	0.000011826012739553712
0.085	0.000011831919635421218
0.08600000000000001	0.000011837829400489129
0.08700000000000001	0.000011843742035010211
0.088	0.00001184965753922829
0.089	0.000011855575913378218
0.09	0.00001186149715768584
0.091	0.000011867421272367952
0.092	0.00001187334825763226
0.093	0.000011879278113677356
0.094	0.000011885210840692667
0.095	0.000011891146438858429
0.096	0.000011897084908345644
0.097	0.000011903026249316042
0.098	0.000011908970461922049
0.099	0.000011914917546306747
0.1	0.000011920867502603831
0.101	0.000011926820330937582
0.10200000000000001	0.000011932776031422821
0.10300000000000001	0.00001193873460416488
0.10400000000000001	0.000011944696049259557
0.105	0.000011950660366793074
0.106	0.000011956627556842054
0.107	0.000011962597619473477
0.108	0.000011968570554744634
0.109	0.000011974546362703099
0.11	0.000011980525043386688
0.111	0.00001198650659682342
0.112	0.000011992491023031484
0.113	0.000011998478322019189
0.114	0.000012004468493784944
0.115	0.0000120104615383172
0.116	0.00001201645745559443
0.117	0.000012022456245585079
0.11800000000000001	0.000012028457908247526
0.11900000000000001	0.000012034462443530057
0.12	0.000012040469851370811
0.121	0.000012046480131697754
0.122	0.000012052493284428635
0.123	0.000012058509309470944
0.124	0.000012064528206721885
0.125	0.000012070549976068325
0.126	0.000012076574617386765
0.127	0.000012082602130543292
0.128	0.000012088632515393549
0.129	0.000012094665771782692
0.13	0.000012100701899545351
0.131	0.000012106740898505594
0.132	0.000012112782768476887
0.133	0.000012118827509262048
0.134	0.000012124875120653224
0.135	0.000012130925602431837
0.136	0.000012136978954368548
0.137	0.00001214303517622323
0.138	0.000012149094267744913
0.139	0.000012155156228671748
0.14	0.00001216122105873098
0.14100000000000001	0.000012167288757638896
0.14200000000000002	0.000012173359325100787
0.14300000000000002	0.00001217943276081092
0.14400000000000002	0.000012185509064452487
0.145	0.000012191588235697564
0.146	0.000012197670274207084
0.147	0.000012203755179630789
0.148	0.000012209842951607194
0.149	0.000012215933589763542
0.15	0.000012222027093715772
0.151	0.000012228123463068477
0.152	0.000012234222697414864
0.153	0.00001224032479633671
0.154	0.00001224642975940433
0.155	0.000012252537586176538
0.156	0.000012258648276200603
0.157	0.000012264761829012203
0.158	0.0000122708782441354
0.159	0.000012276997521082595
0.16	0.00001228311965935448
0.161	0.00001228924465844001
0.162	0.000012295372517816361
0.163	0.000012301503236948879
0.164	0.000012307636815291057
0.165	0.000012313773252284484
0.166	0.000012319912547358813
0.167	0.000012326054699931711
0.168	0.000012332199709408834
0.169	0.00001233834757518377
0.17	0.00001234449829663801
0.171	0.000012350651873140911
0.17200000000000001	0.00001235680830404965
0.17300000000000001	0.000012362967588709184
0.17400000000000002	0.000012369129726452214
0.17500000000000002	0.000012375294716599142
0.176	0.000012381462558458034
0.177	0.000012387633251324579
0.178	0.000012393806794482049
0.179	0.000012399983187201256
0.18	0.000012406162428740522
0.181	0.00001241234451834563
0.182	0.000012418529455249785
0.183	0.000012424717238673579
0.184	0.00001243090786782495
0.185	0.000012437101341899141
0.186	0.000012443297660078654
0.187	0.000012449496821533223
0.188	0.000012455698825419768
0.189	0.000012461903670882351
0.19	0.000012468111357052143
0.191	0.000012474321883047383
0.192	0.000012480535247973333
0.193	0.000012486751450922248
0.194	0.000012492970490973324
0.195	0.000012499192367192673
0.196	0.000012505417078633269
0.197	0.000012511644624334917
0.198	0.000012517875003324214
0.199	0.000012524108214614504
0.2	0.00001253034425720584
0.201	0.000012536583130084946
0.202	0.000012542824832225185
0.203	0.000012549069362586504
0.20400000000000001	0.0000125553167201154
0.20500000000000002	0.00001256156690374489
0.20600000000000002	0.00001256781991239446
0.20700000000000002	0.000012574075744970035
0.20800000000000002	0.000012580334400363928
0.209	0.000012586595877454812
0.21	0.000012592860175107675
0.211	0.000012599127292173785
0.212	0.000012605397227490639
0.213	0.000012611669979881944
0.214	0.000012617945548157561
0.215	0.00001262422393111347
0.216	0.000012630505127531731
0.217	0.000012636789136180456
0.218	0.000012643074534047334
0.219	0.000012649357438758203
0.22	0.000012655643144663263
0.221	0.000012661931651918301
0.222	0.000012668222960671438
0.223	0.000012674517071063105
0.224	0.000012680813983226006
0.225	0.000012687113697285096
0.226	0.000012693416213357557
0.227	0.000012699721531552757
0.228	0.000012706029651972231
0.229	0.000012712340574709649
0.23	0.000012718654299850786
0.231	0.0000127249708274735
0.232	0.000012731290157647694
0.233	0.000012737612290435293
0.234	0.000012743937225890212
0.23500000000000001	0.000012750264964058335
0.23600000000000002	0.000012756595504977472
0.23700000000000002	0.000012762928848677346
0.23800000000000002	0.00001276926499517955
0.23900000000000002	0.00001277560394449753
0.24	0.000012781945696636545
0.241	0.000012788290251593648
0.242	0.000012794637609357648
0.243	0.000012800987769909087
0.244	0.000012807340733220211
0.245	0.000012813696499254936
0.246	0.00001282005506796882
0.247	0.000012826416439309044
0.248	0.000012832780613214363
0.249	0.000012839147589615092
0.25	0.000012845517368433076
0.251	0.000012851889949581654
0.252	0.000012858265332965629
0.253	0.000012864643518481252
0.254	0.000012871024506016175
0.255	0.000012877408295449425
0.256	0.000012883794886651396
0.257	0.000012890184279483783
0.258	0.00001289657647379958
0.259	0.000012902971469443048
0.26	0.00001290936926624967
0.261	0.000012915769864046134
0.262	0.000012922173262650303
0.263	0.000012928579461871179
0.264	0.000012934988461508874
0.265	0.000012941400261354595
0.266	0.00001294781486119059
0.267	0.000012954232260790133
0.268	0.000012960652459917496
0.269	0.000012967075458327911
0.27	0.000012973501255767546
0.271	0.00001297992985197347
0.272	0.000012986361246673631
0.273	0.00001299279543958682
0.274	0.000012999232430422638
0.275	0.000013005672218881474
0.276	0.000013012114804654468
0.277	0.000013018560187423492
0.278	0.000013025008366861105
0.279	0.000013031459342630534
0.28	0.000013037913114385636
0.281	0.000013044369681770875
0.28200000000000003	0.000013050829044421294
0.28300000000000003	0.00001305729120196247
0.28400000000000003	0.0000130637561540105
0.28500000000000003	0.000013070223900171968
0.28600000000000003	0.0000130766944400439
0.28700000000000003	0.000013083167773213758
0.28800000000000003	0.00001308964389925939
0.289	0.000013096122817749007
0.29	0.00001310260452824116
0.291	0.000013109089030284693
0.292	0.000013115576323418729
0.293	0.00001312206640717263
0.294	0.00001312855928106597
0.295	0.000013135054944608508
0.296	0.00001314155339730015
0.297	0.000013148054638630924
0.298	0.000013154558668080952
0.299	0.000013161065485120413
0.3	0.000013167575089209521
0.301	0.000013174087479798483
0.302	0.000013180602656327482
0.303	0.000013187120618226633
0.304	0.00001319364136491597
0.305	0.000013200164895805398
0.306	0.000013206691210294676
0.307	0.000013213220307773372
0.308	0.000013219752187620853
0.309	0.000013226286849206233
0.31	0.000013232824291888362
0.311	0.000013239364515015782
0.312	0.000013245907517926702
0.313	0.000013252453299948965
0.314	0.000013259001860400027
0.315	0.000013265553198586909
0.316	0.000013272107313806183
0.317	0.00001327866420534394
0.318	0.000013285223872475748
0.319	0.00001329178631446663
0.32	0.000013298351530571037
0.321	0.000013304919520032809
0.322	0.000013311490282085154
0.323	0.000013318063815950608
0.324	0.000013324640120841014
0.325	0.000013331219195957485
0.326	0.000013337801040490374
0.327	0.00001334438565361925
0.328	0.000013350973034512865
0.329	0.000013357563182329115
0.33	0.000013364156096215023
0.331	0.0000133707517753067
0.332	0.000013377350218729325
0.333	0.000013383951425597095
0.334	0.000013390555395013217
0.335	0.000013397162126069865
0.336	0.000013403771617848155
0.337	0.000013410383869418112
0.338	0.000013416998879838638
0.339	0.000013423616648157489
0.34	0.000013430237173411241
0.341	0.000013436860454625253
0.342	0.000013443486490813652
0.343	0.000013450115280979293
0.34400000000000003	0.000013456746824113725
0.34500000000000003	0.000013463381119197172
0.34600000000000003	0.000013470018165198497
0.34700000000000003	0.000013476657961075171
0.34800000000000003	0.00001348330050577325
0.34900000000000003	0.000013489945798227331
0.35000000000000003	0.00001349659383736054
0.35100000000000003	0.000013503244622084492
0.352	0.000013509898151299257
0.353	0.00001351655442389334
0.354	0.000013523213438743651
0.355	0.000013529875194715464
0.356	0.0000135365396906624
0.357	0.000013543206925426388
0.358	0.000013549876897837646
0.359	0.000013556549606714637
0.36	0.000013563225050864053
0.361	0.000013569903229080782
0.362	0.00001357658414014787
0.363	0.000013583267782836499
0.364	0.000013589954155905965
0.365	0.000013596643258103626
0.366	0.000013603335088164903
0.367	0.00001361002964481322
0.368	0.000013616726926760002
0.369	0.000013623426932704626
0.37	0.0000136301296613344
0.371	0.000013636835111324533
0.372	0.000013643543281338106
0.373	0.000013650254170026045
0.374	0.000013656967776027088
0.375	0.000013663684097967758
0.376	0.000013670403134462337
0.377	0.00001367712488411283
0.378	0.000013683849345508937
0.379	0.000013690576517228042
0.38	0.000013697304809505508
0.381	0.000013704032259286837
0.382	0.00001371076241050723
0.383	0.000013717495262959974
0.384	0.00001372423081643099
0.385	0.0000137309690706988
0.386	0.000013737710025534518
0.387	0.000013744453680701821
0.388	0.000013751200035956928
0.389	0.000013757949091048574
0.39	0.000013764700845717997
0.391	0.0000137714552996989
0.392	0.000013778212452717444
0.393	0.000013784972304492221
0.394	0.000013791734854734222
0.395	0.000013798500103146824
0.396	0.000013805268049425772
0.397	0.000013812038693259142
0.398	0.000013818812034327328
0.399	0.000013825588072303018
0.4	0.000013832366806851173
0.401	0.000013839148237629
0.402	0.000013845932364285931
0.403	0.000013852719186463604
0.404	0.000013859508703795832
0.405	0.00001386630091590859
0.406	0.000013873095822419988
0.40700000000000003	0.000013879893422940247
0.40800000000000003	0.000013886693717071677
0.40900000000000003	0.000013893496704408653
0.41000000000000003	0.000013900302384537602
0.41100000000000003	0.00001390711075703696
0.41200000000000003	0.000013913921821477175
0.41300000000000003	0.000013920735577420662
0.41400000000000003	0.00001392755202442179
0.41500000000000004	0.000013934371162026865
0.41600000000000004	0.000013941192989774092
0.417	0.000013948017507193563
0.418	0.00001395484471380724
0.419	0.000013961674609128917
0.42	0.000013968507192664204
0.421	0.000013975342463910509
0.422	0.000013982180422357008
0.423	0.000013989021067484628
0.424	0.000013995864398766018
0.425	0.000014002710415665535
0.426	0.000014009559117639209
0.427	0.000014016410504134736
0.428	0.000014023264574591437
0.429	0.000014030121328440251
0.43	0.000014036980765103706
0.431	0.000014043842883995889
0.432	0.000014050707684522441
0.433	0.000014057575166080512
0.434	0.000014064445328058761
0.435	0.00001407131816983731
0.436	0.000014078193690787745
0.437	0.000014085071890273074
0.438	0.000014091952767647709
0.439	0.000014098836322257454
0.44	0.00001410572255343947
0.441	0.000014112611460522255
0.442	0.000014119503042825624
0.443	0.000014126397299660684
0.444	0.000014133294230329811
0.445	0.000014140193834126631
0.446	0.000014147096110335994
0.447	0.000014154001058233947
0.448	0.00001416090867708772
0.449	0.000014167818966155701
0.45	0.00001417473192468741
0.451	0.000014181647551923474
0.452	0.000014188565847095613
0.453	0.00001419548680942661
0.454	0.000014202410438130293
0.455	0.000014209336732411508
0.456	0.0000142162656914661
0.457	0.000014223197314480885
0.458	0.000014230131600633637
0.459	0.000014237068549093057
0.46	0.00001424400815901875
0.461	0.000014250950429561212
0.462	0.000014257895359861791
0.463	0.000014264842949052685
0.464	0.000014271793196256904
0.465	0.000014278746100588248
0.466	0.000014285701661151295
0.467	0.000014292659877041369
0.468	0.000014299620747344519
0.46900000000000003	0.000014306584271137504
0.47000000000000003	0.000014313550447487758
0.47100000000000003	0.000014320519275453374
0.47200000000000003	0.000014327490754083093
0.47300000000000003	0.000014334464882416252
0.47400000000000003	0.000014341441659482797
0.47500000000000003	0.000014348421084303235
0.47600000000000003	0.000014355403155888621
0.47700000000000004	0.000014362387873240536
0.47800000000000004	0.00001436937523535106
0.47900000000000004	0.000014376365241202762
0.48	0.000014383357889768659
0.481	0.00001439035318001221
0.482	0.000014397351110887289
0.483	0.000014404351681338154
0.484	0.000014411354890299437
0.485	0.000014418360736696118
0.486	0.000014425369219443502
0.487	0.000014432380337447192
0.488	0.000014439394089603077
0.489	0.000014446410474797304
0.49	0.00001445342949190625
0.491	0.000014460451139796519
0.492	0.000014467475417324896
0.493	0.000014474502323338343
0.494	0.000014481531856673973
0.495	0.000014488564016159017
0.496	0.000014495598800610817
0.497	0.000014502636208836802
0.498	0.000014509676239634454
0.499	0.000014516718891791304
0.5	0.000014523764164084893
0.503	0.000014544915689411352
0.506	0.000014566090750997248
0.509	0.000014587289314206345
0.512	0.000014608511343579905
0.515	0.000014629756802831476
0.518	0.000014651025654841733
0.521	0.000014672317861653347
0.524	0.000014693633384465867
0.527	0.000014714972183630659
0.53	0.000014736334218645856
0.533	0.000014757714436978442
0.536	0.00001477911091481726
0.539	0.000014800530505358464
0.542	0.000014821973194640545
0.545	0.000014843438968146026
0.548	0.000014864927810797343
0.551	0.00001488643970695274
0.554	0.000014907974640402127
0.557	0.000014929532594362984
0.56	0.000014951113551476237
0.563	0.000014972717493802146
0.5660000000000001	0.000014994344402816212
0.569	0.00001501599425940505
0.5720000000000001	0.000015037667043862324
0.575	0.000015059362735884631
0.578	0.000015081081314567435
0.581	0.000015102822758400969
0.584	0.00001512458704526619
0.587	0.000015146374152430697
0.59	0.000015168184056544695
0.593	0.000015190016733636939
0.596	0.000015211872159110717
0.599	0.000015233750307739812
0.602	0.00001525565115366451
0.605	0.000015277574670387594
0.608	0.000015299520830770358
0.611	0.000015321489607028647
0.614	0.000015343480970728897
0.617	0.000015365494892784196
0.62	0.00001538753134345036
0.623	0.00001540959029232203
0.626	0.000015431671708328775
0.629	0.000015453775559731233
0.632	0.00001547590181411726
0.635	0.000015498050438398077
0.638	0.000015520221398804486
0.641	0.00001554241466088307
0.644	0.000015564630189492433
0.647	0.000015586867948799434
0.65	0.000015609127902275494
0.653	0.00001563141001269289
0.656	0.00001565371424212108
0.659	0.000015676040551923073
0.662	0.000015698388902751804
0.665	0.000015720759254546545
0.668	0.00001574315156652935
0.671	0.00001576556579720153
0.674	0.000015788001904340145
0.677	0.00001581045643414248
0.6799999999999999	0.000015832926899801463
0.683	0.000015855419118746812
0.6859999999999999	0.000015877933071533917
0.6890000000000001	0.000015900468738223905
0.692	0.00001592302609838061
0.6950000000000001	0.0000159456051310676
0.698	0.00001596820581484517
0.7010000000000001	0.00001599082812776739
0.704	0.000016013472047379095
0.7070000000000001	0.000016036137550712953
0.71	0.00001605882461428649
0.713	0.00001608153321409915
0.716	0.000016104263325629372
0.719	0.000016127014923831624
0.722	0.000016149787983133537
0.725	0.000016172582477432966
0.728	0.0000161953983800951
0.731	0.0000162182356639496
0.734	0.00001624109430128771
0.737	0.000016263974263859417
0.74	0.000016286875522870592
0.743	0.000016309798048980167
0.746	0.00001633274181229734
0.749	0.00001635570678237875
0.752	0.000016378692928225705
0.755	0.00001640170021828142
0.758	0.000016424728620428254
0.761	0.000016447778101984988
0.764	0.000016470848629704103
0.767	0.00001649394016976908
0.77	0.00001651705268779173
0.773	0.00001654018614880952
0.776	0.000016563340517282947
0.779	0.000016586515757092904
0.782	0.000016609711831538094
0.785	0.000016632928703332437
0.788	0.00001665616633460253
0.7909999999999999	0.000016679424686885096
0.794	0.00001670270372112449
0.7969999999999999	0.000016726003397670205
0.8	0.0000167493236762744
0.8029999999999999	0.00001677266451608947
0.806	0.00001679602587566564
0.8089999999999999	0.00001681940771294856
0.812	0.00001684280998527696
0.815	0.00001686622936813919
0.8180000000000001	0.000016889665104860994
0.821	0.000016913121157553552
0.8240000000000001	0.000016936597503048956
0.827	0.000016960094117749463
0.8300000000000001	0.000016983610977625372
0.833	0.000017007148058212915
0.8360000000000001	0.000017030705334612136
0.839	0.0000170542827814848
0.8420000000000001	0.000017077880373052307
0.845	0.000017101498083093614
0.8480000000000001	0.000017125135884943156
0.851	0.00001714879375148881
0.854	0.000017172471655169826
0.857	0.00001719616956797481
0.86	0.000017219887461439682
0.863	0.000017243625306645694
0.866	0.00001726738307421739
0.869	0.00001729116073432066
0.872	0.00001731495825666074
0.875	0.00001733877561048026
0.878	0.000017362612764557297
0.881	0.000017386469687203443
0.884	0.00001741034634626189
0.887	0.000017434242709105515
0.89	0.000017458158742635005
0.893	0.00001748209441327697
0.896	0.000017506049686982096
0.899	0.000017530024529223308
0.902	0.000017554018904993915
0.905	0.000017578032778805847
0.908	0.000017602066114687823
0.911	0.000017626118876183603
0.914	0.00001765019102635022
0.917	0.000017674282527756243
0.9199999999999999	0.000017698393342480063
0.923	0.00001772252343210819
0.9259999999999999	0.00001774667275773357
0.929	0.000017770841279953935
0.9319999999999999	0.00001779502895887013
0.935	0.000017819235754084545
0.938	0.000017843461624699463
0.9410000000000001	0.00001786770652931552
0.944	0.00001789197042603011
0.9470000000000001	0.000017916251585660537
0.95	0.000017940547577056663
0.9530000000000001	0.000017964862442248808
0.956	0.000017989196155941554
0.9590000000000001	0.00001801354869247231
0.962	0.0000180379200258098
0.9650000000000001	0.000018062310129552648
0.968	0.000018086718976927886
0.9710000000000001	0.000018111146540789553
0.974	0.000018135592793617204
0.9770000000000001	0.00001816005770751455
0.98	0.00001818454125420799
0.983	0.00001820904340504526
0.986	0.00001823356413099398
0.989	0.000018258103402640332
0.992	0.000018282661190187642
0.995	0.000018307237463455047
0.998	0.000018331832191876128
1.001	0.000018356445344497586
1.004	0.00001838107688997791
1.0070000000000001	0.00001840572679658607
1.01	0.00001843039503220019
1.013	0.000018455081564306296
1.016	0.00001847978635999701
1.0190000000000001	0.000018504509385970305
1.022	0.000018529250608528228
1.025	0.000018554009993575705
1.028	0.000018578787506619273
1.0310000000000001	0.0000186035831127659
1.034	0.00001862839677672177
1.037	0.000018653228462791117
1.04	0.000018678078134875048
1.0430000000000001	0.000018702945756470393
1.046	0.000018727831290668567
1.049	0.00001875273470015445
1.052	0.00001877765594720528
1.0550000000000002	0.00001880259499368956
1.058	0.00001882755180106598
1.061	0.00001885252633038237
1.064	0.000018877518542274646
1.0670000000000002	0.00001890252839696579
1.07	0.00001892755585426483
1.073	0.00001895260087356588
1.076	0.000018977660652783576
1.079	0.000019002736074008117
1.0819999999999999	0.00001902782894844098
1.085	0.00001905293924966403
1.088	0.000019078066950948653
1.091	0.00001910321202525476
1.0939999999999999	0.000019128374445229825
1.097	0.000019153554183207893
1.1	0.00001917875121120862
1.103	0.00001920396550093631
1.1059999999999999	0.000019229197023778977
1.109	0.000019254445750807392
1.112	0.000019279711652774158
1.115	0.000019304994700112785
1.1179999999999999	0.000019330294862936784
1.121	0.000019355612111038763
1.124	0.00001938094641388951
1.127	0.00001940629774063714
1.13	0.00001943166606010621
1.133	0.00001945705134079685
1.1360000000000001	0.000019482453550883896
1.139	0.000019507872658216083
1.142	0.000019533308630315177
1.145	0.000019558761434375165
1.1480000000000001	0.000019584231037261443
1.151	0.000019609717405510016
1.154	0.000019635220505326706
1.157	0.000019660740302586368
1.1600000000000001	0.000019686276762832132
1.163	0.000019711829851274644
1.166	0.00001973739953279131
1.169	0.000019762985771925593
1.1720000000000002	0.00001978858853288625
1.175	0.00001981420777954667
1.178	0.000019839843475444134
1.181	0.000019865495583779167
1.1840000000000002	0.000019891164067414846
1.187	0.00001991684888887615
1.19	0.000019942550010349314
1.193	0.00001996826739368119
1.1960000000000002	0.000019994001000378645
1.199	0.000020019750266620304
1.202	0.000020045512501596112
1.205	0.00002007129085068055
1.208	0.000020097085287434668
1.2109999999999999	0.000020122895785159836
1.214	0.00002014872231689709
1.217	0.000020174564855426457
1.22	0.00002020042337326635
1.2229999999999999	0.000020226297842672898
1.226	0.00002025218823563934
1.229	0.000020278094523895385
1.232	0.000020304016678906605
1.2349999999999999	0.000020329954671873833
1.238	0.00002035590847373256
1.241	0.000020381878055152333
1.244	0.00002040786338653618
1.2469999999999999	0.000020433864438020042
1.25	0.000020459881179472182
1.2530000000000001	0.000020485913580492636
1.256	0.000020511961610412667
1.259	0.00002053802523829421
1.262	0.000020564104432929347
1.2650000000000001	0.000020590199162839755
1.268	0.000020616309396276215
1.271	0.00002064243510121809
1.274	0.000020668576245372822
1.2770000000000001	0.000020694732796175433
1.28	0.00002072090472078805
1.283	0.000020747091986099432
1.286	0.000020773294558724487
1.2890000000000001	0.000020799512405003832
1.292	0.000020825745491003342
1.295	0.000020851993782513696
1.298	0.000020878257245049978
1.3010000000000002	0.000020904535843851222
1.304	0.00002093082954388003
1.307	0.00002095713830982216
1.31	0.000020983462106086136
1.3130000000000002	0.000021009800896802865
1.316	0.000021036154645825283
1.319	0.000021062523316727967
1.322	0.000021088904674373177
1.3250000000000002	0.000021115300081595264
1.328	0.00002114171031434737
1.331	0.000021168135346525913
1.334	0.000021194575151810815
1.337	0.00002122102970366505
1.3399999999999999	0.000021247498975334265
1.343	0.000021273982939846346
1.346	0.00002130048157001103
1.349	0.000021326994838419498
1.3519999999999999	0.000021353522717443996
1.355	0.000021380065179237443
1.358	0.000021406622195733047
1.361	0.00002143319373864394
1.3639999999999999	0.00002145977977946281
1.367	0.000021486380289461546
1.37	0.000021512995239690868
1.373	0.000021539624600979988
1.376	0.000021566268343936274
1.379	0.00002159292643894491
1.3820000000000001	0.000021619598856168564
1.385	0.000021646285565547065
1.388	0.0000216729865367971
1.391	0.0000216997017394119
1.3940000000000001	0.000021726431142660915
1.397	0.000021753174715589557
1.4	0.000021779932427018893
1.403	0.000021806704245545358
1.4060000000000001	0.00002183349013954049
1.409	0.00002186029007715065
1.412	0.000021887104026296795
1.415	0.000021913931954674184
1.4180000000000001	0.000021940773829752155
1.421	0.000021967629618773877
1.424	0.00002199449928875614
1.427	0.0000220213828064891
1.4300000000000002	0.00002204828013853609
1.433	0.000022075191251233388
1.436	0.00002210211611069005
1.439	0.000022129054137372663
1.4420000000000002	0.000022156003939058792
1.445	0.000022182967392535485
1.448	0.00002220994447270359
1.451	0.000022236935154284503
1.4540000000000002	0.00002226393941181992
1.457	0.00002229095721967156
1.46	0.00002231798855202094
1.463	0.000022345033382869088
1.466	0.000022372091686036332
1.4689999999999999	0.000022399163435162038
1.472	0.0000224262486037044
1.475	0.000022453347164940164
1.478	0.00002248045909196444
1.4809999999999999	0.000022507584357690488
1.484	0.00002253472293484947
1.487	0.000022561874795990244
1.49	0.00002258903991347918
1.4929999999999999	0.000022616218259499936
1.496	0.000022643409806053275
1.499	0.00002267061452495687
1.502	0.000022697832387845096
1.5050000000000001	0.000022725063366168896
1.508	0.00002275230743119556
1.5110000000000001	0.000022779564554008566
1.514	0.000022806834705507433
1.5170000000000001	0.00002283411785640753
1.52	0.000022861413977239946
1.5230000000000001	0.00002288872303835133
1.526	0.00002291604500990374
1.529	0.000022943379861874517
1.532	0.00002297072756405615
1.535	0.000022998088086056125
1.538	0.00002302546139729683
1.541	0.000023052847467015433
1.544	0.000023080246264263758
1.547	0.000023107657757908186
1.55	0.000023135081916629565
1.553	0.000023162518708923087
1.556	0.00002318996711808543
1.559	0.00002321742707144688
1.562	0.000023244899572247198
1.565	0.000023272384596516923
1.568	0.000023299882120138015
1.571	0.000023327392118843663
1.574	0.00002335491456821817
1.577	0.000023382449443696768
1.58	0.000023409996720565514
1.583	0.000023437556373961106
1.586	0.000023465128378870787
1.589	0.000023492712710132175
1.592	0.000023520309342433168
1.595	0.00002354791825031178
1.598	0.000023575539408156054
1.601	0.000023603172790203926
1.604	0.00002363081837054311
1.607	0.00002365847612311099
1.61	0.000023686146021694502
1.613	0.000023713828039930048
1.616	0.0000237415221513034
1.619	0.000023769228329149572
1.622	0.000023796946546652755
1.625	0.000023824676776846232
1.6280000000000001	0.000023852418992612278
1.631	0.00002388017316668208
1.6340000000000001	0.00002390793927163568
1.637	0.00002393571727990188
1.6400000000000001	0.00002396350716375821
1.643	0.000023991308895330797
1.6460000000000001	0.00002401912244659439
1.649	0.000024046947789372233
1.6520000000000001	0.00002407478489533607
1.655	0.00002410263373600604
1.658	0.000024130494282750686
1.661	0.0000241583665067869
1.664	0.000024186250379179865
1.667	0.000024214145870843063
1.67	0.000024242052234497122
1.673	0.000024269969214051804
1.676	0.000024297897732705944
1.679	0.000024325837767834284
1.682	0.000024353789296688662
1.685	0.000024381752296397956
1.688	0.000024409726743967976
1.691	0.000024437712616281394
1.694	0.00002446570989009767
1.697	0.00002449371854205298
1.7	0.00002452173854866013
1.703	0.000024549769886308508
1.706	0.000024577812531263998
1.709	0.000024605866459668946
1.712	0.00002463393164754206
1.715	0.000024662008070778396
1.718	0.000024690095705149263
1.721	0.000024718194526302218
1.724	0.000024746304509760967
1.727	0.00002477442563092536
1.73	0.000024802557865071325
1.733	0.000024830701187350842
1.736	0.0000248588555727919
1.739	0.000024887020996298464
1.742	0.000024915197432650443
1.745	0.000024943384856503672
1.748	0.00002497158324238988
1.7510000000000001	0.000024999792564716655
1.754	0.00002502801279776746
1.7570000000000001	0.000025056243915701586
1.76	0.000025084485892554157
1.7630000000000001	0.000025112738702236112
1.766	0.0000251410023185342
1.7690000000000001	0.000025169276715110995
1.772	0.000025197561865504863
1.7750000000000001	0.000025225857743129995
1.778	0.000025254164321276403
1.781	0.000025282481573109924
1.784	0.000025310808136737745
1.787	0.000025339145274913524
1.79	0.000025367493015815323
1.793	0.000025395851338175967
1.796	0.00002542422022062662
1.799	0.00002545259964169673
1.802	0.000025480989579814024
1.805	0.00002550939001330444
1.808	0.000025537800920392117
1.811	0.000025566222279199342
1.814	0.00002559465406774656
1.817	0.000025623096263952303
1.82	0.000025651548845633206
1.823	0.000025680011790503955
1.826	0.000025708485076177297
1.829	0.000025736968680163994
1.832	0.00002576546257987283
1.835	0.000025793966752610584
1.838	0.000025822481175582036
1.841	0.00002585100582588994
1.844	0.00002587954068053503
1.847	0.000025908085716416014
1.85	0.000025936640910329572
1.853	0.00002596520623897036
1.856	0.000025993781678931005
1.859	0.000026022367206702114
1.862	0.0000260509627986723
1.865	0.00002607956843112815
1.868	0.000026108184080254286
1.871	0.00002613680972213334
1.874	0.000026165445332746
1.877	0.000026194090887971008
1.8800000000000001	0.000026222746363585198
1.883	0.00002625141173526351
1.8860000000000001	0.000026280086978579015
1.889	0.00002630877206900296
1.8920000000000001	0.00002633746696184082
1.895	0.00002636617051449341
1.8980000000000001	0.00002639488384413199
1.901	0.000026423606931008297
1.9040000000000001	0.00002645233975528994
1.907	0.000026481082297060377
1.91	0.000026509834536318915
1.913	0.0000265385964529807
1.916	0.0000265673680268767
1.919	0.00002659614923775371
1.922	0.000026624940065274347
1.925	0.00002665374048901704
1.928	0.000026682550488476048
1.931	0.000026711370043061438
1.934	0.00002674019913209911
1.937	0.00002676903773483078
1.94	0.000026797885830414004
1.943	0.000026826743397922183
1.946	0.000026855610416344563
1.949	0.000026884486864586257
1.952	0.000026913372721468243
1.955	0.00002694226796572741
1.958	0.000026971172576016533
1.961	0.000027000086530904325
1.964	0.00002702900980887543
1.967	0.00002705794238833048
1.97	0.000027086884247586073
1.973	0.000027115835364874836
1.976	0.000027144795718345428
1.979	0.000027173765286062588
1.982	0.000027202744046007143
1.985	0.000027231731976076066
1.988	0.000027260729054082475
1.991	0.000027289735257755714
1.994	0.000027318750564741342
1.997	0.00002734777495260121
2.	0.00002737680839881348
2.003	0.000027405850364084865
2.0060000000000002	0.00002743490088640785
2.0090000000000003	0.00002746396040492739
2.012	0.000027493028901260423
2.015	0.00002752210635695414
2.018	0.000027551192753485995
2.021	0.00002758028807226372
2.024	0.00002760939229462532
2.027	0.00002763850540183909
2.0300000000000002	0.000027667627375103638
2.0330000000000004	0.000027696758195547873
2.036	0.000027725897844231044
2.0389999999999997	0.000027755046302142738
2.042	0.000027784203550202904
2.045	0.000027813369569261874
2.048	0.000027842544340100364
2.051	0.000027871727843429517
2.0540000000000003	0.00002790092005989091
2.057	0.000027930120970056575
2.06	0.000027959330554429045
2.0629999999999997	0.000027988548793441348
2.066	0.00002801777566745706
2.069	0.000028047011156770302
2.072	0.000028076255241605812
2.075	0.00002810550790211893
2.0780000000000003	0.00002813476911839567
2.081	0.000028164038870452714
2.084	0.000028193317138237484
2.0869999999999997	0.00002822260390162815
2.09	0.00002825189914043368
2.093	0.000028281202834393872
2.096	0.0000283105149631794
2.099	0.000028339835506391846
2.1020000000000003	0.000028369164443563752
2.105	0.000028398501754158656
2.108	0.00002842784741757114
2.1109999999999998	0.000028457201040638684
2.114	0.000028486562525075265
2.117	0.000028515932304987044
2.12	0.000028545310363353702
2.123	0.000028574696683097
2.1260000000000003	0.00002860409124708081
2.129	0.000028633494038111112
2.132	0.000028662905038936048
2.135	0.000028692324232245886
2.138	0.0000287217516006731
2.141	0.000028751187126792343
2.144	0.000028780630793120495
2.1470000000000002	0.000028810082582116682
2.1500000000000004	0.000028839542476182288
2.153	0.000028869010457660997
2.156	0.000028898486508838807
2.159	0.00002892797061194405
2.162	0.000028957462749147456
2.165	0.000028986962902562125
2.168	0.0000290164710542436
2.1710000000000003	0.00002904598718618988
2.174	0.000029075511280341454
2.177	0.000029105043318581347
2.1799999999999997	0.000029134583282735116
2.183	0.000029164131154570942
2.186	0.0000291936869157996
2.189	0.000029223250548074547
2.192	0.000029252822032991936
2.1950000000000003	0.00002928240135209065
2.198	0.000029311988486852363
2.201	0.00002934158341870156
2.2039999999999997	0.000029371186129005577
2.207	0.00002940079659907467
2.21	0.000029430414810162027
2.213	0.000029460040743463825
2.216	0.00002948967438011927
2.2190000000000003	0.000029519315183996913
2.222	0.000029548963472706377
2.225	0.00002957861941309878
2.2279999999999998	0.00002960828298943052
2.231	0.00002963795418590983
2.234	0.000029667632986696765
2.237	0.000029697319375903237
2.24	0.000029727013337593042
2.2430000000000003	0.00002975671485578188
2.246	0.00002978642391443738
2.249	0.000029816140497479126
2.252	0.00002984586458877868
2.255	0.000029875596172159617
2.258	0.00002990533523139753
2.261	0.00002993508175022009
2.2640000000000002	0.00002996483571230704
2.2670000000000003	0.000029994597101290264
2.27	0.000030024365900753777
2.273	0.000030054142094233783
2.276	0.000030083925665218694
2.279	0.00003011371659714918
2.282	0.000030143514873418168
2.285	0.000030173320477370902
2.2880000000000003	0.000030203133392304982
2.2910000000000004	0.000030232953601470383
2.294	0.000030262781088069484
2.2969999999999997	0.000030292615835257136
2.3	0.00003032245782614068
2.303	0.000030352307043779982
2.306	0.000030382163471187465
2.309	0.000030412027091328177
2.3120000000000003	0.000030441897887119807
2.315	0.00003047177584143273
2.318	0.000030501660937090066
2.3209999999999997	0.00003053155315686769
2.324	0.00003056145227237628
2.327	0.0000305913580919804
2.33	0.00003062127098724031
2.333	0.00003065119094364451
2.3360000000000003	0.00003068111794664132
2.339	0.00003071105198163883
2.342	0.000030740993034005036
2.3449999999999998	0.00003077094108906776
2.348	0.00003080089613211476
2.351	0.00003083085814839369
2.354	0.000030860827123112154
2.357	0.00003089080304143773
2.3600000000000003	0.000030920785888498025
2.363	0.000030950775649380635
2.366	0.00003098077230913325
2.3689999999999998	0.00003101077585276361
2.372	0.00003104078626523962
2.375	0.00003107080353148928
2.378	0.00003110082763640079
2.3810000000000002	0.00003113085856482256
2.3840000000000003	0.000031160896301563236
2.387	0.00003119094083139173
2.39	0.000031220992139037256
2.393	0.000031251050209189375
2.396	0.00003128111502649801
2.399	0.00003131118657557349
2.402	0.00003134126484098659
2.4050000000000002	0.00003137134980726854
2.4080000000000004	0.00003140144145891111
2.411	0.00003143153978036659
2.414	0.000031461644756047864
2.417	0.00003149175637032845
2.42	0.000031521874607542516
2.423	0.000031551999451984935
2.426	0.000031582130887911305
2.4290000000000003	0.000031612268765216864
2.432	0.000031642412825178914
2.435	0.0000316725634320026
2.4379999999999997	0.00003170272057231245
2.441	0.000031732884232699384
2.444	0.00003176305439972071
2.447	0.00003179323105990018
2.45	0.00003182341419972799
2.4530000000000003	0.00003185360380566083
2.456	0.00003188379986412185
2.459	0.00003191400236150079
2.4619999999999997	0.00003194421128415391
2.465	0.00003197442661840404
2.468	0.00003200464835054065
2.471	0.00003203487646681982
2.474	0.000032065110953464304
2.4770000000000003	0.00003209535179666353
2.48	0.00003212559898257366
2.483	0.00003215585249731761
2.4859999999999998	0.000032186112326985054
2.489	0.00003221637845763249
2.492	0.000032246650875283245
2.495	0.000032276929565927515
2.498	0.00003230721451552238
2.501	0.00003233750570999185
2.504	0.00003236780313522695
2.507	0.00003239810677708563
2.5100000000000002	0.0000324284166213929
2.513	0.000032458732653940805
2.516	0.000032489054860488534
2.519	0.000032519383226762354
2.5220000000000002	0.00003254971773845571
2.525	0.00003258005838122923
2.528	0.00003261040514071081
2.531	0.00003264075800249559
2.5340000000000003	0.00003267111675938466
2.537	0.000032701481342349914
2.54	0.00003273185198710625
2.543	0.00003276222868132433
2.5460000000000003	0.000032792611412646654
2.549	0.00003282300016868756
2.552	0.00003285339493703326
2.555	0.000032883795705241826
2.558	0.000032914202460843253
2.561	0.000032944615191339475
2.564	0.000032975033884204364
2.567	0.00003300545852688379
2.57	0.00003303588910679561
2.573	0.00003306632561132974
2.576	0.00003309676802784812
2.579	0.000033127216343684805
2.582	0.00003315767054614591
2.585	0.000033188130622509745
2.588	0.00003321859656002674
2.591	0.00003324906834591952
2.594	0.00003327954596738293
2.597	0.00003331002941158406
2.6	0.00003334051866566227
2.603	0.00003337101371672922
2.606	0.00003340151455186889
2.609	0.00003343202115813762
2.612	0.00003346253352256417
2.615	0.00003349305163214965
2.618	0.000033523575473867666
2.621	0.0000335541050346643
2.624	0.00003358464030145812
2.6270000000000002	0.000033615181261140235
2.63	0.00003364572790057433
2.633	0.000033676280206596696
2.636	0.00003370683816601625
2.6390000000000002	0.0000337374014405591
2.642	0.00003376797028756785
2.645	0.00003379854475159945
2.648	0.00003382912482128682
2.6510000000000002	0.00003385971048523921
2.654	0.000033890301732042206
2.657	0.000033920898550257746
2.66	0.00003395150092842414
2.6630000000000003	0.00003398210885505612
2.666	0.000034012722318644797
2.669	0.00003404334130765777
2.672	0.00003407396581053907
2.6750000000000003	0.000034104595815709254
2.678	0.000034135231311565345
2.681	0.00003416587228648094
2.684	0.00003419651872880619
2.687	0.000034227170626867794
2.69	0.0000342578279689691
2.693	0.00003428849074339008
2.696	0.000034319158938387335
2.699	0.00003434983254219416
2.702	0.00003438051154302058
2.705	0.00003441119592905332
2.708	0.00003444188568845588
2.711	0.00003447258080936853
2.714	0.000034503281279908346
2.717	0.00003453398708816926
2.72	0.00003456469822222205
2.723	0.00003459541467011437
2.726	0.00003462613641987082
2.729	0.00003465686345949291
2.732	0.000034687595776959154
2.735	0.00003471833336022503
2.738	0.000034749076197223074
2.741	0.00003477982411432511
2.744	0.000034810577092581994
2.747	0.00003484133529058199
2.75	0.00003487209869786218
2.753	0.00003490286730393967
2.7560000000000002	0.00003493364109831161
2.759	0.000034964420070455206
2.762	0.00003499520420982774
2.765	0.00003502599350586661
2.7680000000000002	0.00003505678794798933
2.771	0.00003508758752559354
2.774	0.000035118392228057086
2.777	0.00003514920204473794
2.7800000000000002	0.00003518001696497431
2.783	0.00003521083697808462
2.786	0.00003524166207336755
2.789	0.00003527249224010203
2.7920000000000003	0.00003530332746754727
2.795	0.00003533416774494282
2.798	0.000035365013061508544
2.801	0.000035395863406444657
2.8040000000000003	0.00003542671876893175
2.807	0.00003545757913813082
2.81	0.00003548844450318328
2.813	0.00003551931485321098
2.816	0.00003555019017731624
2.819	0.00003558107046458188
2.822	0.00003561195570407123
2.825	0.00003564284588482814
2.828	0.00003567374099587703
2.831	0.00003570464102622292
2.834	0.00003573554596485143
2.837	0.00003576645580072879
2.84	0.0000357973705228019
2.843	0.00003582829002678223
2.846	0.00003585921420054618
2.849	0.000035890143229067573
2.852	0.000035921077102708994
2.855	0.00003595201581181617
2.858	0.00003598295934671792
2.861	0.000036013907697726216
2.864	0.00003604486085513619
2.867	0.000036075818809226154
2.87	0.00003610678155025762
2.873	0.0000361377490684753
2.876	0.00003616872135410715
2.879	0.000036199698397364365
2.882	0.00003623068018844142
2.8850000000000002	0.00003626166671751607
2.888	0.00003629265797474936
2.891	0.00003632365395028569
2.894	0.000036354654634252796
2.8970000000000002	0.00003638566001676175
2.9	0.00003641667008790703
2.903	0.00003644768483776652
2.906	0.00003647870425640151
2.9090000000000003	0.00003650972833385673
2.912	0.000036540757060160376
2.915	0.000036571790425324144
2.918	0.000036602828419343194
2.9210000000000003	0.00003663387103219623
2.924	0.00003666491825384549
2.927	0.000036695970074236793
2.93	0.000036727026483299524
2.933	0.00003675808747094666
2.936	0.00003678915302707483
2.939	0.00003682022314156429
2.942	0.00003685129780427899
2.945	0.00003688237691911015
2.948	0.000036913460396642926
2.951	0.00003694454839354992
2.954	0.00003697564090094762
2.957	0.000037006737909938154
2.96	0.00003703783941160938
2.963	0.00003706894539703485
2.966	0.000037100055857273844
2.969	0.00003713117078337137
2.972	0.00003716229016635822
2.975	0.00003719341399725092
2.978	0.00003722454226705181
2.981	0.000037255674966749025
2.984	0.00003728681208731652
2.987	0.000037317953619714094
2.99	0.000037349099554887396
2.993	0.000037380249883767925
2.996	0.00003741140459727311
2.999	0.00003744256368630625
3.0020000000000002	0.00003747372714175657
3.005	0.00003750489495449923
3.008	0.00003753606711539536
3.011	0.00003756724361529205
3.0140000000000002	0.00003759842444502239
3.017	0.00003762960959540547
3.02	0.0000376607990572464
3.023	0.000037691992821336335
3.0260000000000002	0.00003772319087845252
3.029	0.000037754393219358216
3.032	0.00003778559983480285
3.035	0.00003781681071552193
3.0380000000000003	0.00003784802585223709
3.041	0.000037879245235656124
3.044	0.00003791046885647302
3.047	0.00003794169658912743
3.0500000000000003	0.00003797292843677041
3.053	0.000038004164495498905
3.056	0.00003803540475711803
3.059	0.00003806664921342069
3.062	0.00003809789785618762
3.065	0.00003812915067718744
3.068	0.00003816040766817661
3.071	0.000038191668820899475
3.074	0.000038222934127088284
3.077	0.00003825420357846318
3.08	0.000038285477166732244
3.083	0.00003831675488359147
3.086	0.00003834803672072483
3.089	0.000038379322669804246
3.092	0.00003841061272248963
3.095	0.00003844190687042887
3.098	0.00003847320510525789
3.101	0.000038504507418600616
3.104	0.000038535813802069017
3.107	0.00003856712424726313
3.11	0.00003859843874577105
3.113	0.000038629757289168954
3.116	0.00003866107986902113
3.119	0.00003869240647687997
3.122	0.000038723737104286
3.125	0.0000387550717427679
3.128	0.0000387864103838425
3.1310000000000002	0.00003881775301901481
3.134	0.00003884909963977803
3.137	0.00003888045023761359
3.14	0.00003891180480399112
3.1430000000000002	0.00003894316333036851
3.146	0.000038974525808191885
3.149	0.000039005892060908584
3.152	0.000039037262222839544
3.1550000000000002	0.00003906863631233978
3.158	0.00003910001432184355
3.161	0.000039131396243774766
3.164	0.00003916278207054695
3.1670000000000003	0.000039194171794563273
3.17	0.00003922556540821658
3.173	0.00003925696290388937
3.176	0.00003928836427395385
3.1790000000000003	0.0000393197695107719
3.182	0.000039351178606695104
3.185	0.00003938259155406482
3.188	0.000039414008345212067
3.191	0.00003944542897245767
3.194	0.00003947685342811218
3.197	0.000039508281704475944
3.2	0.000039539713793839074
3.203	0.00003957114968848148
3.206	0.00003960258938067291
3.209	0.00003963403286267292
3.212	0.000039665480126730895
3.215	0.00003969693116508608
3.218	0.00003972838596996759
3.221	0.000039759844533594414
3.224	0.000039791306848175435
3.227	0.00003982277290590942
3.23	0.00003985424269898508
3.233	0.00003988571621958107
3.236	0.00003991719345986594
3.239	0.00003994867441199826
3.242	0.00003998015906812652
3.245	0.00004001164742038924
3.248	0.00004004313940144618
3.251	0.0000400746349515511
3.254	0.000040106134175323675
3.257	0.000040137637065782145
3.2600000000000002	0.00004016914361593587
3.263	0.00004020065381878534
3.266	0.00004023216766732221
3.269	0.000040263685154529267
3.2720000000000002	0.00004029520627338047
3.275	0.00004032673101684095
3.278	0.00004035825937786705
3.281	0.00004038979134940628
3.2840000000000003	0.000040421326924397376
3.287	0.00004045286609577029
3.29	0.0000404844088564462
3.293	0.000040515955199337535
3.2960000000000003	0.00004054750511734797
3.299	0.000040579058603372445
3.302	0.00004061061565029719
3.305	0.0000406421762509997
3.3080000000000003	0.000040673740398348786
3.311	0.00004070530808520456
3.314	0.000040736879304418466
3.317	0.00004076845404883326
3.32	0.00004080003231128306
3.323	0.000040831614084593345
3.326	0.00004086319936158095
3.329	0.00004089478813505409
3.332	0.00004092638039781238
3.335	0.00004095797614264683
3.338	0.00004098957536233987
3.341	0.000041021178049665356
3.344	0.000041052784197388584
3.347	0.00004108439379826631
3.35	0.00004111600669988283
3.353	0.000041147623034751724
3.356	0.000041179242802549333
3.359	0.0000412108659968185
3.362	0.000041242492611094456
3.365	0.00004127412263890485
3.368	0.000041305756073769725
3.371	0.00004133739290920158
3.374	0.00004136903313870532
3.3770000000000002	0.000041400676755778306
3.38	0.00004143232375391033
3.383	0.00004146397412658368
3.386	0.00004149562786727308
3.3890000000000002	0.00004152728496944576
3.392	0.00004155894542656142
3.395	0.000041590609232072275
3.398	0.00004162227637942305
3.4010000000000002	0.00004165394686205099
3.404	0.00004168562067338585
3.407	0.00004171729780684994
3.41	0.00004174897825585812
3.4130000000000003	0.00004178066201381782
3.416	0.000041812349074128997
3.419	0.000041844039430184244
3.422	0.00004187573307536871
3.4250000000000003	0.000041907430003060134
3.428	0.0000419391302066289
3.431	0.00004197083367943798
3.434	0.00004200254041484299
3.4370000000000003	0.00004203425040619219
3.44	0.00004206596364682648
3.443	0.00004209768013007943
3.446	0.00004212939984927728
3.449	0.00004216112270475439
3.452	0.00004219284874199062
3.455	0.000042224577996303605
3.458	0.00004225631046172275
3.461	0.00004228804613227094
3.464	0.000042319785001964506
3.467	0.00004235152706481328
3.47	0.00004238327231482056
3.473	0.00004241502074598314
3.476	0.000042446772352291335
3.479	0.00004247852712772895
3.482	0.00004251028506627331
3.485	0.000042542046161895284
3.488	0.000042573810408559264
3.491	0.000042605577800223184
3.494	0.00004263734833083854
3.497	0.00004266912199435037
3.5	0.00004270089878469732
3.503	0.00004273267869581156
3.5060000000000002	0.00004276446172161889
3.509	0.00004279624785603868
3.512	0.00004282803709298393
3.515	0.00004285982942636122
3.5180000000000002	0.00004289162485007078
3.521	0.00004292342335800646
3.524	0.000042955224944055724
3.527	0.00004298702960209973
3.5300000000000002	0.00004301883732601326
3.533	0.00004305064810966476
3.536	0.000043082461946916387
3.539	0.00004311427883162393
3.5420000000000003	0.000043146098757636905
3.545	0.00004317792171879852
3.548	0.000043209747644708214
3.551	0.00004324157653855401
3.5540000000000003	0.00004327340845001319
3.557	0.00004330524337355938
3.56	0.00004333708130366057
3.563	0.0000433689222347791
3.5660000000000003	0.0000434007661613717
3.569	0.000043432613077889494
3.572	0.00004346446297877799
3.575	0.00004349631585847709
3.578	0.0000435281717114211
3.581	0.00004356003053203876
3.584	0.00004359189231475322
3.587	0.000043623757053982057
3.59	0.000043655624744137263
3.593	0.00004368749537962533
3.596	0.00004371936895484714
3.599	0.00004375124546419806
3.602	0.00004378312490206793
3.605	0.00004381500726284104
3.608	0.000043846892540896185
3.611	0.00004387878073060663
3.614	0.00004391067182634014
3.617	0.000043942565822459
3.62	0.000043974462713319974
3.623	0.00004400636249327437
3.626	0.00004403826515666799
3.629	0.00004407017069784122
3.632	0.000044102079111128956
3.6350000000000002	0.00004413399039086063
3.638	0.00004416590453136025
3.641	0.00004419782152694641
3.644	0.00004422974137193222
3.6470000000000002	0.00004426166400872544
3.65	0.000044293589429178674
3.653	0.0000443255176827837
3.656	0.000044357448764420036
3.6590000000000003	0.00004438938266896235
3.662	0.000044421319391280446
3.665	0.00004445325892623928
3.668	0.00004448520126869891
3.6710000000000003	0.00004451714641351461
3.674	0.00004454909435553676
3.677	0.00004458104508961096
3.68	0.00004461299861057794
3.6830000000000003	0.00004464495491327364
3.686	0.00004467691399252915
3.689	0.00004470887584317081
3.692	0.000044740840460020104
3.6950000000000003	0.000044772807837893745
3.698	0.00004480477797160365
3.701	0.00004483675085595697
3.704	0.000044868726485756066
3.707	0.00004490070485579853
3.71	0.000044932685960877214
3.713	0.00004496466979578019
3.716	0.000044996656355290784
3.719	0.00004502864563418758
3.722	0.000045060637627244446
3.725	0.000045092632329230495
3.728	0.00004512462973491013
3.731	0.000045156629839043034
3.734	0.00004518863263638419
3.737	0.000045220638121683875
3.74	0.00004525264628968766
3.743	0.00004528465713513643
3.746	0.00004531667060196009
3.749	0.000045348686691547944
3.7520000000000002	0.00004538070544356143
3.755	0.00004541272685325135
3.758	0.000045444750915864334
3.761	0.00004547677762664274
3.7640000000000002	0.000045508806980824746
3.767	0.000045540838973644315
3.77	0.00004557287360033125
3.773	0.00004560491085611112
3.7760000000000002	0.000045636950736205334
3.779	0.0000456689932358311
3.782	0.00004570103835020148
3.785	0.00004573308607452535
3.7880000000000003	0.00004576513640400742
3.791	0.00004579718933384824
3.794	0.00004582924485924421
3.797	0.000045861302975387603
3.8000000000000003	0.00004589336367746653
3.803	0.00004592542696066496
3.806	0.000045957492820162765
3.809	0.000045989561251135664
3.8120000000000003	0.000046021632248755254
3.815	0.000046053705808189036
3.818	0.00004608578192460041
3.821	0.000046117860593148663
3.8240000000000003	0.00004614994180898897
3.827	0.000046182025567272453
3.83	0.00004621411186314613
3.833	0.00004624620069175295
3.836	0.00004627829204823175
3.839	0.000046310385927717364
3.842	0.000046342482325340527
3.845	0.000046374581179052665
3.848	0.00004640668251331459
3.851	0.00004643878635185651
3.854	0.000046470892690269145
3.857	0.000046503001524139584
3.86	0.000046535112849051224
3.863	0.00004656722666058385
3.866	0.00004659934295431358
3.869	0.00004663146172581288
3.872	0.00004666358297065059
3.875	0.00004669570668439192
3.878	0.00004672783286259844
3.8810000000000002	0.00004675996150082811
3.884	0.00004679209259463524
3.887	0.00004682422613957057
3.89	0.000046856362131181196
3.8930000000000002	0.000046888500565010634
3.896	0.00004692064143659877
3.899	0.00004695278474148193
3.902	0.00004698493047519283
3.9050000000000002	0.00004701707863326061
3.908	0.000047049229211210806
3.911	0.00004708138220456542
3.914	0.00004711353760884285
3.9170000000000003	0.00004714569541955795
3.92	0.00004717785563222199
3.923	0.00004721001824234272
3.926	0.00004724218324542431
3.9290000000000003	0.00004727435063696741
3.932	0.000047306520412469084
3.935	0.00004733869256742292
3.938	0.00004737086709731894
3.9410000000000003	0.00004740304399764366
3.944	0.0000474352231956276
3.947	0.00004746740474702872
3.95	0.00004749958865609204
3.9530000000000003	0.000047531774918719826
3.956	0.00004756396353081112
3.959	0.000047596154488261827
3.962	0.000047628347786964645
3.965	0.0000476605434228091
3.968	0.00004769274139168157
3.971	0.00004772494168946524
3.974	0.00004775714431204015
3.977	0.00004778934925528318
3.98	0.000047821556515068046
3.983	0.00004785376608726533
3.986	0.00004788597796774246
3.989	0.00004791819215236372
3.992	0.000047950408636990273
3.995	0.00004798262741748015
3.998	0.00004801484848968823
4.0009999999999994	0.00004804707184946629
4.004	0.00004807929749266298
4.007	0.00004811152541512385
4.01	0.000048143755612691316
4.013	0.000048175988081204704
4.016	0.000048208222816500226
4.019	0.00004824045981441101
4.022	0.000048272699070767096
4.025	0.00004830494058139541
4.0280000000000005	0.00004833718434211981
4.031000000000001	0.00004836943034876107
4.034000000000001	0.0000484016785971369
4.037	0.00004843392908306191
4.04	0.00004846618178918062
4.043	0.00004849843666876065
4.046	0.000048530693773763297
4.0489999999999995	0.00004856295310037935
4.052	0.000048595214644796814
4.055	0.00004862747840320092
4.058	0.00004865974437177412
4.061	0.000048692012546696105
4.064	0.00004872428292414377
4.067	0.000048756555500291286
4.07	0.00004878883027131002
4.073	0.00004882110723336862
4.0760000000000005	0.000048853386382632955
4.079000000000001	0.00004888566771526615
4.082000000000001	0.0000489179512274286
4.085	0.00004895023691527792
4.088	0.000048982524774969044
4.091	0.00004901481480265413
4.093999999999999	0.0000490471069944826
4.0969999999999995	0.00004907940134660118
4.1	0.00004911169785515385
4.103	0.00004914399651628187
4.106	0.00004917629732612379
4.109	0.000049208600280815446
4.112	0.000049240905376489975
4.115	0.000049273212609277786
4.118	0.00004930552197530661
4.121	0.00004933783347070148
4.1240000000000006	0.00004937014709158471
4.127000000000001	0.000049402462834075955
4.13	0.000049434780694292146
4.133	0.0000494671006683476
4.136	0.000049499422752353884
4.139	0.00004953174690731946
4.1419999999999995	0.00004956407313754496
4.145	0.000049596401466577976
4.148	0.000049628731890871306
4.151	0.000049661064406875345
4.154	0.00004969339901103804
4.157	0.00004972573569980492
4.16	0.00004975807446961909
4.163	0.00004979041531692124
4.166	0.000049822758238149634
4.1690000000000005	0.00004985510322974014
4.172000000000001	0.000049887450288126215
4.175000000000001	0.00004991979940973888
4.178	0.00004995215059100677
4.181	0.00004998450382835616
4.184	0.000050016859118210875
4.187	0.00005004921645699236
4.1899999999999995	0.00005008157584111968
4.193	0.00005011393726700951
4.196	0.000050146300731076134
4.199	0.00005017866622973147
4.202	0.000050211033759385055
4.205	0.00005024340331644403
4.208	0.000050275774897313195
4.211	0.00005030814849839497
4.214	0.00005034052411608941
4.2170000000000005	0.00005037290174679422
4.220000000000001	0.00005040528138690473
4.223	0.00005043766303281391
4.226	0.000050470046680912434
4.229	0.00005050243232758857
4.232	0.00005053481996922826
4.234999999999999	0.00005056720960182026
4.2379999999999995	0.000050599601166367115
4.241	0.00005063199471533223
4.244	0.00005066439024541138
4.247	0.00005069678775329823
4.25	0.000050729187235684295
4.253	0.00005076158868925898
4.256	0.00005079399211070956
4.259	0.00005082639749672117
4.2620000000000005	0.000050858804843976865
4.265000000000001	0.000050891214149157545
4.268000000000001	0.00005092362540894203
4.271	0.00005095603862000698
4.274	0.00005098845377902702
4.277	0.00005102087088267462
4.28	0.000051053289927620154
4.2829999999999995	0.0000510857109105319
4.286	0.000051118133828076056
4.289	0.00005115055867691671
4.292	0.000051182985453715855
4.295	0.000051215414155133416
4.298	0.00005124784477782721
4.301	0.000051280277318452995
4.304	0.00005131271177366443
4.307	0.00005134514814011311
4.3100000000000005	0.00005137758641444856
4.313000000000001	0.00005141002659331822
4.316000000000001	0.00005144246867336749
4.319	0.000051474912651239645
4.322	0.00005150735852357598
4.325	0.000051539806287015685
4.328	0.000051572255938195896
4.3309999999999995	0.00005160470747375169
4.334	0.00005163716086412822
4.337	0.00005166961610758191
4.34	0.00005170207322573456
4.343	0.00005173453221550325
4.346	0.00005176699307380323
4.349	0.000051799455797547854
4.352	0.00005183192038364863
4.355	0.000051864386829015173
4.3580000000000005	0.00005189685513055527
4.361000000000001	0.000051929325285174824
4.364	0.00005196179728977788
4.367	0.000051994271141266656
4.37	0.00005202674683654149
4.373	0.00005205922437250088
4.3759999999999994	0.00005209170374604147
4.379	0.00005212418495405808
4.382	0.000052156667993443674
4.385	0.000052189152861089365
4.388	0.000052221639553884455
4.391	0.000052254128068716376
4.394	0.00005228661840247077
4.397	0.000052319110552031415
4.4	0.00005235160451428028
4.4030000000000005	0.000052384100286097506
4.406000000000001	0.000052416597864361406
4.409000000000001	0.00005244909724594848
4.412	0.0000524815984277334
4.415	0.00005251410140658905
4.418	0.00005254660617938648
4.421	0.000052579112742994925
4.4239999999999995	0.00005261162109428182
4.427	0.000052644131230112815
4.43	0.00005267664314351214
4.433	0.00005270915679289607
4.436	0.00005274167221768856
4.439	0.00005277418941501219
4.442	0.0000528067083819879
4.445	0.00005283922911573496
4.448	0.00005287175161337102
4.4510000000000005	0.00005290427587201207
4.454000000000001	0.000052936801888772475
4.457000000000001	0.00005296932966076495
4.46	0.000053001859185100585
4.463	0.00005303439045888884
4.466	0.000053066923479237535
4.468999999999999	0.000053099458243252854
4.4719999999999995	0.000053131994748039376
4.475	0.000053164532990700045
4.478	0.00005319707296833617
4.481	0.00005322961467804747
4.484	0.000053262158116932016
4.487	0.000053294703282086276
4.49	0.000053327250170605104
4.493	0.00005335979877958175
4.496	0.00005339234910610783
4.4990000000000006	0.000053424901147273395
4.502	0.00005345745490016685
4.505	0.000053490010361875025
4.508	0.00005352256752948314
4.511	0.000053555126400074806
4.514	0.00005358768697073206
4.517	0.00005362024923853533
4.5200000000000005	0.00005365281320056346
4.523	0.00005368537885389369
4.526	0.0000537179461956017
4.529	0.0000537505151930149
4.532	0.00005378308586091288
4.535	0.00005381565820881114
4.538	0.00005384823223401995
4.541	0.000053880807933848146
4.5440000000000005	0.000053913385305603094
4.547	0.000053945964346590706
4.55	0.000053978545054115486
4.553	0.00005401112742548046
4.556	0.00005404371145798721
4.559	0.00005407629714893589
4.562	0.00005410888449562522
4.565	0.00005414147349535245
4.5680000000000005	0.00005417406414541345
4.571	0.000054206656443102596
4.574	0.00005423925038571289
4.577	0.00005427184597053586
4.58	0.00005430444319486163
4.583	0.00005433704205597888
4.586	0.000054369642551174907
4.589	0.00005440224467773553
4.5920000000000005	0.000054434848432945184
4.595	0.000054467453814086874
4.598	0.000054500060818442205
4.601	0.00005453266944329135
4.604	0.00005456527968591307
4.607	0.00005459789154358473
4.61	0.00005463050501358228
4.613	0.00005466312009318026
4.616	0.0000546957367796518
4.619	0.00005472835507026865
4.622	0.000054760974962301136
4.625	0.00005479359643814824
4.628	0.00005482621948670571
4.631	0.00005485884412878132
4.634	0.00005489147036185981
4.6370000000000005	0.00005492409818342467
4.64	0.000054956727590958085
4.643	0.000054989358581940973
4.646	0.00005502199115385297
4.649	0.00005505462530417242
4.652	0.000055087261030376414
4.655	0.00005511989832994076
4.658	0.00005515253720033999
4.6610000000000005	0.000055185177639047367
4.664	0.000055217819643534885
4.667	0.00005525046321127328
4.67	0.00005528310833973202
4.673	0.0000553157550263793
4.676	0.00005534840326868206
4.679	0.00005538105306410597
4.682	0.000055413704410115456
4.6850000000000005	0.000055446357304173686
4.688	0.00005547901174374255
4.691	0.00005551166772628272
4.694	0.00005554432524925359
4.697	0.000055576984310113314
4.7	0.0000556096449063188
4.703	0.00005564230703532569
4.706	0.00005567497069458841
4.7090000000000005	0.00005570763588156013
4.712	0.000055740302593692756
4.715	0.000055772970828437
4.718	0.0000558056405832423
4.721	0.000055838311851360324
4.724	0.00005587098460383846
4.727	0.00005590365886893907
4.73	0.000055936334644307885
4.733	0.00005596901192758947
4.736	0.00005600169071642727
4.739	0.00005603437100846361
4.742	0.000056067052801339646
4.745	0.000056099736092695436
4.748	0.00005613242088016989
4.751	0.00005616510716140081
4.7540000000000004	0.00005619779493402483
4.757	0.00005623048419567751
4.76	0.00005626317494399326
4.763	0.00005629586717660537
4.766	0.000056328560891145995
4.769	0.00005636125608524621
4.772	0.000056393952756535925
4.775	0.00005642665090264397
4.7780000000000005	0.00005645935052119804
4.781	0.000056492051609824725
4.784	0.00005652475416614951
4.787	0.00005655745818779676
4.79	0.00005659016367238972
4.793	0.000056622870617550554
4.796	0.0000566555790209003
4.799	0.00005668828888005889
4.8020000000000005	0.00005672100019264518
4.805	0.000056753712956276885
4.808	0.00005678642716857066
4.811	0.00005681914282714203
4.814	0.00005685185992960545
4.817	0.00005688457847357426
4.82	0.00005691729842804882
4.823	0.00005695001981622758
4.8260000000000005	0.00005698274263909106
4.829	0.00005701546689443259
4.832	0.00005704819258004452
4.835	0.00005708091969371818
4.838	0.00005711364823324388
4.841	0.00005714637819641094
4.844	0.00005717910958100768
4.847	0.00005721184238482143
4.8500000000000005	0.00005724457660563849
4.853	0.00005727731224124418
4.856	0.00005731004928942283
4.859	0.00005734278774795777
4.862	0.00005737552761463131
4.865	0.00005740826888722482
4.868	0.00005744101156351862
4.871	0.000057473755641292075
4.874	0.00005750650111832355
4.877	0.00005753924799239043
4.88	0.0000575719962612691
4.883	0.000057604745922734976
4.886	0.00005763749697456248
4.889	0.00005767024941452504
4.892	0.00005770300324039513
4.8950000000000005	0.00005773575844994422
4.898	0.00005776851504094281
4.901	0.00005780127301116043
4.904	0.00005783403235836563
4.907	0.00005786679308032597
4.91	0.000057899555174808065
4.913	0.00005793231863957753
4.916	0.000057965083451309954
4.9190000000000005	0.000057997849620968734
4.922	0.00005803061715449381
4.925	0.00005806338604981604
4.928	0.00005809615630486538
4.931	0.00005812892791757088
4.934	0.000058161700885860716
4.937	0.00005819447520766216
4.94	0.000058227250880901594
4.9430000000000005	0.00005826002790350452
4.946	0.00005829280627339553
4.949	0.000058325585988498354
4.952	0.00005835836704673583
4.955	0.000058391149446029896
4.958	0.000058423933184301615
4.961	0.00005845671825947118
4.964	0.000058489504669457864
4.9670000000000005	0.000058522292412180115
4.97	0.00005855508148555544
4.973	0.00005858787188750054
4.976	0.000058620663615931166
4.979	0.00005865345666876224
4.982	0.0000586862510439078
4.985	0.000058719046739280996
4.988	0.000058751843752794115
4.991	0.00005878464208235858
4.994	0.00005881744172588493
4.997	0.00005885024268128285