0.	-6.942634384323619e-6
0.0005	-6.938820764752396e-6
0.001	-6.935007189906051e-6
0.0015	-6.93119366323751e-6
0.002	-6.927380188198821e-6
0.0025	-6.92356675946609e-6
0.003	-6.919753397479126e-6
0.0035	-6.915940097555412e-6
0.004	-6.91212686316074e-6
0.0045000000000000005	-6.908313697760544e-6
0.005	-6.904500604819834e-6
0.0055	-6.900687587803147e-6
0.006	-6.896874650174489e-6
0.006500000000000001	-6.893061795397274e-6
0.007	-6.8892490269342695e-6
0.0075	-6.885436348247536e-6
0.008	-6.881623762798375e-6
0.0085	-6.877811274047265e-6
0.009000000000000001	-6.873998885453807e-6
0.0095	-6.870186600476663e-6
0.01	-6.866374422573503e-6
0.0105	-6.86256235520094e-6
0.011	-6.858750401814478e-6
0.0115	-6.8549385658684496e-6
0.012	-6.851127086541227e-6
0.0125	-6.847315239319786e-6
0.013000000000000001	-6.8435035200869e-6
0.0135	-6.839691934304927e-6
0.014	-6.835880487433972e-6
0.0145	-6.832069184931777e-6
0.015	-6.828258032253588e-6
0.0155	-6.824447053795289e-6
0.016	-6.820636217507115e-6
0.0165	-6.816825547200762e-6
0.017	-6.813015048307414e-6
0.0175	-6.8092047262558255e-6
0.018000000000000002	-6.8053945864722485e-6
0.0185	-6.801584634380334e-6
0.019	-6.797774875401056e-6
0.0195	-6.7939653149526265e-6
0.02	-6.790155958450405e-6
0.0205	-6.7863468113068235e-6
0.021	-6.782537878931286e-6
0.021500000000000002	-6.778729166730099e-6
0.022	-6.774920680106376e-6
0.0225	-6.771112424459951e-6
0.023	-6.767304405187304e-6
0.0235	-6.76349662768146e-6
0.024	-6.7596890973319145e-6
0.0245	-6.755881819524541e-6
0.025	-6.7520747996415045e-6
0.025500000000000002	-6.748268043061184e-6
0.026000000000000002	-6.744459747271092e-6
0.0265	-6.740656674180559e-6
0.027	-6.736853869545492e-6
0.0275	-6.7330513142726906e-6
0.028	-6.72924898928129e-6
0.0285	-6.725446868560401e-6
0.029	-6.7216449476872426e-6
0.029500000000000002	-6.717843199965657e-6
0.03	-6.714041606335833e-6
0.0305	-6.710240147745264e-6
0.031	-6.706438805147791e-6
0.0315	-6.702637559502642e-6
0.032	-6.698836391773478e-6
0.0325	-6.6950352829274275e-6
0.033	-6.691234213934136e-6
0.0335	-6.687433165764808e-6
0.034	-6.6836321193912504e-6
0.0345	-6.6798310557849265e-6
0.035	-6.6760299559159895e-6
0.035500000000000004	-6.67222880075234e-6
0.036000000000000004	-6.66842757125867e-6
0.0365	-6.664626248395506e-6
0.037	-6.660824813118269e-6
0.0375	-6.657023246376306e-6
0.038	-6.653221529111954e-6
0.0385	-6.649419642259573e-6
0.039	-6.645617566744609e-6
0.0395	-6.641815283482628e-6
0.04	-6.638014177640295e-6
0.0405	-6.634206513244122e-6
0.041	-6.630398610096691e-6
0.0415	-6.626590487416068e-6
0.042	-6.622782162538489e-6
0.0425	-6.618973658729311e-6
0.043000000000000003	-6.6151649931093445e-6
0.043500000000000004	-6.6113561849276936e-6
0.044	-6.6075472534402835e-6
0.0445	-6.603738217908892e-6
0.045	-6.5999290976001755e-6
0.0455	-6.5961199117847025e-6
0.046	-6.592310679735975e-6
0.0465	-6.588501420729464e-6
0.047	-6.584692154041631e-6
0.0475	-6.5808828989489585e-6
0.048	-6.577073674726974e-6
0.0485	-6.5732645006492836e-6
0.049	-6.569455395986599e-6
0.0495	-6.565646380005758e-6
0.05	-6.561837471968762e-6
0.0505	-6.558028691131805e-6
0.051000000000000004	-6.554220056744298e-6
0.051500000000000004	-6.550411588047903e-6
0.052000000000000005	-6.546603304275566e-6
0.0525	-6.5427952246505475e-6
0.053	-6.5389873683854545e-6
0.0535	-6.535179754681283e-6
0.054	-6.531372573939629e-6
0.0545	-6.5275686992333136e-6
0.055	-6.5237650933411845e-6
0.0555	-6.51996175905091e-6
0.056	-6.516158686200841e-6
0.0565	-6.512355868967383e-6
0.057	-6.50855330153079e-6
0.0575	-6.504750978075074e-6
0.058	-6.50094889278792e-6
0.0585	-6.497147039860588e-6
0.059000000000000004	-6.493345413487832e-6
0.059500000000000004	-6.4895440078678085e-6
0.06	-6.4857428172019845e-6
0.0605	-6.4819418356950566e-6
0.061	-6.4781410575548515e-6
0.0615	-6.47434047699225e-6
0.062	-6.470540088221089e-6
0.0625	-6.466739885458083e-6
0.063	-6.4629398629227284e-6
0.0635	-6.4591400148372194e-6
0.064	-6.45534033542636e-6
0.0645	-6.451540818917482e-6
0.065	-6.44774145954035e-6
0.0655	-6.4439422515270835e-6
0.066	-6.440143189112058e-6
0.0665	-6.436344266531834e-6
0.067	-6.43254547802506e-6
0.0675	-6.428747368712785e-6
0.068	-6.424948006726684e-6
0.0685	-6.421148757405206e-6
0.069	-6.4173496278167e-6
0.0695	-6.413550618669271e-6
0.07	-6.4097517306707485e-6
0.07050000000000001	-6.4059529645286724e-6
0.07100000000000001	-6.402154320950296e-6
0.07150000000000001	-6.398355800642585e-6
0.07200000000000001	-6.3945574043122034e-6
0.0725	-6.39075913266552e-6
0.073	-6.386960986408598e-6
0.0735	-6.383162966247195e-6
0.074	-6.379365072886754e-6
0.0745	-6.375567307032408e-6
0.075	-6.371769669388966e-6
0.0755	-6.367972160660914e-6
0.076	-6.364174781552414e-6
0.0765	-6.360377532767291e-6
0.077	-6.356580415009041e-6
0.0775	-6.352783428980815e-6
0.078	-6.348986575385421e-6
0.0785	-6.345189854925319e-6
0.079	-6.341393268302617e-6
0.0795	-6.337596816219064e-6
0.08	-6.33380049937605e-6
0.0805	-6.330004318474597e-6
0.081	-6.326208261950306e-6
0.0815	-6.3224121466851036e-6
0.082	-6.3186168942685285e-6
0.0825	-6.314821778325904e-6
0.083	-6.311026795551042e-6
0.0835	-6.3072319426387285e-6
0.084	-6.303437216284692e-6
0.0845	-6.299642613185588e-6
0.085	-6.295848130038969e-6
0.0855	-6.292053763543267e-6
0.08600000000000001	-6.288259510397769e-6
0.08650000000000001	-6.284465367302595e-6
0.08700000000000001	-6.280671330958674e-6
0.08750000000000001	-6.276877398067725e-6
0.088	-6.273083565332235e-6
0.0885	-6.269289829455433e-6
0.089	-6.2654961871412735e-6
0.0895	-6.2617026350944146e-6
0.09	-6.257909170020193e-6
0.0905	-6.25411578862461e-6
0.091	-6.250322487614303e-6
0.0915	-6.246529263696533e-6
0.092	-6.2427361135791575e-6
0.0925	-6.238943033970613e-6
0.093	-6.2351500215798964e-6
0.0935	-6.231357073116546e-6
0.094	-6.227564185290616e-6
0.0945	-6.223771358088447e-6
0.095	-6.219978581421273e-6
0.0955	-6.216186005846389e-6
0.096	-6.212392452990872e-6
0.0965	-6.208598949985943e-6
0.097	-6.204805500328059e-6
0.0975	-6.201012107513185e-6
0.098	-6.197218775036745e-6
0.0985	-6.1934255063936025e-6
0.099	-6.189632305078023e-6
0.0995	-6.185839174583639e-6
0.1	-6.182046118403425e-6
0.1005	-6.1782531400296526e-6
0.101	-6.174460242953871e-6
0.1015	-6.170667430666863e-6
0.10200000000000001	-6.166874706658616e-6
0.10250000000000001	-6.163082074418297e-6
0.10300000000000001	-6.159289537434207e-6
0.10350000000000001	-6.155497099193755e-6
0.10400000000000001	-6.151704763183423e-6
0.1045	-6.147912532888736e-6
0.105	-6.144120411794227e-6
0.1055	-6.140328403383402e-6
0.106	-6.136536511138711e-6
0.1065	-6.132744738541515e-6
0.107	-6.1289530890720474e-6
0.1075	-6.12516156280688e-6
0.108	-6.1213701699630215e-6
0.1085	-6.1175789107129405e-6
0.109	-6.113788023730421e-6
0.1095	-6.1099967945232436e-6
0.11	-6.106205709460659e-6
0.1105	-6.102414773936397e-6
0.111	-6.09862399334203e-6
0.1115	-6.094833373066892e-6
0.112	-6.091042918498009e-6
0.1125	-6.087252635020013e-6
0.113	-6.083462528015075e-6
0.1135	-6.079672602862822e-6
0.114	-6.075882864940267e-6
0.1145	-6.072093319621724e-6
0.115	-6.068303972278742e-6
0.1155	-6.064514828280025e-6
0.116	-6.060725892991358e-6
0.1165	-6.056937171775527e-6
0.117	-6.053148669992251e-6
0.11750000000000001	-6.049360392998099e-6
0.11800000000000001	-6.045572346146424e-6
0.11850000000000001	-6.041784534787279e-6
0.11900000000000001	-6.037996964267351e-6
0.11950000000000001	-6.03420963992988e-6
0.12	-6.030422567114587e-6
0.1205	-6.026635761797533e-6
0.121	-6.022849208173898e-6
0.1215	-6.019062921972341e-6
0.122	-6.015276908512508e-6
0.1225	-6.011491173110101e-6
0.123	-6.0077034132278295e-6
0.1235	-6.003921294768384e-6
0.124	-6.000139463980093e-6
0.1245	-5.99635790271326e-6
0.125	-5.99257659283085e-6
0.1255	-5.98879551620765e-6
0.126	-5.98501465472941e-6
0.1265	-5.9812339902920115e-6
0.127	-5.977453504800616e-6
0.1275	-5.973673180168818e-6
0.128	-5.9698929983178004e-6
0.1285	-5.966112941175492e-6
0.129	-5.962332990675718e-6
0.1295	-5.9585531287573485e-6
0.13	-5.954773337363466e-6
0.1305	-5.9509935984405e-6
0.131	-5.947213893937387e-6
0.1315	-5.9434342058047245e-6
0.132	-5.939654515993911e-6
0.1325	-5.935874806456304e-6
0.133	-5.932095059142363e-6
0.1335	-5.928315261853303e-6
0.134	-5.924535386010746e-6
0.1345	-5.920755418166396e-6
0.135	-5.916975340225993e-6
0.1355	-5.9131951340891976e-6
0.136	-5.909414781648739e-6
0.1365	-5.905634264789566e-6
0.137	-5.901856465900096e-6
0.1375	-5.898070918150593e-6
0.138	-5.89428516390248e-6
0.1385	-5.8904992208720466e-6
0.139	-5.886713106784355e-6
0.1395	-5.882926839372375e-6
0.14	-5.879140436376126e-6
0.1405	-5.875353915541812e-6
0.14100000000000001	-5.871567294620958e-6
0.14150000000000001	-5.867780591369553e-6
0.14200000000000002	-5.8639938235471895e-6
0.14250000000000002	-5.8602070089162e-6
0.14300000000000002	-5.856420165240802e-6
0.14350000000000002	-5.852633310286238e-6
0.14400000000000002	-5.848846461817927e-6
0.1445	-5.845059637600597e-6
0.145	-5.841272855397441e-6
0.1455	-5.837486132969261e-6
0.146	-5.833699488073615e-6
0.1465	-5.829912938463977e-6
0.147	-5.826126498940029e-6
0.1475	-5.822340192833173e-6
0.148	-5.8185540352807e-6
0.1485	-5.814768044020263e-6
0.149	-5.8109822367810155e-6
0.1495	-5.8071966312827305e-6
0.15	-5.80341124523495e-6
0.1505	-5.799626096336115e-6
0.151	-5.795840040217662e-6
0.1515	-5.7920580107639466e-6
0.152	-5.788276259635308e-6
0.1525	-5.784494784470614e-6
0.153	-5.780713582910343e-6
0.1535	-5.776932652596564e-6
0.154	-5.773151991172935e-6
0.1545	-5.769371596284686e-6
0.155	-5.7655914655786075e-6
0.1555	-5.761811596703043e-6
0.156	-5.75803198730788e-6
0.1565	-5.7542526350445365e-6
0.157	-5.750473537565948e-6
0.1575	-5.746694692526564e-6
0.158	-5.742916097582338e-6
0.1585	-5.73913775039071e-6
0.159	-5.735359648610602e-6
0.1595	-5.731581789902412e-6
0.16	-5.727804212584408e-6
0.1605	-5.72402683169423e-6
0.161	-5.720249686582146e-6
0.1615	-5.716472774937515e-6
0.162	-5.712696094449198e-6
0.1625	-5.708919642805612e-6
0.163	-5.705143417694779e-6
0.1635	-5.701367416804369e-6
0.164	-5.6975916378217595e-6
0.1645	-5.6938160784340736e-6
0.165	-5.690040505817348e-6
0.1655	-5.6862660729525765e-6
0.166	-5.682491849094653e-6
0.1665	-5.678717826610093e-6
0.167	-5.674943997868922e-6
0.1675	-5.671170355244801e-6
0.168	-5.667396891115135e-6
0.1685	-5.663623597861197e-6
0.169	-5.659850467868258e-6
0.1695	-5.6560774935256995e-6
0.17	-5.652304667227163e-6
0.1705	-5.648531981370672e-6
0.171	-5.644759428358769e-6
0.1715	-5.64098700059866e-6
0.17200000000000001	-5.637214690502363e-6
0.17250000000000001	-5.633442490486846e-6
0.17300000000000001	-5.629670362369884e-6
0.17350000000000002	-5.625898361897557e-6
0.17400000000000002	-5.622126449148348e-6
0.17450000000000002	-5.618354616500418e-6
0.17500000000000002	-5.6145828563296365e-6
0.17550000000000002	-5.610811161009636e-6
0.176	-5.607039522911874e-6
0.1765	-5.603267934405701e-6
0.177	-5.599496387858435e-6
0.1775	-5.595724875635436e-6
0.178	-5.591953390100186e-6
0.1785	-5.588184103689064e-6
0.179	-5.5844109062880655e-6
0.1795	-5.580637708872211e-6
0.18	-5.576864517214973e-6
0.1805	-5.5730913370905456e-6
0.181	-5.569318174273564e-6
0.1815	-5.565545034538819e-6
0.182	-5.5617719236609616e-6
0.1825	-5.5579988474142175e-6
0.183	-5.554225811572098e-6
0.1835	-5.5504528219071e-6
0.184	-5.546679884190423e-6
0.1845	-5.542907004191674e-6
0.185	-5.539134187678563e-6
0.1855	-5.535361440416619e-6
0.186	-5.531588793609158e-6
0.1865	-5.527816203469408e-6
0.187	-5.524043699565663e-6
0.1875	-5.520271287615294e-6
0.188	-5.516498973334479e-6
0.1885	-5.512726762438102e-6
0.189	-5.508954660639658e-6
0.1895	-5.505182673651149e-6
0.19	-5.5014108071829925e-6
0.1905	-5.497639066943911e-6
0.191	-5.493867458640841e-6
0.1915	-5.490095987978832e-6
0.192	-5.486324660660939e-6
0.1925	-5.48255348238813e-6
0.193	-5.478782325757344e-6
0.1935	-5.475012198627682e-6
0.194	-5.471242232871282e-6
0.1945	-5.4674724285517065e-6
0.195	-5.463702785732404e-6
0.1955	-5.4599333044767005e-6
0.196	-5.456163984847795e-6
0.1965	-5.452394826908763e-6
0.197	-5.448625830722555e-6
0.1975	-5.444856996351995e-6
0.198	-5.441088323859776e-6
0.1985	-5.437319813308465e-6
0.199	-5.433551464760494e-6
0.1995	-5.429783268519449e-6
0.2	-5.426015244243448e-6
0.2005	-5.422247382240855e-6
0.201	-5.418479682574025e-6
0.2015	-5.414712145305283e-6
0.202	-5.410944770496919e-6
0.2025	-5.407177558211194e-6
0.203	-5.403410508510332e-6
0.20350000000000001	-5.399643621456529e-6
0.20400000000000001	-5.395876897111945e-6
0.20450000000000002	-5.392110335538712e-6
0.20500000000000002	-5.388343936798923e-6
0.20550000000000002	-5.384577700954645e-6
0.20600000000000002	-5.380811628067909e-6
0.20650000000000002	-5.377045718200711e-6
0.20700000000000002	-5.373280103036765e-6
0.20750000000000002	-5.369513579261934e-6
0.20800000000000002	-5.365747224997492e-6
0.2085	-5.361981047489931e-6
0.209	-5.358215053982281e-6
0.2095	-5.354449251713969e-6
0.21	-5.350683647920682e-6
0.2105	-5.34691824983423e-6
0.211	-5.343153064682407e-6
0.2115	-5.339388099688854e-6
0.212	-5.335623362072922e-6
0.2125	-5.331858868149874e-6
0.213	-5.328094607121635e-6
0.2135	-5.324330595015452e-6
0.214	-5.3205668390254856e-6
0.2145	-5.316803346340872e-6
0.215	-5.313040124145572e-6
0.2155	-5.309277179618228e-6
0.216	-5.3055145199320125e-6
0.2165	-5.301752152254487e-6
0.217	-5.297990083747454e-6
0.2175	-5.294228321566803e-6
0.218	-5.2904668728623715e-6
0.2185	-5.286705744777794e-6
0.219	-5.282944944450357e-6
0.2195	-5.279184479010848e-6
0.22	-5.27542435558341e-6
0.2205	-5.271664581285396e-6
0.221	-5.267904628715387e-6
0.2215	-5.264149580371885e-6
0.222	-5.260394875312517e-6
0.2225	-5.256640490250952e-6
0.223	-5.252886401920568e-6
0.2235	-5.249132587073026e-6
0.224	-5.245379022476847e-6
0.2245	-5.241625684915991e-6
0.225	-5.23787255118844e-6
0.2255	-5.234119589343611e-6
0.226	-5.230366795259057e-6
0.2265	-5.226614135531004e-6
0.227	-5.222861586958754e-6
0.2275	-5.219109126347231e-6
0.228	-5.215356730505553e-6
0.2285	-5.211604376245595e-6
0.229	-5.207852040380566e-6
0.2295	-5.2040996997235895e-6
0.23	-5.200347331086279e-6
0.2305	-5.196594911277322e-6
0.231	-5.192842417101067e-6
0.2315	-5.189089825356108e-6
0.232	-5.185337112833873e-6
0.2325	-5.181584256317221e-6
0.233	-5.1778312325790305e-6
0.2335	-5.174078018380794e-6
0.234	-5.170324590471216e-6
0.23450000000000001	-5.166578235838513e-6
0.23500000000000001	-5.1628182249673734e-6
0.23550000000000001	-5.159057919578965e-6
0.23600000000000002	-5.155297342722169e-6
0.23650000000000002	-5.151536517461958e-6
0.23700000000000002	-5.147775466877942e-6
0.23750000000000002	-5.144014214062902e-6
0.23800000000000002	-5.140252782121343e-6
0.23850000000000002	-5.13649119633014e-6
0.23900000000000002	-5.132729475007212e-6
0.23950000000000002	-5.128967643919744e-6
0.24	-5.125205726217435e-6
0.2405	-5.121443745054304e-6
0.241	-5.1176817235872065e-6
0.2415	-5.113919684974337e-6
0.242	-5.110157652373746e-6
0.2425	-5.106395648941847e-6
0.243	-5.1026336978319446e-6
0.2435	-5.098871822192749e-6
0.244	-5.0951100451669075e-6
0.2445	-5.091348389889533e-6
0.245	-5.087586879486731e-6
0.2455	-5.0838255370741545e-6
0.246	-5.080064385755529e-6
0.2465	-5.076303448621219e-6
0.247	-5.072542748746765e-6
0.2475	-5.0687823091914495e-6
0.248	-5.065022152996866e-6
0.2485	-5.06126230318548e-6
0.249	-5.05750195920942e-6
0.2495	-5.053746692581608e-6
0.25	-5.049991776073242e-6
0.2505	-5.046237202926264e-6
0.251	-5.0424829663888235e-6
0.2515	-5.038729059715166e-6
0.252	-5.034975533932706e-6
0.2525	-5.031222264318277e-6
0.253	-5.027469303991202e-6
0.2535	-5.023716646273683e-6
0.254	-5.01996428449054e-6
0.2545	-5.016212211969275e-6
0.255	-5.0124604220401405e-6
0.2555	-5.008708908036202e-6
0.256	-5.0049576632934095e-6
0.2565	-5.001206681150667e-6
0.257	-4.997455954949908e-6
0.2575	-4.993705478036161e-6
0.258	-4.989955243757637e-6
0.2585	-4.986205245465805e-6
0.259	-4.98245547651546e-6
0.2595	-4.978705930264827e-6
0.26	-4.974956600075629e-6
0.2605	-4.9712074793131765e-6
0.261	-4.967458561346467e-6
0.2615	-4.963709839548264e-6
0.262	-4.959961307295198e-6
0.2625	-4.956212957967861e-6
0.263	-4.952465557750206e-6
0.2635	-4.9487149415603975e-6
0.264	-4.9449645019723125e-6
0.2645	-4.941214252078627e-6
0.265	-4.937464124184889e-6
0.2655	-4.93371428677989e-6
0.266	-4.929964678939367e-6
0.2665	-4.926215313883737e-6
0.267	-4.922466204828042e-6
0.2675	-4.918717364981176e-6
0.268	-4.914968807545097e-6
0.2685	-4.911220545714046e-6
0.269	-4.907472592673761e-6
0.2695	-4.9037249616007e-6
0.27	-4.899977665661252e-6
0.2705	-4.896230718010962e-6
0.271	-4.892484131793749e-6
0.2715	-4.888737920141126e-6
0.272	-4.884992096171423e-6
0.2725	-4.881246672989012e-6
0.273	-4.877501663683527e-6
0.2735	-4.873757081329096e-6
0.274	-4.8700129389835705e-6
0.2745	-4.8662692496877425e-6
0.275	-4.862526026464599e-6
0.2755	-4.858783282318535e-6
0.276	-4.855041030234606e-6
0.2765	-4.8512893729778974e-6
0.277	-4.847555178257636e-6
0.2775	-4.843821532530238e-6
0.278	-4.840088496516275e-6
0.2785	-4.836355818110523e-6
0.279	-4.832623567936338e-6
0.2795	-4.828891706290719e-6
0.28	-4.8251601935091395e-6
0.2805	-4.8214289899613825e-6
0.281	-4.8176980560474095e-6
0.28150000000000003	-4.813967352193203e-6
0.28200000000000003	-4.810236838846641e-6
0.28250000000000003	-4.806506476473355e-6
0.28300000000000003	-4.802776225552593e-6
0.28350000000000003	-4.799046046573091e-6
0.28400000000000003	-4.795315900028934e-6
0.28450000000000003	-4.791585746415415e-6
0.28500000000000003	-4.787855546224903e-6
0.28550000000000003	-4.784125259942697e-6
0.28600000000000003	-4.780394848042877e-6
0.28650000000000003	-4.776664270984152e-6
0.28700000000000003	-4.772933489205703e-6
0.28750000000000003	-4.7692024631230164e-6
0.28800000000000003	-4.765471153123706e-6
0.2885	-4.761739519563334e-6
0.289	-4.758007522761214e-6
0.2895	-4.754275122996208e-6
0.29	-4.750542280502507e-6
0.2905	-4.746808955465406e-6
0.291	-4.743082254973657e-6
0.2915	-4.739336703921185e-6
0.292	-4.7355905761694605e-6
0.2925	-4.731843915623435e-6
0.293	-4.728096766249511e-6
0.2935	-4.72434917207041e-6
0.294	-4.720601177160009e-6
0.2945	-4.716852825638137e-6
0.295	-4.713104161665351e-6
0.2955	-4.709355229437688e-6
0.296	-4.705606073181368e-6
0.2965	-4.701856737147504e-6
0.297	-4.698107265606749e-6
0.2975	-4.694357702843953e-6
0.298	-4.690608093152775e-6
0.2985	-4.686858480830284e-6
0.299	-4.683108910171532e-6
0.2995	-4.679359425464116e-6
0.3	-4.675610070982708e-6
0.3005	-4.671860890983593e-6
0.301	-4.668111929699156e-6
0.3015	-4.664363231332383e-6
0.302	-4.660614840051342e-6
0.3025	-4.656866799983639e-6
0.303	-4.6531191552108745e-6
0.3035	-4.649371949763092e-6
0.304	-4.645625227613207e-6
0.3045	-4.641878949481677e-6
0.305	-4.638126585288817e-6
0.3055	-4.634390549723658e-6
0.306	-4.630655153587725e-6
0.3065	-4.626920373053763e-6
0.307	-4.623186184331926e-6
0.3075	-4.61945256366823e-6
0.308	-4.615719487343e-6
0.3085	-4.611986931669344e-6
0.309	-4.608254872991623e-6
0.3095	-4.604523287683928e-6
0.31	-4.600792152148585e-6
0.3105	-4.597061442814637e-6
0.311	-4.593331136136365e-6
0.3115	-4.5896012085917976e-6
0.312	-4.585871636681242e-6
0.3125	-4.5821423969258e-6
0.313	-4.578413465865925e-6
0.3135	-4.5746848200599555e-6
0.314	-4.570956436082671e-6
0.3145	-4.567228290523857e-6
0.315	-4.5635003599868626e-6
0.3155	-4.5597726210871856e-6
0.316	-4.556045050451041e-6
0.3165	-4.552317624713952e-6
0.317	-4.548590320519349e-6
0.3175	-4.5448631173621695e-6
0.318	-4.54113598469571e-6
0.3185	-4.537408903552619e-6
0.319	-4.533686266255497e-6
0.3195	-4.529954773720447e-6
0.32	-4.526223262825823e-6
0.3205	-4.522491743497606e-6
0.321	-4.518760225661857e-6
0.3215	-4.515028719244457e-6
0.322	-4.511297234170838e-6
0.3225	-4.507565780365725e-6
0.323	-4.503834367752866e-6
0.3235	-4.500103006254776e-6
0.324	-4.49637170579247e-6
0.3245	-4.4926404762851975e-6
0.325	-4.4889093276501875e-6
0.3255	-4.485178269802379e-6
0.326	-4.481447312654162e-6
0.3265	-4.477716466115115e-6
0.327	-4.473985740091742e-6
0.3275	-4.470255144487212e-6
0.328	-4.466524689201098e-6
0.3285	-4.462794384129116e-6
0.329	-4.45906423916286e-6
0.3295	-4.45533426418955e-6
0.33	-4.451604469091766e-6
0.3305	-4.447874846759555e-6
0.331	-4.444145440325987e-6
0.3315	-4.440416243557541e-6
0.332	-4.4366872663362395e-6
0.3325	-4.4329585185378475e-6
0.333	-4.4292280825598616e-6
0.3335	-4.425501385232819e-6
0.334	-4.421774949226551e-6
0.3345	-4.418048772678148e-6
0.335	-4.414322853725792e-6
0.3355	-4.410597190508737e-6
0.336	-4.406871781167312e-6
0.3365	-4.40314662384292e-6
0.337	-4.399421716678026e-6
0.3375	-4.3956970578161585e-6
0.338	-4.391972645401903e-6
0.3385	-4.388248477580903e-6
0.339	-4.38452455249985e-6
0.3395	-4.380800868306484e-6
0.34	-4.377077423149589e-6
0.3405	-4.373354215178992e-6
0.341	-4.369631242545559e-6
0.3415	-4.365908503401186e-6
0.342	-4.362185995898808e-6
0.3425	-4.358463718192388e-6
0.343	-4.3547416684369165e-6
0.3435	-4.351019901724784e-6
0.34400000000000003	-4.347298300940826e-6
0.34450000000000003	-4.34357692215474e-6
0.34500000000000003	-4.339855763556789e-6
0.34550000000000003	-4.3361348233359516e-6
0.34600000000000003	-4.332414099679981e-6
0.34650000000000003	-4.328693590775454e-6
0.34700000000000003	-4.3249732948078196e-6
0.34750000000000003	-4.321253251746831e-6
0.34800000000000003	-4.3175332979387435e-6
0.34850000000000003	-4.313813551902301e-6
0.34900000000000003	-4.310094012400633e-6
0.34950000000000003	-4.306374678195661e-6
0.35000000000000003	-4.302655548048137e-6
0.35050000000000003	-4.298936620717667e-6
0.35100000000000003	-4.295217894962753e-6
0.35150000000000003	-4.2914993695408204e-6
0.352	-4.287781043208268e-6
0.3525	-4.284062914720485e-6
0.353	-4.280344982831897e-6
0.3535	-4.276627246296007e-6
0.354	-4.272909703865426e-6
0.3545	-4.26919235429191e-6
0.355	-4.265475196326403e-6
0.3555	-4.2617582287190786e-6
0.356	-4.2580414502193705e-6
0.3565	-4.254324859576022e-6
0.357	-4.250608365032e-6
0.3575	-4.2468921452926225e-6
0.358	-4.243176110515977e-6
0.3585	-4.239460259494167e-6
0.359	-4.235744591017918e-6
0.3595	-4.232029103876594e-6
0.36	-4.22831379685822e-6
0.3605	-4.224598668749501e-6
0.361	-4.220883718335848e-6
0.3615	-4.217169241470459e-6
0.362	-4.213454299178033e-6
0.3625	-4.209739531181443e-6
0.363	-4.206024938819722e-6
0.3635	-4.2023105234302e-6
0.364	-4.198596286348429e-6
0.3645	-4.194882228908104e-6
0.365	-4.191168352440978e-6
0.3655	-4.187454658276787e-6
0.366	-4.183741147743171e-6
0.3665	-4.180027822165586e-6
0.367	-4.1763146828672345e-6
0.3675	-4.1726017311689756e-6
0.368	-4.168888968389248e-6
0.3685	-4.165176395843991e-6
0.369	-4.161464014846559e-6
0.3695	-4.1577518267076424e-6
0.37	-4.154039910091436e-6
0.3705	-4.150328111083617e-6
0.371	-4.14661650813656e-6
0.3715	-4.142905102553469e-6
0.372	-4.1391938956368024e-6
0.3725	-4.1354828886882696e-6
0.373	-4.131772083008823e-6
0.3735	-4.128061479898644e-6
0.374	-4.124351080657136e-6
0.3745	-4.120640886582909e-6
0.375	-4.1169308989737774e-6
0.3755	-4.113220879193508e-6
0.376	-4.1095115004117935e-6
0.3765	-4.105802332287767e-6
0.377	-4.102093374696364e-6
0.3775	-4.098384627512445e-6
0.378	-4.094676090610784e-6
0.3785	-4.0909677638660755e-6
0.379	-4.087259647152928e-6
0.3795	-4.083551740345867e-6
0.38	-4.07984404331933e-6
0.3805	-4.076136555947668e-6
0.381	-4.07242927810514e-6
0.3815	-4.068722209665918e-6
0.382	-4.065015350504081e-6
0.3825	-4.061308700493616e-6
0.383	-4.057602212316324e-6
0.3835	-4.053895980367249e-6
0.384	-4.050189957610423e-6
0.3845	-4.046484143919546e-6
0.385	-4.042778539167768e-6
0.3855	-4.039073143227698e-6
0.386	-4.035367955971393e-6
0.3865	-4.03166297727035e-6
0.387	-4.027958206995512e-6
0.3875	-4.024253645017251e-6
0.388	-4.02054929120537e-6
0.3885	-4.0168451454290976e-6
0.389	-4.013141207557082e-6
0.3895	-4.00943747745739e-6
0.39	-4.00573397606744e-6
0.3905	-4.002030629819307e-6
0.391	-3.998327491032687e-6
0.3915	-3.994624559804538e-6
0.392	-3.990921836231044e-6
0.3925	-3.9872193204076044e-6
0.393	-3.983517012428827e-6
0.3935	-3.9798149123885225e-6
0.394	-3.9761130203796945e-6
0.3945	-3.972411336494536e-6
0.395	-3.9687098608244184e-6
0.3955	-3.965008593459885e-6
0.396	-3.961307534490647e-6
0.3965	-3.957606762972932e-6
0.397	-3.953906118023096e-6
0.3975	-3.950205681206288e-6
0.398	-3.9465054526626696e-6
0.3985	-3.9428054325273e-6
0.399	-3.939105620930065e-6
0.3995	-3.935406017995611e-6
0.4	-3.9317066238432806e-6
0.4005	-3.928007438587041e-6
0.401	-3.9243084623354075e-6
0.4015	-3.920609695191373e-6
0.402	-3.916911137252326e-6
0.4025	-3.9132127886099724e-6
0.403	-3.909514649350252e-6
0.4035	-3.905816719553253e-6
0.404	-3.902118999293127e-6
0.4045	-3.898421495206082e-6
0.405	-3.89472414993726e-6
0.4055	-3.8910270146657624e-6
0.406	-3.887330089765085e-6
0.40650000000000003	-3.8836333756017305e-6
0.40700000000000003	-3.879936872535043e-6
0.40750000000000003	-3.876240580917052e-6
0.40800000000000003	-3.872544501092301e-6
0.40850000000000003	-3.868848633397689e-6
0.40900000000000003	-3.865152978162279e-6
0.40950000000000003	-3.861457334685277e-6
0.41000000000000003	-3.857762098111218e-6
0.41050000000000003	-3.854067076899063e-6
0.41100000000000003	-3.850372271579408e-6
0.41150000000000003	-3.846677682677882e-6
0.41200000000000003	-3.842983310714978e-6
0.41250000000000003	-3.839289156205881e-6
0.41300000000000003	-3.835595219660303e-6
0.41350000000000003	-3.831901501582312e-6
0.41400000000000003	-3.828208002470174e-6
0.41450000000000004	-3.824514722816173e-6
0.41500000000000004	-3.820821663106469e-6
0.41550000000000004	-3.817128823820916e-6
0.41600000000000004	-3.813436205432918e-6
0.4165	-3.8097438084092594e-6
0.417	-3.8060516332099567e-6
0.4175	-3.802359680288102e-6
0.418	-3.7986679109186123e-6
0.4185	-3.7949764276992916e-6
0.419	-3.791285168179676e-6
0.4195	-3.7875941326066635e-6
0.42	-3.783903321219654e-6
0.4205	-3.780212734250439e-6
0.421	-3.7765223719230924e-6
0.4215	-3.77283223445386e-6
0.422	-3.769142322051058e-6
0.4225	-3.7654528498471563e-6
0.423	-3.7617633835493966e-6
0.4235	-3.7580741409986835e-6
0.424	-3.7543851224703587e-6
0.4245	-3.750696328238026e-6
0.425	-3.7470077585735318e-6
0.4255	-3.7433194137469397e-6
0.426	-3.739631294026498e-6
0.4265	-3.7359433996786175e-6
0.427	-3.732255730967847e-6
0.4275	-3.728568288156832e-6
0.428	-3.7248810715063e-6
0.4285	-3.7211940812750236e-6
0.429	-3.7175073177197922e-6
0.4295	-3.7138207810953783e-6
0.43	-3.7101344716545117e-6
0.4305	-3.706448389647843e-6
0.431	-3.7027625353239097e-6
0.4315	-3.699076908929112e-6
0.432	-3.6953915107076636e-6
0.4325	-3.691706340901573e-6
0.433	-3.688021399088306e-6
0.4335	-3.684336689759226e-6
0.434	-3.680652209541233e-6
0.4345	-3.6769679586458534e-6
0.435	-3.6732839372822404e-6
0.4355	-3.669600061208451e-6
0.436	-3.6659164986749754e-6
0.4365	-3.6622331670064044e-6
0.437	-3.6585500664327973e-6
0.4375	-3.654867197183811e-6
0.438	-3.651184559488696e-6
0.4385	-3.647502153576293e-6
0.439	-3.643819979675022e-6
0.4395	-3.6401380380128806e-6
0.44	-3.6364563288174357e-6
0.4405	-3.63277485231582e-6
0.441	-3.629093608734722e-6
0.4415	-3.625412598300386e-6
0.442	-3.6217318212386004e-6
0.4425	-3.6180512777746954e-6
0.443	-3.6143709681335388e-6
0.4435	-3.6106908925395206e-6
0.444	-3.6070110512165617e-6
0.4445	-3.603331444388095e-6
0.445	-3.599652072277069e-6
0.4455	-3.5959729351059335e-6
0.446	-3.5922940330966407e-6
0.4465	-3.588615366470635e-6
0.447	-3.584937002119555e-6
0.4475	-3.5812587271030054e-6
0.448	-3.5775806882414053e-6
0.4485	-3.573902886334659e-6
0.449	-3.5702253580709903e-6
0.4495	-3.566548032192006e-6
0.45	-3.5628709453395414e-6
0.4505	-3.5591940983087746e-6
0.451	-3.5555174918943454e-6
0.4515	-3.551841126890349e-6
0.452	-3.5481650040903304e-6
0.4525	-3.5444891242872933e-6
0.453	-3.5408134882736885e-6
0.4535	-3.5371380968414172e-6
0.454	-3.533462950781824e-6
0.4545	-3.5297880508857022e-6
0.455	-3.5261133979432845e-6
0.4555	-3.5224389927442475e-6
0.456	-3.5187648360777034e-6
0.4565	-3.515090928732203e-6
0.457	-3.5114172714957324e-6
0.4575	-3.5077438651557093e-6
0.458	-3.5040707104989845e-6
0.4585	-3.500397808311836e-6
0.459	-3.4967251593799686e-6
0.4595	-3.4930527644885146e-6
0.46	-3.489380624422028e-6
0.4605	-3.4857087399644825e-6
0.461	-3.482037111899274e-6
0.4615	-3.478365710782711e-6
0.462	-3.4746946557129838e-6
0.4625	-3.471023860971591e-6
0.463	-3.4673533251117775e-6
0.4635	-3.463683048483324e-6
0.464	-3.4600130314357348e-6
0.4645	-3.4563432743182382e-6
0.465	-3.4526737774797875e-6
0.4655	-3.449004541269057e-6
0.466	-3.445335566034446e-6
0.4665	-3.441666852124076e-6
0.467	-3.4379983998857904e-6
0.4675	-3.4343302096671537e-6
0.468	-3.430662281815452e-6
0.4685	-3.4269946166776945e-6
0.46900000000000003	-3.4233272146006062e-6
0.46950000000000003	-3.4196600759306357e-6
0.47000000000000003	-3.41599320101395e-6
0.47050000000000003	-3.4123265901964363e-6
0.47100000000000003	-3.4086602438236997e-6
0.47150000000000003	-3.404994162241063e-6
0.47200000000000003	-3.401328345793567e-6
0.47250000000000003	-3.397662794825973e-6
0.47300000000000003	-3.3939975096827553e-6
0.47350000000000003	-3.390332490708107e-6
0.47400000000000003	-3.386667738245937e-6
0.47450000000000003	-3.383003252639869e-6
0.47500000000000003	-3.379339025954869e-6
0.47550000000000003	-3.3756748751345886e-6
0.47600000000000003	-3.372011354459989e-6
0.47650000000000003	-3.368348102339228e-6
0.47700000000000004	-3.3646851179451844e-6
0.47750000000000004	-3.3610224004513136e-6
0.47800000000000004	-3.3573599490316457e-6
0.47850000000000004	-3.353697762860782e-6
0.47900000000000004	-3.350035841113892e-6
0.47950000000000004	-3.3463741829667153e-6
0.48	-3.3427127875955587e-6
0.4805	-3.3390516541772862e-6
0.481	-3.335390781889329e-6
0.4815	-3.331730169909676e-6
0.482	-3.3280698174168732e-6
0.4825	-3.3244097235900212e-6
0.483	-3.3207498876087753e-6
0.4835	-3.317090308653341e-6
0.484	-3.313430985904474e-6
0.4845	-3.3097719185434746e-6
0.485	-3.306113105752189e-6
0.4855	-3.302454546713008e-6
0.486	-3.298796240608863e-6
0.4865	-3.295138186623223e-6
0.487	-3.2914803839400933e-6
0.4875	-3.2878228317440164e-6
0.488	-3.2841655336036533e-6
0.4885	-3.2805084799188085e-6
0.489	-3.2768516742397245e-6
0.4895	-3.2731951157532796e-6
0.49	-3.269539227355783e-6
0.4905	-3.265882744904145e-6
0.491	-3.26222650720927e-6
0.4915	-3.258570516443988e-6
0.492	-3.254914774779639e-6
0.4925	-3.251259284386056e-6
0.493	-3.247604047431554e-6
0.4935	-3.243949066082921e-6
0.494	-3.2402943425053955e-6
0.4945	-3.236639878862668e-6
0.495	-3.232985677316859e-6
0.4955	-3.2293317400285083e-6
0.496	-3.225678069156565e-6
0.4965	-3.2220246668583723e-6
0.497	-3.218371535289657e-6
0.4975	-3.2147186766045197e-6
0.498	-3.211066092955418e-6
0.4985	-3.2074137864931534e-6
0.499	-3.2037617593668674e-6
0.4995	-3.2001100137240203e-6
0.5	-3.1964585517103827e-6
0.5005000000000001	-3.192807375470024e-6
0.501	-3.1891564871453023e-6
0.5015000000000001	-3.1855058880264626e-6
0.502	-3.181855581953012e-6
0.5025000000000001	-3.1782055702195065e-6
0.503	-3.1745558549615325e-6
0.5035000000000001	-3.170906438312897e-6
0.504	-3.1672573224056307e-6
0.5045000000000001	-3.16360806092253e-6
0.505	-3.159960073860546e-6
0.5055000000000001	-3.1563123933196255e-6
0.506	-3.1526650177070522e-6
0.5065000000000001	-3.1490179454314024e-6
0.507	-3.1453711749025422e-6
0.5075000000000001	-3.141724704531617e-6
0.508	-3.138078532731048e-6
0.5085000000000001	-3.1344326579145175e-6
0.509	-3.130787078496972e-6
0.5095000000000001	-3.1271417928946037e-6
0.51	-3.1234967995248536e-6
0.5105000000000001	-3.1198520968063955e-6
0.511	-3.1162076831591337e-6
0.5115000000000001	-3.112563557004196e-6
0.512	-3.108919716763924e-6
0.5125	-3.105276160861865e-6
0.513	-3.1016328877227686e-6
0.5135	-3.0979898957725767e-6
0.514	-3.094347183438417e-6
0.5145	-3.0907047480091697e-6
0.515	-3.0870625902046496e-6
0.5155	-3.0834207073144066e-6
0.516	-3.079779097770133e-6
0.5165	-3.0761377600046687e-6
0.517	-3.0724966924519968e-6
0.5175	-3.0688558935472336e-6
0.518	-3.065215361726619e-6
0.5185	-3.061575095427523e-6
0.519	-3.0579355089042513e-6
0.5195	-3.0542952308658167e-6
0.52	-3.0506552146031872e-6
0.5205	-3.047015462379045e-6
0.521	-3.043375976454403e-6
0.5215	-3.039736759088589e-6
0.522	-3.036097812539238e-6
0.5225	-3.0324591390622737e-6
0.523	-3.0288207409118936e-6
0.5235	-3.0251826203405643e-6
0.524	-3.0215447795989977e-6
0.5245	-3.0179072209361458e-6
0.525	-3.0142699465991806e-6
0.5255	-3.0106329588334884e-6
0.526	-3.00699625988265e-6
0.5265	-3.0033598519884308e-6
0.527	-2.9997237373907645e-6
0.5275	-2.996087919002169e-6
0.528	-2.9924523977134132e-6
0.5285	-2.988817176423899e-6
0.529	-2.985182257365946e-6
0.5295	-2.9815476427699885e-6
0.53	-2.977913334864541e-6
0.5305	-2.974279335876206e-6
0.531	-2.9706456480296474e-6
0.5315	-2.9670122735475853e-6
0.532	-2.9633792146507755e-6
0.5325	-2.959746473558004e-6
0.533	-2.956114052486069e-6
0.5335	-2.9524817034706097e-6
0.534	-2.9488502648801585e-6
0.5345	-2.9452191522835907e-6
0.535	-2.941588365517473e-6
0.5355	-2.937957904418478e-6
0.536	-2.9343277688233863e-6
0.5365	-2.9306979585690873e-6
0.537	-2.9270684734925727e-6
0.5375	-2.9234393134309467e-6
0.538	-2.919810478221415e-6
0.5385	-2.9161819677012955e-6
0.539	-2.9125537817080067e-6
0.5395	-2.908925920079079e-6
0.54	-2.9052983826521444e-6
0.5405	-2.9016711693554383e-6
0.541	-2.8980442798457834e-6
0.5415	-2.8944177140508722e-6
0.542	-2.8907914718087585e-6
0.5425	-2.8871655529576034e-6
0.543	-2.883539957335672e-6
0.5435	-2.87991468478134e-6
0.544	-2.8762897351330808e-6
0.5445	-2.872665108229479e-6
0.545	-2.8690408039092215e-6
0.5455	-2.865416822011105e-6
0.546	-2.8617931623740233e-6
0.5465	-2.858169824836983e-6
0.547	-2.8545468092390914e-6
0.5475	-2.850924115419564e-6
0.548	-2.8473017992167834e-6
0.5485	-2.8436796778295695e-6
0.549	-2.8400578778534675e-6
0.5495	-2.8364363996243396e-6
0.55	-2.8328152434777077e-6
0.5505	-2.8291944097487626e-6
0.551	-2.8255738987723535e-6
0.5515	-2.821953710882994e-6
0.552	-2.8183338464148597e-6
0.5525	-2.8147143057017927e-6
0.553	-2.811095089077289e-6
0.5535	-2.807476196874517e-6
0.554	-2.8038576269166262e-6
0.5545	-2.8002393845684498e-6
0.555	-2.7966214676615993e-6
0.5555	-2.793003876528094e-6
0.556	-2.78938661149961e-6
0.5565	-2.785769672907489e-6
0.557	-2.7821530610827285e-6
0.5575	-2.778536776355992e-6
0.558	-2.7749208190575992e-6
0.5585	-2.771305189517533e-6
0.559	-2.7676898880654354e-6
0.5595	-2.7640749150306085e-6
0.56	-2.760460270742012e-6
0.5605	-2.7568459555282703e-6
0.561	-2.7532319697176618e-6
0.5615	-2.7496183136381302e-6
0.562	-2.7460049876172706e-6
0.5625	-2.7423921174398006e-6
0.5630000000000001	-2.738779315458592e-6
0.5635	-2.735166844622757e-6
0.5640000000000001	-2.7315547062165605e-6
0.5645	-2.7279429015230456e-6
0.5650000000000001	-2.724331431824023e-6
0.5655	-2.720720298400071e-6
0.5660000000000001	-2.7171095025305257e-6
0.5665	-2.713499045493488e-6
0.5670000000000001	-2.709888930563908e-6
0.5675	-2.706279155019752e-6
0.5680000000000001	-2.7026697221171947e-6
0.5685	-2.6990606331290518e-6
0.5690000000000001	-2.695451889326871e-6
0.5695	-2.6918434919809418e-6
0.5700000000000001	-2.688235442360278e-6
0.5705	-2.684627741732623e-6
0.5710000000000001	-2.681020391364443e-6
0.5715	-2.6774133925209213e-6
0.5720000000000001	-2.673806746465958e-6
0.5725	-2.670200454462164e-6
0.5730000000000001	-2.6665945177708545e-6
0.5735	-2.662988937652054e-6
0.5740000000000001	-2.6593837153644823e-6
0.5745	-2.6557788521655564e-6
0.5750000000000001	-2.6521743493113848e-6
0.5755	-2.6485702080567655e-6
0.5760000000000001	-2.6449664296551797e-6
0.5765	-2.6413630153587896e-6
0.577	-2.637759769308131e-6
0.5775	-2.6341572634962976e-6
0.578	-2.6305551256429696e-6
0.5785	-2.6269533557675147e-6
0.579	-2.6233519538892277e-6
0.5795	-2.6197509200273204e-6
0.58	-2.6161502600102377e-6
0.5805	-2.612549962227042e-6
0.581	-2.6089500324667583e-6
0.5815	-2.60535047074802e-6
0.582	-2.6017512770893793e-6
0.5825	-2.5981524515093027e-6
0.583	-2.5945539940261728e-6
0.5835	-2.5909559046582835e-6
0.584	-2.587358183423847e-6
0.5845	-2.5837608303409885e-6
0.585	-2.580163845427747e-6
0.5855	-2.5765672287020774e-6
0.586	-2.5729709801818507e-6
0.5865	-2.5693750998848478e-6
0.587	-2.565779587828769e-6
0.5875	-2.5621844440312277e-6
0.588	-2.5585896685097514e-6
0.5885	-2.554995261281782e-6
0.589	-2.5514012223646755e-6
0.5895	-2.5478075517757047e-6
0.59	-2.5442142495320553e-6
0.5905	-2.5406213156508256e-6
0.591	-2.537028750149031e-6
0.5915	-2.533436777031672e-6
0.592	-2.5298447889823085e-6
0.5925	-2.526253168942618e-6
0.593	-2.522661902665747e-6
0.5935	-2.5190710219307596e-6
0.594	-2.5154805126946605e-6
0.5945	-2.5118903760753104e-6
0.595	-2.508300613189344e-6
0.5955	-2.5047112251521617e-6
0.596	-2.5011222130779364e-6
0.5965	-2.4975335780795972e-6
0.597	-2.493945321268839e-6
0.5975	-2.4903574437561076e-6
0.598	-2.4867699466506044e-6
0.5985	-2.4831828310602836e-6
0.599	-2.4795960980918425e-6
0.5995	-2.476009748850723e-6
0.6	-2.472423784441111e-6
0.6005	-2.468838205965926e-6
0.601	-2.4652530145268256e-6
0.6015	-2.4616682112241944e-6
0.602	-2.458083797157151e-6
0.6025	-2.4544997734235333e-6
0.603	-2.4509161411199074e-6
0.6035	-2.447332901341554e-6
0.604	-2.4437500551824725e-6
0.6045	-2.4401676037353727e-6
0.605	-2.4365855480916792e-6
0.6055	-2.433003889341519e-6
0.606	-2.4294225467239568e-6
0.6065	-2.425841751904407e-6
0.607	-2.4222613363822584e-6
0.6075	-2.418681321834784e-6
0.608	-2.4151017090276896e-6
0.6085	-2.4115224987257186e-6
0.609	-2.4079436916926545e-6
0.6095	-2.404365288691315e-6
0.61	-2.4007872904835506e-6
0.6105	-2.3972096978302435e-6
0.611	-2.39363251149131e-6
0.6115	-2.3900557322256887e-6
0.612	-2.386479360791352e-6
0.6125	-2.3829033979452896e-6
0.613	-2.3793278444435247e-6
0.6135	-2.375752701041093e-6
0.614	-2.3721779684920563e-6
0.6145	-2.368603647549492e-6
0.615	-2.3650297389654963e-6
0.6155	-2.3614562434911787e-6
0.616	-2.357883161876664e-6
0.6165	-2.354310494871087e-6
0.617	-2.3507382432225953e-6
0.6175	-2.34716640767834e-6
0.618	-2.3435949889844856e-6
0.6185	-2.3400239878861946e-6
0.619	-2.336453405127639e-6
0.6195	-2.332883218360516e-6
0.62	-2.3293134745188367e-6
0.6205	-2.3257441514470998e-6
0.621	-2.3221752220516437e-6
0.6215	-2.3186067649636373e-6
0.622	-2.3150387309066035e-6
0.6225	-2.311471120469404e-6
0.623	-2.3079039342401017e-6
0.6235	-2.304337172805962e-6
0.624	-2.30077083675345e-6
0.6245	-2.2972049266682303e-6
0.625	-2.2936394431351682e-6
0.6255000000000001	-2.290074386738327e-6
0.626	-2.286509758060967e-6
0.6265000000000001	-2.2829455576855433e-6
0.627	-2.279381786193712e-6
0.6275000000000001	-2.2758184441663194e-6
0.628	-2.2722555321834075e-6
0.6285000000000001	-2.2686930508242126e-6
0.629	-2.265131000667165e-6
0.6295000000000001	-2.261569382289883e-6
0.63	-2.2580081962691785e-6
0.6305000000000001	-2.254447443181055e-6
0.631	-2.250887123600702e-6
0.6315000000000001	-2.2473272381025003e-6
0.632	-2.2437677872600194e-6
0.6325000000000001	-2.2402087869292316e-6
0.633	-2.2366502071127265e-6
0.6335000000000001	-2.2330920635334156e-6
0.634	-2.2295343567604625e-6
0.6345000000000001	-2.225977087362226e-6
0.635	-2.2224202559062693e-6
0.6355000000000001	-2.218863933784335e-6
0.636	-2.2153079412850017e-6
0.6365000000000001	-2.211752388217862e-6
0.637	-2.208197275409678e-6
0.6375000000000001	-2.204642603686079e-6
0.638	-2.201088373871561e-6
0.6385000000000001	-2.1975345867894915e-6
0.639	-2.193981243262104e-6
0.6395000000000001	-2.1904283441104947e-6
0.64	-2.1868758901546244e-6
0.6405	-2.1833238822133184e-6
0.641	-2.179772321104261e-6
0.6415	-2.176221207643998e-6
0.642	-2.172670542647931e-6
0.6425	-2.169120326930323e-6
0.643	-2.165570561304292e-6
0.6435	-2.1620212465818083e-6
0.644	-2.158472383573698e-6
0.6445	-2.154923973089642e-6
0.645	-2.1513760159381654e-6
0.6455	-2.1478285095640837e-6
0.646	-2.1442814614878943e-6
0.6465	-2.14073486919243e-6
0.647	-2.137188733481968e-6
0.6475	-2.1336430551596367e-6
0.648	-2.1300978350274096e-6
0.6485	-2.126553073886112e-6
0.649	-2.1230087725354094e-6
0.6495	-2.1194649317738202e-6
0.65	-2.1159215523986973e-6
0.6505	-2.112379064556754e-6
0.651	-2.108836327059117e-6
0.6515	-2.1052940524222574e-6
0.652	-2.1017522433430623e-6
0.6525	-2.098210902514742e-6
0.653	-2.0946700326268033e-6
0.6535	-2.0911296363650383e-6
0.654	-2.087589716411498e-6
0.6545	-2.084050275444482e-6
0.655	-2.0805113161385147e-6
0.6555	-2.076972841164333e-6
0.656	-2.0734348531888596e-6
0.6565	-2.069897354875198e-6
0.657	-2.0663603488826e-6
0.6575	-2.062823837866461e-6
0.658	-2.0592878244782935e-6
0.6585	-2.0557523113657164e-6
0.659	-2.052217293720471e-6
0.6595	-2.0486827890830606e-6
0.66	-2.0451487927070824e-6
0.6605	-2.0416153072258874e-6
0.661	-2.0380823352688474e-6
0.6615	-2.0345498794613458e-6
0.662	-2.031017942424753e-6
0.6625	-2.027486526776416e-6
0.663	-2.0239556351296347e-6
0.6635	-2.0204252700936566e-6
0.664	-2.016895434273647e-6
0.6645	-2.013366130270683e-6
0.665	-2.0098373606817305e-6
0.6655	-2.006308593238641e-6
0.666	-2.002781307049965e-6
0.6665	-1.9992545637686033e-6
0.667	-1.9957283632696045e-6
0.6675	-1.992202705428018e-6
0.668	-1.9886775901188946e-6
0.6685	-1.985153017217278e-6
0.669	-1.9816289865982154e-6
0.6695	-1.9781054981367547e-6
0.67	-1.974582551707937e-6
0.6705	-1.9710601471868076e-6
0.671	-1.9675382844484063e-6
0.6715	-1.9640169633677796e-6
0.672	-1.96049619412813e-6
0.6725	-1.9569759559573977e-6
0.673	-1.953456258979368e-6
0.6735	-1.9499371030685828e-6
0.674	-1.946418488099581e-6
0.6745	-1.942900413946902e-6
0.675	-1.939382880485079e-6
0.6755	-1.9358658875886434e-6
0.676	-1.932349435132127e-6
0.6765	-1.9288335229900586e-6
0.677	-1.9253181510369606e-6
0.6775	-1.921803319147358e-6
0.678	-1.918289027195772e-6
0.6785	-1.914775275056723e-6
0.679	-1.911262062604726e-6
0.6795	-1.9077493897142994e-6
0.68	-1.9042372562599537e-6
0.6805	-1.9007260285489157e-6
0.681	-1.8972146810729056e-6
0.6815	-1.8937038722524326e-6
0.682	-1.8901936038866096e-6
0.6825	-1.886683877771576e-6
0.683	-1.883174695700486e-6
0.6835	-1.8796660594635026e-6
0.684	-1.8761579708477922e-6
0.6845	-1.8726504316375136e-6
0.685	-1.8691434338926469e-6
0.6855	-1.8656369988011656e-6
0.686	-1.8621311185351554e-6
0.6865	-1.8586257948681718e-6
0.687	-1.85512102957074e-6
0.6875	-1.8516168244103513e-6
0.6880000000000001	-1.8481131811514482e-6
0.6885	-1.8446101015554313e-6
0.6890000000000001	-1.8411075873806445e-6
0.6895	-1.8376056403823673e-6
0.6900000000000001	-1.8341042623128113e-6
0.6905	-1.8306034549211163e-6
0.6910000000000001	-1.8271032199533379e-6
0.6915	-1.8236035591524449e-6
0.6920000000000001	-1.8201044742583138e-6
0.6925	-1.8166059670077203e-6
0.6930000000000001	-1.8131080391343334e-6
0.6935	-1.8096106923687116e-6
0.6940000000000001	-1.8061139284382928e-6
0.6945	-1.802617749067394e-6
0.6950000000000001	-1.7991221559771991e-6
0.6955	-1.795627288970564e-6
0.6960000000000001	-1.7921327696227593e-6
0.6965	-1.7886388415114343e-6
0.6970000000000001	-1.7851455070227095e-6
0.6975	-1.7816527685383915e-6
0.6980000000000001	-1.7781606284359504e-6
0.6985	-1.7746690922162901e-6
0.6990000000000001	-1.7711781559843871e-6
0.6995	-1.7676878252127616e-6
0.7000000000000001	-1.7641981022609144e-6
0.7005	-1.760708989483956e-6
0.7010000000000001	-1.7572204892325834e-6
0.7015	-1.7537326038530757e-6
0.7020000000000001	-1.7502453356872753e-6
0.7025	-1.7467586870725817e-6
0.7030000000000001	-1.743272660341935e-6
0.7035	-1.7397872578238102e-6
0.704	-1.7363024818421947e-6
0.7045	-1.7328183347165877e-6
0.705	-1.7293348187619834e-6
0.7055	-1.7258519362888583e-6
0.706	-1.722369689603162e-6
0.7065	-1.7188880810063062e-6
0.707	-1.7154071127951523e-6
0.7075	-1.7119267872619953e-6
0.708	-1.708447106694565e-6
0.7085	-1.7049680733760012e-6
0.709	-1.7014896895848535e-6
0.7095	-1.6980119575950607e-6
0.71	-1.6945348796759512e-6
0.7105	-1.6910582388943898e-6
0.711	-1.687582616527583e-6
0.7115	-1.6841076571431812e-6
0.712	-1.680633358727934e-6
0.7125	-1.677159724288115e-6
0.713	-1.6736867551615015e-6
0.7135	-1.6702144526829284e-6
0.714	-1.6667428181843004e-6
0.7145	-1.6632718529945765e-6
0.715	-1.659801558439778e-6
0.7155	-1.6563319358429765e-6
0.716	-1.6528629865243e-6
0.7165	-1.6493947118009273e-6
0.717	-1.6459271129870863e-6
0.7175	-1.6424601913940472e-6
0.718	-1.638993948330129e-6
0.7185	-1.6355283851006891e-6
0.719	-1.6320635030081286e-6
0.7195	-1.6285993033518806e-6
0.72	-1.62513578742842e-6
0.7205	-1.6216729565312508e-6
0.721	-1.6182108119509111e-6
0.7215	-1.6147493549749674e-6
0.722	-1.6112885868880141e-6
0.7225	-1.6078285089716704e-6
0.723	-1.6043691225045816e-6
0.7235	-1.6009104287624128e-6
0.724	-1.597452429017851e-6
0.7245	-1.5939951213942738e-6
0.725	-1.5905385134491927e-6
0.7255	-1.5870855709879909e-6
0.726	-1.5836288506132752e-6
0.7265	-1.5801728218585165e-6
0.727	-1.5767174956339048e-6
0.7275	-1.5732628828266892e-6
0.728	-1.569808994300862e-6
0.7285	-1.5663558408968286e-6
0.729	-1.5629034334310955e-6
0.7295	-1.5594517826959526e-6
0.73	-1.5560008994591537e-6
0.7305	-1.5525507944636082e-6
0.731	-1.5491014784270702e-6
0.7315	-1.5456529620418253e-6
0.732	-1.5422052559743892e-6
0.7325	-1.5387583708651967e-6
0.733	-1.5353123173283083e-6
0.7335	-1.5318671059511012e-6
0.734	-1.528422747293975e-6
0.7345	-1.5249792518900527e-6
0.735	-1.521536630244895e-6
0.7355	-1.518094892836193e-6
0.736	-1.5146540501134965e-6
0.7365	-1.5112141124979111e-6
0.737	-1.5077750903818285e-6
0.7375	-1.5043369615295551e-6
0.738	-1.500899801071374e-6
0.7385	-1.4974635874060799e-6
0.739	-1.4940283308204453e-6
0.7395	-1.4905940415712317e-6
0.74	-1.4871607298849348e-6
0.7405	-1.4837284059575116e-6
0.741	-1.4802900716410154e-6
0.7415	-1.4768642660267798e-6
0.742	-1.4734394915738675e-6
0.7425	-1.4700157301709484e-6
0.743	-1.4665929637579529e-6
0.7435	-1.4631711743250365e-6
0.744	-1.459750343911572e-6
0.7445	-1.4563304546051253e-6
0.745	-1.4529114885404672e-6
0.7455	-1.4494934278985603e-6
0.746	-1.446076254905583e-6
0.7465	-1.4426599518319306e-6
0.747	-1.439244500991257e-6
0.7475	-1.435829884739486e-6
0.748	-1.4324160854738568e-6
0.7485	-1.4290030856319652e-6
0.749	-1.4255908676908087e-6
0.7495	-1.4221794141658442e-6
0.75	-1.4187687076100433e-6
0.7505000000000001	-1.4153587306129626e-6
0.751	-1.4119494987963215e-6
0.7515000000000001	-1.4085409277849362e-6
0.752	-1.4051330340459016e-6
0.7525000000000001	-1.4017258003265965e-6
0.753	-1.3983192094066295e-6
0.7535000000000001	-1.394913244096932e-6
0.754	-1.3915078872388722e-6
0.7545000000000001	-1.3881031217033547e-6
0.755	-1.384698930389935e-6
0.7555000000000001	-1.3812952962259328e-6
0.756	-1.3779095828991812e-6
0.7565000000000001	-1.374499883694925e-6
0.757	-1.3710906282326998e-6
0.7575000000000001	-1.367681843917579e-6
0.758	-1.3642735581143285e-6
0.7585000000000001	-1.3608657981452227e-6
0.759	-1.3574585912878967e-6
0.7595000000000001	-1.3540519647731777e-6
0.76	-1.3506459457829532e-6
0.7605000000000001	-1.3472405614480242e-6
0.761	-1.3438358388459957e-6
0.7615000000000001	-1.340431804999155e-6
0.762	-1.3370284868723777e-6
0.7625000000000001	-1.333625911371033e-6
0.763	-1.3302241053389117e-6
0.7635000000000001	-1.3268230955561637e-6
0.764	-1.3234228747287167e-6
0.7645000000000001	-1.3200235366472167e-6
0.765	-1.316625075076408e-6
0.7655000000000001	-1.3132275165496118e-6
0.766	-1.3098308875265852e-6
0.7665000000000001	-1.3064352143915435e-6
0.767	-1.303040523451214e-6
0.7675000000000001	-1.2996468409328864e-6
0.768	-1.296254192982511e-6
0.7685	-1.292862605662776e-6
0.769	-1.2894721049512323e-6
0.7695	-1.2860827167384194e-6
0.77	-1.2826944668260177e-6
0.7705	-1.2793073809250134e-6
0.771	-1.2759214846538776e-6
0.7715	-1.2725308918091365e-6
0.772	-1.2691498691019904e-6
0.7725	-1.2657701315420282e-6
0.773	-1.2623916895183761e-6
0.7735	-1.2590145533770386e-6
0.774	-1.2556387334206521e-6
0.7745	-1.2522642399082413e-6
0.775	-1.248891083054986e-6
0.7755	-1.2455192730319873e-6
0.776	-1.2421488199660376e-6
0.7765	-1.23877973393939e-6
0.777	-1.2354120057931925e-6
0.7775	-1.232045683769389e-6
0.778	-1.228680758932845e-6
0.7785	-1.2253172411909338e-6
0.779	-1.2219551404054872e-6
0.7795	-1.2185944663925931e-6
0.78	-1.2152352289223972e-6
0.7805	-1.2118774377189107e-6
0.781	-1.2085211024598096e-6
0.7815	-1.2051662327762562e-6
0.782	-1.2018128382527051e-6
0.7825	-1.1984609284267335e-6
0.783	-1.1951105127888467e-6
0.7835	-1.1917616007823213e-6
0.784	-1.1884142018030197e-6
0.7845	-1.1850683251992354e-6
0.785	-1.1817239802715183e-6
0.7855	-1.1783811762725213e-6
0.786	-1.1750399224068386e-6
0.7865	-1.1717002278308608e-6
0.787	-1.1683509048935203e-6
0.7875	-1.1650183104966304e-6
0.788	-1.1616873416254135e-6
0.7885	-1.1583579836951101e-6
0.789	-1.1550302221853531e-6
0.7895	-1.1517040426394169e-6
0.79	-1.1483794601178086e-6
0.7905	-1.1450564012249173e-6
0.791	-1.1417348810459192e-6
0.7915	-1.1384148853745299e-6
0.792	-1.1350964000644393e-6
0.7925	-1.1317794110286031e-6
0.793	-1.128463904238539e-6
0.7935	-1.1251498657236344e-6
0.794	-1.1218372815704443e-6
0.7945	-1.118526137922014e-6
0.795	-1.1152164209771954e-6
0.7955	-1.1119081169899785e-6
0.796	-1.1086012122688123e-6
0.7965	-1.105295693175954e-6
0.797	-1.1019915461268038e-6
0.7975	-1.0986887575892562e-6
0.798	-1.0953873140830533e-6
0.7985	-1.0920872021791454e-6
0.799	-1.0887884084990512e-6
0.7995	-1.0854909197142337e-6
0.8	-1.0821947225454641e-6
0.8005	-1.0789061782067384e-6
0.801	-1.0756125095531448e-6
0.8015	-1.0723200926140215e-6
0.802	-1.0690289142743003e-6
0.8025	-1.0657389614655427e-6
0.803	-1.0624502211530632e-6
0.8035	-1.0591626803900414e-6
0.804	-1.055876326225433e-6
0.8045	-1.0525921231631612e-6
0.805	-1.0493117111563194e-6
0.8055	-1.0460324167926599e-6
0.806	-1.0427542064629087e-6
0.8065	-1.03947704666696e-6
0.807	-1.036200904010289e-6
0.8075	-1.032925745200411e-6
0.808	-1.0296515370433557e-6
0.8085	-1.026378246440178e-6
0.809	-1.0231058403834925e-6
0.8095	-1.0198342859540388e-6
0.81	-1.0165635503172573e-6
0.8105	-1.0132936007199142e-6
0.811	-1.0100244044867173e-6
0.8115	-1.0067559290169866e-6
0.812	-1.0034881417813145e-6
0.8125	-1.0002210103182755e-6
0.8130000000000001	-9.969545022311283e-7
0.8135	-9.936885851845548e-7
0.8140000000000001	-9.904232269014083e-7
0.8145	-9.871583951594773e-7
0.8150000000000001	-9.838940577882664e-7
0.8155	-9.806301826657912e-7
0.8160000000000001	-9.77366737715387e-7
0.8165	-9.741036909025422e-7
0.8170000000000001	-9.708410102316756e-7
0.8175	-9.675786637430673e-7
0.8180000000000001	-9.643166195096462e-7
0.8185	-9.610548456338735e-7
0.8190000000000001	-9.577933102277026e-7
0.8195	-9.545319814878346e-7
0.8200000000000001	-9.512708275531869e-7
0.8205	-9.480092844300637e-7
0.8210000000000001	-9.447340700635646e-7
0.8215	-9.414590225787e-7
0.8220000000000001	-9.381841930626019e-7
0.8225	-9.349096325683981e-7
0.8230000000000001	-9.316353921072636e-7
0.8235	-9.283615226405026e-7
0.8240000000000001	-9.250880750716299e-7
0.8245	-9.218151002384961e-7
0.8250000000000001	-9.185426489054385e-7
0.8255	-9.152707717554594e-7
0.8260000000000001	-9.11999519382434e-7
0.8265	-9.087289422833759e-7
0.8270000000000001	-9.054590908507255e-7
0.8275	-9.021900153646928e-7
0.8280000000000001	-8.989217659856424e-7
0.8285	-8.956543927465435e-7
0.8290000000000001	-8.923879455454574e-7
0.8295	-8.891224741371229e-7
0.8300000000000001	-8.858580281292965e-7
0.8305	-8.825946569700682e-7
0.8310000000000001	-8.793324099440338e-7
0.8315	-8.760713361642889e-7
0.8320000000000001	-8.728114845653145e-7
0.8325	-8.695529038959395e-7
0.833	-8.662956427123751e-7
0.8335	-8.630397493713411e-7
0.834	-8.59785272023266e-7
0.8345	-8.565322586055754e-7
0.835	-8.532807567506573e-7
0.8355	-8.500308141545408e-7
0.836	-8.467824779518527e-7
0.8365	-8.435357951615848e-7
0.837	-8.402964301734362e-7
0.8375	-8.370604668253076e-7
0.838	-8.338262113194106e-7
0.8385	-8.305936683468336e-7
0.839	-8.27362842566697e-7
0.8395	-8.24133738606179e-7
0.84	-8.209063610605355e-7
0.8405	-8.176807144931254e-7
0.841	-8.144568034354431e-7
0.8415	-8.112346323871355e-7
0.842	-8.080142058160401e-7
0.8425	-8.047955281596894e-7
0.843	-8.015786038194231e-7
0.8435	-7.983634371692887e-7
0.844	-7.951500325501837e-7
0.8445	-7.919383942713481e-7
0.845	-7.887285266104123e-7
0.8455	-7.855204338134187e-7
0.846	-7.823141200948771e-7
0.8465	-7.791095896377876e-7
0.847	-7.759068465936935e-7
0.8475	-7.727058950827128e-7
0.848	-7.695067391935894e-7
0.8485	-7.663093829837278e-7
0.849	-7.631138304792431e-7
0.8495	-7.599200856750052e-7
0.85	-7.567281525346865e-7
0.8505	-7.535380349908067e-7
0.851	-7.503497369447826e-7
0.8515	-7.4716326227637e-7
0.852	-7.43978614804331e-7
0.8525	-7.407957983469646e-7
0.853	-7.376047872454681e-7
0.8535	-7.344229700850124e-7
0.854	-7.312430197338424e-7
0.8545	-7.280649547403858e-7
0.855	-7.248887935279652e-7
0.8555	-7.217145543941368e-7
0.856	-7.185432690927175e-7
0.8565	-7.153729221056383e-7
0.857	-7.122045423906744e-7
0.8575	-7.090381477629367e-7
0.858	-7.058737559156739e-7
0.8585	-7.027113844192851e-7
0.859	-6.995510507203431e-7
0.8595	-6.963927721406213e-7
0.86	-6.932365658761413e-7
0.8605	-6.900824489962267e-7
0.861	-6.869304384425745e-7
0.8615	-6.837805510283225e-7
0.862	-6.806328034371496e-7
0.8625	-6.774872122223702e-7
0.863	-6.7434379380605e-7
0.8635	-6.712025644781231e-7
0.864	-6.680635403955408e-7
0.8645	-6.649267375814051e-7
0.865	-6.617921719241349e-7
0.8655	-6.586598591766363e-7
0.866	-6.555298149554876e-7
0.8665	-6.52402054740126e-7
0.867	-6.492765938720608e-7
0.8675	-6.461534475540912e-7
0.868	-6.430326308495363e-7
0.8685	-6.399209599857233e-7
0.869	-6.368030152400054e-7
0.8695	-6.336865426536849e-7
0.87	-6.305724504158748e-7
0.8705	-6.274607666734487e-7
0.871	-6.243515192793599e-7
0.8715	-6.212447357871364e-7
0.872	-6.181404434453802e-7
0.8725	-6.150386691922715e-7
0.873	-6.119394396500725e-7
0.8735	-6.08842781119635e-7
0.874	-6.057487195749067e-7
0.8745	-6.026572806574463e-7
0.875	-5.995684896709345e-7
0.8755000000000001	-5.96482371575687e-7
0.876	-5.933989509831761e-7
0.8765000000000001	-5.903182521505451e-7
0.877	-5.872402989751317e-7
0.8775000000000001	-5.841651149889842e-7
0.878	-5.810927233533881e-7
0.8785000000000001	-5.780231468533871e-7
0.879	-5.749564078923076e-7
0.8795000000000001	-5.718925284862812e-7
0.88	-5.688315302587678e-7
0.8805000000000001	-5.657734344350819e-7
0.881	-5.627182618369092e-7
0.8815000000000001	-5.59666032876832e-7
0.882	-5.566324920496772e-7
0.8825000000000001	-5.535870307865425e-7
0.883	-5.505446286918862e-7
0.8835000000000001	-5.475053077778283e-7
0.884	-5.444690897873712e-7
0.8845000000000001	-5.414359961942439e-7
0.885	-5.384060483383408e-7
0.8855000000000001	-5.353792668853398e-7
0.886	-5.323556726070182e-7
0.8865000000000001	-5.293352858983456e-7
0.887	-5.263170604112817e-7
0.8875000000000001	-5.232955376402366e-7
0.888	-5.202773497698945e-7
0.8885000000000001	-5.17262553446237e-7
0.889	-5.14251204618003e-7
0.8895000000000001	-5.112433585301422e-7
0.89	-5.082390697176322e-7
0.8905000000000001	-5.052383919996577e-7
0.891	-5.022413784741453e-7
0.8915000000000001	-4.992480815126533e-7
0.892	-4.962585527556267e-7
0.8925000000000001	-4.932728431079902e-7
0.893	-4.902910027351035e-7
0.8935000000000001	-4.873130810590547e-7
0.894	-4.843391267553074e-7
0.8945000000000001	-4.813691877496717e-7
0.895	-4.784033113525935e-7
0.8955000000000001	-4.754415437157495e-7
0.896	-4.724839306302605e-7
0.8965	-4.6953051699965956e-7
0.897	-4.665813469677037e-7
0.8975	-4.636364639173147e-7
0.898	-4.60695910469828e-7
0.8985	-4.577597284845411e-7
0.899	-4.5482795905857663e-7
0.8995	-4.519006425270227e-7
0.9	-4.4897781846338315e-7
0.9005	-4.4605952568027994e-7
0.901	-4.431458022304702e-7
0.9015	-4.4023668540810473e-7
0.902	-4.373322117502685e-7
0.9025	-4.3443241794651346e-7
0.903	-4.3153733711785583e-7
0.9035	-4.28647004472596e-7
0.904	-4.2576145353679824e-7
0.9045	-4.228807170919521e-7
0.905	-4.200003377981843e-7
0.9055	-4.1712007481397693e-7
0.906	-4.142448297250247e-7
0.9065	-4.113746733025829e-7
0.907	-4.0850967483794326e-7
0.9075	-4.0564990213913855e-7
0.908	-4.0279542152861425e-7
0.9085	-3.9994629765965877e-7
0.909	-3.971025942345902e-7
0.9095	-3.9426437294396434e-7
0.91	-3.914316941637544e-7
0.9105	-3.8860461678667766e-7
0.911	-3.8578319822528854e-7
0.9115	-3.829674944159055e-7
0.912	-3.801575598233264e-7
0.9125	-3.7735344744632526e-7
0.913	-3.7455520882390706e-7
0.9135	-3.717628940422784e-7
0.914	-3.6897655174252326e-7
0.9145	-3.6619622912896936e-7
0.915	-3.634219719781817e-7
0.9155	-3.606538246486073e-7
0.916	-3.578918300907952e-7
0.9165	-3.551360298582219e-7
0.917	-3.523864641186358e-7
0.9175	-3.496431716659525e-7
0.918	-3.469061899326362e-7
0.9185	-3.441755550025539e-7
0.919	-3.414513016242963e-7
0.9195	-3.3873346322490364e-7
0.92	-3.3602207192401226e-7
0.9205	-3.333171662304153e-7
0.921	-3.306187617157777e-7
0.9215	-3.2792689188127865e-7
0.922	-3.252415837262894e-7
0.9225	-3.225628630654886e-7
0.923	-3.1989075445873777e-7
0.9235	-3.1722528128294196e-7
0.924	-3.145502394222276e-7
0.9245	-3.1186914933091934e-7
0.925	-3.0919515800229e-7
0.9255	-3.0652839386943837e-7
0.926	-3.0386898115291093e-7
0.9265	-3.012170398624429e-7
0.927	-2.985726858039516e-7
0.9275	-2.9593603059162825e-7
0.928	-2.9330718166488917e-7
0.9285	-2.9068624231001193e-7
0.929	-2.8807331168623174e-7
0.9295	-2.8546848485608295e-7
0.93	-2.82871852819788e-7
0.9305	-2.8028350255345246e-7
0.931	-2.777035170508627e-7
0.9315	-2.751319753686806e-7
0.932	-2.7256895267478686e-7
0.9325	-2.700145202995885e-7
0.933	-2.674687457900653e-7
0.9335	-2.649316929663489e-7
0.934	-2.624034219806201e-7
0.9345	-2.598839796901349e-7
0.935	-2.573734379910508e-7
0.9355	-2.5487183727982443e-7
0.936	-2.523792236779346e-7
0.9365	-2.4989563996185064e-7
0.937	-2.474211256317955e-7
0.9375	-2.449557169815614e-7
0.9380000000000001	-2.424994471691683e-7
0.9385	-2.4005234628824417e-7
0.9390000000000001	-2.376144414399481e-7
0.9395	-2.3518575680532426e-7
0.9400000000000001	-2.3276631371791768e-7
0.9405	-2.3035613733196272e-7
0.9410000000000001	-2.2795531081972957e-7
0.9415	-2.2556373094572356e-7
0.9420000000000001	-2.2318141538256827e-7
0.9425	-2.208083786013327e-7
0.9430000000000001	-2.1844463199358734e-7
0.9435	-2.1609018399115595e-7
0.9440000000000001	-2.1374504018329748e-7
0.9445	-2.1140920343117908e-7
0.9450000000000001	-2.0901637518213973e-7
0.9455	-2.0661080800140797e-7
0.9460000000000001	-2.0422224765801234e-7
0.9465	-2.018502982747953e-7
0.9470000000000001	-1.9949457893393499e-7
0.9475	-1.9715464197617131e-7
0.9480000000000001	-1.9483029817730663e-7
0.9485	-1.925211244595615e-7
0.9490000000000001	-1.9022679238841428e-7
0.9495	-1.8794698507353888e-7
0.9500000000000001	-1.8568139660890754e-7
0.9505	-1.8342973154735237e-7
0.9510000000000001	-1.8119170440696432e-7
0.9515	-1.7896703920706173e-7
0.9520000000000001	-1.7675546903154822e-7
0.9525	-1.745567356177389e-7
0.9530000000000001	-1.723705889688454e-7
0.9535	-1.7019678698848527e-7
0.9540000000000001	-1.6803509513571128e-7
0.9545	-1.6588528609914262e-7
0.9550000000000001	-1.637471394889581e-7
0.9555	-1.616204415455475e-7
0.9560000000000001	-1.5950498486372338e-7
0.9565	-1.5740056813152067e-7
0.9570000000000001	-1.5530699588261856e-7
0.9575	-1.5322407826155063e-7
0.9580000000000001	-1.5115163080088946e-7
0.9585	-1.4908947420967283e-7
0.9590000000000001	-1.470374341723936e-7
0.9595	-1.449953411579033e-7
0.96	-1.4296303023763733e-7
0.9605	-1.4094034091262957e-7
0.961	-1.389270020849015e-7
0.9615	-1.3692309576486306e-7
0.962	-1.3492835541386945e-7
0.9625	-1.329426365445611e-7
0.963	-1.3096579835277272e-7
0.9635	-1.2899770358880377e-7
0.964	-1.2703826975679355e-7
0.9645	-1.2508723646728724e-7
0.965	-1.2314456196973541e-7
0.9655	-1.212101214990732e-7
0.966	-1.1928379306527356e-7
0.9665	-1.1736545745079671e-7
0.967	-1.1545499818979379e-7
0.9675	-1.1355230153286806e-7
0.968	-1.1165725640050004e-7
0.9685	-1.0976975432773737e-7
0.969	-1.0788968940225276e-7
0.9695	-1.0601695819751774e-7
0.97	-1.0414906193526669e-7
0.9705	-1.0228870145095098e-7
0.971	-1.0043705526421957e-7
0.9715	-9.8593537410905e-8
0.972	-9.675766573149587e-8
0.9725	-9.49289465430964e-8
0.973	-9.310690317338739e-8
0.9735	-9.129107458249327e-8
0.974	-8.948090474924728e-8
0.9745	-8.767620807772037e-8
0.975	-8.587641835254447e-8
0.9755	-8.40805692014816e-8
0.976	-8.228454684009569e-8
0.9765	-8.049322874279217e-8
0.977	-7.870707535872217e-8
0.9775	-7.692653591897994e-8
0.978	-7.515203724216847e-8
0.9785	-7.338501087217217e-8
0.979	-7.162853330766625e-8
0.9795	-6.987826301299669e-8
0.98	-6.806553705214773e-8
0.9805	-6.633664888033348e-8
0.981	-6.461107031602533e-8
0.9815	-6.288873554258607e-8
0.982	-6.116956873483531e-8
0.9825	-5.9450737873699715e-8
0.983	-5.7738507833916374e-8
0.9835	-5.6029289347099545e-8
0.984	-5.432289560403416e-8
0.9845	-5.2619131997112013e-8
0.985	-5.09177969126961e-8
0.9855	-4.921868243137013e-8
0.986	-4.752157494218461e-8
0.9865	-4.582625567670027e-8
0.987	-4.413274124898115e-8
0.9875	-4.244007255459568e-8
0.988	-4.07484131181906e-8
0.9885	-3.905763966406509e-8
0.989	-3.73676019039358e-8
0.9895	-3.567811209607584e-8
0.99	-3.3989038875400074e-8
0.9905	-3.230014372232504e-8
0.991	-3.0611094978705515e-8
0.9915	-2.8921808939512465e-8
0.992	-2.7232079762923258e-8
0.9925	-2.5541706216876483e-8
0.993	-2.3850470885578038e-8
0.9935	-2.2158163933706644e-8
0.994	-1.9261714248975887e-8
0.9945	-1.7143801861641427e-8
0.995	-1.5707485344109876e-8
0.9955	-1.4387875456053328e-8
0.996	-1.3082427284281209e-8
0.9965	-1.1739605356975882e-8
0.997	-1.2393835841330475e-8
0.9975	-1.0594009124685285e-8
0.998	-6.924301878733395e-9
0.9985	-6.301418797676935e-9
0.999	-8.023388938454374e-9
0.9995	-4.011694469227187e-9