0.	0.
0.001	50659.53394517097
0.002	101319.08050788556
0.003	151978.65230568225
0.004	202638.26195611234
0.005	253297.92207669382
0.006	303957.6452849651
0.007	354617.4441984004
0.008	405277.33143450745
0.009000000000000001	455937.31961075275
0.01	506597.4213445874
0.011	557257.6492534421
0.012	607918.0159547009
0.013000000000000001	658578.5340657432
0.014	709239.2162038968
0.015	759900.0749864663
0.016	810561.1230306997
0.017	861222.3729538531
0.018000000000000002	911883.8373730718
0.019	962545.5289055165
0.02	1.0132074601682479e6
0.021	1.0638696437783083e6
0.022	1.1145320923526715e6
0.023	1.1651948185082667e6
0.024	1.2158578348619642e6
0.025	1.2665211540305447e6
0.026000000000000002	1.3171847886307451e6
0.027	1.3678487512792433e6
0.028	1.4185130545926292e6
0.029	1.4691777111874293e6
0.03	1.5198427336800797e6
0.031	1.5705081346869632e6
0.032	1.621173926824325e6
0.033	1.671840122708417e6
0.034	1.7225067349553157e6
0.035	1.7731737761810664e6
0.036000000000000004	1.8238412590015791e6
0.037	1.8745091960326834e6
0.038	1.9251775998901168e6
0.039	1.9758464831895162e6
0.04	2.0265158585464037e6
0.041	2.0771857385762024e6
0.042	2.127856135894211e6
0.043000000000000003	2.1785270631156303e6
0.044	2.229198532855521e6
0.045	2.279870557728855e6
0.046	2.3305431503504836e6
0.047	2.3812163233350804e6
0.048	2.4318900892972494e6
0.049	2.4825644608514286e6
0.05	2.533239450611931e6
0.051000000000000004	2.58391507119295e6
0.052000000000000005	2.6345913352085077e6
0.053	2.6852682552725114e6
0.054	2.7359458439986943e6
0.055	2.7866241140006534e6
0.056	2.837303077891827e6
0.057	2.8879827482855218e6
0.058	2.938663137794844e6
0.059000000000000004	2.9893442590327794e6
0.06	3.040026124612108e6
0.061	3.0907087471454656e6
0.062	3.141392139245322e6
0.063	3.192076313523954e6
0.064	3.242761288058661e6
0.065	3.29344708162944e6
0.066	3.344133706868442e6
0.067	3.3948211764002056e6
0.068	3.445509502847077e6
0.069	3.496198698829128e6
0.07	3.5468887769641825e6
0.07100000000000001	3.597579749867803e6
0.07200000000000001	3.64827163015327e6
0.073	3.698964430431564e6
0.074	3.74965816331135e6
0.075	3.8003528413989753e6
0.076	3.851048477298441e6
0.077	3.9017450836114003e6
0.078	3.9524426729371184e6
0.079	4.003141257872507e6
0.08	4.053840851012068e6
0.081	4.104541464947878e6
0.082	4.1552431122696134e6
0.083	4.205945805564473e6
0.084	4.2566495574172195e6
0.085	4.307354380410158e6
0.08600000000000001	4.358060287123091e6
0.08700000000000001	4.408767290133315e6
0.088	4.45947540201563e6
0.089	4.5101846353422655e6
0.09	4.560895002682948e6
0.091	4.61160651660482e6
0.092	4.662319189672455e6
0.093	4.7130330344478255e6
0.094	4.763748063490306e6
0.095	4.814464289356629e6
0.096	4.865181724600911e6
0.097	4.915900381774598e6
0.098	4.966620273426476e6
0.099	5.01734141210264e6
0.1	5.068063810346503e6
0.101	5.1187874806987e6
0.10200000000000001	5.169512435697185e6
0.10300000000000001	5.2202386878771875e6
0.10400000000000001	5.270966249771096e6
0.105	5.32169513390857e6
0.106	5.3724253528164495e6
0.107	5.423156919018779e6
0.108	5.473889845036754e6
0.109	5.524624143388723e6
0.11	5.57535982659019e6
0.111	5.626096907153757e6
0.112	5.676835397589137e6
0.113	5.727575310403146e6
0.114	5.778316658099634e6
0.115	5.829059453179548e6
0.116	5.87980370814083e6
0.117	5.930549435478472e6
0.11800000000000001	5.981296647684444e6
0.11900000000000001	6.032045357247717e6
0.12	6.082795576654233e6
0.121	6.133547318386872e6
0.122	6.184300594925446e6
0.123	6.235055418746708e6
0.124	6.285811802324268e6
0.125	6.336569758128646e6
0.126	6.387329298627242e6
0.127	6.438090436284245e6
0.128	6.488853183560732e6
0.129	6.539617552914551e6
0.13	6.590383556800335e6
0.131	6.641151207669555e6
0.132	6.691920517936758e6
0.133	6.742691472803602e6
0.134	6.793464061122727e6
0.135	6.844238295419139e6
0.136	6.89501418822172e6
0.137	6.945791752063168e6
0.138	6.996570999479945e6
0.139	7.047351943012225e6
0.14	7.098134595203831e6
0.14100000000000001	7.148918968602187e6
0.14200000000000002	7.1997050757582905e6
0.14300000000000002	7.25049292922655e6
0.14400000000000002	7.301282541564925e6
0.145	7.352073925334662e6
0.146	7.402867093100372e6
0.147	7.453662057429955e6
0.148	7.504458830894485e6
0.149	7.55525742606824e6
0.15	7.606057855528589e6
0.151	7.656860131855947e6
0.152	7.707664267633766e6
0.153	7.758470275448382e6
0.154	7.809278167889084e6
0.155	7.860087957547975e6
0.156	7.910899657019934e6
0.157	7.961713278902559e6
0.158	8.012528835796149e6
0.159	8.063346340303601e6
0.16	8.114165805030388e6
0.161	8.164987242584499e6
0.162	8.215810665576367e6
0.163	8.266636086618828e6
0.164	8.31746351832707e6
0.165	8.368292973318583e6
0.166	8.41912446421307e6
0.167	8.469958003632464e6
0.168	8.520793604200797e6
0.169	8.571631278544169e6
0.17	8.62247103929074e6
0.171	8.673312899070593e6
0.17200000000000001	8.724156870515777e6
0.17300000000000001	8.775002966260154e6
0.17400000000000002	8.82585119893942e6
0.17500000000000002	8.876701581191018e6
0.176	8.927554125654086e6
0.177	8.978408844969403e6
0.178	9.029265751779348e6
0.179	9.080124858727839e6
0.18	9.130986178460252e6
0.181	9.181849723623412e6
0.182	9.232715506865513e6
0.183	9.283583540836064e6
0.184	9.334453838185867e6
0.185	9.385326411566872e6
0.186	9.436201273632267e6
0.187	9.487078437036293e6
0.188	9.53795791443424e6
0.189	9.588839718482433e6
0.19	9.6397238618381e6
0.191	9.690610357159365e6
0.192	9.741499217105208e6
0.193	9.792390454335367e6
0.194	9.843284081510313e6
0.195	9.894180111291194e6
0.196	9.94507855633978e6
0.197	9.995979429318395e6
0.198	1.004688274288988e7
0.199	1.0097788509717535e7
0.2	1.0148696742465055e7
0.201	1.0199607453796487e7
0.202	1.025052065637621e7
0.203	1.030143636286879e7
0.20400000000000001	1.0352354585938996e7
0.20500000000000002	1.0403275338251758e7
0.20600000000000002	1.045419863247206e7
0.20700000000000002	1.0505124481264932e7
0.20800000000000002	1.0556052897295369e7
0.209	1.0606983893228287e7
0.21	1.065791748172844e7
0.211	1.0708853675460452e7
0.212	1.0759792487088664e7
0.213	1.0810733929277113e7
0.214	1.0861678014689527e7
0.215	1.0912624755989205e7
0.216	1.096357416583898e7
0.217	1.1014526256901206e7
0.218	1.1065481041837629e7
0.219	1.1116438533309435e7
0.22	1.116739874397709e7
0.221	1.1218361686500346e7
0.222	1.1269327373538198e7
0.223	1.1320295817748778e7
0.224	1.1371267031789342e7
0.225	1.1422241028316239e7
0.226	1.1473217819984782e7
0.227	1.1524197419449242e7
0.228	1.1575179839362808e7
0.229	1.1626165092377484e7
0.23	1.1677153191144118e7
0.231	1.1728144148312245e7
0.232	1.1779137976530114e7
0.233	1.183013468844459e7
0.234	1.1881134296701124e7
0.23500000000000001	1.1932136813943684e7
0.23600000000000002	1.198314225281471e7
0.23700000000000002	1.2034150625955058e7
0.23800000000000002	1.2085161946003955e7
0.23900000000000002	1.2136176225598924e7
0.24	1.2187193477375753e7
0.241	1.2238213710094903e7
0.242	1.2289236926298337e7
0.243	1.2340263138077788e7
0.244	1.2391292358047385e7
0.245	1.24423245988223e7
0.246	1.2493359873018684e7
0.247	1.2544398193253674e7
0.248	1.2595439572145268e7
0.249	1.2646484022312375e7
0.25	1.2697531556374729e7
0.251	1.274858218695286e7
0.252	1.2799635926668048e7
0.253	1.285069278814232e7
0.254	1.290175278399836e7
0.255	1.2952815926859494e7
0.256	1.300388222934966e7
0.257	1.3054951704093352e7
0.258	1.3106024363715604e7
0.259	1.3157100220841922e7
0.26	1.3208179288098266e7
0.261	1.3259261578111012e7
0.262	1.3310347103506904e7
0.263	1.3361435876913017e7
0.264	1.3412527910956724e7
0.265	1.3463623218265641e7
0.266	1.3514721811467636e7
0.267	1.3565823703190727e7
0.268	1.3616928906063082e7
0.269	1.3668037432712957e7
0.27	1.371914929576871e7
0.271	1.377026450785869e7
0.272	1.3821383081611251e7
0.273	1.3872505029654697e7
0.274	1.3923630364617229e7
0.275	1.3974759099126926e7
0.276	1.4025891245811725e7
0.277	1.407702681729934e7
0.278	1.4128165826217234e7
0.279	1.4179308285192631e7
0.28	1.4230454206852384e7
0.281	1.4281603603823027e7
0.28200000000000003	1.4332756488730688e7
0.28300000000000003	1.4383912874201076e7
0.28400000000000003	1.4435072772859419e7
0.28500000000000003	1.4486236197330432e7
0.28600000000000003	1.4537403160238296e7
0.28700000000000003	1.4588573674206594e7
0.28800000000000003	1.4639747751858316e7
0.289	1.4690925405815763e7
0.29	1.4742106648700569e7
0.291	1.4793291493133573e7
0.292	1.4844479951734925e7
0.293	1.4895672037123896e7
0.294	1.4946867761918945e7
0.295	1.4998067138737623e7
0.296	1.5049270180196574e7
0.297	1.510047689891145e7
0.298	1.5151687307496944e7
0.299	1.5202901418566676e7
0.3	1.525411924473322e7
0.301	1.5305340798608005e7
0.302	1.5356566092801329e7
0.303	1.5407795139922285e7
0.304	1.545902795257876e7
0.305	1.5510264543377364e7
0.306	1.5561504924923409e7
0.307	1.5612749109820852e7
0.308	1.5663997110672276e7
0.309	1.5715248940078879e7
0.31	1.5766504610640362e7
0.311	1.5817764134954955e7
0.312	1.5869027525619356e7
0.313	1.5920294795228716e7
0.314	1.5971565956376553e7
0.315	1.6022841021654736e7
0.316	1.607412000365349e7
0.317	1.6125402914961316e7
0.318	1.6176689768164916e7
0.319	1.6227980575849267e7
0.32	1.627927535059746e7
0.321	1.6330574104990732e7
0.322	1.638187685160843e7
0.323	1.6433183603027962e7
0.324	1.6484494371824723e7
0.325	1.653580917057212e7
0.326	1.6587128011841478e7
0.327	1.6638450908202048e7
0.328	1.6689777872220945e7
0.329	1.6741108916463116e7
0.33	1.6792444053491298e7
0.331	1.6843783295865975e7
0.332	1.6895126656145383e7
0.333	1.6946474146885365e7
0.334	1.6997825780639518e7
0.335	1.704918156995893e7
0.336	1.7100541527392343e7
0.337	1.715190566548596e7
0.338	1.7203273996783536e7
0.339	1.7254646533826254e7
0.34	1.7306023289152708e7
0.341	1.7357404275298867e7
0.342	1.7408789504798066e7
0.343	1.7460178990180932e7
0.34400000000000003	1.751157274397534e7
0.34500000000000003	1.756297077870643e7
0.34600000000000003	1.761437310689652e7
0.34700000000000003	1.766577974106503e7
0.34800000000000003	1.771719069072401e7
0.34900000000000003	1.7768605939721797e7
0.35000000000000003	1.7820025493487008e7
0.35100000000000003	1.7871449364600334e7
0.352	1.7922877565643847e7
0.353	1.7974310109200865e7
0.354	1.802574700785593e7
0.355	1.8077188274194717e7
0.356	1.8128633920804027e7
0.357	1.8180083960271645e7
0.358	1.8231538405186348e7
0.359	1.8282997268137794e7
0.36	1.833446056171649e7
0.361	1.8385928298513714e7
0.362	1.843740049112147e7
0.363	1.8488877152132377e7
0.364	1.8540358294139702e7
0.365	1.8591843929737177e7
0.366	1.8643334071519036e7
0.367	1.8694828732079923e7
0.368	1.8746327924014788e7
0.369	1.8797831659918882e7
0.37	1.8849339952387672e7
0.371	1.890085281401678e7
0.372	1.895237025740192e7
0.373	1.9003892295138855e7
0.374	1.9055418939823292e7
0.375	1.9106950204050858e7
0.376	1.915848610041703e7
0.377	1.921002664151706e7
0.378	1.9261571839945965e7
0.379	1.9313121708298363e7
0.38	1.9364676259168535e7
0.381	1.9416235505150266e7
0.382	1.946779945883683e7
0.383	1.9519368132820938e7
0.384	1.957094153969463e7
0.385	1.962251969204925e7
0.386	1.9674102602475416e7
0.387	1.9725690283562884e7
0.388	1.977728274790052e7
0.389	1.9828880008076277e7
0.39	1.988048207667706e7
0.391	1.9932088966288764e7
0.392	1.998370068949611e7
0.393	2.0035317258882634e7
0.394	2.0086938687030647e7
0.395	2.0138564986521143e7
0.396	2.019019616993375e7
0.397	2.0241832249846645e7
0.398	2.0293473238836538e7
0.399	2.034511914947858e7
0.4	2.039676999434634e7
0.401	2.0448425786011677e7
0.402	2.0500086537044745e7
0.403	2.0551752260013904e7
0.404	2.060342296681886e7
0.405	2.0655098661933593e7
0.406	2.0706779355528876e7
0.40700000000000003	2.0758465060155492e7
0.40800000000000003	2.081015578836483e7
0.40900000000000003	2.0861851552708875e7
0.41000000000000003	2.0913552365740187e7
0.41100000000000003	2.0965258240011707e7
0.41200000000000003	2.1016969188076943e7
0.41300000000000003	2.1068685222489715e7
0.41400000000000003	2.1120406355804183e7
0.41500000000000004	2.117213260057488e7
0.41600000000000004	2.122386396935652e7
0.417	2.127560047470403e7
0.418	2.1327342129172552e7
0.419	2.137908894531728e7
0.42	2.14308409356935e7
0.421	2.1482598112856474e7
0.422	2.153436048936152e7
0.423	2.1586128077763807e7
0.424	2.163790089061842e7
0.425	2.1689678940480247e7
0.426	2.1741462239903994e7
0.427	2.179325080144409e7
0.428	2.184504463765467e7
0.429	2.1896843761089493e7
0.43	2.1948648184301965e7
0.431	2.2000457919845004e7
0.432	2.2052272980271038e7
0.433	2.2104093378132004e7
0.434	2.2155919125979196e7
0.435	2.220775023636335e7
0.436	2.2259586721834484e7
0.437	2.231142859494189e7
0.438	2.236327586823414e7
0.439	2.241512855425897e7
0.44	2.2466986665563256e7
0.441	2.2518850214692995e7
0.442	2.257071921419323e7
0.443	2.2622593676607978e7
0.444	2.2674473614480317e7
0.445	2.2726359040352125e7
0.446	2.277824996676426e7
0.447	2.2830146406256367e7
0.448	2.288204837136685e7
0.449	2.2933955874632917e7
0.45	2.2985868928590395e7
0.451	2.3037787545773838e7
0.452	2.3089711738716356e7
0.453	2.314164151994964e7
0.454	2.3193576902003933e7
0.455	2.3245517897407867e7
0.456	2.3297464518688597e7
0.457	2.3349416778371606e7
0.458	2.340137468898073e7
0.459	2.345333826303809e7
0.46	2.3505307513064135e7
0.461	2.35572824515774e7
0.462	2.36092630910947e7
0.463	2.3661249444130883e7
0.464	2.3713241523198925e7
0.465	2.3765239340809822e7
0.466	2.381724290947257e7
0.467	2.3869252241694085e7
0.468	2.3921267349979207e7
0.46900000000000003	2.3973288246830624e7
0.47000000000000003	2.4025314944748864e7
0.47100000000000003	2.4077347456232186e7
0.47200000000000003	2.4129385793776616e7
0.47300000000000003	2.418142996987583e7
0.47400000000000003	2.423347999702117e7
0.47500000000000003	2.4285535887701564e7
0.47600000000000003	2.433759765440351e7
0.47700000000000004	2.4389665309611e7
0.47800000000000004	2.4441738865805518e7
0.47900000000000004	2.449381833546594e7
0.48	2.4545903731068548e7
0.481	2.4597995065086953e7
0.482	2.46500923499921e7
0.483	2.4702195598252118e7
0.484	2.4754304822332412e7
0.485	2.4806420034695514e7
0.486	2.4858541247801106e7
0.487	2.4910668474105943e7
0.488	2.4962801726063825e7
0.489	2.5014941016125526e7
0.49	2.5067086356738828e7
0.491	2.5119237760348372e7
0.492	2.517139523939568e7
0.493	2.5223558806319125e7
0.494	2.5275728473553862e7
0.495	2.532790425353176e7
0.496	2.538008615868143e7
0.497	2.5432274201428104e7
0.498	2.548446839419365e7
0.499	2.55366687493965e7
0.5	2.5588875279451627e7
0.503	2.574553204282751e7
0.506	2.5902244826471128e7
0.509	2.6059013964999955e7
0.512	2.621583979272339e7
0.515	2.6372722643632703e7
0.518	2.6529662851390805e7
0.521	2.6686660749322258e7
0.524	2.6843716670403212e7
0.527	2.7000830947251305e7
0.53	2.715800391211576e7
0.533	2.7315235896867357e7
0.536	2.747252723298846e7
0.539	2.762987825156311e7
0.542	2.778728928326709e7
0.545	2.7944760658358052e7
0.548	2.8102292706665657e7
0.551	2.8259885757581655e7
0.554	2.8417540140050147e7
0.557	2.857525617849194e7
0.56	2.8733034144206677e7
0.563	2.8890874346441023e7
0.5660000000000001	2.9048777112322092e7
0.569	2.920674276868129e7
0.5720000000000001	2.936477164204718e7
0.575	2.952286405863791e7
0.578	2.9681020344354235e7
0.581	2.9839240824772082e7
0.584	2.9997525825135436e7
0.587	3.0155875670349024e7
0.59	3.03142906849713e7
0.593	3.0472771177089036e7
0.596	3.0631317177398372e7
0.599	3.0789928902154263e7
0.602	3.0948606677332822e7
0.605	3.1107350828835748e7
0.608	3.126616168247725e7
0.611	3.1425039563971046e7
0.614	3.1583984798917484e7
0.617	3.1742997712790623e7
0.62	3.1902078630925566e7
0.623	3.206122787850571e7
0.626	3.222044578055017e7
0.629	3.2379732661901213e7
0.632	3.2539088847211823e7
0.635	3.269851466093332e7
0.638	3.2858010427302953e7
0.641	3.301757647033177e7
0.644	3.317721311379236e7
0.647	3.3336920681206748e7
0.65	3.349669949583444e7
0.653	3.365654988066034e7
0.656	3.3816472158382915e7
0.659	3.397646665140233e7
0.662	3.413653368180871e7
0.665	3.4296673571370386e7
0.668	3.44568866415223e7
0.671	3.461717321335443e7
0.674	3.4777533607600234e7
0.677	3.493796814462524e7
0.6799999999999999	3.509847714441563e7
0.683	3.525906092656695e7
0.6859999999999999	3.541971981027279e7
0.6890000000000001	3.558045411431364e7
0.692	3.574126415704565e7
0.6950000000000001	3.590215025638961e7
0.698	3.60631127298199e7
0.7010000000000001	3.622415188710686e7
0.704	3.6385267996912956e7
0.7070000000000001	3.6546461366532505e7
0.71	3.6707732311686955e7
0.713	3.686908114777848e7
0.716	3.703050818988135e7
0.719	3.719201375273307e7
0.722	3.735359815072598e7
0.725	3.751526169789851e7
0.728	3.7677004707926765e7
0.731	3.783882749411599e7
0.734	3.8000730369392276e7
0.737	3.816271364629404e7
0.74	3.832477763696385e7
0.743	3.848692265314007e7
0.746	3.864914900614874e7
0.749	3.881145700689533e7
0.752	3.897384696585663e7
0.755	3.913631919307272e7
0.758	3.929887399813892e7
0.761	3.946151169019773e7
0.764	3.962423257793103e7
0.767	3.978703696955202e7
0.77	3.994992517279747e7
0.773	4.011289749491985e7
0.776	4.027595424267953e7
0.779	4.04390957223371e7
0.782	4.060232223964557e7
0.785	4.0765634099842764e7
0.788	4.09290316076437e7
0.7909999999999999	4.109251506723288e7
0.794	4.1256084782256894e7
0.7969999999999999	4.141974105581674e7
0.8	4.158348419046036e7
0.8029999999999999	4.1747314488175265e7
0.806	4.191123225038095e7
0.8089999999999999	4.2075237777921595e7
0.812	4.2239331371058695e7
0.815	4.240351332946364e7
0.8180000000000001	4.2567783952210456e7
0.821	4.273214353776848e7
0.8240000000000001	4.2896592383995146e7
0.827	4.306113078812873e7
0.8300000000000001	4.322575904678109e7
0.833	4.339047745593062e7
0.8360000000000001	4.3555286310898185e7
0.839	4.372018587858463e7
0.8420000000000001	4.388517642782885e7
0.845	4.405025825209442e7
0.8480000000000001	4.421543164434027e7
0.851	4.438069689701527e7
0.854	4.4546054302053e7
0.857	4.471150415086606e7
0.86	4.4877046734341e7
0.863	4.50426823428328e7
0.866	4.520841126615959e7
0.869	4.537423379359739e7
0.872	4.554015021387489e7
0.875	4.570616081516801e7
0.878	4.587226588509481e7
0.881	4.603846557879169e7
0.884	4.620475973845653e7
0.887	4.6371148617382966e7
0.89	4.653763250517742e7
0.893	4.670421169116917e7
0.896	4.687088646439852e7
0.899	4.70376571136054e7
0.902	4.720452392721797e7
0.905	4.737148719334126e7
0.908	4.753854719974591e7
0.911	4.770570423385716e7
0.914	4.7872958582743585e7
0.917	4.8040310533106364e7
0.9199999999999999	4.820776037126823e7
0.923	4.837530838316293e7
0.9259999999999999	4.854295485432422e7
0.929	4.8710700069875546e7
0.9319999999999999	4.8878544314519376e7
0.935	4.904648787252686e7
0.938	4.921453102772741e7
0.9410000000000001	4.938267406349855e7
0.944	4.95509172627556e7
0.9470000000000001	4.971926090794179e7
0.95	4.988770528101801e7
0.9530000000000001	5.0056250663453184e7
0.956	5.022489733621412e7
0.9590000000000001	5.039364557975596e7
0.962	5.056249567401247e7
0.9650000000000001	5.073144789838635e7
0.968	5.090050252552338e7
0.9710000000000001	5.106965980015656e7
0.974	5.1238919995063335e7
0.9770000000000001	5.1408283387612455e7
0.98	5.1577750254745916e7
0.983	5.1747320872971356e7
0.986	5.1916995518354155e7
0.989	5.208677446650979e7
0.992	5.225665799259616e7
0.995	5.242664637130613e7
0.998	5.2596739876859926e7
1.001	5.276693878299776e7
1.004	5.293724336297261e7
1.0070000000000001	5.3107653889542714e7
1.01	5.327817063496444e7
1.013	5.3448793870985284e7
1.016	5.361952386883658e7
1.0190000000000001	5.379036089922649e7
1.022	5.396130523233314e7
1.025	5.413235713779767e7
1.028	5.430351688471739e7
1.0310000000000001	5.447478474163899e7
1.034	5.464616097655172e7
1.037	5.481764585688096e7
1.04	5.498923964948136e7
1.0430000000000001	5.516094262063041e7
1.046	5.533275503602187e7
1.049	5.550467716075942e7
1.052	5.5676709259350166e7
1.0550000000000002	5.584885159569834e7
1.058	5.602110443309899e7
1.061	5.6193468034231775e7
1.064	5.6365942661154725e7
1.0670000000000002	5.6538528575298235e7
1.07	5.6711226037458695e7
1.073	5.688403530779275e7
1.076	5.705695664581118e7
1.079	5.722999031037286e7
1.0819999999999999	5.740313655967902e7
1.085	5.757639565126731e7
1.088	5.774976784200594e7
1.091	5.7923253388088025e7
1.0939999999999999	5.8096852537447594e7
1.097	5.8270565516837135e7
1.1	5.8444392577826135e7
1.103	5.8618333974052176e7
1.1059999999999999	5.879238995858765e7
1.109	5.896656078393547e7
1.112	5.91408467020245e7
1.115	5.931524796420518e7
1.1179999999999999	5.948976482124525e7
1.121	5.966439752332534e7
1.124	5.983914632003472e7
1.127	6.001401146036706e7
1.13	6.018899319271622e7
1.133	6.0364091764872074e7
1.1360000000000001	6.0539307424016304e7
1.139	6.071464041671828e7
1.142	6.089009098893114e7
1.145	6.1065659385987505e7
1.1480000000000001	6.124134585259561e7
1.151	6.141715063283521e7
1.154	6.159307397015371e7
1.157	6.17691161073622e7
1.1600000000000001	6.194527728663147e7
1.163	6.2121557749488235e7
1.166	6.229795773681119e7
1.169	6.247447748882731e7
1.1720000000000002	6.265111724510792e7
1.175	6.282787724456494e7
1.178	6.300475772544726e7
1.181	6.3181758925336845e7
1.1840000000000002	6.335888108114516e7
1.187	6.35361244291094e7
1.19	6.371348920478896e7
1.193	6.3890975643061675e7
1.1960000000000002	6.406858397812033e7
1.199	6.424631444346897e7
1.202	6.442416727191939e7
1.205	6.460214269558765e7
1.208	6.478024094589047e7
1.2109999999999999	6.495846225354176e7
1.214	6.513680684851028e7
1.217	6.531527494219514e7
1.22	6.549386674838045e7
1.2229999999999999	6.5672582495059155e7
1.226	6.5851422409628876e7
1.229	6.603038671888939e7
1.232	6.620947539415198e7
1.2349999999999999	6.638868805678972e7
1.238	6.6568024911351e7
1.241	6.6747486188182235e7
1.244	6.692707211729206e7
1.2469999999999999	6.710678292834257e7
1.25	6.72866188506411e7
1.2530000000000001	6.746658011313145e7
1.256	6.764666694438593e7
1.259	6.782687957259697e7
1.262	6.800721822556907e7
1.2650000000000001	6.818768313071075e7
1.268	6.836827451502667e7
1.271	6.85489926051098e7
1.274	6.872983762713367e7
1.2770000000000001	6.891080980684465e7
1.28	6.909190936955456e7
1.283	6.927313654013303e7
1.286	6.945449154300028e7
1.2890000000000001	6.963597460211967e7
1.292	6.981758594099066e7
1.295	6.999932578264153e7
1.298	7.018119434962255e7
1.3010000000000002	7.03631918639988e7
1.304	7.054531854734349e7
1.307	7.072757462073109e7
1.31	7.090996030473073e7
1.3130000000000002	7.109247581939946e7
1.316	7.127512138427575e7
1.319	7.14578972183731e7
1.322	7.164080354017366e7
1.3250000000000002	7.182384056762186e7
1.328	7.200700851811811e7
1.331	7.219030760851301e7
1.334	7.237373805078408e7
1.337	7.255730003983612e7
1.3399999999999999	7.2740993788157e7
1.343	7.292481951051527e7
1.346	7.31087774212116e7
1.349	7.329286773407368e7
1.3519999999999999	7.347709066245134e7
1.355	7.366144641921154e7
1.358	7.384593521673352e7
1.361	7.403055726690398e7
1.3639999999999999	7.42153127811126e7
1.367	7.440020197024694e7
1.37	7.458522504468827e7
1.373	7.477038221430682e7
1.376	7.495567368845733e7
1.379	7.514109967597465e7
1.3820000000000001	7.532666038516946e7
1.385	7.551235602382384e7
1.388	7.56981867991872e7
1.391	7.588415291797192e7
1.3940000000000001	7.607025458634937e7
1.397	7.625649200994578e7
1.4	7.64428653938383e7
1.403	7.662937494255094e7
1.4060000000000001	7.681602086005074e7
1.409	7.700280334974387e7
1.412	7.718972261447193e7
1.415	7.737677885650808e7
1.4180000000000001	7.75639722775534e7
1.421	7.775130307873322e7
1.424	7.793877146059364e7
1.427	7.812637762309779e7
1.4300000000000002	7.831412176562242e7
1.433	7.850200408695444e7
1.436	7.869002478528765e7
1.439	7.887818405821905e7
1.4420000000000002	7.906648210274585e7
1.445	7.925491911526194e7
1.448	7.944349529155484e7
1.451	7.963221081579143e7
1.4540000000000002	7.98210658700404e7
1.457	8.001006064834468e7
1.46	8.019919534423892e7
1.463	8.038847015073416e7
1.466	8.057788526031548e7
1.4689999999999999	8.07674408649395e7
1.472	8.095713715603206e7
1.475	8.114697432448554e7
1.478	8.133695256065688e7
1.4809999999999999	8.152707205436505e7
1.484	8.171733299488896e7
1.487	8.190773557096486e7
1.49	8.209827997078449e7
1.4929999999999999	8.228896638199285e7
1.496	8.247979499168582e7
1.499	8.267076598640834e7
1.502	8.286187955215204e7
1.5050000000000001	8.305313587435353e7
1.508	8.324453513789196e7
1.5110000000000001	8.343607752708744e7
1.514	8.362776322569872e7
1.5170000000000001	8.381959241692147e7
1.52	8.401156528338635e7
1.5230000000000001	8.420368200715701e7
1.526	8.43959427697283e7
1.529	8.458834775202449e7
1.532	8.478089713439743e7
1.535	8.497359109662461e7
1.538	8.516642981790774e7
1.541	8.535941347687067e7
1.544	8.555254225155798e7
1.547	8.574581631943297e7
1.55	8.593923585737635e7
1.553	8.613280104168433e7
1.556	8.632651204806721e7
1.559	8.652036905164754e7
1.562	8.671437222678722e7
1.565	8.690852173534253e7
1.568	8.710281774329017e7
1.571	8.72972604234977e7
1.574	8.749184994832255e7
1.577	8.768658648961034e7
1.58	8.788147021869424e7
1.583	8.807650130639356e7
1.586	8.827167992301303e7
1.589	8.846700623834151e7
1.592	8.866248042165114e7
1.595	8.885810264169626e7
1.598	8.905387306671248e7
1.601	8.924979186441569e7
1.604	8.944585920200118e7
1.607	8.964207524614252e7
1.61	8.983844016299093e7
1.613	9.003495411817406e7
1.616	9.023161727679539e7
1.619	9.042842980343308e7
1.622	9.062539186213939e7
1.625	9.082250361643954e7
1.6280000000000001	9.101976522933114e7
1.631	9.121717686328308e7
1.6340000000000001	9.141473868023506e7
1.637	9.161245084159642e7
1.6400000000000001	9.181031350824569e7
1.643	9.200832684052949e7
1.6460000000000001	9.220649099826206e7
1.649	9.240480614072426e7
1.6520000000000001	9.260327242666306e7
1.655	9.280189001429048e7
1.658	9.300065906128326e7
1.661	9.31995797247819e7
1.664	9.339865216138987e7
1.667	9.359787652717322e7
1.67	9.379725297765961e7
1.673	9.399678166783778e7
1.676	9.419646274511173e7
1.679	9.439629635423622e7
1.682	9.4596282648624e7
1.685	9.47964214117694e7
1.688	9.499671187255923e7
1.691	9.519715414659023e7
1.694	9.539774839392452e7
1.697	9.559849477437116e7
1.7	9.579939344748025e7
1.703	9.600044457253774e7
1.706	9.620164830855973e7
1.709	9.640300481428733e7
1.712	9.660451424818118e7
1.715	9.680617676841636e7
1.718	9.700799253287731e7
1.721	9.720996169915274e7
1.724	9.741208442453057e7
1.727	9.761436086599322e7
1.73	9.781679118021272e7
1.733	9.80193755235459e7
1.736	9.822211405202982e7
1.739	9.842500692137718e7
1.742	9.862805428697167e7
1.745	9.883125630386372e7
1.748	9.903461312676601e7
1.7510000000000001	9.923812491004914e7
1.754	9.944179180773742e7
1.7570000000000001	9.964561397350487e7
1.76	9.984959156067081e7
1.7630000000000001	1.0005372472219604e8
1.766	1.0025801361067891e8
1.7690000000000001	1.0046245837835123e8
1.772	1.0066705917707466e8
1.7750000000000001	1.0087181615833679e8
1.778	1.0107672947324745e8
1.781	1.0128179927253525e8
1.784	1.0148702570606959e8
1.787	1.0169240891454221e8
1.79	1.0189794904397023e8
1.793	1.0210364624361464e8
1.796	1.0230950066239858e8
1.799	1.0251551244890411e8
1.802	1.0272168175136958e8
1.805	1.0292800871768625e8
1.808	1.0313449349539565e8
1.811	1.0334113623168656e8
1.814	1.0354793707339247e8
1.817	1.0375489616698854e8
1.82	1.039620136585891e8
1.823	1.0416928969394499e8
1.826	1.04376724418441e8
1.829	1.0458431797709318e8
1.832	1.0479207051454651e8
1.835	1.0499998217507248e8
1.838	1.0520805310256669e8
1.841	1.0541628344054627e8
1.844	1.0562467333214799e8
1.847	1.0583322292012566e8
1.85	1.060419323468482e8
1.853	1.0625080175429735e8
1.856	1.0645983128406543e8
1.859	1.0666902107735358e8
1.862	1.0687837127496949e8
1.865	1.0708788201732554e8
1.868	1.0729755344443676e8
1.871	1.0750738569591898e8
1.874	1.0771737891098703e8
1.877	1.0792753322845282e8
1.8800000000000001	1.0813784878672357e8
1.883	1.0834832572380012e8
1.8860000000000001	1.0855896417727517e8
1.889	1.0876976428433171e8
1.8920000000000001	1.0898072618172084e8
1.895	1.0919184999976104e8
1.8980000000000001	1.0940313586964558e8
1.901	1.09614583926971e8
1.9040000000000001	1.098261943069666e8
1.907	1.1003796714449343e8
1.91	1.1024990257404289e8
1.913	1.104620007297353e8
1.916	1.1067426174531902e8
1.919	1.108866857541691e8
1.922	1.1109927288928604e8
1.925	1.1131202328329475e8
1.928	1.1152493706844354e8
1.931	1.1173801437660299e8
1.934	1.1195125533926484e8
1.937	1.1216466008754112e8
1.94	1.1237822875216295e8
1.943	1.1259196146348001e8
1.946	1.1280585835145894e8
1.949	1.1301991954568319e8
1.952	1.1323414517535153e8
1.955	1.1344853536927758e8
1.958	1.1366309025588882e8
1.961	1.1387780996322574e8
1.964	1.1409269461894114e8
1.967	1.1430774435029946e8
1.97	1.1452295928417583e8
1.973	1.147383395470555e8
1.976	1.1495388526503307e8
1.979	1.151695965638119e8
1.982	1.1538547356870343e8
1.985	1.1560151640462646e8
1.988	1.1581772519610661e8
1.991	1.1603410006727588e8
1.994	1.1625064114187169e8
1.997	1.1646734854323678e8
2.	1.1668422239404143e8
2.003	1.1690126281080775e8
2.0060000000000002	1.1711846991325942e8
2.0090000000000003	1.1733584382321987e8
2.012	1.17553384662157e8
2.015	1.1777109255118254e8
2.018	1.1798896761105198e8
2.021	1.1820700996216404e8
2.024	1.1842521972456056e8
2.027	1.1864359701792608e8
2.0300000000000002	1.1886214196158768e8
2.0330000000000004	1.1908085467451471e8
2.036	1.1929973527531844e8
2.0389999999999997	1.1951878388225214e8
2.042	1.1973800061321053e8
2.045	1.1995738558572978e8
2.048	1.2017693891698724e8
2.051	1.2039666072380139e8
2.0540000000000003	1.2061655112263148e8
2.057	1.2083661022957765e8
2.06	1.2105683816038057e8
2.0629999999999997	1.2127723503042148e8
2.066	1.2149780095472191e8
2.069	1.2171853604794379e8
2.072	1.2193944042438914e8
2.075	1.2216051419800015e8
2.0780000000000003	1.2238175748235907e8
2.081	1.2260317039068806e8
2.084	1.228247530358494e8
2.0869999999999997	1.2304650553034508e8
2.09	1.2326842798631705e8
2.093	1.2349052051554713e8
2.096	1.2371278322945696e8
2.099	1.2393521623910794e8
2.1020000000000003	1.2415781965520144e8
2.105	1.243805935880785e8
2.108	1.2460353814554211e8
2.1109999999999998	1.2482665343249571e8
2.114	1.250499395580756e8
2.117	1.252733966312555e8
2.12	1.2549702476068336e8
2.123	1.2572082405468157e8
2.1260000000000003	1.2594479462124713e8
2.129	1.261689365680517e8
2.132	1.2639325000244191e8
2.135	1.2661773503143933e8
2.138	1.2684239176174083e8
2.141	1.2706722029971863e8
2.144	1.2729222075142044e8
2.1470000000000002	1.2751739322256987e8
2.1500000000000004	1.2774273781856629e8
2.153	1.2796825464448537e8
2.156	1.2819394380507906e8
2.159	1.284198054047757e8
2.162	1.2864583954768063e8
2.165	1.2887204633757605e8
2.168	1.2909842587835287e8
2.1710000000000003	1.2932497827227184e8
2.174	1.2955170362259196e8
2.177	1.2977860203180546e8
2.1799999999999997	1.3000567360208263e8
2.183	1.3023291843527214e8
2.186	1.3046033663290125e8
2.189	1.3068792829617591e8
2.192	1.3091569352598128e8
2.1950000000000003	1.3114363242288166e8
2.198	1.3137174508712105e8
2.201	1.3160003161862326e8
2.2039999999999997	1.3182849211699206e8
2.207	1.320571266815117e8
2.21	1.3228593541114688e8
2.213	1.3251491840344727e8
2.216	1.3274407575255698e8
2.2190000000000003	1.3297340755610175e8
2.222	1.332029139118269e8
2.225	1.3343259491718785e8
2.2279999999999998	1.3366245066935028e8
2.231	1.3389248126519053e8
2.234	1.3412268680129592e8
2.237	1.3435306737396508e8
2.24	1.3458362307920834e8
2.2430000000000003	1.348143540127482e8
2.246	1.3504526027001932e8
2.249	1.352763419461692e8
2.252	1.355075991360584e8
2.255	1.3573903193426093e8
2.258	1.359706404350645e8
2.261	1.3620242473247105e8
2.2640000000000002	1.3643438492019686e8
2.2670000000000003	1.366665210916732e8
2.27	1.3689883334004632e8
2.273	1.3713132175817832e8
2.276	1.373639864386469e8
2.279	1.3759682747374627e8
2.282	1.37829844955487e8
2.285	1.380630389755968e8
2.2880000000000003	1.3829640962552062e8
2.2910000000000004	1.3852995699642113e8
2.294	1.3876368117917913e8
2.2969999999999997	1.3899758226439366e8
2.3	1.3923166034238264e8
2.303	1.3946591550318307e8
2.306	1.3970034783655137e8
2.309	1.399349574319639e8
2.3120000000000003	1.4016974437861717e8
2.315	1.4040470876542813e8
2.318	1.4063984970866102e8
2.3209999999999997	1.408751658620641e8
2.324	1.4111065755375212e8
2.327	1.4134632480876496e8
2.33	1.415821677282195e8
2.333	1.4181818641312534e8
2.3360000000000003	1.420543809643804e8
2.339	1.4229075148276755e8
2.342	1.4252729806895056e8
2.3449999999999998	1.4276402082347038e8
2.348	1.4300091984674188e8
2.351	1.4323799523904988e8
2.354	1.4347524710054573e8
2.357	1.4371267553124404e8
2.3600000000000003	1.4395028063101915e8
2.363	1.4418806249960175e8
2.366	1.4442602123657587e8
2.3689999999999998	1.446641569413753e8
2.372	1.4490246971328086e8
2.375	1.4514095965141693e8
2.378	1.4537962685410118e8
2.3810000000000002	1.4561847142137593e8
2.3840000000000003	1.4585749345128357e8
2.387	1.460966930422934e8
2.39	1.4633607029270402e8
2.393	1.465756253006401e8
2.396	1.468153581640503e8
2.399	1.4705526898070404e8
2.402	1.4729535784818903e8
2.4050000000000002	1.475356248639088e8
2.4080000000000004	1.4777607012508056e8
2.411	1.480166937287319e8
2.414	1.4825749577169934e8
2.417	1.4849847635062516e8
2.42	1.4873963556194845e8
2.423	1.4898097349984273e8
2.426	1.492224902587349e8
2.4290000000000003	1.4946418593449685e8
2.432	1.4970606062281397e8
2.435	1.4994811441918376e8
2.4379999999999997	1.5019034741891328e8
2.441	1.5043275971711776e8
2.444	1.5067535140871823e8
2.447	1.5091812258844003e8
2.45	1.5116107335081056e8
2.4530000000000003	1.5140420379015797e8
2.456	1.5164751400060925e8
2.459	1.518910040760885e8
2.4619999999999997	1.5213467411031523e8
2.465	1.52378524196803e8
2.468	1.5262255442885754e8
2.471	1.5286676489957556e8
2.474	1.5311115570184287e8
2.4770000000000003	1.533557269283332e8
2.48	1.536004786715067e8
2.483	1.5384541102360868e8
2.4859999999999998	1.5409052407666793e8
2.489	1.54335817922496e8
2.492	1.5458129265268523e8
2.495	1.5482694835860795e8
2.498	1.550727851314151e8
2.501	1.5531880306203526e8
2.504	1.5556500224117333e8
2.507	1.5581138275930947e8
2.5100000000000002	1.5605794470669785e8
2.513	1.5630468817336604e8
2.516	1.5655161324911344e8
2.519	1.5679872002351084e8
2.5220000000000002	1.570460085858989e8
2.525	1.5729347902481422e8
2.528	1.575411314269193e8
2.531	1.5778896588065457e8
2.5340000000000003	1.5803698247446364e8
2.537	1.5828518129657117e8
2.54	1.585335624349823e8
2.543	1.5878212597748208e8
2.5460000000000003	1.590308720116342e8
2.549	1.5927980062478086e8
2.552	1.595289119040419e8
2.555	1.5977820593631402e8
2.558	1.6002768280827036e8
2.561	1.6027734260636002e8
2.564	1.6052718541680703e8
2.567	1.6077721132561016e8
2.57	1.6102742041854236e8
2.573	1.6127781278115022e8
2.576	1.6152838849875352e8
2.579	1.6177914765644464e8
2.582	1.6203009033908808e8
2.585	1.6228121663132057e8
2.588	1.6253252661754984e8
2.591	1.6278402038195488e8
2.594	1.630356980084852e8
2.597	1.6328755958086076e8
2.6	1.6353960518257165e8
2.603	1.6379183489687726e8
2.606	1.6404424880680662e8
2.609	1.6429684699515796e8
2.612	1.6454962954449826e8
2.615	1.6480259653716314e8
2.618	1.6505574805525646e8
2.621	1.6530908418065053e8
2.624	1.6556260499498552e8
2.6270000000000002	1.6581631057950613e8
2.63	1.6607020101358888e8
2.633	1.6632427637768975e8
2.636	1.665785367525417e8
2.6390000000000002	1.668329822186576e8
2.642	1.6708761285633025e8
2.645	1.673424287456322e8
2.648	1.6759742996641567e8
2.6510000000000002	1.6785261659831253e8
2.654	1.6810798872073415e8
2.657	1.6836354641287166e8
2.66	1.686192897536958e8
2.6630000000000003	1.6887521882195663e8
2.666	1.6913133369618386e8
2.669	1.69387634454687e8
2.672	1.696441211755549e8
2.6750000000000003	1.699007939366563e8
2.678	1.7015765281563923e8
2.681	1.704146978899321e8
2.684	1.7067192923674268e8
2.687	1.709293469330589e8
2.69	1.7118695105564842e8
2.693	1.7144474168105948e8
2.696	1.717027188856199e8
2.699	1.719608827454384e8
2.702	1.7221923333640382e8
2.705	1.7247777073418567e8
2.708	1.7273649501423407e8
2.711	1.7299540625178027e8
2.714	1.732545045218363e8
2.717	1.7351378989919552e8
2.72	1.7377326245843247e8
2.723	1.7403292227390334e8
2.726	1.7429276941974613e8
2.729	1.74552803969797e8
2.732	1.7481302599633288e8
2.735	1.7507343557233217e8
2.738	1.7533403277107948e8
2.741	1.755948176656529e8
2.744	1.7585579032892388e8
2.747	1.7611695083355764e8
2.75	1.763782992520135e8
2.753	1.766398356565449e8
2.7560000000000002	1.7690156011919996e8
2.759	1.7716347271182138e8
2.762	1.7742557350604707e8
2.765	1.7768786257331002e8
2.7680000000000002	1.779503399848392e8
2.771	1.7821300581165913e8
2.774	1.7847586012459067e8
2.777	1.7873890299425104e8
2.7800000000000002	1.7900213449105424e8
2.783	1.7926555468521127e8
2.786	1.795291636467306e8
2.789	1.7979296144541827e8
2.7920000000000003	1.8005694815087825e8
2.795	1.803211238325128e8
2.798	1.8058548855952287e8
2.801	1.808500424009083e8
2.8040000000000003	1.811147854254681e8
2.807	1.8137971770180073e8
2.81	1.816448392983049e8
2.813	1.8191015028317922e8
2.816	1.821756507244229e8
2.819	1.8244134068983614e8
2.822	1.8270722024702045e8
2.825	1.829732894633786e8
2.828	1.8323954840611556e8
2.831	1.8350599714212292e8
2.834	1.837726357369824e8
2.837	1.8403946425698268e8
2.84	1.843064827685556e8
2.843	1.8457369133794555e8
2.846	1.8484109003120962e8
2.849	1.8510867891421825e8
2.852	1.853764580526553e8
2.855	1.8564442751201877e8
2.858	1.859125873576208e8
2.861	1.8618093765458843e8
2.864	1.8644947846786338e8
2.867	1.8671820986220336e8
2.87	1.8698713190218163e8
2.873	1.8725624465218762e8
2.876	1.875255481764274e8
2.879	1.8779504253892404e8
2.882	1.8806472780351803e8
2.8850000000000002	1.8833460403386727e8
2.888	1.8860467129344812e8
2.891	1.888749296455554e8
2.894	1.8914537915330273e8
2.8970000000000002	1.8941601987962297e8
2.9	1.8968685188726863e8
2.903	1.8995787523881242e8
2.906	1.9022908999664736e8
2.9090000000000003	1.9050049622298723e8
2.912	1.9077209397986707e8
2.915	1.9104388332914355e8
2.918	1.9131586433249527e8
2.9210000000000003	1.9158803705142328e8
2.924	1.9186040154725116e8
2.927	1.9213295788112584e8
2.93	1.924057061140179e8
2.933	1.9267864630646685e8
2.936	1.929517785180584e8
2.939	1.9322510280913305e8
2.942	1.9349861923997456e8
2.945	1.9377232787069896e8
2.948	1.940462287612561e8
2.951	1.943203219714292e8
2.954	1.9459460756083554e8
2.957	1.948690855889269e8
2.96	1.951437561149901e8
2.963	1.954186191981469e8
2.966	1.9569367489735502e8
2.969	1.9596892327140796e8
2.972	1.9624436437893587e8
2.975	1.9651999827840558e8
2.978	1.9679582502812105e8
2.981	1.9707184468622395e8
2.984	1.973480573106941e8
2.987	1.9762446295934948e8
2.99	1.979010616898469e8
2.993	1.9817785355968222e8
2.996	1.9845483862619117e8
2.999	1.987320169465491e8
3.0020000000000002	1.990093885777718e8
3.005	1.9928695357671565e8
3.008	1.995647120000783e8
3.011	1.9984266390439874e8
3.0140000000000002	2.0012080934605783e8
3.017	2.003991483812787e8
3.02	2.0067768106612706e8
3.023	2.0095640745651153e8
3.0260000000000002	2.0123532760818428e8
3.029	2.0151444157674098e8
3.032	2.0179374941762176e8
3.035	2.0207325118555534e8
3.0380000000000003	2.0235294693505135e8
3.041	2.026328367210926e8
3.044	2.029129205985145e8
3.047	2.0319319862200448e8
3.0500000000000003	2.0347367084610286e8
3.053	2.0375433732520285e8
3.056	2.040351981135511e8
3.059	2.043162532652483e8
3.062	2.0459750283424872e8
3.065	2.0487894687436184e8
3.068	2.0516058543925136e8
3.071	2.0544241858243692e8
3.074	2.0572444635729334e8
3.077	2.0600666881705144e8
3.08	2.062890860147986e8
3.083	2.0657169800347885e8
3.086	2.0685450483589324e8
3.089	2.0713750656470042e8
3.092	2.0742070324241668e8
3.095	2.0770409492141667e8
3.098	2.079876816539332e8
3.101	2.0827146349359807e8
3.104	2.0855544048922145e8
3.107	2.0883961269421706e8
3.11	2.0912398016025552e8
3.113	2.0940854293886796e8
3.116	2.0969330108144575e8
3.119	2.0997825463924158e8
3.122	2.1026340366336936e8
3.125	2.1054874820480475e8
3.128	2.1083428831438524e8
3.1310000000000002	2.1112002404281092e8
3.134	2.1140595544053605e8
3.137	2.1169208255723736e8
3.14	2.119784054430654e8
3.1430000000000002	2.1226492414818317e8
3.146	2.125516387226232e8
3.149	2.1283854921628782e8
3.152	2.131256556789494e8
3.1550000000000002	2.1341295816025084e8
3.158	2.1370045670970574e8
3.161	2.13988151376699e8
3.164	2.142760422104868e8
3.1670000000000003	2.145641292601972e8
3.17	2.1485241257483023e8
3.173	2.1514089220325866e8
3.176	2.1542956819422784e8
3.1790000000000003	2.1571844059635612e8
3.182	2.1600750945813543e8
3.185	2.1629677482793146e8
3.188	2.1658623675398403e8
3.191	2.168758952844071e8
3.194	2.1716575046718946e8
3.197	2.1745580235019493e8
3.2	2.1774605098116273e8
3.203	2.1803649640770757e8
3.206	2.183271386773204e8
3.209	2.186179778373682e8
3.212	2.189090139350946e8
3.215	2.1920024701762015e8
3.218	2.1949167713194266e8
3.221	2.1978330432493725e8
3.224	2.2007512864335713e8
3.227	2.203671501338332e8
3.23	2.2065936884287545e8
3.233	2.2095178481686947e8
3.236	2.2124439810159343e8
3.239	2.2153720874282995e8
3.242	2.2183021678661227e8
3.245	2.2212342227885842e8
3.248	2.2241682526537097e8
3.251	2.2271042579183772e8
3.254	2.2300422390383205e8
3.257	2.2329821964681298e8
3.2600000000000002	2.2359241306612548e8
3.263	2.2388680420700088e8
3.266	2.241813931145572e8
3.269	2.2447617983379924e8
3.2720000000000002	2.2477116440961888e8
3.275	2.2506634688679582e8
3.278	2.253617273099971e8
3.281	2.256573057237781e8
3.2840000000000003	2.259530821725822e8
3.287	2.2624905670074168e8
3.29	2.265452293524775e8
3.293	2.2684160017189968e8
3.2960000000000003	2.2713816920300794e8
3.299	2.274349364896914e8
3.302	2.2773190207572937e8
3.305	2.2802906600479132e8
3.3080000000000003	2.2832642852846444e8
3.311	2.2862399041407657e8
3.314	2.289217518061644e8
3.317	2.2921971271006945e8
3.32	2.295178731455486e8
3.323	2.2981623313244218e8
3.326	2.3011479269067365e8
3.329	2.304135518402496e8
3.332	2.307125106012599e8
3.335	2.3101166899364248e8
3.338	2.313110270371632e8
3.341	2.3161058475215054e8
3.344	2.319103421590353e8
3.347	2.3221029927833495e8
3.35	2.325104561306539e8
3.353	2.3281081273668304e8
3.356	2.3311136911719948e8
3.359	2.334121252930671e8
3.362	2.3371308128523573e8
3.365	2.340142371147412e8
3.368	2.3431559280270523e8
3.371	2.3461714837033528e8
3.374	2.349189038389244e8
3.3770000000000002	2.352208592298508e8
3.38	2.355230145645781e8
3.383	2.3582536986465445e8
3.386	2.3612792515171307e8
3.3890000000000002	2.364306804474715e8
3.392	2.3673363577373147e8
3.395	2.3703679115237883e8
3.398	2.373401466053832e8
3.4010000000000002	2.376437021547975e8
3.404	2.379474578227579e8
3.407	2.382514136314837e8
3.41	2.3855556960327664e8
3.4130000000000003	2.3885992576052076e8
3.416	2.391644821256822e8
3.419	2.3946923872130892e8
3.422	2.3977419557003015e8
3.4250000000000003	2.4007935269455606e8
3.428	2.403847101176777e8
3.431	2.4069026786226636e8
3.434	2.409960259511502e8
3.4370000000000003	2.4130198440688536e8
3.44	2.4160814325253826e8
3.443	2.4191450251130557e8
3.446	2.422210622064656e8
3.449	2.425278223613783e8
3.452	2.428347829994849e8
3.455	2.431419441443073e8
3.458	2.4344930581944785e8
3.461	2.4375686804858887e8
3.464	2.4406463085549212e8
3.467	2.443725942639985e8
3.47	2.4468075829802737e8
3.473	2.4498912298157635e8
3.476	2.4529768833872068e8
3.479	2.456064543936128e8
3.482	2.4591542117048186e8
3.485	2.4622458869363326e8
3.488	2.4653395698744816e8
3.491	2.4684352607638288e8
3.494	2.4715329598496863e8
3.497	2.4746326673781052e8
3.5	2.4777343835958764e8
3.503	2.4808381087505206e8
3.5060000000000002	2.4839438430902869e8
3.509	2.487051586864141e8
3.512	2.4901613403217685e8
3.515	2.4932731037135622e8
3.5180000000000002	2.49638687729062e8
3.521	2.4995026613047373e8
3.524	2.5026204560084042e8
3.527	2.5057402616547954e8
3.5300000000000002	2.5088620784977686e8
3.533	2.511985906791047e8
3.536	2.515111746785593e8
3.539	2.5182395987366873e8
3.5420000000000003	2.5213694629009166e8
3.545	2.5245013395355475e8
3.548	2.5276352288985237e8
3.551	2.5307711312484598e8
3.5540000000000003	2.5339090468446344e8
3.557	2.5370489759469837e8
3.56	2.5401909188160956e8
3.563	2.5433348757132038e8
3.5660000000000003	2.5464808469001803e8
3.569	2.549628832639529e8
3.572	2.5527788331943813e8
3.575	2.555930848828487e8
3.578	2.5590848798062077e8
3.581	2.5622409263925153e8
3.584	2.5653989888529775e8
3.587	2.568559067453758e8
3.59	2.571721162461605e8
3.593	2.5748852741438484e8
3.596	2.578051402768388e8
3.599	2.5812195486036935e8
3.602	2.5843897119187918e8
3.605	2.5875618929832646e8
3.608	2.5907360920672375e8
3.611	2.593912309441375e8
3.614	2.5970905453768748e8
3.617	2.60027080014546e8
3.62	2.603453074019371e8
3.623	2.6066373672713587e8
3.626	2.6098236801746795e8
3.629	2.6130120130030873e8
3.632	2.616202366030094e8
3.6350000000000002	2.6193947395266834e8
3.638	2.6225891337675548e8
3.641	2.6257855490284395e8
3.644	2.62898398558555e8
3.6470000000000002	2.6321844437155887e8
3.65	2.6353869236957282e8
3.653	2.638591425803614e8
3.656	2.641797950317351e8
3.6590000000000003	2.6450064975154978e8
3.662	2.648217067677058e8
3.665	2.6514296610814822e8
3.668	2.6546442780086455e8
3.6710000000000003	2.657860918738854e8
3.674	2.6610795835528287e8
3.677	2.6643002727317056e8
3.68	2.6675229865570223e8
3.6830000000000003	2.6707477253107136e8
3.686	2.6739744892751053e8
3.689	2.6772032787329048e8
3.692	2.6804340939671937e8
3.6950000000000003	2.6836669352614266e8
3.698	2.686901802899413e8
3.701	2.690138697165322e8
3.704	2.6933776183436656e8
3.707	2.696618566719297e8
3.71	2.699861542577404e8
3.713	2.703106546203497e8
3.716	2.706353577883405e8
3.719	2.7096026379032683e8
3.722	2.7128537265495324e8
3.725	2.716106844108941e8
3.728	2.7193619908685243e8
3.731	2.722619167114713e8
3.734	2.72587837313184e8
3.737	2.7291396092074883e8
3.74	2.7324028756298274e8
3.743	2.7356681726873094e8
3.746	2.7389355006686616e8
3.749	2.742204859862874e8
3.7520000000000002	2.745476250559196e8
3.755	2.7487496730471253e8
3.758	2.752025127616409e8
3.761	2.7553026145570314e8
3.7640000000000002	2.758582134159205e8
3.767	2.7618636867133677e8
3.77	2.765147272510175e8
3.773	2.768432891840494e8
3.7760000000000002	2.771720544995392e8
3.779	2.7750102322661376e8
3.782	2.778301953944184e8
3.785	2.781595710321174e8
3.7880000000000003	2.784891501688924e8
3.791	2.7881893283394176e8
3.794	2.791489190564806e8
3.797	2.794791088657396e8
3.8000000000000003	2.798095022909643e8
3.803	2.801400993614148e8
3.806	2.804709001063647e8
3.809	2.808019045551009e8
3.8120000000000003	2.8113311273692244e8
3.815	2.8146452468113995e8
3.818	2.817961404170759e8
3.821	2.821279599740624e8
3.8240000000000003	2.824599833814417e8
3.827	2.827922106685654e8
3.83	2.8312464186466664e8
3.833	2.83457276998851e8
3.836	2.837901161004881e8
3.839	2.841231591989654e8
3.842	2.844564063236778e8
3.845	2.847898575040283e8
3.848	2.851235127694268e8
3.851	2.8545737214928985e8
3.854	2.8579143567303973e8
3.857	2.861257033701039e8
3.86	2.864601752699144e8
3.863	2.867948514019075e8
3.866	2.871297317955231e8
3.869	2.874648164802035e8
3.872	2.878001054853935e8
3.875	2.881355988405399e8
3.878	2.8847129657509005e8
3.8810000000000002	2.888071987184924e8
3.884	2.89143305300195e8
3.887	2.894796163496456e8
3.89	2.8981613189629054e8
3.8930000000000002	2.901528519695747e8
3.896	2.9048977659894043e8
3.899	2.9082690581382763e8
3.902	2.911642396436725e8
3.9050000000000002	2.9150177811790746e8
3.908	2.918395212659604e8
3.911	2.921774691172545e8
3.914	2.9251562170120704e8
3.9170000000000003	2.928539790472294e8
3.92	2.931925411847266e8
3.923	2.935313081430961e8
3.926	2.9387027995172787e8
3.9290000000000003	2.94209456639811e8
3.932	2.945488382365552e8
3.935	2.9488842477132773e8
3.938	2.952282162734881e8
3.9410000000000003	2.955682127723878e8
3.944	2.9590841429736924e8
3.947	2.962488208777664e8
3.95	2.965894325429029e8
3.9530000000000003	2.9693024932209283e8
3.956	2.972712712446393e8
3.959	2.976124983398347e8
3.962	2.9795393063695955e8
3.965	2.9829556816528237e8
3.968	2.9863741095405966e8
3.971	2.989794590325346e8
3.974	2.9932171242993677e8
3.977	2.996641711754826e8
3.98	3.0000683529837364e8
3.983	3.003497048277968e8
3.986	3.0069277979292405e8
3.989	3.0103606022291154e8
3.992	3.013795461468994e8
3.995	3.017232375940114e8
3.998	3.0206713459335417e8
4.0009999999999994	3.024112371740173e8
4.004	3.0275554536507237e8
4.007	3.03100059195573e8
4.01	3.03444778694554e8
4.013	3.0378970389103144e8
4.016	3.0413483481400186e8
4.019	3.044801714924421e8
4.022	3.048257139553087e8
4.025	3.0517146223151755e8
4.0280000000000005	3.055174163497486e8
4.031000000000001	3.058635763388295e8
4.034000000000001	3.0620994222763556e8
4.037	3.065565140450216e8
4.04	3.0690329181982225e8
4.043	3.072502755808506e8
4.046	3.0759746535689855e8
4.0489999999999995	3.0794486117673606e8
4.052	3.082924630691114e8
4.055	3.086402710627499e8
4.058	3.089882851863542e8
4.061	3.093365054686038e8
4.064	3.096849319381547e8
4.067	3.1003356462363905e8
4.07	3.103824035536647e8
4.073	3.1073144875681484e8
4.0760000000000005	3.110807002616481e8
4.079000000000001	3.1143015809669775e8
4.082000000000001	3.1177982229047155e8
4.085	3.1212969287145126e8
4.088	3.124797698680928e8
4.091	3.128300533088255e8
4.093999999999999	3.1318054322205174e8
4.0969999999999995	3.1353123963614696e8
4.1	3.138821425794593e8
4.103	3.1423325208030903e8
4.106	3.145845681669883e8
4.109	3.1493609086776143e8
4.112	3.1528782021086365e8
4.115	3.156397562245018e8
4.118	3.159918989368532e8
4.121	3.1634424837606585e8
4.1240000000000006	3.166968045701799e8
4.127000000000001	3.170495675470803e8
4.13	3.174025373348164e8
4.133	3.1775571396141976e8
4.136	3.1810909745489246e8
4.139	3.1846268784320706e8
4.1419999999999995	3.1881648515430665e8
4.145	3.191704894161044e8
4.148	3.1952470065648353e8
4.151	3.198791189032965e8
4.154	3.202337441843652e8
4.157	3.20588576527481e8
4.16	3.209436159604037e8
4.163	3.212988625108619e8
4.166	3.216543162065525e8
4.1690000000000005	3.2200997707514095e8
4.172000000000001	3.2236584514426035e8
4.175000000000001	3.227219204415113e8
4.178	3.2307820299446213e8
4.181	3.234346928306487e8
4.184	3.237913899775738e8
4.187	3.241482944627067e8
4.1899999999999995	3.2450540631348354e8
4.193	3.2486272555730706e8
4.196	3.25220252221546e8
4.199	3.255779863335353e8
4.202	3.259359279205755e8
4.205	3.2629407700993305e8
4.208	3.266524336288394e8
4.211	3.2701099780449164e8
4.214	3.273697695640518e8
4.2170000000000005	3.2772874893464667e8
4.220000000000001	3.280879359433638e8
4.223	3.284473306170881e8
4.226	3.2880693298274994e8
4.229	3.291667430673361e8
4.232	3.2952676089779896e8
4.234999999999999	3.298869865010561e8
4.2379999999999995	3.302474199039908e8
4.241	3.306080611334505e8
4.244	3.3096891021624786e8
4.247	3.3132996717916024e8
4.25	3.3169123204892945e8
4.253	3.320527048522613e8
4.256	3.324143856158262e8
4.259	3.327762743662585e8
4.2620000000000005	3.3313837113015604e8
4.265000000000001	3.3350067593408096e8
4.268000000000001	3.3386318880455834e8
4.271	3.3422590976807725e8
4.274	3.345888388510899e8
4.277	3.349519760800115e8
4.28	3.3531532148122036e8
4.2829999999999995	3.3567887508105755e8
4.286	3.360426369058271e8
4.289	3.3640660698179567e8
4.292	3.3677078533519226e8
4.295	3.3713517199220806e8
4.298	3.374997669789972e8
4.301	3.378645703216749e8
4.304	3.382295820463191e8
4.307	3.385948021789697e8
4.3100000000000005	3.389602307456278e8
4.313000000000001	3.393258677722566e8
4.316000000000001	3.3969171328478074e8
4.319	3.4005776730903107e8
4.322	3.4042402987068063e8
4.325	3.407905009955264e8
4.328	3.411571807093408e8
4.3309999999999995	3.415240690378589e8
4.334	3.4189116600677806e8
4.337	3.4225847164175785e8
4.34	3.426259859684195e8
4.343	3.4299370901234686e8
4.346	3.433616407990854e8
4.349	3.437297813541422e8
4.352	3.440981307029864e8
4.355	3.444666888710486e8
4.3580000000000005	3.4483545588372105e8
4.361000000000001	3.4520443176635724e8
4.364	3.455736165442723e8
4.367	3.459430102427426e8
4.37	3.463126128870056e8
4.373	3.4668242450226e8
4.3759999999999994	3.4705244511366546e8
4.379	3.4742267474634296e8
4.382	3.4779311342537385e8
4.385	3.481637611758008e8
4.388	3.4853461802262694e8
4.391	3.4890568399081635e8
4.394	3.492769591052935e8
4.397	3.4964844339094365e8
4.4	3.500201368726125e8
4.4030000000000005	3.50392039575106e8
4.406000000000001	3.5076415152319074e8
4.409000000000001	3.5113647274159336e8
4.412	3.5150900325500107e8
4.415	3.518817430880554e8
4.418	3.522546922652136e8
4.421	3.5262785081097764e8
4.4239999999999995	3.530012187498772e8
4.427	3.5337479610640335e8
4.43	3.5374858290500796e8
4.433	3.541225791701045e8
4.436	3.5449678492606735e8
4.439	3.5487120019723195e8
4.442	3.552458250078948e8
4.445	3.556206593823134e8
4.448	3.5599570334470594e8
4.4510000000000005	3.563709569192519e8
4.454000000000001	3.567464201300912e8
4.457000000000001	3.5712209300132483e8
4.46	3.5749797555701435e8
4.463	3.578740678211824e8
4.466	3.5825036981781185e8
4.468999999999999	3.586268815708466e8
4.4719999999999995	3.59003603104191e8
4.475	3.5938053444171e8
4.478	3.597576756072291e8
4.481	3.6013502662453437e8
4.484	3.6051258751737237e8
4.487	3.6089035830945015e8
4.49	3.612683390244352e8
4.493	3.616465296859555e8
4.496	3.6202493031759906e8
4.4990000000000006	3.624035409429148e8
4.502	3.627823615854114e8
4.505	3.631613922685586e8
4.508	3.6354063301578575e8
4.511	3.6392008385048276e8
4.514	3.642997447959288e8
4.517	3.646796158753044e8
4.5200000000000005	3.6505969711187905e8
4.523	3.6543998852888644e8
4.526	3.658204901495212e8
4.529	3.6620120199693954e8
4.532	3.665821240942593e8
4.535	3.66963256464559e8
4.538	3.673445991308793e8
4.541	3.6772615211622113e8
4.5440000000000005	3.6810791544354755e8
4.547	3.684898891357825e8
4.55	3.688720732158114e8
4.553	3.692544677064806e8
4.556	3.696370726305982e8
4.559	3.700198880109329e8
4.562	3.704029138702153e8
4.565	3.7078615023113674e8
4.5680000000000005	3.7116959711634994e8
4.571	3.715532545484689e8
4.574	3.719371225500689e8
4.577	3.723212011436862e8
4.58	3.727054903518187e8
4.583	3.730899901969248e8
4.586	3.7347470070142496e8
4.589	3.738596218877002e8
4.5920000000000005	3.7424475377809316e8
4.595	3.746300963949075e8
4.598	3.750156497604079e8
4.601	3.75401413896821e8
4.604	3.757873888263339e8
4.607	3.761735745710953e8
4.61	3.7655997115319216e8
4.613	3.7694657859455514e8
4.616	3.7733339691719335e8
4.619	3.7772042614310294e8
4.622	3.781076662942416e8
4.625	3.784951173925301e8
4.628	3.7888277945985097e8
4.631	3.792706525180494e8
4.634	3.7965873658893305e8
4.6370000000000005	3.8004703169427174e8
4.64	3.8043553785579765e8
4.643	3.808242550952059e8
4.646	3.812131834341533e8
4.649	3.816023228942597e8
4.652	3.8199167349710715e8
4.655	3.823812352642398e8
4.658	3.8277100821716505e8
4.6610000000000005	3.831609923773522e8
4.664	3.835511877662332e8
4.667	3.839415944052028e8
4.67	3.843322123156179e8
4.673	3.847230415187979e8
4.676	3.851140820360253e8
4.679	3.8550533388854486e8
4.682	3.858967970975636e8
4.6850000000000005	3.86288471684252e8
4.688	3.8668035766974247e8
4.691	3.870724550751301e8
4.694	3.874647639214734e8
4.697	3.878572842297926e8
4.7	3.882500160210712e8
4.703	3.886429593162554e8
4.706	3.890361141362508e8
4.7090000000000005	3.8942948050181496e8
4.712	3.898230584337277e8
4.715	3.9021684795278805e8
4.718	3.9061084907975894e8
4.721	3.91005061835367e8
4.724	3.9139948624030274e8
4.727	3.917941223152209e8
4.73	3.921889700807398e8
4.733	3.9258402955744165e8
4.736	3.9297930076587325e8
4.739	3.9337478372654486e8
4.742	3.93770478459931e8
4.745	3.9416638498647016e8
4.748	3.945625033265649e8
4.751	3.94958833500582e8
4.7540000000000004	3.953553755288522e8
4.757	3.957521294316707e8
4.76	3.961490952292968e8
4.763	3.9654627294195396e8
4.766	3.969436625898298e8
4.769	3.9734126419307625e8
4.772	3.977390777718099e8
4.775	3.981371033461109e8
4.7780000000000005	3.985353409360247e8
4.781	3.989337905615606e8
4.784	3.9933245224269223e8
4.787	3.99731325999358e8
4.79	4.001304118514607e8
4.793	4.0052970981886756e8
4.796	4.009292199214102e8
4.799	4.013289421788853e8
4.8020000000000005	4.017288766110536e8
4.805	4.021290232375685e8
4.808	4.0252938207803375e8
4.811	4.029299531521052e8
4.814	4.033307364794048e8
4.817	4.037317320795202e8
4.82	4.0413293997200483e8
4.823	4.045343601763775e8
4.8260000000000005	4.049359927121231e8
4.829	4.0533783759869224e8
4.832	4.0573989485550135e8
4.835	4.061421645019329e8
4.838	4.065446465573352e8
4.841	4.069473410410222e8
4.844	4.073502479722741e8
4.847	4.077533673703372e8
4.8500000000000005	4.0815669925442344e8
4.853	4.0856024364371115e8
4.856	4.0896400055734485e8
4.859	4.09367970014435e8
4.862	4.0977215203405815e8
4.865	4.1017654663525736e8
4.868	4.1058115383704156e8
4.871	4.109859736583864e8
4.874	4.1139100611823326e8
4.877	4.1179625123549044e8
4.88	4.122017090290324e8
4.883	4.1260737951769984e8
4.886	4.130132627203002e8
4.889	4.134193586556072e8
4.892	4.1382566734236115e8
4.8950000000000005	4.142321887992691e8
4.898	4.14638923045004e8
4.901	4.1504587009816545e8
4.904	4.154530299772585e8
4.907	4.1586040270085305e8
4.91	4.162679882874909e8
4.913	4.166757867556819e8
4.916	4.1708379812390333e8
4.9190000000000005	4.174920224106004e8
4.922	4.1790045963418585e8
4.925	4.183091098130404e8
4.928	4.187179729655121e8
4.931	4.191270491099175e8
4.934	4.1953633826454055e8
4.937	4.199458404476332e8
4.94	4.203555556774157e8
4.9430000000000005	4.207654839720758e8
4.946	4.211756253497695e8
4.949	4.2158597982862103e8
4.952	4.219965474267225e8
4.955	4.2240732816213405e8
4.958	4.228183220528845e8
4.961	4.2322952911697024e8
4.964	4.236409493723564e8
4.9670000000000005	4.240525828369763e8
4.97	4.244644295287312e8
4.973	4.248764894654914e8
4.976	4.2528876266509503e8
4.979	4.257012491453489e8
4.982	4.2611394892402834e8
4.985	4.265268620188771e8
4.988	4.269399884476075e8
4.991	4.273533282279004e8
4.994	4.277668813774053e8
4.997	4.2818064791371745e8