0.	-0.000011236292958623867
0.001	-0.000011230799700244897
0.002	-0.000011225309238418357
0.003	-0.000011219821571122405
0.004	-0.000011214336696334634
0.005	-0.000011208854612032075
0.006	-0.000011203375316191218
0.007	-0.000011197898806788024
0.008	-0.000011192425081797936
0.009000000000000001	-0.00001118695413919589
0.01	-0.00001118148597695633
0.011	-0.00001117602059305322
0.012	-0.000011170557985460066
0.013000000000000001	-0.000011165098152149911
0.014	-0.00001115964109109536
0.015	-0.000011154186800268593
0.016	-0.000011148735277641369
0.017	-0.000011143286521185043
0.018000000000000002	-0.000011137840528870582
0.019	-0.000011132397298668576
0.02	-0.000011126956828549245
0.021	-0.000011121519116482455
0.022	-0.000011116084160437727
0.023	-0.000011110651958384257
0.024	-0.00001110522250829092
0.025	-0.000011099795808126283
0.026000000000000002	-0.000011094371855858623
0.027	-0.000011088950649455929
0.028	-0.000011083532186885921
0.029	-0.000011078116466116065
0.03	-0.000011072703485113568
0.031	-0.00001106729324184541
0.032	-0.000011061885734278346
0.033	-0.000011056480960378914
0.034	-0.00001105107891811345
0.035	-0.000011045679605448106
0.036000000000000004	-0.000011040283020348845
0.037	-0.000011034889160781473
0.038	-0.000011029498024711632
0.039	-0.000011024109610104818
0.04	-0.000011018723914926397
0.041	-0.000011013340937141608
0.042	-0.000011007960674715579
0.043000000000000003	-0.000011002583125613337
0.044	-0.000010997208287799816
0.045	-0.000010991836159239867
0.046	-0.000010986466737898279
0.047	-0.000010981100021739777
0.048	-0.00001097573600872904
0.049	-0.000010970374696830705
0.05	-0.00001096501608400939
0.051000000000000004	-0.000010959660168229686
0.052000000000000005	-0.000010954306947456187
0.053	-0.000010948956419653484
0.054	-0.000010943608582786188
0.055	-0.000010938263434818926
0.056	-0.000010932920973716372
0.057	-0.000010927581197443233
0.058	-0.000010922244103964274
0.059000000000000004	-0.000010916909691244328
0.06	-0.000010911577957248303
0.061	-0.000010906248899941185
0.062	-0.00001090092251728806
0.063	-0.000010895598807254117
0.064	-0.000010890277767804659
0.065	-0.00001088495939690511
0.066	-0.000010879643692521032
0.067	-0.000010874330652618126
0.068	-0.000010869020275162246
0.069	-0.000010863712558119408
0.07	-0.0000108584074994558
0.07100000000000001	-0.00001085310509713779
0.07200000000000001	-0.000010847805349131936
0.073	-0.000010842508253404994
0.074	-0.00001083721380792393
0.075	-0.000010831922010655928
0.076	-0.000010826632859568396
0.077	-0.000010821346352628981
0.078	-0.00001081606248780557
0.079	-0.000010810781263066312
0.08	-0.000010805502676379609
0.081	-0.000010800226725714141
0.082	-0.000010794953409038865
0.083	-0.00001078968272432303
0.084	-0.000010784414669536183
0.085	-0.000010779149242648174
0.08600000000000001	-0.000010773886441629169
0.08700000000000001	-0.000010768626264449661
0.088	-0.00001076336870908047
0.089	-0.000010758113773492766
0.09	-0.000010752861455658055
0.091	-0.000010747611753548213
0.092	-0.000010742364665135472
0.093	-0.000010737120188392449
0.094	-0.000010731878321292132
0.095	-0.000010726639061807908
0.096	-0.000010721402407913558
0.097	-0.000010716168357583275
0.098	-0.00001071093690879166
0.099	-0.000010705708059513744
0.1	-0.000010700481807724986
0.101	-0.000010695258151401284
0.10200000000000001	-0.00001069003708851898
0.10300000000000001	-0.000010684818617054878
0.10400000000000001	-0.000010679602734986237
0.105	-0.000010674389440290791
0.106	-0.000010669178730946749
0.107	-0.000010663970604932807
0.108	-0.000010658765060228159
0.109	-0.000010653562094812487
0.11	-0.000010648361706665996
0.111	-0.000010643163893769398
0.112	-0.000010637968654103929
0.113	-0.000010632775985651359
0.114	-0.000010627585886393994
0.115	-0.000010622398354314686
0.116	-0.000010617213387396835
0.117	-0.000010612030983624413
0.11800000000000001	-0.000010606851140981945
0.11900000000000001	-0.000010601673857454537
0.12	-0.000010596499131027877
0.121	-0.00001059132695968824
0.122	-0.000010586157341422497
0.123	-0.00001058099027421812
0.124	-0.000010575825756063189
0.125	-0.000010570663784946405
0.126	-0.000010565504358857089
0.127	-0.00001056034747578519
0.128	-0.000010555193133721299
0.129	-0.000010550041330656646
0.13	-0.000010544892064583112
0.131	-0.000010539745333493234
0.132	-0.000010534600314518352
0.133	-0.00001052943606575823
0.134	-0.000010524274382754508
0.135	-0.00001051911526670006
0.136	-0.000010513958718772364
0.137	-0.00001050880474013356
0.138	-0.000010503653331930486
0.139	-0.000010498504495294736
0.14	-0.000010493358231342704
0.14100000000000001	-0.000010488214541175636
0.14200000000000002	-0.000010483073425879673
0.14300000000000002	-0.000010477934886525899
0.14400000000000002	-0.0000104727989241704
0.145	-0.000010467665539854303
0.146	-0.000010462534734603825
0.147	-0.000010457406509430325
0.148	-0.000010452280860852478
0.149	-0.000010447157798966922
0.15	-0.000010442037320154075
0.151	-0.000010436919425365913
0.152	-0.00001043180411553976
0.153	-0.00001042669139159835
0.154	-0.000010421581254449866
0.155	-0.000010416473704988001
0.156	-0.000010411368744091992
0.157	-0.000010406266372626681
0.158	-0.000010401166591442561
0.159	-0.00001039606940137582
0.16	-0.000010390974803248398
0.161	-0.00001038588279786803
0.162	-0.000010380793386028296
0.163	-0.000010375706568508676
0.164	-0.00001037062234607459
0.165	-0.000010365540719477453
0.166	-0.000010360461689454726
0.167	-0.000010355385256729958
0.168	-0.000010350311422012841
0.169	-0.000010345240185999257
0.17	-0.000010340171549371325
0.171	-0.000010335105512797457
0.17200000000000001	-0.000010330042076932402
0.17300000000000001	-0.000010324981242417289
0.17400000000000002	-0.000010319923009879691
0.17500000000000002	-0.000010314867379933664
0.176	-0.000010309814353179794
0.177	-0.000010304763930205256
0.178	-0.000010299716111583853
0.179	-0.000010294670897876072
0.18	-0.000010289628289629127
0.181	-0.000010284588287377014
0.182	-0.000010279550891640556
0.183	-0.000010274516102927456
0.184	-0.000010269483921732338
0.185	-0.000010264454348536804
0.186	-0.000010259427383809484
0.187	-0.000010254403028006075
0.188	-0.000010249381281569395
0.189	-0.00001024436214492944
0.19	-0.000010239345618503421
0.191	-0.000010234331702695813
0.192	-0.000010229320397898416
0.193	-0.000010224311704490392
0.194	-0.000010219305622838316
0.195	-0.000010214302153296226
0.196	-0.000010209301296205675
0.197	-0.00001020430305189577
0.198	-0.000010199307420683235
0.199	-0.000010194314402872446
0.2	-0.000010189323998755483
0.201	-0.000010184336208612184
0.202	-0.000010179351032710187
0.203	-0.000010174368471304981
0.20400000000000001	-0.000010169388524639958
0.20500000000000002	-0.000010164411192946449
0.20600000000000002	-0.000010159436476443788
0.20700000000000002	-0.00001015446437533935
0.20800000000000002	-0.000010149494889828598
0.209	-0.00001014452802009514
0.21	-0.000010139563766310773
0.211	-0.000010134602128635519
0.212	-0.000010129643107217698
0.213	-0.00001012468670219395
0.214	-0.0000101197329136893
0.215	-0.000010114781741817198
0.216	-0.000010109833186679568
0.217	-0.000010104887248366857
0.218	-0.000010099943926958082
0.219	-0.000010095003222520875
0.22	-0.000010090065135111538
0.221	-0.000010085129664775078
0.222	-0.000010080196811545265
0.223	-0.000010075266575444676
0.224	-0.000010070338956484742
0.225	-0.000010065413954665792
0.226	-0.000010060491569977103
0.227	-0.000010055571802396953
0.228	-0.000010050654651892654
0.229	-0.00001004574011842061
0.23	-0.000010040828201926363
0.231	-0.000010035918902344633
0.232	-0.00001003101221959937
0.233	-0.000010026108153603803
0.234	-0.000010021206704260475
0.23500000000000001	-0.000010016307871461306
0.23600000000000002	-0.000010011411655087626
0.23700000000000002	-0.000010006518055010227
0.23800000000000002	-0.000010001627071089407
0.23900000000000002	-9.996738703175019e-6
0.24	-9.991852951106517e-6
0.241	-9.986969814712995e-6
0.242	-9.982089293813243e-6
0.243	-9.977211388215788e-6
0.244	-9.972336097718936e-6
0.245	-9.967463422110827e-6
0.246	-9.96259336116947e-6
0.247	-9.957725914662797e-6
0.248	-9.952861082348702e-6
0.249	-9.947998863975093e-6
0.25	-9.943139259279934e-6
0.251	-9.938282267991286e-6
0.252	-9.933427889827357e-6
0.253	-9.928576124496545e-6
0.254	-9.923726971697489e-6
0.255	-9.918880431119107e-6
0.256	-9.914036502440636e-6
0.257	-9.90919518533169e-6
0.258	-9.904356479452296e-6
0.259	-9.89952038445294e-6
0.26	-9.894686899974613e-6
0.261	-9.889856025648848e-6
0.262	-9.885027761097779e-6
0.263	-9.88020210593417e-6
0.264	-9.875379059761466e-6
0.265	-9.87055862217384e-6
0.266	-9.865740792756228e-6
0.267	-9.860925571084383e-6
0.268	-9.856112956724908e-6
0.269	-9.851302949235311e-6
0.27	-9.846495548164036e-6
0.271	-9.84169075305052e-6
0.272	-9.836888563425225e-6
0.273	-9.832088978809685e-6
0.274	-9.827291998716553e-6
0.275	-9.822497622649638e-6
0.276	-9.817705850103953e-6
0.277	-9.81291668056575e-6
0.278	-9.808130113512573e-6
0.279	-9.803346148413295e-6
0.28	-9.798564784728163e-6
0.281	-9.79378602190883e-6
0.28200000000000003	-9.789009859398419e-6
0.28300000000000003	-9.784236296631538e-6
0.28400000000000003	-9.77946533303435e-6
0.28500000000000003	-9.77469696802459e-6
0.28600000000000003	-9.76993120101163e-6
0.28700000000000003	-9.765168031396494e-6
0.28800000000000003	-9.760407458571926e-6
0.289	-9.755649481922419e-6
0.29	-9.750894100824253e-6
0.291	-9.746141314645549e-6
0.292	-9.741391122746296e-6
0.293	-9.7366435244784e-6
0.294	-9.731898519185725e-6
0.295	-9.727156106204137e-6
0.296	-9.722416284861531e-6
0.297	-9.717679054477892e-6
0.298	-9.712944414365321e-6
0.299	-9.708212363828077e-6
0.3	-9.703482902162627e-6
0.301	-9.698756028657671e-6
0.302	-9.694031742594202e-6
0.303	-9.689310043245524e-6
0.304	-9.684590929877313e-6
0.305	-9.679874401747641e-6
0.306	-9.675160458107023e-6
0.307	-9.670449098198458e-6
0.308	-9.665740321257465e-6
0.309	-9.661034126512125e-6
0.31	-9.656330513183117e-6
0.311	-9.651629480483761e-6
0.312	-9.64693102762006e-6
0.313	-9.642235153790725e-6
0.314	-9.637541858187235e-6
0.315	-9.63285113999386e-6
0.316	-9.6281629983877e-6
0.317	-9.623477432538737e-6
0.318	-9.618794441609858e-6
0.319	-9.614114024756906e-6
0.32	-9.609436181128706e-6
0.321	-9.604760909867116e-6
0.322	-9.600088210107053e-6
0.323	-9.595418080976543e-6
0.324	-9.590750521596748e-6
0.325	-9.58608553108201e-6
0.326	-9.58142310853989e-6
0.327	-9.576763253071198e-6
0.328	-9.57210596377004e-6
0.329	-9.567451239723845e-6
0.33	-9.562799080013414e-6
0.331	-9.558149483712945e-6
0.332	-9.553502449890083e-6
0.333	-9.54885797760594e-6
0.334	-9.544216065915155e-6
0.335	-9.539576713865902e-6
0.336	-9.534939920499953e-6
0.337	-9.530305684852697e-6
0.338	-9.52567400595319e-6
0.339	-9.521044882824177e-6
0.34	-9.516418314482134e-6
0.341	-9.51179429993731e-6
0.342	-9.507172838193758e-6
0.343	-9.502553928249366e-6
0.34400000000000003	-9.497937569095898e-6
0.34500000000000003	-9.493323759719035e-6
0.34600000000000003	-9.488712499098396e-6
0.34700000000000003	-9.484103786207587e-6
0.34800000000000003	-9.479490844064235e-6
0.34900000000000003	-9.47487001797616e-6
0.35000000000000003	-9.470251767879059e-6
0.35100000000000003	-9.465636094668617e-6
0.352	-9.46102299922355e-6
0.353	-9.456412482405654e-6
0.354	-9.45180454505989e-6
0.355	-9.447199188014428e-6
0.356	-9.442596412080723e-6
0.357	-9.437996218053585e-6
0.358	-9.433398606711223e-6
0.359	-9.428803578815328e-6
0.36	-9.424211132784712e-6
0.361	-9.419621274059275e-6
0.362	-9.415034001003053e-6
0.363	-9.410449314312075e-6
0.364	-9.405867214666144e-6
0.365	-9.40128770272891e-6
0.366	-9.396710779147934e-6
0.367	-9.39213644455475e-6
0.368	-9.387564699564934e-6
0.369	-9.382995544778159e-6
0.37	-9.37842898077827e-6
0.371	-9.373865008133344e-6
0.372	-9.369303627395754e-6
0.373	-9.36474483910223e-6
0.374	-9.360188643773932e-6
0.375	-9.355635041916504e-6
0.376	-9.351084034020147e-6
0.377	-9.346535620559678e-6
0.378	-9.341989801994597e-6
0.379	-9.337446578769143e-6
0.38	-9.332905951312375e-6
0.381	-9.328367920038216e-6
0.382	-9.32383248534553e-6
0.383	-9.319299647618184e-6
0.384	-9.314769407225109e-6
0.385	-9.310241764520363e-6
0.386	-9.305716719843198e-6
0.387	-9.301194273518121e-6
0.388	-9.296674425854965e-6
0.389	-9.292157177148936e-6
0.39	-9.287642527680696e-6
0.391	-9.283130477716412e-6
0.392	-9.278621027507826e-6
0.393	-9.274114177292319e-6
0.394	-9.269609927292966e-6
0.395	-9.265108277718614e-6
0.396	-9.260609228763933e-6
0.397	-9.256112780609474e-6
0.398	-9.251618933421757e-6
0.399	-9.2471276873533e-6
0.4	-9.24263904254271e-6
0.401	-9.23815299911473e-6
0.402	-9.23366955718031e-6
0.403	-9.22918871683666e-6
0.404	-9.224710478167321e-6
0.405	-9.220234841242227e-6
0.406	-9.215761806117762e-6
0.40700000000000003	-9.211291372836825e-6
0.40800000000000003	-9.20682354142889e-6
0.40900000000000003	-9.202358311910076e-6
0.41000000000000003	-9.1978956842832e-6
0.41100000000000003	-9.19343565853784e-6
0.41200000000000003	-9.1889782346504e-6
0.41300000000000003	-9.184523412584166e-6
0.41400000000000003	-9.180071192289384e-6
0.41500000000000004	-9.175621573703294e-6
0.41600000000000004	-9.171174556750218e-6
0.417	-9.166730141341601e-6
0.418	-9.162288327376087e-6
0.419	-9.15784911473957e-6
0.42	-9.153412503305262e-6
0.421	-9.148978492933747e-6
0.422	-9.144547083473048e-6
0.423	-9.140118274758682e-6
0.424	-9.135692066613728e-6
0.425	-9.131268458848878e-6
0.426	-9.126847451262506e-6
0.427	-9.122429043640718e-6
0.428	-9.118013235757425e-6
0.429	-9.11360002737439e-6
0.43	-9.109189418241304e-6
0.431	-9.10478140809582e-6
0.432	-9.100375996663642e-6
0.433	-9.095973183658561e-6
0.434	-9.091572968782534e-6
0.435	-9.08717535172572e-6
0.436	-9.082780332166566e-6
0.437	-9.078387909771845e-6
0.438	-9.073998084196716e-6
0.439	-9.069610855084803e-6
0.44	-9.065226222068224e-6
0.441	-9.060844184767681e-6
0.442	-9.056464742792487e-6
0.443	-9.052087895740649e-6
0.444	-9.04771364319891e-6
0.445	-9.043341984742821e-6
0.446	-9.038972919936783e-6
0.447	-9.034606448334118e-6
0.448	-9.030242569477119e-6
0.449	-9.02588128289711e-6
0.45	-9.021522588114505e-6
0.451	-9.017166484638863e-6
0.452	-9.012812971968942e-6
0.453	-9.00846204959276e-6
0.454	-9.004113716987657e-6
0.455	-8.999767973620337e-6
0.456	-8.995424818946938e-6
0.457	-8.99108425241308e-6
0.458	-8.986746273453927e-6
0.459	-8.98241088149424e-6
0.46	-8.978078075948431e-6
0.461	-8.973747856220626e-6
0.462	-8.969420221704712e-6
0.463	-8.965095171784395e-6
0.464	-8.960772705833259e-6
0.465	-8.956452823214823e-6
0.466	-8.95213552328258e-6
0.467	-8.947820805380074e-6
0.468	-8.943508668840944e-6
0.46900000000000003	-8.93919911298897e-6
0.47000000000000003	-8.934892137138147e-6
0.47100000000000003	-8.930587740592724e-6
0.47200000000000003	-8.92628592264726e-6
0.47300000000000003	-8.921986682586688e-6
0.47400000000000003	-8.917690019686356e-6
0.47500000000000003	-8.913395933212087e-6
0.47600000000000003	-8.909104422420235e-6
0.47700000000000004	-8.904815486557737e-6
0.47800000000000004	-8.900529124862157e-6
0.47900000000000004	-8.896245336561753e-6
0.48	-8.891964120875524e-6
0.481	-8.887685477013259e-6
0.482	-8.883409404175594e-6
0.483	-8.879135901554066e-6
0.484	-8.874864968331166e-6
0.485	-8.870596603680378e-6
0.486	-8.86633080676625e-6
0.487	-8.862067576744436e-6
0.488	-8.857806912761745e-6
0.489	-8.853548813956201e-6
0.49	-8.849293279457089e-6
0.491	-8.845040308385003e-6
0.492	-8.840789899851904e-6
0.493	-8.836542052961173e-6
0.494	-8.832296766807649e-6
0.495	-8.828054040477692e-6
0.496	-8.823813873049228e-6
0.497	-8.819576263591798e-6
0.498	-8.815341211166619e-6
0.499	-8.811108714826615e-6
0.5	-8.806878773616484e-6
0.503	-8.794204271089838e-6
0.506	-8.781552729561168e-6
0.509	-8.768924121932924e-6
0.512	-8.756318420472515e-6
0.515	-8.743735596824061e-6
0.518	-8.731175622019966e-6
0.521	-8.71863846649244e-6
0.524	-8.706124100084846e-6
0.527	-8.693632492062957e-6
0.53	-8.681163611126102e-6
0.533	-8.668717425418175e-6
0.536	-8.656293902538526e-6
0.539	-8.643893009552761e-6
0.542	-8.631514713003385e-6
0.545	-8.619158978920364e-6
0.548	-8.606825772831535e-6
0.551	-8.594515059772933e-6
0.554	-8.582226804298966e-6
0.557	-8.569960970492505e-6
0.56	-8.557717521974829e-6
0.563	-8.545496421915479e-6
0.5660000000000001	-8.533297633041967e-6
0.569	-8.521121117649403e-6
0.5720000000000001	-8.50896683760997e-6
0.575	-8.496834754382325e-6
0.578	-8.484724829020835e-6
0.581	-8.472637022184752e-6
0.584	-8.460571294147235e-6
0.587	-8.448527604804275e-6
0.59	-8.436505913683505e-6
0.593	-8.42448898923173e-6
0.596	-8.412449390641143e-6
0.599	-8.400432068166455e-6
0.602	-8.388437025883704e-6
0.605	-8.376464266852373e-6
0.608	-8.364513793944725e-6
0.611	-8.352585606816398e-6
0.614	-8.340679704782531e-6
0.617	-8.328796086012877e-6
0.62	-8.31693474754904e-6
0.623	-8.305095685321634e-6
0.626	-8.293278894167324e-6
0.629	-8.281484367845792e-6
0.632	-8.269712099056582e-6
0.635	-8.257962079455848e-6
0.638	-8.246234299672981e-6
0.641	-8.234528749327153e-6
0.644	-8.222845417043709e-6
0.647	-8.211184290470476e-6
0.65	-8.19954535629393e-6
0.653	-8.187928600255251e-6
0.656	-8.176334007166266e-6
0.659	-8.164761560925235e-6
0.662	-8.153211244532544e-6
0.665	-8.141683040106258e-6
0.668	-8.13017692889752e-6
0.671	-8.118692891305857e-6
0.674	-8.107230906894325e-6
0.677	-8.095790954404523e-6
0.6799999999999999	-8.084373011771476e-6
0.683	-8.072977056138378e-6
0.6859999999999999	-8.061603063871196e-6
0.6890000000000001	-8.050251010573135e-6
0.692	-8.03892087109895e-6
0.6950000000000001	-8.02761261956915e-6
0.698	-8.016326229384006e-6
0.7010000000000001	-8.005061673237476e-6
0.704	-7.993818923130937e-6
0.7070000000000001	-7.982597950386797e-6
0.71	-7.97139872566197e-6
0.713	-7.960221218961174e-6
0.716	-7.949065399650117e-6
0.719	-7.93793123646852e-6
0.722	-7.926818697542999e-6
0.725	-7.915727750399795e-6
0.728	-7.904658361977373e-6
0.731	-7.89361049863886e-6
0.734	-7.882584126184335e-6
0.737	-7.871579209862999e-6
0.74	-7.860595714385162e-6
0.743	-7.849633603934121e-6
0.746	-7.838692842177861e-6
0.749	-7.827773392280637e-6
0.752	-7.816875216914405e-6
0.755	-7.805998278270089e-6
0.758	-7.795142538068734e-6
0.761	-7.78430795757251e-6
0.764	-7.773494497595546e-6
0.767	-7.762702118514663e-6
0.77	-7.751930780279934e-6
0.773	-7.741180442425132e-6
0.776	-7.730451064078003e-6
0.779	-7.719742603970433e-6
0.782	-7.709055020448457e-6
0.785	-7.698388271482148e-6
0.788	-7.68774231467534e-6
0.7909999999999999	-7.677117107275252e-6
0.794	-7.666512606181946e-6
0.7969999999999999	-7.655928767957679e-6
0.8	-7.645365548836088e-6
0.8029999999999999	-7.63482290473128e-6
0.806	-7.6243007912467644e-6
0.8089999999999999	-7.613799163684262e-6
0.812	-7.603317977052392e-6
0.815	-7.592857186075228e-6
0.8180000000000001	-7.582416745200712e-6
0.821	-7.5719966086089736e-6
0.8240000000000001	-7.561596730220491e-6
0.827	-7.551217063704148e-6
0.8300000000000001	-7.540857562485165e-6
0.833	-7.530518179752906e-6
0.8360000000000001	-7.520198868468559e-6
0.839	-7.509899581372714e-6
0.8420000000000001	-7.4996202709928075e-6
0.845	-7.489360889650447e-6
0.8480000000000001	-7.47912138946864e-6
0.851	-7.468901722378887e-6
0.854	-7.458701840128168e-6
0.857	-7.448521694285823e-6
0.86	-7.438361236250307e-6
0.863	-7.42822041725585e-6
0.866	-7.4180991883789975e-6
0.869	-7.407997500545051e-6
0.872	-7.397915304534386e-6
0.875	-7.387852550988686e-6
0.878	-7.3778091904170625e-6
0.881	-7.3677256771327526e-6
0.884	-7.357630627289123e-6
0.887	-7.347555428317822e-6
0.89	-7.337500081798839e-6
0.893	-7.3274645763717195e-6
0.896	-7.317448907801088e-6
0.899	-7.307453068795155e-6
0.902	-7.2974770510485e-6
0.905	-7.2875208452590915e-6
0.908	-7.277584441145187e-6
0.911	-7.267667827462105e-6
0.914	-7.257770992018888e-6
0.917	-7.2478939216948e-6
0.9199999999999999	-7.2380366024557355e-6
0.923	-7.228199019370452e-6
0.9259999999999999	-7.2183811566267045e-6
0.929	-7.208582997547208e-6
0.9319999999999999	-7.19880452460548e-6
0.935	-7.189045719441532e-6
0.938	-7.1793065628774235e-6
0.9410000000000001	-7.169587034932659e-6
0.944	-7.159887114839448e-6
0.9470000000000001	-7.1502067810578105e-6
0.95	-7.1405460112905465e-6
0.9530000000000001	-7.130904782498018e-6
0.956	-7.1212830709128335e-6
0.9590000000000001	-7.1116808520543274e-6
0.962	-7.102098100742926e-6
0.9650000000000001	-7.092534791114325e-6
0.968	-7.082990896633544e-6
0.9710000000000001	-7.0734663901087975e-6
0.974	-7.063961243705236e-6
0.9770000000000001	-7.054475428958501e-6
0.98	-7.045008916788158e-6
0.983	-7.035561677510935e-6
0.986	-7.026133680853841e-6
0.989	-7.016724895967094e-6
0.992	-7.007335291436926e-6
0.995	-6.99796483529819e-6
0.998	-6.988613495046853e-6
1.001	-6.979281237652301e-6
1.004	-6.969968029569502e-6
1.0070000000000001	-6.960673836751014e-6
1.01	-6.951398624658823e-6
1.013	-6.9421423582760494e-6
1.016	-6.932905002118474e-6
1.0190000000000001	-6.923686520245933e-6
1.022	-6.914486876273544e-6
1.025	-6.905306033382785e-6
1.028	-6.89614395433242e-6
1.0310000000000001	-6.88700060146927e-6
1.034	-6.8778759367388505e-6
1.037	-6.868769921695829e-6
1.04	-6.859682517514357e-6
1.0430000000000001	-6.850613684998251e-6
1.046	-6.8415633845910215e-6
1.049	-6.832531576385748e-6
1.052	-6.823518220134826e-6
1.0550000000000002	-6.814523275259561e-6
1.058	-6.805546700859619e-6
1.061	-6.796588455722328e-6
1.064	-6.787648498331858e-6
1.0670000000000002	-6.77872678687824e-6
1.07	-6.7698232792662625e-6
1.073	-6.76093793312421e-6
1.076	-6.752070705812497e-6
1.079	-6.743221554432132e-6
1.0819999999999999	-6.734390435833069e-6
1.085	-6.725577306622423e-6
1.088	-6.716782123172545e-6
1.091	-6.708004841628978e-6
1.0939999999999999	-6.699245417918279e-6
1.097	-6.690503807755707e-6
1.1	-6.681779966652794e-6
1.103	-6.6730738499247914e-6
1.1059999999999999	-6.664385412697979e-6
1.109	-6.655714609916866e-6
1.112	-6.647061396351266e-6
1.115	-6.638425726603241e-6
1.1179999999999999	-6.629807555113954e-6
1.121	-6.621206836170366e-6
1.124	-6.6126235239118554e-6
1.127	-6.604057572336693e-6
1.13	-6.595508935308418e-6
1.133	-6.586977566562101e-6
1.1360000000000001	-6.578463419710493e-6
1.139	-6.569966448250066e-6
1.142	-6.561486605566944e-6
1.145	-6.55302384494273e-6
1.1480000000000001	-6.544578119560225e-6
1.151	-6.536149382509048e-6
1.154	-6.527737586791137e-6
1.157	-6.519342685326181e-6
1.1600000000000001	-6.510964630956904e-6
1.163	-6.5026033764543025e-6
1.166	-6.494258874522743e-6
1.169	-6.4859310778049845e-6
1.1720000000000002	-6.477619938887104e-6
1.175	-6.469325410303322e-6
1.178	-6.461047444540737e-6
1.181	-6.4527859940439755e-6
1.1840000000000002	-6.444541011219741e-6
1.187	-6.4363124484412855e-6
1.19	-6.42810025805278e-6
1.193	-6.419904392373612e-6
1.1960000000000002	-6.411724803702594e-6
1.199	-6.403561444322078e-6
1.202	-6.395414266502003e-6
1.205	-6.387283222503846e-6
1.208	-6.379168264584509e-6
1.2109999999999999	-6.371069345000113e-6
1.214	-6.36298641600971e-6
1.217	-6.354919429878943e-6
1.22	-6.3468683388836005e-6
1.2229999999999999	-6.3388330953131215e-6
1.226	-6.330813651474e-6
1.229	-6.322809959693148e-6
1.232	-6.31472256065858e-6
1.2349999999999999	-6.306619741921685e-6
1.238	-6.298533401914158e-6
1.241	-6.2904635213740195e-6
1.244	-6.282410096818098e-6
1.2469999999999999	-6.27437311969284e-6
1.25	-6.266352580597145e-6
1.2530000000000001	-6.258348469297378e-6
1.256	-6.250360774742264e-6
1.259	-6.242389485077665e-6
1.262	-6.234434587661226e-6
1.2650000000000001	-6.226496069076905e-6
1.268	-6.218573915149365e-6
1.271	-6.2106681109582385e-6
1.274	-6.202778640852266e-6
1.2770000000000001	-6.194905488463294e-6
1.28	-6.187048636720147e-6
1.283	-6.1792080678623445e-6
1.286	-6.171383763453705e-6
1.2890000000000001	-6.163575704395798e-6
1.292	-6.155783870941253e-6
1.295	-6.148008242706938e-6
1.298	-6.14024879868699e-6
1.3010000000000002	-6.132505517265705e-6
1.304	-6.124778376230284e-6
1.307	-6.117067352783435e-6
1.31	-6.1093724235558365e-6
1.3130000000000002	-6.101693564618451e-6
1.316	-6.094030751494693e-6
1.319	-6.086383959172454e-6
1.322	-6.078753162115989e-6
1.3250000000000002	-6.071138334277643e-6
1.328	-6.063539449109449e-6
1.331	-6.055956479574565e-6
1.334	-6.048389398158576e-6
1.337	-6.0408381768806545e-6
1.3399999999999999	-6.03330278730456e-6
1.343	-6.02578320054951e-6
1.346	-6.018279387300905e-6
1.349	-6.010791317820899e-6
1.3519999999999999	-6.003318961958839e-6
1.355	-5.995862289161552e-6
1.358	-5.9884212684835014e-6
1.361	-5.980995868596791e-6
1.3639999999999999	-5.973586057801035e-6
1.367	-5.966191804033079e-6
1.37	-5.9588130748766e-6
1.373	-5.9514498375715394e-6
1.376	-5.944102059023429e-6
1.379	-5.936769705812558e-6
1.3820000000000001	-5.9294527442030095e-6
1.385	-5.9221511401515715e-6
1.388	-5.914864859316492e-6
1.391	-5.907593867066128e-6
1.3940000000000001	-5.900338128487436e-6
1.397	-5.8930976083943575e-6
1.4	-5.885872271336045e-6
1.403	-5.878662081604982e-6
1.4060000000000001	-5.871467003244967e-6
1.409	-5.864287000058965e-6
1.412	-5.8571220356168405e-6
1.415	-5.849972073262962e-6
1.4180000000000001	-5.8428370761236884e-6
1.421	-5.835717007114724e-6
1.424	-5.82861182894835e-6
1.427	-5.821521504140555e-6
1.4300000000000002	-5.814445995018028e-6
1.433	-5.8073852637250374e-6
1.436	-5.80033927223019e-6
1.439	-5.793307982333096e-6
1.4420000000000002	-5.786291355670892e-6
1.445	-5.7792893537246576e-6
1.448	-5.772301937825739e-6
1.451	-5.765329069161945e-6
1.4540000000000002	-5.75837070878363e-6
1.457	-5.751426817609686e-6
1.46	-5.744497356433411e-6
1.463	-5.7375822859282904e-6
1.466	-5.730681566653653e-6
1.4689999999999999	-5.72379515906024e-6
1.472	-5.716923023495665e-6
1.475	-5.71006512020978e-6
1.478	-5.703221409359935e-6
1.4809999999999999	-5.6963918510161415e-6
1.484	-5.689576405166143e-6
1.487	-5.682775031720395e-6
1.49	-5.67598769051693e-6
1.4929999999999999	-5.6692143413261535e-6
1.496	-5.662454943855532e-6
1.499	-5.65570945775421e-6
1.502	-5.648977842617508e-6
1.5050000000000001	-5.64226005799136e-6
1.508	-5.635556063376652e-6
1.5110000000000001	-5.628865818233477e-6
1.514	-5.622189281985305e-6
1.5170000000000001	-5.615526414023064e-6
1.52	-5.608877173709158e-6
1.5230000000000001	-5.602241520381383e-6
1.526	-5.595619413356771e-6
1.529	-5.589010811935361e-6
1.532	-5.582415675403882e-6
1.535	-5.575833963039373e-6
1.538	-5.56926563411272e-6
1.541	-5.562710647892109e-6
1.544	-5.5561689636464314e-6
1.547	-5.5496405406485954e-6
1.55	-5.5431253381787745e-6
1.553	-5.5366233155275885e-6
1.556	-5.530134431999216e-6
1.559	-5.52365864691443e-6
1.562	-5.517195919613585e-6
1.565	-5.51074620945952e-6
1.568	-5.504309475840407e-6
1.571	-5.497885678172541e-6
1.574	-5.491474775903049e-6
1.577	-5.485076728512567e-6
1.58	-5.478691495517822e-6
1.583	-5.472319036474189e-6
1.586	-5.465959310978156e-6
1.589	-5.459612278669767e-6
1.592	-5.453277899234975e-6
1.595	-5.446956132407965e-6
1.598	-5.440646937973406e-6
1.601	-5.434350275768657e-6
1.604	-5.428066105685918e-6
1.607	-5.421794387674335e-6
1.61	-5.41553508174204e-6
1.613	-5.4092881479581555e-6
1.616	-5.403053546454739e-6
1.619	-5.396831237428691e-6
1.622	-5.390621181143599e-6
1.625	-5.384423337931554e-6
1.6280000000000001	-5.378237668194895e-6
1.631	-5.372064132407942e-6
1.6340000000000001	-5.365902691118655e-6
1.637	-5.359753304950265e-6
1.6400000000000001	-5.353615934602852e-6
1.643	-5.347490540854899e-6
1.6460000000000001	-5.341377084564783e-6
1.649	-5.3352755266722315e-6
1.6520000000000001	-5.3291858281997545e-6
1.655	-5.323107950254018e-6
1.658	-5.317041854027187e-6
1.661	-5.310987500798226e-6
1.664	-5.304944851934177e-6
1.667	-5.29891386889138e-6
1.67	-5.292894513216677e-6
1.673	-5.28688674654856e-6
1.676	-5.280890530618313e-6
1.679	-5.2749058272510895e-6
1.682	-5.2689325983669825e-6
1.685	-5.262823668929551e-6
1.688	-5.256676045814289e-6
1.691	-5.25054105503107e-6
1.694	-5.244418641495611e-6
1.697	-5.238308816918165e-6
1.7	-5.232211574812369e-6
1.703	-5.226126908030337e-6
1.706	-5.220054808774458e-6
1.709	-5.213995268609103e-6
1.712	-5.207948278472237e-6
1.715	-5.2019138286869334e-6
1.718	-5.195891908972785e-6
1.721	-5.189882508457209e-6
1.724	-5.183885615686671e-6
1.727	-5.177901218637774e-6
1.73	-5.171929304728275e-6
1.733	-5.165969860827956e-6
1.736	-5.160022873269431e-6
1.739	-5.154088327858807e-6
1.742	-5.148166209886257e-6
1.745	-5.142256504136476e-6
1.748	-5.136359194899026e-6
1.7510000000000001	-5.130474265978565e-6
1.754	-5.124601700704969e-6
1.7570000000000001	-5.118741481943345e-6
1.76	-5.112893592103912e-6
1.7630000000000001	-5.107058013151796e-6
1.766	-5.1012347266166785e-6
1.7690000000000001	-5.095423713602363e-6
1.772	-5.089624954796197e-6
1.7750000000000001	-5.083838430478403e-6
1.778	-5.078064120531279e-6
1.781	-5.072302004448292e-6
1.784	-5.066552061343053e-6
1.787	-5.060814269958177e-6
1.79	-5.05508860867403e-6
1.793	-5.049375055517365e-6
1.796	-5.043673588169832e-6
1.799	-5.037984183976389e-6
1.802	-5.032306819953584e-6
1.805	-5.026641472797741e-6
1.808	-5.020988118893016e-6
1.811	-5.015346734319351e-6
1.814	-5.009717294860314e-6
1.817	-5.004099776010828e-6
1.82	-4.998494152984782e-6
1.823	-4.992900400722546e-6
1.826	-4.9873184938983595e-6
1.829	-4.981748406927629e-6
1.832	-4.976190113974096e-6
1.835	-4.970643588956922e-6
1.838	-4.965108805557642e-6
1.841	-4.959585737227029e-6
1.844	-4.954074357191848e-6
1.847	-4.948574638461499e-6
1.85	-4.943086553834573e-6
1.853	-4.93761007590528e-6
1.856	-4.9321451770698e-6
1.859	-4.9266918295325174e-6
1.862	-4.9212500053121575e-6
1.865	-4.915819676247828e-6
1.868	-4.910400814004957e-6
1.871	-4.9049933900811386e-6
1.874	-4.899597375811875e-6
1.877	-4.894212742376227e-6
1.8800000000000001	-4.888839460802372e-6
1.883	-4.883477501973063e-6
1.8860000000000001	-4.878126836630994e-6
1.889	-4.8727874353840824e-6
1.8920000000000001	-4.86745926871065e-6
1.895	-4.862142306964519e-6
1.8980000000000001	-4.8568365203800215e-6
1.901	-4.851541879076912e-6
1.9040000000000001	-4.846258353065204e-6
1.907	-4.840985912249914e-6
1.91	-4.835724526435719e-6
1.913	-4.830474165331538e-6
1.916	-4.825234798555022e-6
1.919	-4.820006395636965e-6
1.922	-4.814788926025638e-6
1.925	-4.809582359091036e-6
1.928	-4.804386664129049e-6
1.931	-4.79920181036556e-6
1.934	-4.794027766960459e-6
1.937	-4.788864503011581e-6
1.94	-4.783711987558578e-6
1.943	-4.778570189586701e-6
1.946	-4.773439078030531e-6
1.949	-4.768318621777616e-6
1.952	-4.763208789672051e-6
1.955	-4.7581095505179805e-6
1.958	-4.753020873083038e-6
1.961	-4.747942726101715e-6
1.964	-4.742875078278658e-6
1.967	-4.737817898291906e-6
1.97	-4.7327711547960585e-6
1.973	-4.727734816425387e-6
1.976	-4.722708851796868e-6
1.979	-4.717693229513168e-6
1.982	-4.712687918165557e-6
1.985	-4.707692886336773e-6
1.988	-4.702708102603813e-6
1.991	-4.6977335355406714e-6
1.994	-4.692769153721025e-6
1.997	-4.6878149257208564e-6
2.	-4.682870820121016e-6
2.003	-4.677936805509734e-6
2.0060000000000002	-4.673012850485091e-6
2.0090000000000003	-4.668098923657404e-6
2.012	-4.663194993651588e-6
2.015	-4.658301029109452e-6
2.018	-4.653416998691949e-6
2.021	-4.6485428710813726e-6
2.024	-4.643678614983502e-6
2.027	-4.638824199129707e-6
2.0300000000000002	-4.633979592278996e-6
2.0330000000000004	-4.629144763220021e-6
2.036	-4.62431968077304e-6
2.0389999999999997	-4.619504313791815e-6
2.042	-4.614698631165499e-6
2.045	-4.609902601820446e-6
2.048	-4.605116194721998e-6
2.051	-4.600339378876217e-6
2.0540000000000003	-4.595572123331582e-6
2.057	-4.590814397180648e-6
2.06	-4.586066169561653e-6
2.0629999999999997	-4.581327409660095e-6
2.066	-4.5765980867102655e-6
2.069	-4.571878169996752e-6
2.072	-4.567167628855885e-6
2.075	-4.5624664326771725e-6
2.0780000000000003	-4.557774550904671e-6
2.081	-4.553091953038347e-6
2.084	-4.548418608635383e-6
2.0869999999999997	-4.54375448731146e-6
2.09	-4.539099558742001e-6
2.093	-4.534453792663385e-6
2.096	-4.529817158874125e-6
2.099	-4.525189627236013e-6
2.1020000000000003	-4.520571167675239e-6
2.105	-4.515961750183474e-6
2.108	-4.51136134481892e-6
2.1109999999999998	-4.506769921707339e-6
2.114	-4.502187451043045e-6
2.117	-4.497613903089871e-6
2.12	-4.493049248182106e-6
2.123	-4.488493456725403e-6
2.1260000000000003	-4.483946499197662e-6
2.129	-4.47940834614989e-6
2.132	-4.474878968207024e-6
2.135	-4.47035833606874e-6
2.138	-4.465846420510223e-6
2.141	-4.461343192382935e-6
2.144	-4.456848622615332e-6
2.1470000000000002	-4.4523626822135725e-6
2.1500000000000004	-4.447885342262201e-6
2.153	-4.443416573924813e-6
2.156	-4.438956348444677e-6
2.159	-4.4345046371453655e-6
2.162	-4.430061411431336e-6
2.165	-4.425626642788508e-6
2.168	-4.421176545298213e-6
2.1710000000000003	-4.4167589804093774e-6
2.174	-4.412349786831388e-6
2.177	-4.407948936275798e-6
2.1799999999999997	-4.403556400539683e-6
2.183	-4.399172151506118e-6
2.186	-4.394796161144636e-6
2.189	-4.390428401511654e-6
2.192	-4.386068844750898e-6
2.1950000000000003	-4.381717463093799e-6
2.198	-4.3773742288598705e-6
2.201	-4.373039114457077e-6
2.2039999999999997	-4.368712092382179e-6
2.207	-4.364393135221054e-6
2.21	-4.3600822156490224e-6
2.213	-4.355779306431133e-6
2.216	-4.351484380422451e-6
2.2190000000000003	-4.347197410568314e-6
2.222	-4.3429183699045935e-6
2.225	-4.33864723155792e-6
2.2279999999999998	-4.334383968745908e-6
2.231	-4.33012855477736e-6
2.234	-4.325880963052463e-6
2.237	-4.32164116706296e-6
2.24	-4.3174091403923246e-6
2.2430000000000003	-4.313184856715902e-6
2.246	-4.308968289801057e-6
2.249	-4.3047594135072956e-6
2.252	-4.300558201786383e-6
2.255	-4.296364628682446e-6
2.258	-4.292178668332058e-6
2.261	-4.288000294964327e-6
2.2640000000000002	-4.283829482900958e-6
2.2670000000000003	-4.279666206556312e-6
2.27	-4.275510440437453e-6
2.273	-4.27136215914418e-6
2.276	-4.26722133736906e-6
2.279	-4.263087949897436e-6
2.282	-4.258961971607442e-6
2.285	-4.2548433774699885e-6
2.2880000000000003	-4.250732142548759e-6
2.2910000000000004	-4.2466282420001845e-6
2.294	-4.242531651073412e-6
2.2969999999999997	-4.238442345110264e-6
2.3	-4.234360299545194e-6
2.303	-4.23028548990523e-6
2.306	-4.226217891809907e-6
2.309	-4.2221574809711935e-6
2.3120000000000003	-4.218104233193421e-6
2.315	-4.214058124373184e-6
2.318	-4.210019130499257e-6
2.3209999999999997	-4.205331253181132e-6
2.324	-4.200975380091857e-6
2.327	-4.196628517372298e-6
2.33	-4.192290663967881e-6
2.333	-4.187961818289216e-6
2.3360000000000003	-4.183641978220736e-6
2.339	-4.179331141129284e-6
2.342	-4.175029303872654e-6
2.3449999999999998	-4.170736462808052e-6
2.348	-4.166452613800518e-6
2.351	-4.162177752231277e-6
2.354	-4.157911873006031e-6
2.357	-4.153654970563188e-6
2.3600000000000003	-4.149407038882023e-6
2.363	-4.145168071490783e-6
2.366	-4.140938061474713e-6
2.3689999999999998	-4.136717001484025e-6
2.372	-4.132504883741795e-6
2.375	-4.128301700051789e-6
2.378	-4.1241357578075214e-6
2.3810000000000002	-4.119951566084365e-6
2.3840000000000003	-4.115776294748208e-6
2.387	-4.111609933326565e-6
2.39	-4.107452470964853e-6
2.393	-4.103303896434316e-6
2.396	-4.0991641981398515e-6
2.399	-4.0950333641277614e-6
2.402	-4.0909113820934e-6
2.4050000000000002	-4.086798239388752e-6
2.4080000000000004	-4.082693923029907e-6
2.411	-4.078598419704457e-6
2.414	-4.0745117157787925e-6
2.417	-4.0704337973053305e-6
2.42	-4.066364650029627e-6
2.423	-4.062304259397424e-6
2.426	-4.058252610561593e-6
2.4290000000000003	-4.054209688388993e-6
2.432	-4.050175477467247e-6
2.435	-4.0461499621114135e-6
2.4379999999999997	-4.04213312637059e-6
2.441	-4.038124954034406e-6
2.444	-4.034125428639442e-6
2.447	-4.030134533475561e-6
2.45	-4.026152251592145e-6
2.4530000000000003	-4.0221785658042445e-6
2.456	-4.018213458698644e-6
2.459	-4.0142569126398405e-6
2.4619999999999997	-4.010308909775937e-6
2.465	-4.006369432044443e-6
2.468	-4.0024384611779985e-6
2.471	-3.998515978710004e-6
2.474	-3.994601965980177e-6
2.4770000000000003	-3.9906964041400135e-6
2.48	-3.986799274158171e-6
2.483	-3.982910556825767e-6
2.4859999999999998	-3.979030232761599e-6
2.489	-3.9751582824172854e-6
2.492	-3.9712946860823045e-6
2.495	-3.9674394238889855e-6
2.498	-3.963592475817394e-6
2.501	-3.959753821700147e-6
2.504	-3.955923441227151e-6
2.507	-3.952101313950268e-6
2.5100000000000002	-3.948287419287886e-6
2.513	-3.944481736529432e-6
2.516	-3.940684244839797e-6
2.519	-3.9368949232637e-6
2.5220000000000002	-3.933113750729961e-6
2.525	-3.929340706055713e-6
2.528	-3.925575767950534e-6
2.531	-3.921818915020513e-6
2.5340000000000003	-3.9180701257722465e-6
2.537	-3.91432937861675e-6
2.54	-3.910596651873317e-6
2.543	-3.906871923773309e-6
2.5460000000000003	-3.903155172463857e-6
2.549	-3.899446376011525e-6
2.552	-3.895745512405881e-6
2.555	-3.89205255956302e-6
2.558	-3.888367495329019e-6
2.561	-3.884690297483313e-6
2.564	-3.8810209437420365e-6
2.567	-3.8773594117612715e-6
2.57	-3.873705679140258e-6
2.573	-3.87005972342453e-6
2.576	-3.866421522108994e-6
2.579	-3.8627910526409564e-6
2.582	-3.859168292423083e-6
2.585	-3.855553218816296e-6
2.588	-3.851945809142636e-6
2.591	-3.848346040688046e-6
2.594	-3.844753890705105e-6
2.597	-3.841169336415717e-6
2.6	-3.837592355013738e-6
2.603	-3.8340229236675444e-6
2.606	-3.830461019522566e-6
2.609	-3.826906619703749e-6
2.612	-3.823359701317982e-6
2.615	-3.819820241456465e-6
2.618	-3.81628821719703e-6
2.621	-3.8127636056064148e-6
2.624	-3.809246383742486e-6
2.6270000000000002	-3.8057365286564215e-6
2.63	-3.802234017394839e-6
2.633	-3.7987388270018784e-6
2.636	-3.7952509345212505e-6
2.6390000000000002	-3.791770316998227e-6
2.642	-3.7882969514815965e-6
2.645	-3.784830815025574e-6
2.648	-3.78137188469167e-6
2.6510000000000002	-3.777920137550512e-6
2.654	-3.7744755506836387e-6
2.657	-3.771038101185236e-6
2.66	-3.7676077661638464e-6
2.6630000000000003	-3.7641845227440404e-6
2.666	-3.760768348068036e-6
2.669	-3.7573592192972956e-6
2.672	-3.7539571136140783e-6
2.6750000000000003	-3.7505620082229543e-6
2.678	-3.7471738803522937e-6
2.681	-3.743792707255702e-6
2.684	-3.7404184662134397e-6
2.687	-3.7370511345337995e-6
2.69	-3.733690689554444e-6
2.693	-3.730337108643725e-6
2.696	-3.7269903692019582e-6
2.699	-3.7236504486626663e-6
2.702	-3.720317324493805e-6
2.705	-3.7169909741989378e-6
2.708	-3.7136713753183964e-6
2.711	-3.7103585054304103e-6
2.714	-3.707052342152189e-6
2.717	-3.703752863141008e-6
2.72	-3.7004600460952346e-6
2.723	-3.6971738687553467e-6
2.726	-3.6938943089049154e-6
2.729	-3.690621344371566e-6
2.732	-3.68735495302791e-6
2.735	-3.684095112792451e-6
2.738	-3.6808418016304643e-6
2.741	-3.677594997554861e-6
2.744	-3.674354678627013e-6
2.747	-3.671120822957568e-6
2.75	-3.6678934087072305e-6
2.753	-3.664672414087532e-6
2.7560000000000002	-3.661457817361562e-6
2.759	-3.658249596844696e-6
2.762	-3.6550477309052824e-6
2.765	-3.6518521979653277e-6
2.7680000000000002	-3.6486629765011473e-6
2.771	-3.645480045043997e-6
2.774	-3.642303382180689e-6
2.777	-3.639132966554194e-6
2.7800000000000002	-3.6359687768642047e-6
2.783	-3.632810791867701e-6
2.786	-3.6296589903794825e-6
2.789	-3.626513351272696e-6
2.7920000000000003	-3.623373853479331e-6
2.795	-3.6202404759907038e-6
2.798	-3.617113197857932e-6
2.801	-3.61399199819238e-6
2.8040000000000003	-3.6108768561660938e-6
2.807	-3.607767751012221e-6
2.81	-3.6046646620254134e-6
2.813	-3.601567568562214e-6
2.816	-3.598476450041428e-6
2.819	-3.595391285944479e-6
2.822	-3.592312055815757e-6
2.825	-3.5892387392629405e-6
2.828	-3.586171315957316e-6
2.831	-3.5831097656340726e-6
2.834	-3.5800540680925973e-6
2.837	-3.5770042031967453e-6
2.84	-3.5739601508751003e-6
2.843	-3.5709218911212264e-6
2.846	-3.567889403993902e-6
2.849	-3.5648626696173476e-6
2.852	-3.561841668181438e-6
2.855	-3.5588263799418996e-6
2.858	-3.5558167852205086e-6
2.861	-3.552812864405262e-6
2.864	-3.5498145979505516e-6
2.867	-3.5468219663773175e-6
2.87	-3.5438349502731993e-6
2.873	-3.5408535302926724e-6
2.876	-3.5378776871571734e-6
2.879	-3.5349074016552205e-6
2.882	-3.531942654642519e-6
2.8850000000000002	-3.5289834270420668e-6
2.888	-3.526029699844234e-6
2.891	-3.5230814541068524e-6
2.894	-3.520138670955286e-6
2.8970000000000002	-3.5172013315824976e-6
2.9	-3.5142694172490966e-6
2.903	-3.5113429092833934e-6
2.906	-3.508421789081441e-6
2.9090000000000003	-3.5055060381070635e-6
2.912	-3.5025956378918807e-6
2.915	-3.499690570035326e-6
2.918	-3.4967908162046595e-6
2.9210000000000003	-3.4938963581349678e-6
2.924	-3.49100717762916e-6
2.927	-3.4881232565579615e-6
2.93	-3.4852445768598935e-6
2.933	-3.482371120541253e-6
2.936	-3.4795028696760784e-6
2.939	-3.4766398064061198e-6
2.942	-3.4737819129407924e-6
2.945	-3.4709291715571344e-6
2.948	-3.468081564599752e-6
2.951	-3.4652390744807585e-6
2.954	-3.4624016836797176e-6
2.957	-3.4595693747435687e-6
2.96	-3.4567421302865525e-6
2.963	-3.4539199329901374e-6
2.966	-3.4511027656029325e-6
2.969	-3.4482906109405993e-6
2.972	-3.445483451885761e-6
2.975	-3.442681271387899e-6
2.978	-3.439884052463261e-6
2.981	-3.4370917781947482e-6
2.984	-3.4343044317318055e-6
2.987	-3.4315219962903085e-6
2.99	-3.428744455152448e-6
2.993	-3.4259717916666054e-6
2.996	-3.4232039892472253e-6
2.999	-3.4204410313746933e-6
3.0020000000000002	-3.4176829015951957e-6
3.005	-3.4149295835205894e-6
3.008	-3.41218106082826e-6
3.011	-3.409437317260979e-6
3.0140000000000002	-3.4066983366267614e-6
3.017	-3.403964102798712e-6
3.02	-3.40123459971488e-6
3.023	-3.398509811378099e-6
3.0260000000000002	-3.3957897218558332e-6
3.029	-3.39307431528002e-6
3.032	-3.390363575846902e-6
3.035	-3.3876574878168644e-6
3.0380000000000003	-3.38495603551427e-6
3.041	-3.38225920332729e-6
3.044	-3.379566975707724e-6
3.047	-3.3768793371708374e-6
3.0500000000000003	-3.3741962722951756e-6
3.053	-3.371517765722396e-6
3.056	-3.3688438021570743e-6
3.059	-3.3661743663665336e-6
3.062	-3.363509443180655e-6
3.065	-3.360849017491693e-6
3.068	-3.358193074254088e-6
3.071	-3.3555415984842752e-6
3.074	-3.3528945752604982e-6
3.077	-3.350251989722612e-6
3.08	-3.347613827071889e-6
3.083	-3.344980072570828e-6
3.086	-3.3423507115429515e-6
3.089	-3.3397257293726145e-6
3.092	-3.337105111504798e-6
3.095	-3.334488843444913e-6
3.098	-3.331876910758597e-6
3.101	-3.3292348566216214e-6
3.104	-3.3266322756668986e-6
3.107	-3.3240339810688318e-6
3.11	-3.321439958537529e-6
3.113	-3.318850193844304e-6
3.116	-3.316264672821468e-6
3.119	-3.3136833813621086e-6
3.122	-3.311106305419876e-6
3.125	-3.308533431008765e-6
3.128	-3.3059647442028955e-6
3.1310000000000002	-3.3034002311362915e-6
3.134	-3.300839878002663e-6
3.137	-3.2982836710551825e-6
3.14	-3.2957315966062616e-6
3.1430000000000002	-3.29318364102733e-6
3.146	-3.290639790748611e-6
3.149	-3.2881000322588965e-6
3.152	-3.28556435210532e-6
3.1550000000000002	-3.2830327368931326e-6
3.158	-3.280505173285476e-6
3.161	-3.277981648003154e-6
3.164	-3.275462147824408e-6
3.1670000000000003	-3.272946659584685e-6
3.17	-3.270435170176414e-6
3.173	-3.267927666548771e-6
3.176	-3.2654241357074543e-6
3.1790000000000003	-3.2629245647144527e-6
3.182	-3.2604289406878184e-6
3.185	-3.257937250801433e-6
3.188	-3.2554494822847796e-6
3.191	-3.252965622422712e-6
3.194	-3.250485658555224e-6
3.197	-3.2480095780772175e-6
3.2	-3.2455373684382728e-6
3.203	-3.243069017142418e-6
3.206	-3.2406045117478965e-6
3.209	-3.2381438398669343e-6
3.212	-3.235686989165514e-6
3.215	-3.233233947363141e-6
3.218	-3.2307847022326107e-6
3.221	-3.22833924159978e-6
3.224	-3.2258975533433366e-6
3.227	-3.223459625394566e-6
3.23	-3.2210254457371233e-6
3.233	-3.2185950024068027e-6
3.236	-3.216168283491306e-6
3.239	-3.213745277130013e-6
3.242	-3.211325971513755e-6
3.245	-3.2089103548845798e-6
3.248	-3.2064984155355256e-6
3.251	-3.2040901418103925e-6
3.254	-3.2016855221035133e-6
3.257	-3.1992845448595274e-6
3.2600000000000002	-3.196887198573147e-6
3.263	-3.194493471788936e-6
3.266	-3.192103353101082e-6
3.269	-3.1897168311531646e-6
3.2720000000000002	-3.187333894637936e-6
3.275	-3.184954532297089e-6
3.278	-3.1825787329210354e-6
3.281	-3.180206485348682e-6
3.2840000000000003	-3.177837778467202e-6
3.287	-3.1754726012118132e-6
3.29	-3.1731109425655565e-6
3.293	-3.17075279155907e-6
3.2960000000000003	-3.168398137270368e-6
3.299	-3.166046968824618e-6
3.302	-3.163699275393923e-6
3.305	-3.1613550461970937e-6
3.3080000000000003	-3.159014270499436e-6
3.311	-3.1569254220196223e-6
3.314	-3.154740229697088e-6
3.317	-3.1525550027225912e-6
3.32	-3.1503697579380808e-6
3.323	-3.148184512233624e-6
3.326	-3.1459992825446945e-6
3.329	-3.1438140858494652e-6
3.332	-3.1416289391661355e-6
3.335	-3.139443859550259e-6
3.338	-3.1372588640921045e-6
3.341	-3.1350739699140275e-6
3.344	-3.132889194167862e-6
3.347	-3.1307045540323378e-6
3.35	-3.1285200667105107e-6
3.353	-3.1263357494272176e-6
3.356	-3.1241516194265497e-6
3.359	-3.121967693969351e-6
3.362	-3.119783990330735e-6
3.365	-3.1176005257976244e-6
3.368	-3.115417317666315e-6
3.371	-3.1132343832400568e-6
3.374	-3.1110517398266653e-6
3.3770000000000002	-3.108869404736152e-6
3.38	-3.1066873952783773e-6
3.383	-3.1045057287607306e-6
3.386	-3.102324422485832e-6
3.3890000000000002	-3.1001434937492585e-6
3.392	-3.097962959837299e-6
3.395	-3.095782838024724e-6
3.398	-3.093603145572593e-6
3.4010000000000002	-3.0914238997260768e-6
3.404	-3.089245117712312e-6
3.407	-3.0870668167382773e-6
3.41	-3.0848890139886977e-6
3.4130000000000003	-3.0827117266239724e-6
3.416	-3.0805349717781314e-6
3.419	-3.0783587665568146e-6
3.422	-3.076183128035285e-6
3.4250000000000003	-3.07400807325646e-6
3.428	-3.0718336192289713e-6
3.431	-3.069659782925256e-6
3.434	-3.0674865812796723e-6
3.4370000000000003	-3.0653140311866372e-6
3.44	-3.0631421494987985e-6
3.443	-3.0609709530252322e-6
3.446	-3.0588004585296633e-6
3.449	-3.0566306827287166e-6
3.452	-3.054461642290196e-6
3.455	-3.052293353831391e-6
3.458	-3.0501258339174055e-6
3.461	-3.047959099059521e-6
3.464	-3.04579316571358e-6
3.467	-3.0436280502784086e-6
3.47	-3.0414637690942504e-6
3.473	-3.039300338441242e-6
3.476	-3.0371377745379054e-6
3.479	-3.034976093539675e-6
3.482	-3.032815311537449e-6
3.485	-3.030655444556171e-6
3.488	-3.028496508553428e-6
3.491	-3.0263385194180914e-6
3.494	-3.0241814929689773e-6
3.497	-3.0220254449535283e-6
3.5	-3.0198703910465317e-6
3.503	-3.0177163468488614e-6
3.5060000000000002	-3.015563327886244e-6
3.509	-3.013411349608054e-6
3.512	-3.0112604273861356e-6
3.515	-3.00911057651365e-6
3.5180000000000002	-3.0069618122039504e-6
3.521	-3.0048141495894816e-6
3.524	-3.002667603720705e-6
3.527	-3.0005221895650563e-6
3.5300000000000002	-2.998377922005916e-6
3.533	-2.9962348158416187e-6
3.536	-2.994092885784485e-6
3.539	-2.9919521464598696e-6
3.5420000000000003	-2.989812612405246e-6
3.545	-2.987674298069312e-6
3.548	-2.9855372178111186e-6
3.551	-2.9834013858992258e-6
3.5540000000000003	-2.9812668165108808e-6
3.557	-2.979133523731226e-6
3.56	-2.977001521552521e-6
3.563	-2.9748708238734017e-6
3.5660000000000003	-2.972741444498153e-6
3.569	-2.970613397136009e-6
3.572	-2.9684866954004752e-6
3.575	-2.96636135280868e-6
3.578	-2.9642373827807376e-6
3.581	-2.962114798639146e-6
3.584	-2.9599936136082e-6
3.587	-2.9578738408134304e-6
3.59	-2.9557554932810616e-6
3.593	-2.9536385839374942e-6
3.596	-2.9515231256088134e-6
3.599	-2.9494091310203075e-6
3.602	-2.9472966127960192e-6
3.605	-2.945185583458311e-6
3.608	-2.943076055427458e-6
3.611	-2.9409680410212524e-6
3.614	-2.938861552454637e-6
3.617	-2.9367566018393546e-6
3.62	-2.9346532011836173e-6
3.623	-2.9325513623918e-6
3.626	-2.930451097264146e-6
3.629	-2.9283524174964937e-6
3.632	-2.9262553346800347e-6
3.6350000000000002	-2.9241598603010698e-6
3.638	-2.9220660057408e-6
3.641	-2.919973782275127e-6
3.644	-2.9178832010744804e-6
3.6470000000000002	-2.9157942732036517e-6
3.65	-2.9137070096216536e-6
3.653	-2.911621421181594e-6
3.656	-2.909537518630571e-6
3.6590000000000003	-2.9074553126095776e-6
3.662	-2.9053748136534293e-6
3.665	-2.9032960321907046e-6
3.668	-2.901218978543706e-6
3.6710000000000003	-2.8991436629284295e-6
3.674	-2.8970700954545575e-6
3.677	-2.894998286125462e-6
3.68	-2.892928244838225e-6
3.6830000000000003	-2.890859981383675e-6
3.686	-2.888793505446439e-6
3.689	-2.8867288266049984e-6
3.692	-2.8846659543317778e-6
3.6950000000000003	-2.8826048979932317e-6
3.698	-2.880545666849954e-6
3.701	-2.8784882700567945e-6
3.704	-2.8764327166629945e-6
3.707	-2.8743790156123347e-6
3.71	-2.87232717574329e-6
3.713	-2.8702772057892052e-6
3.716	-2.868229114378478e-6
3.719	-2.866182910034755e-6
3.722	-2.8641386011771374e-6
3.725	-2.862096196120407e-6
3.728	-2.86005570307525e-6
3.731	-2.8580171301485057e-6
3.734	-2.8559804853434165e-6
3.737	-2.853945776559892e-6
3.74	-2.8519130115947883e-6
3.743	-2.8498821981421855e-6
3.746	-2.8478533437936895e-6
3.749	-2.8458264560387354e-6
3.7520000000000002	-2.8438015422648995e-6
3.755	-2.841778609758227e-6
3.758	-2.8397576657035637e-6
3.761	-2.837738717184901e-6
3.7640000000000002	-2.835721771185723e-6
3.767	-2.833706834589371e-6
3.77	-2.8316939141794076e-6
3.773	-2.8296830166399978e-6
3.7760000000000002	-2.8276741485562896e-6
3.779	-2.8256673164148114e-6
3.782	-2.8236625266038646e-6
3.785	-2.8216597854139392e-6
3.7880000000000003	-2.819659099038124e-6
3.791	-2.8176604735725293e-6
3.794	-2.815663915016715e-6
3.797	-2.8136694292741255e-6
3.8000000000000003	-2.8116770221525354e-6
3.803	-2.8096866993644924e-6
3.806	-2.807698466527772e-6
3.809	-2.805712329165842e-6
3.8120000000000003	-2.8037282927083238e-6
3.815	-2.801746362491466e-6
3.818	-2.7997665437586185e-6
3.821	-2.7977888416607194e-6
3.8240000000000003	-2.795813261256776e-6
3.827	-2.793839807514362e-6
3.83	-2.7918684853101104e-6
3.833	-2.789899299430216e-6
3.836	-2.787932254570944e-6
3.839	-2.785967355339131e-6
3.842	-2.7840046062527118e-6
3.845	-2.7820440117412236e-6
3.848	-2.780085576146338e-6
3.851	-2.7781293037223813e-6
3.854	-2.776175198636863e-6
3.857	-2.774223264971009e-6
3.86	-2.772273506720299e-6
3.863	-2.7703259277949985e-6
3.866	-2.7683805320207033e-6
3.869	-2.7664373231388874e-6
3.872	-2.764496304807442e-6
3.875	-2.762557480601228e-6
3.878	-2.760620854012627e-6
3.8810000000000002	-2.7586864284520944e-6
3.884	-2.756754207248718e-6
3.887	-2.7548241936507672e-6
3.89	-2.7528963908262613e-6
3.8930000000000002	-2.7509708018635254e-6
3.896	-2.7490474297717557e-6
3.899	-2.74712627748158e-6
3.902	-2.7452073478456274e-6
3.9050000000000002	-2.7432906436390903e-6
3.908	-2.7413761675602985e-6
3.911	-2.7394639222312798e-6
3.914	-2.737553910198337e-6
3.9170000000000003	-2.735646133932615e-6
3.92	-2.7337405958306697e-6
3.923	-2.7318372982150462e-6
3.926	-2.729936243334844e-6
3.9290000000000003	-2.728037433366296e-6
3.932	-2.7261408704133367e-6
3.935	-2.7242465565081757e-6
3.938	-2.722354493611874e-6
3.9410000000000003	-2.7204646836149158e-6
3.944	-2.7185771283377795e-6
3.947	-2.716691829531513e-6
3.95	-2.714808788878306e-6
3.9530000000000003	-2.7129280079920627e-6
3.956	-2.7110494884189737e-6
3.959	-2.7091732316380863e-6
3.962	-2.707299239061875e-6
3.965	-2.705427512036816e-6
3.968	-2.70355805184395e-6
3.971	-2.7016908596994555e-6
3.974	-2.699825936755217e-6
3.977	-2.6979632840993905e-6
3.98	-2.696102902756964e-6
3.983	-2.6942447936903337e-6
3.986	-2.6923889577998565e-6
3.989	-2.690535395924419e-6
3.992	-2.6886841088419937e-6
3.995	-2.6868350972702043e-6
3.998	-2.6849883618668765e-6
4.0009999999999994	-2.683143903230605e-6
4.004	-2.6813017219012954e-6
4.007	-2.6794618183607303e-6
4.01	-2.677624193033113e-6
4.013	-2.6757888462856206e-6
4.016	-2.6739557784289553e-6
4.019	-2.672124989717885e-6
4.022	-2.6702964803517927e-6
4.025	-2.668470250475217e-6
4.0280000000000005	-2.6666463001783956e-6
4.031000000000001	-2.6648246294978027e-6
4.034000000000001	-2.663005238416683e-6
4.037	-2.6611881268655944e-6
4.04	-2.659373294722931e-6
4.043	-2.6575607418154606e-6
4.046	-2.6557504679188525e-6
4.0489999999999995	-2.653942472758199e-6
4.052	-2.652136756008543e-6
4.055	-2.650333317295401e-6
4.058	-2.6485321561952753e-6
4.061	-2.6467332722361807e-6
4.064	-2.6449366648981504e-6
4.067	-2.64314233361375e-6
4.07	-2.641350277768593e-6
4.073	-2.6395604967018354e-6
4.0760000000000005	-2.6377729897066945e-6
4.079000000000001	-2.635987756030938e-6
4.082000000000001	-2.6342047948773935e-6
4.085	-2.632424105404436e-6
4.088	-2.630645686726488e-6
4.091	-2.62886953791451e-6
4.093999999999999	-2.6270956579964877e-6
4.0969999999999995	-2.6253240459579167e-6
4.1	-2.6235547007422903e-6
4.103	-2.6217876212515738e-6
4.106	-2.6200228063466883e-6
4.109	-2.6182602548479816e-6
4.112	-2.6164999655357e-6
4.115	-2.6147419371504615e-6
4.118	-2.6129861683937166e-6
4.121	-2.6112326579282184e-6
4.1240000000000006	-2.609481404378477e-6
4.127000000000001	-2.607732406331223e-6
4.13	-2.605985662335858e-6
4.133	-2.6042411709049078e-6
4.136	-2.602498930514474e-6
4.139	-2.6007589396046794e-6
4.1419999999999995	-2.5990211965801077e-6
4.145	-2.597285699810249e-6
4.148	-2.5955524476299335e-6
4.151	-2.5938214383397683e-6
4.154	-2.5920926702065685e-6
4.157	-2.5903661414637862e-6
4.16	-2.5886418503119335e-6
4.163	-2.5869197949190085e-6
4.166	-2.5851999734209127e-6
4.1690000000000005	-2.583482383921871e-6
4.172000000000001	-2.5817670244948394e-6
4.175000000000001	-2.580053893181923e-6
4.178	-2.5783429879947793e-6
4.181	-2.576634306915022e-6
4.184	-2.574927847894626e-6
4.187	-2.5732236088563265e-6
4.1899999999999995	-2.571521587694012e-6
4.193	-2.5698217822731177e-6
4.196	-2.5681241904310173e-6
4.199	-2.566428809977407e-6
4.202	-2.5647356386946937e-6
4.205	-2.5630446743383722e-6
4.208	-2.5613559146374026e-6
4.211	-2.5596693572945895e-6
4.214	-2.55798499998695e-6
4.2170000000000005	-2.5563028403660844e-6
4.220000000000001	-2.554622876058541e-6
4.223	-2.552945104666184e-6
4.226	-2.551269523766546e-6
4.229	-2.5495961309131903e-6
4.232	-2.5479249236360655e-6
4.234999999999999	-2.5462558994418546e-6
4.2379999999999995	-2.544589055814325e-6
4.241	-2.542924390214673e-6
4.244	-2.541261900081866e-6
4.247	-2.5396015828329864e-6
4.25	-2.537943435863562e-6
4.253	-2.536287456547906e-6
4.256	-2.5346336422394428e-6
4.259	-2.532981990271042e-6
4.2620000000000005	-2.5313324979553365e-6
4.265000000000001	-2.529685162585053e-6
4.268000000000001	-2.528039981433328e-6
4.271	-2.526396951754022e-6
4.274	-2.524756070782038e-6
4.277	-2.5231173357336312e-6
4.28	-2.521480743806717e-6
4.2829999999999995	-2.5198462921811776e-6
4.286	-2.5182139780191637e-6
4.289	-2.5165837984653964e-6
4.292	-2.5149557506474638e-6
4.295	-2.513329831676115e-6
4.298	-2.5117060386455523e-6
4.301	-2.5100843686337246e-6
4.304	-2.5084648187026048e-6
4.307	-2.5068473858984844e-6
4.3100000000000005	-2.5052320672522474e-6
4.313000000000001	-2.5036188597796506e-6
4.316000000000001	-2.5020077604816023e-6
4.319	-2.5003987663444326e-6
4.322	-2.4987918743401643e-6
4.325	-2.4971870814267814e-6
4.328	-2.495584384548497e-6
4.3309999999999995	-2.493983780636013e-6
4.334	-2.492385266606782e-6
4.337	-2.4907888393652637e-6
4.34	-2.4891944958031823e-6
4.343	-2.48760223279978e-6
4.346	-2.486012047222062e-6
4.349	-2.484423935925051e-6
4.352	-2.4828378957520286e-6
4.355	-2.4812539235347777e-6
4.3580000000000005	-2.4796720160938253e-6
4.361000000000001	-2.4780921702386793e-6
4.364	-2.476514382768065e-6
4.367	-2.4749386504701554e-6
4.37	-2.4733649701228046e-6
4.373	-2.471793338493778e-6
4.3759999999999994	-2.4702237523409717e-6
4.379	-2.4686562084126445e-6
4.382	-2.4670907034476314e-6
4.385	-2.4655272341755703e-6
4.388	-2.463965797317113e-6
4.391	-2.4624063895841403e-6
4.394	-2.4608490076799784e-6
4.397	-2.459293648299605e-6
4.4	-2.4577403081298564e-6
4.4030000000000005	-2.4561889838496366e-6
4.406000000000001	-2.4546396721301183e-6
4.409000000000001	-2.453092369634945e-6
4.412	-2.4515470730204285e-6
4.415	-2.450003778935746e-6
4.418	-2.4484624840231378e-6
4.421	-2.446923184918095e-6
4.4239999999999995	-2.4453858782495543e-6
4.427	-2.4438505606400823e-6
4.43	-2.442317228706065e-6
4.433	-2.440785879057891e-6
4.436	-2.4392565083001337e-6
4.439	-2.437729113031729e-6
4.442	-2.436203689846159e-6
4.445	-2.4346802353316216e-6
4.448	-2.433158746071208e-6
4.4510000000000005	-2.4316392186430766e-6
4.454000000000001	-2.430121649620617e-6
4.457000000000001	-2.4286060355726255e-6
4.46	-2.4270923730634675e-6
4.463	-2.4255806586532403e-6
4.466	-2.4240708888979405e-6
4.468999999999999	-2.42256306034962e-6
4.4719999999999995	-2.4210571695565463e-6
4.475	-2.4195532130633603e-6
4.478	-2.418051187411231e-6
4.481	-2.4165510891380064e-6
4.484	-2.4150529147783687e-6
4.487	-2.413556660863982e-6
4.49	-2.412062323923639e-6
4.493	-2.410569900483409e-6
4.496	-2.4090793870667816e-6
4.4990000000000006	-2.407590780194808e-6
4.502	-2.406104076386244e-6
4.505	-2.4046192721576886e-6
4.508	-2.40313636402372e-6
4.511	-2.401655348497032e-6
4.514	-2.4001762220885715e-6
4.517	-2.398698981307666e-6
4.5200000000000005	-2.3972236226621558e-6
4.523	-2.395750142658526e-6
4.526	-2.39427853780203e-6
4.529	-2.3928088045968198e-6
4.532	-2.3913409395460676e-6
4.535	-2.389874939152089e-6
4.538	-2.3884107999164657e-6
4.541	-2.3869485183401646e-6
4.5440000000000005	-2.3854880909236548e-6
4.547	-2.384029514167027e-6
4.55	-2.382572784570106e-6
4.553	-2.381117898632568e-6
4.556	-2.3796648528540483e-6
4.559	-2.378213643734257e-6
4.562	-2.3767642677730865e-6
4.565	-2.3753167214707173e-6
4.5680000000000005	-2.3738710013277276e-6
4.571	-2.372427103845199e-6
4.574	-2.370985025524817e-6
4.577	-2.3695447628689765e-6
4.58	-2.3681063123808818e-6
4.583	-2.3666696705646445e-6
4.586	-2.365234833925387e-6
4.589	-2.3638017989693353e-6
4.5920000000000005	-2.362370562203914e-6
4.595	-2.360941120137845e-6
4.598	-2.3595134692812375e-6
4.601	-2.3580876061456804e-6
4.604	-2.356663527244334e-6
4.607	-2.3552412290920186e-6
4.61	-2.3538207082053025e-6
4.613	-2.3524019611025904e-6
4.616	-2.3509849843042083e-6
4.619	-2.349569774332485e-6
4.622	-2.348156327711841e-6
4.625	-2.3467446409688673e-6
4.628	-2.3453347106324076e-6
4.631	-2.343926533233636e-6
4.634	-2.342520105306139e-6
4.6370000000000005	-2.3411154233859904e-6
4.64	-2.3397124840118294e-6
4.643	-2.338311283724935e-6
4.646	-2.3369118190693006e-6
4.649	-2.335514086591707e-6
4.652	-2.334118082841796e-6
4.655	-2.332723804372137e-6
4.658	-2.331331247738303e-6
4.6610000000000005	-2.3299404094989357e-6
4.664	-2.328551286215814e-6
4.667	-2.3271638744539207e-6
4.67	-2.325778170781509e-6
4.673	-2.3243941717701675e-6
4.676	-2.323011873994885e-6
4.679	-2.3216312740341084e-6
4.682	-2.3202523684698124e-6
4.6850000000000005	-2.318875153887554e-6
4.688	-2.317499626876535e-6
4.691	-2.3161257840296623e-6
4.694	-2.314753621943603e-6
4.697	-2.313383137218845e-6
4.7	-2.3120143264597493e-6
4.703	-2.31064718627461e-6
4.706	-2.3092817132757064e-6
4.7090000000000005	-2.3079179040793535e-6
4.712	-2.306555755305963e-6
4.715	-2.3051952635800865e-6
4.718	-2.3038364255304707e-6
4.721	-2.302479237790109e-6
4.724	-2.301123696996287e-6
4.727	-2.299769799790634e-6
4.73	-2.2984175428191696e-6
4.733	-2.297066922732351e-6
4.736	-2.2957179361851167e-6
4.739	-2.294370579836938e-6
4.742	-2.2930248503518563e-6
4.745	-2.2916807443985307e-6
4.748	-2.2903382586502807e-6
4.751	-2.288997389785128e-6
4.7540000000000004	-2.2876581344858383e-6
4.757	-2.2863204894399613e-6
4.76	-2.284984451339871e-6
4.763	-2.2836500168828055e-6
4.766	-2.2823171827709063e-6
4.769	-2.280985945711253e-6
4.772	-2.279656302415905e-6
4.775	-2.2783282496019344e-6
4.7780000000000005	-2.277001783991461e-6
4.781	-2.2756769023116945e-6
4.784	-2.2743536012949575e-6
4.787	-2.2730318776787305e-6
4.79	-2.271711728205678e-6
4.793	-2.270393149623684e-6
4.796	-2.269076138685881e-6
4.799	-2.2677606921506866e-6
4.8020000000000005	-2.2664468067818277e-6
4.805	-2.265134479348375e-6
4.808	-2.263823706624769e-6
4.811	-2.2625144853908535e-6
4.814	-2.2612068124318976e-6
4.817	-2.2599006845386296e-6
4.82	-2.258596098507258e-6
4.823	-2.2572930511395032e-6
4.8260000000000005	-2.255991539242619e-6
4.829	-2.2546915596294223e-6
4.832	-2.253393109118312e-6
4.835	-2.2520961845333e-6
4.838	-2.250800782704029e-6
4.841	-2.249506900465799e-6
4.844	-2.2482145346595887e-6
4.847	-2.246923682132079e-6
4.8500000000000005	-2.245634339735671e-6
4.853	-2.2443465043285107e-6
4.856	-2.243060172774508e-6
4.859	-2.2417753419433568e-6
4.862	-2.240492008710555e-6
4.865	-2.239210169957422e-6
4.868	-2.2379298225711206e-6
4.871	-2.2366509634446705e-6
4.874	-2.2353735894769694e-6
4.877	-2.2340976975728098e-6
4.88	-2.232823284642893e-6
4.883	-2.231550347603851e-6
4.886	-2.230278883378255e-6
4.889	-2.229008888894636e-6
4.892	-2.2277403610874986e-6
4.8950000000000005	-2.226473296897333e-6
4.898	-2.2252076932706352e-6
4.901	-2.2239435471599123e-6
4.904	-2.2226808555237036e-6
4.907	-2.2214196153265864e-6
4.91	-2.220159823539195e-6
4.913	-2.218901477138228e-6
4.916	-2.2176445731064627e-6
4.9190000000000005	-2.2163891084327648e-6
4.922	-2.2151350801120997e-6
4.925	-2.213882485145542e-6
4.928	-2.212631320540289e-6
4.931	-2.2113815833096663e-6
4.934	-2.21013327047314e-6
4.937	-2.208886379056324e-6
4.94	-2.2076409060909906e-6
4.9430000000000005	-2.2063968486150757e-6
4.946	-2.2051542036726908e-6
4.949	-2.203912968314126e-6
4.952	-2.202673139595864e-6
4.955	-2.2014347145805786e-6
4.958	-2.2001976903371483e-6
4.961	-2.198962063940658e-6
4.964	-2.1977278324724092e-6
4.9670000000000005	-2.1964949930199226e-6
4.97	-2.1952635426769433e-6
4.973	-2.194033478543449e-6
4.976	-2.19280479772565e-6
4.979	-2.1915774973359992e-6
4.982	-2.190351574493191e-6
4.985	-2.189127026322169e-6
4.988	-2.1879038499541277e-6
4.991	-2.1866820425265166e-6
4.994	-2.185461601183042e-6
4.997	-2.1842425230736728e-6