0.	0.
0.0005	12087.386770276105
0.001	24174.773618722043
0.0015	36262.16057520366
0.002	48349.547704052406
0.0025	60436.9350878644
0.003	72524.32280984282
0.0035	84611.71095378492
0.004	96699.0996041143
0.0045000000000000005	108786.48884584483
0.005	120873.87876460575
0.0055	132961.26944663393
0.006	145048.6609787732
0.006500000000000001	157136.05344846164
0.007	169223.44694375974
0.0075	181310.84155331945
0.008	193398.23736641277
0.0085	205485.63447289923
0.009000000000000001	217573.0329632532
0.0095	229660.43292855282
0.01	241747.83446048063
0.0105	253835.23765131726
0.011	265922.6425939579
0.0115	278010.04938188434
0.012	290097.458109195
0.0125	302184.86887058866
0.013000000000000001	314272.2820851619
0.0135	326359.69827058044
0.014	338447.1175162134
0.0145	350534.53989122814
0.015	362621.9654080179
0.0155	374709.3941288933
0.016	386796.82612008724
0.0165	398884.26144289144
0.017	410971.7001536262
0.0175	423059.14230366854
0.018000000000000002	435146.58793943
0.0185	447234.03710236814
0.019	459321.4898289922
0.0195	471408.946150855
0.02	483496.4060945534
0.0205	495583.8696817231
0.021	507671.33692906296
0.021500000000000002	519758.80784830113
0.022	531846.2824462206
0.0225	543933.7607246484
0.023	556021.2426804483
0.0235	568108.7283055395
0.024	580196.2175868805
0.0245	592283.7105064715
0.025	604371.207041359
0.025500000000000002	616458.707163629
0.026000000000000002	628546.2108272928
0.0265	640633.7172151248
0.027	652721.2258339718
0.0275	664808.7366532036
0.028	676896.2494505879
0.0285	688983.7637874299
0.029	701071.2796424959
0.029500000000000002	713158.7970193252
0.03	725246.3159322456
0.0305	737333.8364064165
0.031	749421.3584778055
0.0315	761508.8821931806
0.032	773596.4076101313
0.0325	785683.9347970622
0.033	797771.4638331945
0.0335	809858.99480856
0.034	821946.5278240208
0.0345	834034.0629912483
0.035	846121.6004327363
0.035500000000000004	858209.1402818022
0.036000000000000004	870296.6826825849
0.0365	882384.2277900637
0.037	894471.7757700171
0.0375	906559.3267990638
0.038	918646.8810646551
0.0385	930734.438765061
0.039	942822.0001093975
0.0395	954909.565378529
0.04	966997.1354379164
0.0405	979084.7106916652
0.041	991172.2913807333
0.0415	1.0032598791053405e6
0.042	1.0153474752562183e6
0.0425	1.0274350800507177e6
0.043000000000000003	1.039522693688607e6
0.043500000000000004	1.05161031635207e6
0.044	1.0636979482056813e6
0.0445	1.0757855893964295e6
0.045	1.087873240053688e6
0.0455	1.0999609002892366e6
0.046	1.1120485701972388e6
0.0465	1.1241362498542487e6
0.047	1.136223939319213e6
0.0475	1.1483116386334582e6
0.048	1.1603993478207176e6
0.0485	1.1724870668870965e6
0.049	1.1845747958211189e6
0.0495	1.196662534593679e6
0.05	1.2087502831580932e6
0.0505	1.220838041450078e6
0.051000000000000004	1.2329258093877593e6
0.051500000000000004	1.2450135868716885e6
0.052000000000000005	1.2571013737848313e6
0.0525	1.2691891699925945e6
0.053	1.281276975292418e6
0.0535	1.2933647892980333e6
0.054	1.3054526117999586e6
0.0545	1.3175404423939122e6
0.055	1.3296282781836942e6
0.0555	1.3417161181352488e6
0.056	1.3538039620618138e6
0.0565	1.3658918097927526e6
0.057	1.3779796611735725e6
0.0575	1.3900675160659065e6
0.058	1.4021553743475033e6
0.0585	1.4142432359122161e6
0.059000000000000004	1.4263311006700094e6
0.059500000000000004	1.438418968546946e6
0.06	1.4505068394851496e6
0.0605	1.462594713442869e6
0.061	1.4746825903944073e6
0.0615	1.4867704703301631e6
0.062	1.4988583532565872e6
0.0625	1.5109462391962307e6
0.063	1.5230341281876927e6
0.0635	1.5351220202856604e6
0.064	1.5472099155608837e6
0.0645	1.5592978141001947e6
0.065	1.5713857160064913e6
0.0655	1.5834736213987654e6
0.066	1.5955615304120623e6
0.0665	1.6076494432773453e6
0.067	1.6197373603302035e6
0.0675	1.631825281756718e6
0.068	1.6439132081440862e6
0.0685	1.656001141531827e6
0.069	1.6680890823538667e6
0.0695	1.680177030804525e6
0.07	1.692264987071506e6
0.07050000000000001	1.704352951335878e6
0.07100000000000001	1.7164409237720594e6
0.07150000000000001	1.7285289045478324e6
0.07200000000000001	1.7406168938243387e6
0.0725	1.7527048917560724e6
0.073	1.7647928984908825e6
0.0735	1.7768809141699707e6
0.074	1.7889689389278942e6
0.0745	1.8010569728925365e6
0.075	1.8131450161851642e6
0.0755	1.8252330689203527e6
0.076	1.837321131206048e6
0.0765	1.8494092031435245e6
0.077	1.8614972848274002e6
0.0775	1.8735853763456366e6
0.078	1.885673477779533e6
0.0785	1.8977615892037253e6
0.079	1.9098497106861826e6
0.0795	1.921937842288219e6
0.08	1.9340259838976031e6
0.0805	1.94611413538731e6
0.081	1.958202296802884e6
0.0815	1.9702904679825737e6
0.082	1.9823786485948686e6
0.0825	1.994466838672615e6
0.083	2.006555038257635e6
0.0835	2.0186432473928323e6
0.084	2.030731466122227e6
0.0845	2.0428196944909317e6
0.085	2.054907932545163e6
0.0855	2.0669961803322365e6
0.08600000000000001	2.0790844379005681e6
0.08650000000000001	2.0911727052996727e6
0.08700000000000001	2.1032609825801696e6
0.08750000000000001	2.115349269793778e6
0.088	2.127437566993309e6
0.0885	2.139525874232684e6
0.089	2.1516141915669106e6
0.0895	2.1637025190521176e6
0.09	2.1757908567455066e6
0.0905	2.1878792047054046e6
0.091	2.1999675629912135e6
0.0915	2.2120559316634466e6
0.092	2.2241443107837187e6
0.0925	2.2362327004147363e6
0.093	2.2483211006183326e6
0.0935	2.2604095113791223e6
0.094	2.272497932721872e6
0.0945	2.284586364715104e6
0.095	2.296674807399407e6
0.0955	2.308763260828232e6
0.096	2.3208517250775225e6
0.0965	2.332940200225773e6
0.097	2.345028686354043e6
0.0975	2.3571171835459396e6
0.098	2.3692056918876413e6
0.0985	2.3812942114678766e6
0.099	2.3933827423779406e6
0.0995	2.405471284711677e6
0.1	2.4175598385654856e6
0.1005	2.4296484040383277e6
0.101	2.441736981231711e6
0.1015	2.4538255702497098e6
0.10200000000000001	2.465914171198945e6
0.10250000000000001	2.4780027841885937e6
0.10300000000000001	2.49009140933038e6
0.10350000000000001	2.5021800467385836e6
0.10400000000000001	2.514268696530047e6
0.1045	2.5263573588241497e6
0.105	2.53844603374282e6
0.1055	2.5505347214105413e6
0.106	2.562623421954349e6
0.1065	2.5747121355829015e6
0.107	2.586800863315006e6
0.1075	2.5988896055248436e6
0.108	2.6109783623233936e6
0.1085	2.623067133752606e6
0.109	2.6351559198992564e6
0.1095	2.6472447208603597e6
0.11	2.6593335367261595e6
0.1105	2.6714223675801153e6
0.111	2.683511213498896e6
0.1115	2.6956000745523963e6
0.112	2.707688950803729e6
0.1125	2.7197778423092286e6
0.113	2.7318667491184543e6
0.1135	2.743955671274183e6
0.114	2.756044608812418e6
0.1145	2.768133561762382e6
0.115	2.7802225301465252e6
0.1155	2.792311513980515e6
0.116	2.8044005132732447e6
0.1165	2.8164895280268225e6
0.117	2.828578558236588e6
0.11750000000000001	2.8406676038910924e6
0.11800000000000001	2.8527566649721097e6
0.11850000000000001	2.8648457414546185e6
0.11900000000000001	2.876934833306831e6
0.11950000000000001	2.889023940490157e6
0.12	2.9011130627141553e6
0.1205	2.913202198562938e6
0.121	2.925291347781558e6
0.1215	2.9373805104501317e6
0.122	2.949469686894842e6
0.1225	2.96155887711717e6
0.123	2.973648081098069e6
0.1235	2.9857372988227014e6
0.124	2.9978265302805216e6
0.1245	3.0099157754652197e6
0.125	3.0220050343747535e6
0.1255	3.0340943070113217e6
0.126	3.046183593381387e6
0.1265	3.0582728934956756e6
0.127	3.0703622073691627e6
0.1275	3.0824515350210723e6
0.128	3.0945408764749034e6
0.1285	3.106630231758402e6
0.129	3.1187196009035595e6
0.1295	3.130808983946638e6
0.13	3.142898380928141e6
0.1305	3.1549877918928363e6
0.131	3.1670772168897307e6
0.1315	3.179166655972093e6
0.132	3.1912561091974336e6
0.1325	3.203345576627516e6
0.133	3.215435058328349e6
0.1335	3.227524554647997e6
0.134	3.239614066464551e6
0.1345	3.2517035938965315e6
0.135	3.2637931366308304e6
0.1355	3.2758826943260394e6
0.136	3.287972267043339e6
0.1365	3.3000618548453385e6
0.137	3.3121514577959557e6
0.1375	3.3242410759604215e6
0.138	3.336330709405277e6
0.1385	3.3484203581983782e6
0.139	3.360510022408885e6
0.1395	3.3725997021072824e6
0.14	3.3846893973653517e6
0.1405	3.3967791082562096e6
0.14100000000000001	3.4088688348542657e6
0.14150000000000001	3.420958577235259e6
0.14200000000000002	3.433048335476234e6
0.14250000000000002	3.4451381096555553e6
0.14300000000000002	3.457227899852904e6
0.14350000000000002	3.4693177061492777e6
0.14400000000000002	3.4814075286269854e6
0.1445	3.493497367369663e6
0.145	3.5055872224622592e6
0.1455	3.517677093991049e6
0.146	3.5297669820436104e6
0.1465	3.5418568867088626e6
0.147	3.5539468077936843e6
0.1475	3.5660367449131995e6
0.148	3.578126698181706e6
0.1485	3.5902166680870256e6
0.149	3.6023066548851714e6
0.1495	3.6143966586929103e6
0.15	3.6264866796301813e6
0.1505	3.6385767178201117e6
0.151	3.650666773388993e6
0.1515	3.6627568464662926e6
0.152	3.674846937184644e6
0.1525	3.686937045679857e6
0.153	3.6990271720909094e6
0.1535	3.711117316559938e6
0.154	3.7232074792322535e6
0.1545	3.735297660256327e6
0.155	3.7473878597837915e6
0.1555	3.7594780779694393e6
0.156	3.7715683149712253e6
0.1565	3.7836585709502567e6
0.157	3.7957488460707925e6
0.1575	3.8078391405002554e6
0.158	3.8199294544092133e6
0.1585	3.8320197879713755e6
0.159	3.8441101413636063e6
0.1595	3.856200514765915e6
0.16	3.8682909083614866e6
0.1605	3.8803813234179784e6
0.161	3.892471761172018e6
0.1615	3.9045622217654902e6
0.162	3.9166527052449468e6
0.1625	3.9287432117354935e6
0.163	3.9408337413612786e6
0.1635	3.9529242942330325e6
0.164	3.965014870448091e6
0.1645	3.977105470090374e6
0.165	3.9891960932304147e6
0.1655	4.00128673992533e6
0.166	4.0133774102188568e6
0.1665	4.025468104141333e6
0.167	4.037558821709701e6
0.1675	4.049649562927493e6
0.168	4.061740327784864e6
0.1685	4.073831116258569e6
0.169	4.085921928311957e6
0.1695	4.098012763894969e6
0.17	4.11010362294415e6
0.1705	4.1221945053826454e6
0.171	4.134285411120163e6
0.1715	4.1463763400530135e6
0.17200000000000001	4.1584672920640777e6
0.17250000000000001	4.1705582670227936e6
0.17300000000000001	4.18264926478519e6
0.17350000000000002	4.194740285172318e6
0.17400000000000002	4.2068313261006e6
0.17450000000000002	4.218922386162591e6
0.17500000000000002	4.231013465195807e6
0.17550000000000002	4.243104563047288e6
0.176	4.255195679587314e6
0.1765	4.267286814699383e6
0.177	4.279377968280099e6
0.1775	4.291469140239204e6
0.178	4.303560330499539e6
0.1785	4.315651538997093e6
0.179	4.327742765680982e6
0.1795	4.33983401051346e6
0.18	4.351925273469904e6
0.1805	4.364016554538845e6
0.181	4.376107853721956e6
0.1815	4.388199171034046e6
0.182	4.4002905065030595e6
0.1825	4.412381860170098e6
0.183	4.424473232089398e6
0.1835	4.436564622328334e6
0.184	4.448656030967417e6
0.1845	4.460747458100298e6
0.185	4.472838903833763e6
0.1855	4.48493036828772e6
0.186	4.497021851595206e6
0.1865	4.50911335390238e6
0.187	4.521204875432365e6
0.1875	4.533296417555657e6
0.188	4.545387980901853e6
0.1885	4.557479565678462e6
0.189	4.5695711720735235e6
0.1895	4.581662800256881e6
0.19	4.593754450396743e6
0.1905	4.60584612265967e6
0.191	4.617937817210597e6
0.1915	4.630029534212817e6
0.192	4.6421212738279905e6
0.1925	4.654213036216144e6
0.193	4.666304821535662e6
0.1935	4.678396629943296e6
0.194	4.690488461594179e6
0.1945	4.702580316641786e6
0.195	4.714672195237986e6
0.1955	4.726764097532996e6
0.196	4.738856023675409e6
0.1965	4.75094797381219e6
0.197	4.763039948088671e6
0.1975	4.775131946648552e6
0.198	4.787223969633911e6
0.1985	4.799316017185183e6
0.199	4.811408089441185e6
0.1995	4.823500186539114e6
0.2	4.835592308614521e6
0.2005	4.847684455863844e6
0.201	4.8597766290132655e6
0.2015	4.87186882832503e6
0.202	4.883961053859614e6
0.2025	4.896053305717197e6
0.203	4.90814558399881e6
0.20350000000000001	4.9202378887978e6
0.20400000000000001	4.932330220199867e6
0.20450000000000002	4.944422578283056e6
0.20500000000000002	4.956514963117738e6
0.20550000000000002	4.968607374766669e6
0.20600000000000002	4.980699813284924e6
0.20650000000000002	4.992792278719932e6
0.20700000000000002	5.004884771111477e6
0.20750000000000002	5.016977290491686e6
0.20800000000000002	5.029069836885044e6
0.2085	5.041162410308389e6
0.209	5.053255010770897e6
0.2095	5.065347638274116e6
0.21	5.077440292811913e6
0.2105	5.0895329743705345e6
0.211	5.1016256829285575e6
0.2115	5.113718418456918e6
0.212	5.125811180918895e6
0.2125	5.137903970270102e6
0.213	5.149996786458506e6
0.2135	5.162089629424422e6
0.214	5.174182498875232e6
0.2145	5.186275393322871e6
0.215	5.198368312460799e6
0.2155	5.210461256243386e6
0.216	5.222554224619285e6
0.2165	5.234647217544689e6
0.217	5.246740234983647e6
0.2175	5.258833276908018e6
0.218	5.270926343297485e6
0.2185	5.283019434139577e6
0.219	5.29511254942963e6
0.2195	5.307205689170819e6
0.22	5.319298853374155e6
0.2205	5.331392042058478e6
0.221	5.343485255250449e6
0.2215	5.355578492984573e6
0.222	5.367671755303177e6
0.2225	5.3797650422564205e6
0.223	5.391858353902296e6
0.2235	5.403951690306622e6
0.224	5.416045051543037e6
0.2245	5.428138437693021e6
0.225	5.440231848845869e6
0.2255	5.452325285098708e6
0.226	5.464418746556479e6
0.2265	5.476512233331943e6
0.227	5.48860574554568e6
0.2275	5.500699283464209e6
0.228	5.512792847778882e6
0.2285	5.52488643869174e6
0.229	5.5369800563447e6
0.2295	5.549073700877756e6
0.23	5.561167372432374e6
0.2305	5.573261071151488e6
0.231	5.585354797179503e6
0.2315	5.597448550662287e6
0.232	5.609542331747186e6
0.2325	5.621636140583005e6
0.233	5.633729977320021e6
0.2335	5.645823842109968e6
0.234	5.657917735106061e6
0.23450000000000001	5.670011656462965e6
0.23500000000000001	5.68210560633682e6
0.23550000000000001	5.694199584885219e6
0.23600000000000002	5.70629359226723e6
0.23650000000000002	5.718387628643376e6
0.23700000000000002	5.7304816941756485e6
0.23750000000000002	5.742575789027495e6
0.23800000000000002	5.754669913363819e6
0.23850000000000002	5.766764067350997e6
0.23900000000000002	5.778858251156854e6
0.23950000000000002	5.790952464950681e6
0.24	5.80304670890322e6
0.2405	5.815140983186682e6
0.241	5.827235288289338e6
0.2415	5.8393296253023185e6
0.242	5.851423994444272e6
0.2425	5.863518395868918e6
0.243	5.875612829721458e6
0.2435	5.887707296137912e6
0.244	5.8998017952451045e6
0.2445	5.911896327160699e6
0.245	5.92399089199318e6
0.2455	5.936085489841846e6
0.246	5.948180120796848e6
0.2465	5.960274784939147e6
0.247	5.972369482340543e6
0.2475	5.984464213063679e6
0.248	5.99655897716203e6
0.2485	6.008653774679896e6
0.249	6.020748605652424e6
0.2495	6.032843470105597e6
0.25	6.04493836805623e6
0.2505	6.057033299511978e6
0.251	6.069128264471334e6
0.2515	6.081223262923613e6
0.252	6.093318294848988e6
0.2525	6.105413360218431e6
0.253	6.1175084589937795e6
0.2535	6.129603591127675e6
0.254	6.1416987565636e6
0.2545	6.153793954718023e6
0.255	6.165889184314665e6
0.2555	6.177984445301109e6
0.256	6.190079737617824e6
0.2565	6.202175061209021e6
0.257	6.214270416023869e6
0.2575	6.226365802016479e6
0.258	6.238461219145899e6
0.2585	6.250556667376149e6
0.259	6.262652146676207e6
0.2595	6.274747657019987e6
0.26	6.286843198386371e6
0.2605	6.298938770759193e6
0.261	6.311034374127242e6
0.2615	6.323130008484266e6
0.262	6.3352256738289725e6
0.2625	6.347321370165023e6
0.263	6.359417097501047e6
0.2635	6.371512855850623e6
0.264	6.383608645232283e6
0.2645	6.395704465669531e6
0.265	6.407800317190818e6
0.2655	6.419896199829558e6
0.266	6.431992113624125e6
0.2665	6.444088058617831e6
0.267	6.456184034858973e6
0.2675	6.468280042400786e6
0.268	6.480376081484826e6
0.2685	6.492472152387084e6
0.269	6.504568255115941e6
0.2695	6.516664389736799e6
0.27	6.52876055631722e6
0.2705	6.540856754926917e6
0.271	6.5529529856377235e6
0.2715	6.565049248523623e6
0.272	6.577145543660747e6
0.2725	6.589241871127366e6
0.273	6.601338231003888e6
0.2735	6.613434623372855e6
0.274	6.625531048318956e6
0.2745	6.637627505929029e6
0.275	6.649723996292038e6
0.2755	6.661820519499093e6
0.276	6.673917075643444e6
0.2765	6.686013664820474e6
0.277	6.6981102871277165e6
0.2775	6.710206942664826e6
0.278	6.722303631533609e6
0.2785	6.734400353838003e6
0.279	6.746497109684091e6
0.2795	6.75859389918009e6
0.28	6.770690722436341e6
0.2805	6.78278757956534e6
0.281	6.794884470681712e6
0.28150000000000003	6.80698139591639e6
0.28200000000000003	6.819078355482549e6
0.28250000000000003	6.831175349514422e6
0.28300000000000003	6.843272378133101e6
0.28350000000000003	6.855369441460759e6
0.28400000000000003	6.867466539620685e6
0.28450000000000003	6.8795636727372315e6
0.28500000000000003	6.89166084093586e6
0.28550000000000003	6.903758044343115e6
0.28600000000000003	6.915855283086641e6
0.28650000000000003	6.927952557295167e6
0.28700000000000003	6.940049867098508e6
0.28750000000000003	6.952147212627569e6
0.28800000000000003	6.964244594014352e6
0.2885	6.976342011391936e6
0.289	6.988439464894489e6
0.2895	7.000536954657273e6
0.29	7.012634480816635e6
0.2905	7.024732043509997e6
0.291	7.036829642875878e6
0.2915	7.048927279053881e6
0.292	7.061024952184679e6
0.2925	7.0731226624100385e6
0.293	7.0852204098728215e6
0.2935	7.097318194716949e6
0.294	7.109416017087428e6
0.2945	7.121513877130362e6
0.295	7.133611775521118e6
0.2955	7.145709713036221e6
0.296	7.157807689812118e6
0.2965	7.169905705975586e6
0.297	7.182003761644913e6
0.2975	7.194101856929906e6
0.298	7.206199991931886e6
0.2985	7.21829816674371e6
0.299	7.230396381449739e6
0.2995	7.242494636125866e6
0.3	7.25459293083953e6
0.3005	7.266691265649667e6
0.301	7.278789640606763e6
0.3015	7.29088805575283e6
0.302	7.302986511121415e6
0.3025	7.315085006737585e6
0.303	7.327183542617946e6
0.3035	7.339282118770629e6
0.304	7.351380735195321e6
0.3045	7.363479391883208e6
0.305	7.375578088817027e6
0.3055	7.387676825971029e6
0.306	7.399775603311003e6
0.3065	7.411874420794269e6
0.307	7.423973278369667e6
0.3075	7.43607217597755e6
0.308	7.448171113551139e6
0.3085	7.460270090079241e6
0.309	7.472369104403778e6
0.3095	7.484468156454211e6
0.31	7.496567246169208e6
0.3105	7.5086663734956e6
0.311	7.520765538388345e6
0.3115	7.532864740810558e6
0.312	7.544963980733501e6
0.3125	7.557063258136569e6
0.313	7.569162573007335e6
0.3135	7.5812619253415065e6
0.314	7.59336131514294e6
0.3145	7.605460742423653e6
0.315	7.6175602072038185e6
0.3155	7.629659709511745e6
0.316	7.641759249383908e6
0.3165	7.653858826864922e6
0.317	7.665958442007567e6
0.3175	7.678058094872751e6
0.318	7.690157785529551e6
0.3185	7.702257514055182e6
0.319	7.714357280534995e6
0.3195	7.726457085062501e6
0.32	7.738556927739327e6
0.3205	7.750656808675265e6
0.321	7.762756727988227e6
0.3215	7.774856685784403e6
0.322	7.786956682796164e6
0.3225	7.799056719807299e6
0.323	7.811156796953407e6
0.3235	7.823256914368117e6
0.324	7.835357072183098e6
0.3245	7.847457270528058e6
0.325	7.85955750953076e6
0.3255	7.871657789316997e6
0.326	7.883758110010613e6
0.3265	7.895858471733496e6
0.327	7.907958874605584e6
0.3275	7.920059318744846e6
0.328	7.932159804267315e6
0.3285	7.944260331287066e6
0.329	7.956360899916229e6
0.3295	7.968461510264973e6
0.33	7.980562162441532e6
0.3305	7.992662856552175e6
0.331	8.004763592701241e6
0.3315	8.016864370991107e6
0.332	8.028965191522209e6
0.3325	8.0410660543930475e6
0.333	8.053166959700162e6
0.3335	8.065267907538157e6
0.334	8.077368897999688e6
0.3345	8.089469931175477e6
0.335	8.101571007255808e6
0.3355	8.113672125097485e6
0.336	8.125773283548511e6
0.3365	8.1378744827199215e6
0.337	8.149975722740354e6
0.3375	8.1620770037560165e6
0.338	8.174178325930711e6
0.3385	8.186279689445793e6
0.339	8.198381094500184e6
0.3395	8.2104825413103625e6
0.34	8.222584030110324e6
0.3405	8.234685561151599e6
0.341	8.24678713470322e6
0.3415	8.258888751051724e6
0.342	8.270990410501118e6
0.3425	8.283092113372869e6
0.343	8.295193860005876e6
0.3435	8.307295650756464e6
0.34400000000000003	8.319397485998362e6
0.34450000000000003	8.331499366122678e6
0.34500000000000003	8.34360129153787e6
0.34550000000000003	8.35570326266972e6
0.34600000000000003	8.367805279961328e6
0.34650000000000003	8.379907343873054e6
0.34700000000000003	8.39200945488254e6
0.34750000000000003	8.40411161348462e6
0.34800000000000003	8.416213820166629e6
0.34850000000000003	8.428316075177453e6
0.34900000000000003	8.440418383628948e6
0.34950000000000003	8.452520750431014e6
0.35000000000000003	8.464623176057247e6
0.35050000000000003	8.47672566092814e6
0.35100000000000003	8.488828205411162e6
0.35150000000000003	8.500930809820835e6
0.352	8.513033474418772e6
0.3525	8.525136199413734e6
0.353	8.537238984961664e6
0.3535	8.549341831165701e6
0.354	8.561444738076208e6
0.3545	8.573547705690768e6
0.355	8.585650733954184e6
0.3555	8.597753822758477e6
0.356	8.609856971942844e6
0.3565	8.621960181293635e6
0.357	8.634063450544303e6
0.3575	8.64616677937536e6
0.358	8.658270167414308e6
0.3585	8.67037361423558e6
0.359	8.682477119360425e6
0.3595	8.694580682256855e6
0.36	8.706684302339531e6
0.3605	8.718787978969632e6
0.361	8.730891711454755e6
0.3615	8.742995531807132e6
0.362	8.755099525106413e6
0.3625	8.767203688164031e6
0.363	8.779308008943079e6
0.3635	8.791412482766867e6
0.364	8.803517103979567e6
0.3645	8.815621865859881e6
0.365	8.827726760641836e6
0.3655	8.839831779539183e6
0.366	8.85193691277306e6
0.3665	8.86404214960267e6
0.367	8.87614747835889e6
0.3675	8.88825288647987e6
0.368	8.900358360549647e6
0.3685	8.912463886337891e6
0.369	8.924569448841525e6
0.3695	8.936675032327538e6
0.37	8.9487806203768e6
0.3705	8.960886195928406e6
0.371	8.972991741324527e6
0.3715	8.985097238355245e6
0.372	8.997202668303302e6
0.3725	9.009308011988414e6
0.373	9.021413249811014e6
0.3735	9.033518361795224e6
0.374	9.045623327630794e6
0.3745	9.057728124448758e6
0.375	9.069832509817118e6
0.3755	9.081936322359143e6
0.376	9.09403955615331e6
0.3765	9.106142207179291e6
0.377	9.118244268010758e6
0.3775	9.130345730974073e6
0.378	9.142446590565119e6
0.3785	9.154546842444727e6
0.379	9.166646483478619e6
0.3795	9.178745511748154e6
0.38	9.19084392653849e6
0.3805	9.202941728308802e6
0.381	9.215038918900596e6
0.3815	9.227135501070239e6
0.382	9.239231479005244e6
0.3825	9.251326858082943e6
0.383	9.263421644949658e6
0.3835	9.275515847553752e6
0.384	9.287609475186137e6
0.3845	9.29970253852897e6
0.385	9.311795049713263e6
0.3855	9.323887022386312e6
0.386	9.335978471790085e6
0.3865	9.348069413728595e6
0.387	9.360159869098494e6
0.3875	9.372249857543033e6
0.388	9.384339401749378e6
0.3885	9.39642852660413e6
0.389	9.408517259377535e6
0.3895	9.42060562778957e6
0.39	9.432693661398461e6
0.3905	9.44478139612007e6
0.391	9.456868940777099e6
0.3915	9.468956962649563e6
0.392	9.481045580675274e6
0.3925	9.493134902316453e6
0.393	9.505225015367564e6
0.3935	9.517316007145809e6
0.394	9.529407963650689e6
0.3945	9.54150096859383e6
0.395	9.55359510230608e6
0.3955	9.565690440538725e6
0.396	9.577787053187566e6
0.3965	9.589885002981022e6
0.397	9.601984344185544e6
0.3975	9.614085121391252e6
0.398	9.626187368444808e6
0.3985	9.638291107601147e6
0.399	9.650396348935612e6
0.3995	9.662503090085192e6
0.4	9.674611316309366e6
0.4005	9.68672100088473e6
0.401	9.698831883160276e6
0.4015	9.710943592292782e6
0.402	9.723056095766487e6
0.4025	9.735169364945771e6
0.403	9.747283372441329e6
0.4035	9.75939809183086e6
0.404	9.771513495848779e6
0.4045	9.783629557630999e6
0.405	9.795746250725407e6
0.4055	9.807863549082758e6
0.406	9.819981427047811e6
0.40650000000000003	9.832099859350719e6
0.40700000000000003	9.84421882109863e6
0.40750000000000003	9.856338287767503e6
0.40800000000000003	9.868458235194165e6
0.40850000000000003	9.88057863956853e6
0.40900000000000003	9.892699477426067e6
0.40950000000000003	9.904820725640418e6
0.41000000000000003	9.916942361416254e6
0.41050000000000003	9.929064361687006e6
0.41100000000000003	9.94118670328369e6
0.41150000000000003	9.953309369653655e6
0.41200000000000003	9.965432335023941e6
0.41250000000000003	9.977555563446712e6
0.41300000000000003	9.989679012512263e6
0.41350000000000003	1.0001802662485989e7
0.41400000000000003	1.0013926494426863e7
0.41450000000000004	1.0026050489949448e7
0.41500000000000004	1.0038174631201796e7
0.41550000000000004	1.005029890084458e7
0.41600000000000004	1.0062423282031415e7
0.4165	1.0074547758229816e7
0.417	1.008667231317958e7
0.4175	1.0098796931399118e7
0.418	1.0110921597847242e7
0.4185	1.012304629789634e7
0.419	1.0135171017318223e7
0.4195	1.0147295742270658e7
0.42	1.0159420459284585e7
0.4205	1.0171545155251939e7
0.421	1.0183669817414133e7
0.4215	1.0195794433351027e7
0.422	1.0207918990970466e7
0.4225	1.0220043478498287e7
0.423	1.023216788446885e7
0.4235	1.0244292197715893e7
0.424	1.0256416407363951e7
0.4245	1.026854050282005e7
0.425	1.0280664473765794e7
0.4255	1.0292788310149942e7
0.426	1.0304912005184634e7
0.4265	1.0317035552382173e7
0.427	1.032915894232575e7
0.4275	1.0341282165798735e7
0.428	1.0353405213778334e7
0.4285	1.0365528077431416e7
0.429	1.0377650748110024e7
0.4295	1.0389773217347061e7
0.43	1.0401895476850685e7
0.4305	1.0414017518498935e7
0.431	1.0426139334342794e7
0.4315	1.0438260916598726e7
0.432	1.04503822576448e7
0.4325	1.0462503350017235e7
0.433	1.047462418640705e7
0.4335	1.0486744759656856e7
0.434	1.0498865062757714e7
0.4345	1.0510985088846168e7
0.435	1.0523104831201293e7
0.4355	1.0535224283241916e7
0.436	1.0547343438523913e7
0.4365	1.055946229073755e7
0.437	1.0571580833704973e7
0.4375	1.0583699061377753e7
0.438	1.059581696783452e7
0.4385	1.0607934547278637e7
0.439	1.0620051794036033e7
0.4395	1.0632168702553002e7
0.44	1.0644285267394159e7
0.4405	1.0656401483713029e7
0.441	1.0668517349846555e7
0.4415	1.0680632861379977e7
0.442	1.0692748013247207e7
0.4425	1.0704862800462466e7
0.443	1.0716977218119057e7
0.4435	1.0729091261381345e7
0.444	1.0741204925467715e7
0.4445	1.0753318205698745e7
0.445	1.0765431097473321e7
0.4455	1.077754359626415e7
0.446	1.0789655697616713e7
0.4465	1.0801767397148227e7
0.447	1.0813878690546725e7
0.4475	1.0825989573569998e7
0.448	1.0838100042044744e7
0.4485	1.0850210091865601e7
0.449	1.0862319718994258e7
0.4495	1.0874428919458594e7
0.45	1.0886537689351823e7
0.4505	1.0898646024831671e7
0.451	1.0910753922119554e7
0.4515	1.092286137749979e7
0.452	1.0934968387318823e7
0.4525	1.0947074947984511e7
0.453	1.0959181055965316e7
0.4535	1.0971286707789663e7
0.454	1.09833919000452e7
0.4545	1.0995496629378127e7
0.455	1.1007600892492512e7
0.4555	1.1019704686149681e7
0.456	1.1031808007182214e7
0.4565	1.1043910854020134e7
0.457	1.1056013224630095e7
0.4575	1.1068115116009613e7
0.458	1.1080216525157254e7
0.4585	1.109231744910098e7
0.459	1.1104417884906892e7
0.4595	1.111651782967889e7
0.46	1.112861728055827e7
0.4605	1.1140716234723382e7
0.461	1.115281468938923e7
0.4615	1.1164912641807191e7
0.462	1.1177010089264598e7
0.4625	1.1189107029084427e7
0.463	1.1201203458625002e7
0.4635	1.1213299375279596e7
0.464	1.1225394776476182e7
0.4645	1.1237489659677066e7
0.465	1.1249584022378622e7
0.4655	1.1261677862110946e7
0.466	1.1273771176437613e7
0.4665	1.128586396295532e7
0.467	1.1297956219293669e7
0.4675	1.1310047943114832e7
0.468	1.1322139132113308e7
0.4685	1.133422978401565e7
0.46900000000000003	1.1346319896580165e7
0.46950000000000003	1.1358409467596717e7
0.47000000000000003	1.1370498494886432e7
0.47050000000000003	1.1382586976300599e7
0.47100000000000003	1.139467490971023e7
0.47150000000000003	1.1406762293010361e7
0.47200000000000003	1.1418849124174802e7
0.47250000000000003	1.1430935401361395e7
0.47300000000000003	1.1443021123672936e7
0.47350000000000003	1.1455106289300654e7
0.47400000000000003	1.146719089628856e7
0.47450000000000003	1.1479274942702156e7
0.47500000000000003	1.1491358426628184e7
0.47550000000000003	1.1503441346174581e7
0.47600000000000003	1.1515523699470267e7
0.47650000000000003	1.1527605484665016e7
0.47700000000000004	1.1539686699929351e7
0.47750000000000004	1.1551767343454352e7
0.47800000000000004	1.1563847413451562e7
0.47850000000000004	1.1575926908152841e7
0.47900000000000004	1.1588005825810205e7
0.47950000000000004	1.160008416469576e7
0.48	1.1612161923101505e7
0.4805	1.1624239099339252e7
0.481	1.1636315691740487e7
0.4815	1.1648391698656226e7
0.482	1.1660467118456932e7
0.4825	1.1672541949532371e7
0.483	1.1684616190291509e7
0.4835	1.1696689839162376e7
0.484	1.1708762894591214e7
0.4845	1.1720835355003718e7
0.485	1.173290721886202e7
0.4855	1.1744978484670207e7
0.486	1.1757049150971098e7
0.4865	1.1769119216272393e7
0.487	1.1781188679150479e7
0.4875	1.1793257538185054e7
0.488	1.1805325791974416e7
0.4885	1.181739343913541e7
0.489	1.1829460478303827e7
0.4895	1.1841526908591153e7
0.49	1.185359272906547e7
0.4905	1.1865657938408444e7
0.491	1.1877722535315372e7
0.4915	1.188978651849509e7
0.492	1.1901849886669949e7
0.4925	1.1913912638575708e7
0.493	1.19259747729615e7
0.4935	1.1938036288589742e7
0.494	1.19500971842361e7
0.4945	1.196215745868941e7
0.495	1.1974217110751616e7
0.4955	1.1986276139237722e7
0.496	1.199833454297572e7
0.4965	1.2010392320806539e7
0.497	1.2022449471583974e7
0.4975	1.203450599417465e7
0.498	1.2046561887494667e7
0.4985	1.2058617150476601e7
0.499	1.207067178202429e7
0.4995	1.2082725781053487e7
0.5	1.2094779146491898e7
0.5005000000000001	1.2106831877279064e7
0.501	1.2118883972366327e7
0.5015000000000001	1.2130935430716805e7
0.502	1.2142986251305327e7
0.5025000000000001	1.215503643311835e7
0.503	1.2167085975153966e7
0.5035000000000001	1.2179134876421805e7
0.504	1.2191183135943014e7
0.5045000000000001	1.22032307527502e7
0.505	1.2215277725887394e7
0.5055000000000001	1.2227324054409977e7
0.506	1.2239369737384675e7
0.5065000000000001	1.2251414774110004e7
0.507	1.22634591639991e7
0.5075000000000001	1.2275502906150786e7
0.508	1.2287545999669315e7
0.5085000000000001	1.2299588443667332e7
0.509	1.2311630237265786e7
0.5095000000000001	1.2323671379593942e7
0.51	1.23357118697893e7
0.5105000000000001	1.2347751706997644e7
0.511	1.2359790890372925e7
0.5115000000000001	1.237182941906747e7
0.512	1.2383867292229265e7
0.5125	1.239590450903619e7
0.513	1.2407941068675367e7
0.5135	1.241997697034221e7
0.514	1.2432012213240474e7
0.5145	1.2444046796582172e7
0.515	1.2456080719587557e7
0.5155	1.2468113981485095e7
0.516	1.248014658151147e7
0.5165	1.2492178518911496e7
0.517	1.2504209792938158e7
0.5175	1.2516240402852522e7
0.518	1.2528270347923761e7
0.5185	1.25402996274291e7
0.519	1.255232824065381e7
0.5195	1.2564356186891148e7
0.52	1.257638346544238e7
0.5205	1.2588410075616736e7
0.521	1.2600436016731365e7
0.5215	1.2612461288111338e7
0.522	1.2624485889089627e7
0.5225	1.263650981900705e7
0.523	1.2648533077212293e7
0.5235	1.2660555663075784e7
0.524	1.2672577576227015e7
0.5245	1.2684598816137522e7
0.525	1.2696619382175801e7
0.5255	1.270863927368548e7
0.526	1.2720658490049595e7
0.5265	1.2732677030662712e7
0.527	1.2744694894925663e7
0.5275	1.2756712082245462e7
0.528	1.276872859203538e7
0.5285	1.2780744423714807e7
0.529	1.2792759576709379e7
0.5295	1.2804774050450852e7
0.53	1.2816787844377134e7
0.5305	1.2828800957932265e7
0.531	1.28408133905664e7
0.5315	1.2852825141735787e7
0.532	1.2864836210902788e7
0.5325	1.2876846597535806e7
0.533	1.2888856301109318e7
0.5335	1.2900865321103841e7
0.534	1.2912873657005936e7
0.5345	1.2924881308308154e7
0.535	1.2936888274509083e7
0.5355	1.2948894555113278e7
0.536	1.2960900149631288e7
0.5365	1.2972905057579607e7
0.537	1.2984909278480703e7
0.5375	1.2996912811862962e7
0.538	1.3008915657260722e7
0.5385	1.3020917814222727e7
0.539	1.3032919282429706e7
0.5395	1.3044920061478935e7
0.54	1.3056920150925532e7
0.5405	1.3068919550328966e7
0.541	1.3080918259261742e7
0.5415	1.3092916277448019e7
0.542	1.3104913604516992e7
0.5425	1.3116910240043271e7
0.543	1.312890618360468e7
0.5435	1.3140901434782228e7
0.544	1.3152895993160121e7
0.5445	1.316488985832573e7
0.545	1.317688302986961e7
0.5455	1.318887550738546e7
0.546	1.3200867290470164e7
0.5465	1.321285837872372e7
0.547	1.3224848771749273e7
0.5475	1.323683846915311e7
0.548	1.3248827470544642e7
0.5485	1.3260815775536368e7
0.549	1.3272803383743914e7
0.5495	1.3284790294786008e7
0.55	1.3296776508284474e7
0.5505	1.3308762023864202e7
0.551	1.3320746841153177e7
0.5515	1.3332730959782451e7
0.552	1.3344714379386025e7
0.5525	1.3356697099453218e7
0.553	1.3368679119492667e7
0.5535	1.3380660439151106e7
0.554	1.3392641058080576e7
0.5545	1.3404620975938406e7
0.555	1.3416600192387225e7
0.5555	1.3428578707094919e7
0.556	1.3440556519734653e7
0.5565	1.345253362998485e7
0.557	1.3464510037529208e7
0.5575	1.3476485742056638e7
0.558	1.348846074326132e7
0.5585	1.3500435040842686e7
0.559	1.351240863459617e7
0.5595	1.3524381524317496e7
0.56	1.3536353709720377e7
0.5605	1.3548325190522863e7
0.561	1.3560295966447385e7
0.5615	1.3572266037220702e7
0.562	1.358423540257395e7
0.5625	1.3596204062242575e7
0.5630000000000001	1.3608172015966369e7
0.5635	1.3620139263489466e7
0.5640000000000001	1.3632105804560315e7
0.5645	1.3644071638931694e7
0.5650000000000001	1.3656036766360683e7
0.5655	1.3668001186608696e7
0.5660000000000001	1.3679964899505446e7
0.5665	1.369192790498497e7
0.5670000000000001	1.3703890202827536e7
0.5675	1.3715851792807424e7
0.5680000000000001	1.3727812674701344e7
0.5685	1.373977284828835e7
0.5690000000000001	1.3751732313349895e7
0.5695	1.3763691069669783e7
0.5700000000000001	1.3775649117034195e7
0.5705	1.3787606455231663e7
0.5710000000000001	1.3799563084053094e7
0.5715	1.3811519003291726e7
0.5720000000000001	1.3823474212743169e7
0.5725	1.383542871220538e7
0.5730000000000001	1.3847382501478646e7
0.5735	1.38593355803656e7
0.5740000000000001	1.3871287948671216e7
0.5745	1.3883239606202798e7
0.5750000000000001	1.3895190552769985e7
0.5755	1.390714078818473e7
0.5760000000000001	1.3919090312261315e7
0.5765	1.3931039124833638e7
0.577	1.394298722580951e7
0.5775	1.3954934615022207e7
0.578	1.3966881292294055e7
0.5785	1.3978827257449161e7
0.579	1.3990772510313364e7
0.5795	1.4002717050699202e7
0.58	1.4014660878306057e7
0.5805	1.4026603992936192e7
0.581	1.40385463944251e7
0.5815	1.4050488082611417e7
0.582	1.4062429057336895e7
0.5825	1.4074369318446418e7
0.583	1.4086308865788005e7
0.5835	1.4098247699212808e7
0.584	1.4110185818575079e7
0.5845	1.4122123223732201e7
0.585	1.413405991454468e7
0.5855	1.4145995890876126e7
0.586	1.415793115259326e7
0.5865	1.416986569956593e7
0.587	1.4181799531667063e7
0.5875	1.4193732648772705e7
0.588	1.4205665050761998e7
0.5885	1.4217596737517191e7
0.589	1.4229527708923623e7
0.5895	1.4241457964869717e7
0.59	1.4253387505247002e7
0.5905	1.4265316329950092e7
0.591	1.4277244438876672e7
0.5915	1.4289171831927534e7
0.592	1.4301098509006537e7
0.5925	1.4313024470020622e7
0.593	1.4324949714880053e7
0.5935	1.4336874243557135e7
0.594	1.4348798056013107e7
0.5945	1.4360721152204975e7
0.595	1.4372643532107165e7
0.5955	1.438456519564175e7
0.596	1.4396486142732207e7
0.5965	1.4408406373303786e7
0.597	1.4420325887283523e7
0.5975	1.4432244684600225e7
0.598	1.4444162765184468e7
0.5985	1.4456080128968604e7
0.599	1.4467996775886765e7
0.5995	1.4479912705874827e7
0.6	1.4491827918870473e7
0.6005	1.4503742414813107e7
0.601	1.4515656193643937e7
0.6015	1.4527569255305918e7
0.602	1.4539481599743761e7
0.6025	1.4551393226903949e7
0.603	1.456330413673472e7
0.6035	1.4575214329186074e7
0.604	1.4587123804209767e7
0.6045	1.4599032561759306e7
0.605	1.4610940601789963e7
0.6055	1.4622847924258748e7
0.606	1.4634754529124433e7
0.6065	1.464666041634755e7
0.607	1.4658565585882122e7
0.6075	1.4670470037667822e7
0.608	1.4682373771669133e7
0.6085	1.4694276787854178e7
0.609	1.470617908619309e7
0.6095	1.4718080666658029e7
0.61	1.472998152922316e7
0.6105	1.4741881673864687e7
0.611	1.4753781100560792e7
0.6115	1.4765679809291707e7
0.612	1.4777577800040817e7
0.6125	1.4789475072841195e7
0.613	1.480137162770463e7
0.6135	1.4813267464618761e7
0.614	1.4825162583572887e7
0.6145	1.4837056984557958e7
0.615	1.484895066756659e7
0.6155	1.4860843632593025e7
0.616	1.487273587963315e7
0.6165	1.4884627408684533e7
0.617	1.4896518219746364e7
0.6175	1.4908408312819488e7
0.618	1.4920297687906386e7
0.6185	1.4932186345011193e7
0.619	1.4944074284139687e7
0.6195	1.4955961505299293e7
0.62	1.4967848008499054e7
0.6205	1.4979733793748489e7
0.621	1.4991618861039562e7
0.6215	1.5003503210379107e7
0.622	1.5015386841783172e7
0.6225	1.5027269755269658e7
0.623	1.5039151950858338e7
0.6235	1.5051033428570855e7
0.624	1.5062914188430727e7
0.6245	1.5074794230463311e7
0.625	1.5086673554695852e7
0.6255000000000001	1.5098552161157459e7
0.626	1.5110430049879085e7
0.6265000000000001	1.512230722089357e7
0.627	1.5134183674235592e7
0.6275000000000001	1.51460594099417e7
0.628	1.5157934428050313e7
0.6285000000000001	1.5169808728601696e7
0.629	1.5181682311637964e7
0.6295000000000001	1.5193555177203113e7
0.63	1.5205427325346338e7
0.6305000000000001	1.5217298756152663e7
0.631	1.5229169469681833e7
0.6315000000000001	1.5241039465984808e7
0.632	1.525290874511415e7
0.6325000000000001	1.526477730712404e7
0.633	1.5276645152070284e7
0.6335000000000001	1.5288512280010305e7
0.634	1.5300378691003112e7
0.6345000000000001	1.5312244385124316e7
0.635	1.532410936246186e7
0.6355000000000001	1.5335973623079618e7
0.636	1.5347837167042287e7
0.6365000000000001	1.5359699994415848e7
0.637	1.537156210526754e7
0.6375000000000001	1.5383423499665927e7
0.638	1.5395284177680805e7
0.6385000000000001	1.5407144139383286e7
0.639	1.5419003384845743e7
0.6395000000000001	1.5430861914141836e7
0.64	1.5442719727346506e7
0.6405	1.5454576824535958e7
0.641	1.5466433205787692e7
0.6415	1.5478288871180486e7
0.642	1.5490143820794385e7
0.6425	1.5501998054710703e7
0.643	1.5513851573012054e7
0.6435	1.5525704375782311e7
0.644	1.5537556463106634e7
0.6445	1.5549407835071443e7
0.645	1.5561258491764458e7
0.6455	1.5573108433274645e7
0.646	1.558495765969227e7
0.6465	1.5596806171108847e7
0.647	1.5608653967617199e7
0.6475	1.5620501049311383e7
0.648	1.5632347416287832e7
0.6485	1.5644193068632588e7
0.649	1.5656038006438088e7
0.6495	1.5667882229803951e7
0.65	1.567972573883134e7
0.6505	1.5691568533622924e7
0.651	1.5703410614282936e7
0.6515	1.5715251980917076e7
0.652	1.5727092633632626e7
0.6525	1.573893257253835e7
0.653	1.5750771797744563e7
0.6535	1.5762610309363082e7
0.654	1.5774448107507274e7
0.6545	1.578628519229199e7
0.655	1.5798121563833646e7
0.6555	1.5809957222250145e7
0.656	1.5821792167660931e7
0.6565	1.5833626400186956e7
0.657	1.5845459919950703e7
0.6575	1.585729272707617e7
0.658	1.586912482168888e7
0.6585	1.5880956203915857e7
0.659	1.5892786873885665e7
0.6595	1.5904616831728378e7
0.66	1.5916446077575589e7
0.6605	1.5928274611560399e7
0.661	1.5940102433817454e7
0.6615	1.5951929544482868e7
0.662	1.5963755943713766e7
0.6625	1.597558163168027e7
0.663	1.598740660852293e7
0.6635	1.5999230874382967e7
0.664	1.6011054429402746e7
0.6645	1.602287727372572e7
0.665	1.6034699407496473e7
0.6655	1.6046520830860678e7
0.666	1.605834154397271e7
0.6665	1.6070161547010053e7
0.667	1.6081980840124514e7
0.6675	1.6093799423465827e7
0.668	1.610561729718465e7
0.6685	1.6117434461432554e7
0.669	1.612925091636205e7
0.6695	1.6141066662126547e7
0.67	1.6152881698880399e7
0.6705	1.6164696026778875e7
0.671	1.6176509645978164e7
0.6715	1.618832255663537e7
0.672	1.620013475890855e7
0.6725	1.6211946252956636e7
0.673	1.622375703893953e7
0.6735	1.6235567117018018e7
0.674	1.6247376487353835e7
0.6745	1.625918515010962e7
0.675	1.6270993105448939e7
0.6755	1.6282800353535108e7
0.676	1.6294606894517835e7
0.6765	1.6306412728558637e7
0.677	1.6318217855825098e7
0.6775	1.6330022276485875e7
0.678	1.6341825990710726e7
0.6785	1.6353628998670511e7
0.679	1.6365431300537169e7
0.6795	1.6377232896483742e7
0.68	1.638903378668436e7
0.6805	1.6400833971314238e7
0.681	1.6412633450549709e7
0.6815	1.6424432224568164e7
0.682	1.643623029354812e7
0.6825	1.6448027657669155e7
0.683	1.6459824317111967e7
0.6835	1.6471620272058327e7
0.684	1.64834155226979e7
0.6845	1.6495210069233015e7
0.685	1.6507003911849648e7
0.6855	1.651879705073364e7
0.686	1.6530589486071853e7
0.6865	1.654238121805208e7
0.687	1.6554172246863112e7
0.6875	1.6565962572694676e7
0.6880000000000001	1.6577752195737507e7
0.6885	1.6589541116183272e7
0.6890000000000001	1.6601329334224628e7
0.6895	1.661311684999037e7
0.6900000000000001	1.6624903663511867e7
0.6905	1.6636689774979044e7
0.6910000000000001	1.6648475184592629e7
0.6915	1.6660259892556196e7
0.6920000000000001	1.667204389907613e7
0.6925	1.6683827204361634e7
0.6930000000000001	1.6695609808624769e7
0.6935	1.6707391712080384e7
0.6940000000000001	1.671917291494617e7
0.6945	1.6730953417442627e7
0.6950000000000001	1.6742733219793098e7
0.6955	1.6754512322223706e7
0.6960000000000001	1.6766290724963421e7
0.6965	1.677806842824402e7
0.6970000000000001	1.67898454323001e7
0.6975	1.6801621737369042e7
0.6980000000000001	1.6813397343691085e7
0.6985	1.6825172251509245e7
0.6990000000000001	1.683694646106935e7
0.6995	1.684871997262004e7
0.7000000000000001	1.686049278641278e7
0.7005	1.687226490270179e7
0.7010000000000001	1.688403632174414e7
0.7015	1.6895807043799687e7
0.7020000000000001	1.690757706913806e7
0.7025	1.6919346398037557e7
0.7030000000000001	1.6931115030771263e7
0.7035	1.6942882968071554e7
0.704	1.695465021051381e7
0.7045	1.696641675836435e7
0.705	1.6978182611886095e7
0.7055	1.698994777133868e7
0.706	1.700171223697833e7
0.7065	1.701347600905798e7
0.707	1.7025239087827194e7
0.7075	1.7037001473532215e7
0.708	1.704876316641594e7
0.7085	1.7060524166717947e7
0.709	1.707228447467448e7
0.7095	1.708404409051845e7
0.71	1.709580301447945e7
0.7105	1.7107561246783756e7
0.711	1.7119318787654314e7
0.7115	1.713107563731076e7
0.712	1.714283179596941e7
0.7125	1.715458726384329e7
0.713	1.7166342041142087e7
0.7135	1.7178096128072176e7
0.714	1.7189849524836667e7
0.7145	1.7201602231635332e7
0.715	1.721335424866464e7
0.7155	1.7225105576117788e7
0.716	1.7236856214184638e7
0.7165	1.72486061630518e7
0.717	1.726035542280109e7
0.7175	1.7272103992764898e7
0.718	1.7283851872937366e7
0.7185	1.7295599063509203e7
0.719	1.7307345564676736e7
0.7195	1.7319091376641937e7
0.72	1.7330836499624033e7
0.7205	1.7342580933849353e7
0.721	1.7354324679536585e7
0.7215	1.736606773690988e7
0.722	1.73778101061989e7
0.7225	1.7389551787638802e7
0.723	1.7401292781470217e7
0.7235	1.7413033087939292e7
0.724	1.742477270729766e7
0.7245	1.743651163980241e7
0.725	1.7448249885716137e7
0.7255	1.7459987445306923e7
0.726	1.7471724318848286e7
0.7265	1.748346050661925e7
0.727	1.749519600890429e7
0.7275	1.7506930825993367e7
0.728	1.7518664958181854e7
0.7285	1.7530398405770637e7
0.729	1.7542131169066027e7
0.7295	1.755386324837978e7
0.73	1.7565594644029103e7
0.7305	1.7577325356336664e7
0.731	1.7589055385814685e7
0.7315	1.7600784733325772e7
0.732	1.7612513399234977e7
0.7325	1.7624241383873668e7
0.733	1.7635968687572774e7
0.7335	1.7647695310662847e7
0.734	1.7659421253474023e7
0.7345	1.7671146516336072e7
0.735	1.7682871099578325e7
0.7355	1.7694595003529746e7
0.736	1.770631822851888e7
0.7365	1.7718040774873916e7
0.737	1.7729762642922603e7
0.7375	1.7741483832992397e7
0.738	1.775320434541537e7
0.7385	1.776492418052117e7
0.739	1.777664333863592e7
0.7395	1.7788361820085365e7
0.74	1.7800079625194754e7
0.7405	1.781179675428897e7
0.741	1.782351320769244e7
0.7415	1.7835228985729165e7
0.742	1.7846944088722732e7
0.7425	1.785865851699629e7
0.743	1.7870372270872593e7
0.7435	1.7882085350673936e7
0.744	1.7893797756722227e7
0.7445	1.790550948933894e7
0.745	1.7917220548743304e7
0.7455	1.7928930935115993e7
0.746	1.794064064877906e7
0.7465	1.7952349690056913e7
0.747	1.796405805927544e7
0.7475	1.7975765756761987e7
0.748	1.7987472782845367e7
0.7485	1.7999179137855873e7
0.749	1.801088482212525e7
0.7495	1.80225898359867e7
0.75	1.8034294179774918e7
0.7505000000000001	1.804599785382605e7
0.751	1.805770085847767e7
0.7515000000000001	1.8069403194068868e7
0.752	1.8081104860940162e7
0.7525000000000001	1.809280585943354e7
0.753	1.8104506189892445e7
0.7535000000000001	1.8116205852661785e7
0.754	1.812790484808792e7
0.7545000000000001	1.8139603176518667e7
0.755	1.815130083830331e7
0.7555000000000001	1.816299783379374e7
0.756	1.8174694163356505e7
0.7565000000000001	1.818638982734945e7
0.757	1.81980848261275e7
0.7575000000000001	1.8209779160046924e7
0.758	1.822147282946538e7
0.7585000000000001	1.823316583474192e7
0.759	1.8244858176250547e7
0.7595000000000001	1.8256549854363475e7
0.76	1.8268240869443476e7
0.7605000000000001	1.827993122185449e7
0.761	1.8291620911961615e7
0.7615000000000001	1.830330994013113e7
0.762	1.8314998306730453e7
0.7625000000000001	1.832668601212819e7
0.763	1.8338373056694105e7
0.7635000000000001	1.8350059440799125e7
0.764	1.836174516481532e7
0.7645000000000001	1.8373430229115967e7
0.765	1.838511463407545e7
0.7655000000000001	1.839679838006936e7
0.766	1.840848146747441e7
0.7665000000000001	1.84201638966685e7
0.767	1.8431845668030664e7
0.7675000000000001	1.8443526781941123e7
0.768	1.8455207238781232e7
0.7685	1.8466887038933504e7
0.769	1.8478566182781626e7
0.7695	1.849024467071041e7
0.77	1.8501922503105856e7
0.7705	1.851359968035508e7
0.771	1.8525276202846386e7
0.7715	1.853695207096921e7
0.772	1.8548627285114136e7
0.7725	1.8560301845658757e7
0.773	1.8571975752178982e7
0.7735	1.85836490046026e7
0.774	1.8595321603350557e7
0.7745	1.8606993548847053e7
0.775	1.861866484152643e7
0.7755	1.863033548183412e7
0.776	1.864200547022666e7
0.7765	1.865367480717165e7
0.777	1.8665343493147753e7
0.7775	1.8677011528644666e7
0.778	1.8688678914163146e7
0.7785	1.870034565021495e7
0.779	1.871201173732284e7
0.7795	1.8723677176020566e7
0.78	1.8735341966852862e7
0.7805	1.8747006110375408e7
0.781	1.875866960715483e7
0.7815	1.877033245776868e7
0.782	1.8781994662805434e7
0.7825	1.879365622286443e7
0.783	1.88053171385559e7
0.7835	1.8816977410500925e7
0.784	1.8828637039331432e7
0.7845	1.884029602569015e7
0.785	1.885195437023063e7
0.7855	1.8863612073617186e7
0.786	1.887526913652491e7
0.7865	1.8886925559694923e7
0.787	1.889858134680913e7
0.7875	1.891023650025294e7
0.788	1.8921891020681944e7
0.7885	1.8933544908726424e7
0.789	1.8945198164991464e7
0.7895	1.8956850790056936e7
0.79	1.896850278447755e7
0.7905	1.898015414878292e7
0.791	1.8991804883477587e7
0.7915	1.900345498903658e7
0.792	1.9015104465908173e7
0.7925	1.9026753314521886e7
0.793	1.9038401535282362e7
0.7935	1.9050049128569357e7
0.794	1.9061696094737794e7
0.7945	1.9073342434117727e7
0.795	1.9084988147014406e7
0.7955	1.909663323370827e7
0.796	1.910827769445498e7
0.7965	1.9119921529485404e7
0.797	1.9131564739005644e7
0.7975	1.9143207323197056e7
0.798	1.9154849282216225e7
0.7985	1.9166490616194997e7
0.799	1.917813132524047e7
0.7995	1.9189771409434978e7
0.8	1.9201410868836116e7
0.8005	1.9213049703476697e7
0.801	1.9224687909689512e7
0.8015	1.923632548384461e7
0.802	1.9247962425983097e7
0.8025	1.9259598736176778e7
0.803	1.9271234414528303e7
0.8035	1.9282869461171053e7
0.804	1.9294503876269232e7
0.8045	1.9306137660017766e7
0.805	1.931777081264238e7
0.8055	1.9329403334399562e7
0.806	1.9341035225576513e7
0.8065	1.935266648649118e7
0.807	1.9364297117492214e7
0.8075	1.9375927118958928e7
0.808	1.9387556491301317e7
0.8085	1.939918523495999e7
0.809	1.9410813350407872e7
0.8095	1.9422440838177256e7
0.81	1.9434067698811498e7
0.8105	1.9445693932873003e7
0.811	1.94573195409544e7
0.8115	1.9468944523678508e7
0.812	1.948056888169828e7
0.8125	1.9492192615696732e7
0.8130000000000001	1.950381572638691e7
0.8135	1.9515438214511823e7
0.8140000000000001	1.9527060080844384e7
0.8145	1.9538681326187376e7
0.8150000000000001	1.9550301952939313e7
0.8155	1.9561921964360397e7
0.8160000000000001	1.957354136132441e7
0.8165	1.9585160144677706e7
0.8170000000000001	1.959677831526603e7
0.8175	1.9608395873934507e7
0.8180000000000001	1.96200128215276e7
0.8185	1.963162915888917e7
0.8190000000000001	1.9643244886862453e7
0.8195	1.965486000629004e7
0.8200000000000001	1.966647451801393e7
0.8205	1.9678088422875464e7
0.8210000000000001	1.9689701721715383e7
0.8215	1.9701314415373802e7
0.8220000000000001	1.9712926504690226e7
0.8225	1.9724537990503523e7
0.8230000000000001	1.9736148873651974e7
0.8235	1.9747759154973205e7
0.8240000000000001	1.9759368835304264e7
0.8245	1.977097791548157e7
0.8250000000000001	1.978258639634094e7
0.8255	1.9794194278717563e7
0.8260000000000001	1.9805801563446045e7
0.8265	1.9817408251360357e7
0.8270000000000001	1.9829014343288653e7
0.8275	1.984061984004946e7
0.8280000000000001	1.9852224742474277e7
0.8285	1.986382905139486e7
0.8290000000000001	1.987543276767905e7
0.8295	1.9887035892323148e7
0.8300000000000001	1.9898638426175833e7
0.8305	1.9910240370063275e7
0.8310000000000001	1.9921841724809516e7
0.8315	1.993344249123644e7
0.8320000000000001	1.994504267016381e7
0.8325	1.9956642262409233e7
0.833	1.996824126878822e7
0.8335	1.997983969011413e7
0.834	1.9991437527198236e7
0.8345	2.0003034780849665e7
0.835	2.001463145187547e7
0.8355	2.0026227541080594e7
0.836	2.003782304926785e7
0.8365	2.0049417977238026e7
0.837	2.0061012325789753e7
0.8375	2.0072606095719628e7
0.838	2.0084199287822135e7
0.8385	2.009579190288973e7
0.839	2.0107383941712745e7
0.8395	2.0118975405079506e7
0.84	2.0130566293776236e7
0.8405	2.0142156608587135e7
0.841	2.0153746350294326e7
0.8415	2.016533551967791e7
0.842	2.017692411751595e7
0.8425	2.0188512144584462e7
0.843	2.0200099601667725e7
0.8435	2.0211686491948515e7
0.844	2.022327281802623e7
0.8445	2.0234858580617517e7
0.845	2.0246443780416388e7
0.8455	2.0258028418077804e7
0.846	2.0269612494218778e7
0.8465	2.0281196009423345e7
0.847	2.029277896424257e7
0.8475	2.030436135919465e7
0.848	2.0315943194764912e7
0.8485	2.032752447140586e7
0.849	2.0339105189537212e7
0.8495	2.035068534954596e7
0.85	2.0362264951786354e7
0.8505	2.0373843996579956e7
0.851	2.0385422484215647e7
0.8515	2.039700041494967e7
0.852	2.040857778900559e7
0.8525	2.0420154606574357e7
0.853	2.0431730867814288e7
0.8535	2.0443306572851077e7
0.854	2.045488172177777e7
0.8545	2.046645631465482e7
0.855	2.0478030351509996e7
0.8555	2.048960383233843e7
0.856	2.0501176757102594e7
0.8565	2.051274912573227e7
0.857	2.052432093812449e7
0.8575	2.0535892193268795e7
0.858	2.0547462882473584e7
0.8585	2.0559033003449555e7
0.859	2.0570602556119367e7
0.8595	2.0582171540457897e7
0.86	2.0593739956492208e7
0.8605	2.060530780430162e7
0.861	2.0616875084017668e7
0.8615	2.0628441795824174e7
0.862	2.0640007939957157e7
0.8625	2.0651573516706325e7
0.863	2.0663138526415084e7
0.8635	2.0674702969476126e7
0.864	2.0686266846334126e7
0.8645	2.0697830157485817e7
0.865	2.07093929034799e7
0.8655	2.0720955084916983e7
0.866	2.07325167024495e7
0.8665	2.074407775678163e7
0.867	2.0755638248669166e7
0.8675	2.0767198178919457e7
0.868	2.077875754839124e7
0.8685	2.0790316357994564e7
0.869	2.0801874608690605e7
0.8695	2.081343230149155e7
0.87	2.0824989437460463e7
0.8705	2.08365460177111e7
0.871	2.0848102043407723e7
0.8715	2.085965751576496e7
0.872	2.087121243878252e7
0.8725	2.0882766819471385e7
0.873	2.0894320659284826e7
0.8735	2.0905873959482666e7
0.874	2.0917426721311755e7
0.8745	2.0928978946006022e7
0.875	2.094053063478647e7
0.8755000000000001	2.0952081788861286e7
0.876	2.0963632409425847e7
0.8765000000000001	2.0975182497662775e7
0.877	2.0986732054741982e7
0.8775000000000001	2.09982810818207e7
0.878	2.100982958004357e7
0.8785000000000001	2.1021377550542608e7
0.879	2.103292499443731e7
0.8795000000000001	2.1044471912834678e7
0.88	2.1056018306829177e7
0.8805000000000001	2.1067564177502427e7
0.881	2.107910952592407e7
0.8815000000000001	2.1090654353151508e7
0.882	2.1102198660229817e7
0.8825000000000001	2.1113742448191833e7
0.883	2.1125285718058154e7
0.8835000000000001	2.1136828470837194e7
0.884	2.1148370707525197e7
0.8845000000000001	2.1159912429106303e7
0.885	2.1171453636552546e7
0.8855000000000001	2.1182994330823924e7
0.886	2.119453451286843e7
0.8865000000000001	2.1206074182172008e7
0.887	2.1217613337383192e7
0.8875000000000001	2.1229151979425717e7
0.888	2.1240690109266464e7
0.8885000000000001	2.125222772788707e7
0.889	2.1263764836283907e7
0.8895000000000001	2.1275301435468037e7
0.89	2.128683752646516e7
0.8905000000000001	2.1298373110315554e7
0.891	2.1309908188074056e7
0.8915000000000001	2.1321442760810025e7
0.892	2.1332976829607237e7
0.8925000000000001	2.1344510395563904e7
0.893	2.135604345979258e7
0.8935000000000001	2.136757602342016e7
0.894	2.1379108087587748e7
0.8945000000000001	2.1390639653450698e7
0.895	2.140217072217851e7
0.8955000000000001	2.1413701294954807e7
0.896	2.1425231372977242e7
0.8965	2.1436760957457483e7
0.897	2.1448290049621172e7
0.8975	2.145981865070782e7
0.898	2.1471346761971135e7
0.8985	2.148287438467845e7
0.899	2.149440152011064e7
0.8995	2.1505928169562265e7
0.9	2.1517454334341478e7
0.9005	2.1528980015770014e7
0.901	2.154050521514116e7
0.9015	2.1552029933694705e7
0.902	2.1563554172788598e7
0.9025	2.1575077933800865e7
0.903	2.1586601218123898e7
0.9035	2.159812402716436e7
0.904	2.160964636234316e7
0.9045	2.1621168225095354e7
0.905	2.163268961687009e7
0.9055	2.1644210539130546e7
0.906	2.165573099335388e7
0.9065	2.1667250981031083e7
0.907	2.1678770503667016e7
0.9075	2.169028956278028e7
0.908	2.170180815990315e7
0.9085	2.1713326296581525e7
0.909	2.1724843974374827e7
0.9095	2.173636119485597e7
0.91	2.1747877959611256e7
0.9105	2.1759394270240314e7
0.911	2.1770910128356025e7
0.9115	2.178242553558446e7
0.912	2.1793940493564796e7
0.9125	2.1805455003949236e7
0.913	2.181696906840296e7
0.9135	2.1828482688604023e7
0.914	2.183999586624329e7
0.9145	2.1851508603024367e7
0.915	2.1863020900663525e7
0.9155	2.187453276078067e7
0.916	2.1886044181784604e7
0.9165	2.1897555163977228e7
0.917	2.190906570919106e7
0.9175	2.1920575819304254e7
0.918	2.1932085496240318e7
0.9185	2.1943594741967857e7
0.919	2.195510355850022e7
0.9195	2.1966611947895214e7
0.92	2.1978119912254833e7
0.9205	2.198962745372487e7
0.921	2.2001134574494626e7
0.9215	2.201264127679659e7
0.922	2.2024147562906105e7
0.9225	2.2035653435140986e7
0.923	2.2047158895861227e7
0.9235	2.2058663947468616e7
0.924	2.2070168592406396e7
0.9245	2.208167283315889e7
0.925	2.2093176672251154e7
0.9255	2.2104680112248585e7
0.926	2.2116183155756578e7
0.9265	2.2127685805420097e7
0.927	2.2139188063923344e7
0.9275	2.2150689933989365e7
0.928	2.216219141837962e7
0.9285	2.2173692519893635e7
0.929	2.2185193241368577e7
0.9295	2.219669358567888e7
0.93	2.22081935557358e7
0.9305	2.221969315443966e7
0.931	2.2231192383526225e7
0.9315	2.224269124547431e7
0.932	2.2254189743364967e7
0.9325	2.2265687880325887e7
0.933	2.2277185659510113e7
0.9335	2.2288683084102888e7
0.934	2.2300180157368366e7
0.9345	2.231167688261588e7
0.935	2.2323173263198834e7
0.9355	2.233466930251421e7
0.936	2.2346165004001938e7
0.9365	2.235766037114431e7
0.937	2.2369155407465424e7
0.9375	2.238065011653056e7
0.9380000000000001	2.239214450194565e7
0.9385	2.2403638567356616e7
0.9390000000000001	2.2415132316448838e7
0.9395	2.2426625752946503e7
0.9400000000000001	2.243811888061207e7
0.9405	2.2449611703245617e7
0.9410000000000001	2.246110422468427e7
0.9415	2.2472596448801592e7
0.9420000000000001	2.2484088379507005e7
0.9425	2.249558002074514e7
0.9430000000000001	2.2507071376495298e7
0.9435	2.25185624507708e7
0.9440000000000001	2.2530053247618403e7
0.9445	2.25415437711177e7
0.9450000000000001	2.2553034025380526e7
0.9455	2.2564524014550336e7
0.9460000000000001	2.257601374216814e7
0.9465	2.258750320078625e7
0.9470000000000001	2.259899239040533e7
0.9475	2.2610481315546177e7
0.9480000000000001	2.2621969980857205e7
0.9485	2.2633458391112335e7
0.9490000000000001	2.264494655120846e7
0.9495	2.265643446616313e7
0.9500000000000001	2.2667922141112097e7
0.9505	2.2679409581320398e7
0.9510000000000001	2.2690896792178016e7
0.9515	2.270238377916076e7
0.9520000000000001	2.2713870547851894e7
0.9525	2.2725357103940096e7
0.9530000000000001	2.2736843453216985e7
0.9535	2.274832960157445e7
0.9540000000000001	2.275981555500211e7
0.9545	2.2771301319584675e7
0.9550000000000001	2.2782786901499394e7
0.9555	2.2794272307013378e7
0.9560000000000001	2.2805757542481076e7
0.9565	2.2817242614341587e7
0.9570000000000001	2.2828727529116124e7
0.9575	2.2840212293405406e7
0.9580000000000001	2.2851696913887043e7
0.9585	2.286318139731303e7
0.9590000000000001	2.2874665750507127e7
0.9595	2.2886149980362356e7
0.96	2.289763409383848e7
0.9605	2.2909118097959485e7
0.961	2.292060199981221e7
0.9615	2.293208580653952e7
0.962	2.2943569525520876e7
0.9625	2.295505309772989e7
0.963	2.2966536409406733e7
0.9635	2.297801948821993e7
0.964	2.2989502364383038e7
0.9645	2.3000985066367734e7
0.965	2.3012467621036045e7
0.9655	2.302395005375828e7
0.966	2.3035432388518516e7
0.9665	2.304691464800936e7
0.967	2.3058396853717204e7
0.9675	2.306987902599914e7
0.968	2.3081361184150275e7
0.9685	2.3092843346467827e7
0.969	2.310432553031372e7
0.9695	2.311580775216319e7
0.97	2.312729002765238e7
0.9705	2.313877237162206e7
0.971	2.315025479815737e7
0.9715	2.3161737320624564e7
0.972	2.317321995170448e7
0.9725	2.3184702703423433e7
0.973	2.3196185587181624e7
0.9735	2.3207668613779183e7
0.974	2.3219151793640777e7
0.9745	2.323063513596692e7
0.975	2.3242118650186576e7
0.9755	2.3253602344914943e7
0.976	2.326508622827222e7
0.9765	2.327657030789891e7
0.977	2.3288054590970136e7
0.9775	2.329953908420883e7
0.978	2.3311023793897882e7
0.9785	2.332250872589148e7
0.979	2.333399388562537e7
0.9795	2.334547927814401e7
0.98	2.335696490802628e7
0.9805	2.33684507825879e7
0.981	2.337993690503038e7
0.9815	2.3391423275324065e7
0.982	2.3402909894568995e7
0.9825	2.341439676498996e7
0.983	2.3425883889925897e7
0.9835	2.3437371273813408e7
0.984	2.3448858922299415e7
0.9845	2.346034684469233e7
0.985	2.347183504847824e7
0.9855	2.3483323539364427e7
0.986	2.3494812322331693e7
0.9865	2.350630139997289e7
0.987	2.3517790776447114e7
0.9875	2.352928045714155e7
0.988	2.3540770448111583e7
0.9885	2.3552260757802427e7
0.989	2.356375139284428e7
0.9895	2.357524235853089e7
0.99	2.358673365954041e7
0.9905	2.35982253000148e7
0.991	2.3609717283419028e7
0.9915	2.362120961256148e7
0.992	2.3632702289617993e7
0.9925	2.3644195315858193e7
0.993	2.3655688692233514e7
0.9935	2.366718241939738e7
0.994	2.3678676497563887e7
0.9945	2.369017092633002e7
0.995	2.3701665705009226e7
0.9955	2.3713160832694087e7
0.996	2.372465631314403e7
0.9965	2.373615103997772e7
0.997	2.374764554317261e7
0.9975	2.3759141975839432e7
0.998	2.377063826985632e7
0.9985	2.3782136676415022e7
0.999	2.3793635872616492e7
0.9995	2.3805135416437425e7