0.	0.
0.0005	18179.722026237705
0.001	36359.44410313225
0.0015	54539.1662813559
0.002	72718.88861155906
0.0025	90898.61114440243
0.003	109078.33393055442
0.0035	127258.05702067057
0.004	145437.78046540645
0.0045000000000000005	163617.5043154292
0.005	181797.22864416626
0.0055	199976.95353901206
0.006	218156.6790501159
0.006500000000000001	236336.40522219831
0.007	254516.13199425823
0.0075	272695.85936662846
0.008	290875.587389398
0.0085	309055.31611394446
0.009000000000000001	327235.04559288616
0.0095	345414.77588014706
0.01	363594.5070308943
0.0105	381774.2391015825
0.011	399953.97214991227
0.0115	418133.70623489335
0.012	436313.44141676615
0.0125	454493.17775707244
0.013000000000000001	472672.9153186092
0.0135	490852.6541654528
0.014	509032.39436294
0.0145	527212.1359776793
0.015	545391.8790775662
0.0155	563571.6237317596
0.016	581751.3700216993
0.0165	599931.1180318107
0.017	618110.8678346223
0.0175	636290.6195200551
0.018000000000000002	654470.3733881692
0.0185	672650.1295833224
0.019	690829.8881747787
0.0195	709009.649228852
0.02	727189.4128088712
0.0205	745369.1789752184
0.021	763548.9477853164
0.021500000000000002	781728.7192936054
0.022	799908.4935515877
0.0225	818088.2706077913
0.023	836268.0505077614
0.0235	854447.8332941053
0.024	872627.6190064494
0.0245	890807.4076814738
0.025	908987.1993528763
0.025500000000000002	927166.9940514064
0.026000000000000002	945346.7918048261
0.0265	963526.5926378417
0.027	981706.3965215369
0.0275	999886.2034335161
0.028	1.0180660133914871e6
0.0285	1.0362458263832018e6
0.029	1.0544256421908727e6
0.029500000000000002	1.072605460778763e6
0.03	1.0907852821648978e6
0.0305	1.1089651063694067e6
0.031	1.1271449334145433e6
0.0315	1.1453247633246332e6
0.032	1.163504596126138e6
0.0325	1.1816844318476105e6
0.033	1.1998642705197064e6
0.0335	1.2180441121752013e6
0.034	1.2362239568489664e6
0.0345	1.2544038045779665e6
0.035	1.272583655401295e6
0.035500000000000004	1.2907635093601372e6
0.036000000000000004	1.3089433664977744e6
0.0365	1.3271232268596233e6
0.037	1.3453030904931836e6
0.0375	1.363482957448802e6
0.038	1.3816628278273218e6
0.0385	1.3998427017115261e6
0.039	1.4180225791557045e6
0.0395	1.4362024602367294e6
0.04	1.4543823451267234e6
0.0405	1.472562233898687e6
0.041	1.4907421266074392e6
0.0415	1.50892202330698e6
0.042	1.5271019240504804e6
0.0425	1.545281828890277e6
0.043000000000000003	1.5634617378779007e6
0.043500000000000004	1.581641651064022e6
0.044	1.5998215684985197e6
0.0445	1.6180014902304292e6
0.045	1.636181416307965e6
0.0455	1.6543613467785215e6
0.046	1.6725412816886583e6
0.0465	1.6907212210841132e6
0.047	1.708901165009789e6
0.0475	1.727081113509769e6
0.048	1.745261066627329e6
0.0485	1.7634410244038021e6
0.049	1.7816209868512764e6
0.0495	1.7998009539976066e6
0.05	1.817980925883689e6
0.0505	1.8361609025396067e6
0.051000000000000004	1.8543408839670527e6
0.051500000000000004	1.8725208702032552e6
0.052000000000000005	1.8907008612894148e6
0.0525	1.9088808572671213e6
0.053	1.9270608581783674e6
0.0535	1.9452408640655165e6
0.054	1.9634208749713297e6
0.0545	1.9816008909389398e6
0.055	1.9997809120118886e6
0.0555	2.0179609382340866e6
0.056	2.0361409696498285e6
0.0565	2.0543210063038133e6
0.057	2.072501048241122e6
0.0575	2.0906810955072138e6
0.058	2.1088611481479206e6
0.0585	2.1270412062094975e6
0.059000000000000004	2.1452212697385694e6
0.059500000000000004	2.163401338780889e6
0.06	2.1815814133646637e6
0.0605	2.1997614935314143e6
0.061	2.2179415793299065e6
0.0615	2.236121670830989e6
0.062	2.2543017681389716e6
0.0625	2.2724818713062988e6
0.063	2.2906619803824443e6
0.0635	2.3088420954166315e6
0.064	2.3270222164578172e6
0.0645	2.3452023435547077e6
0.065	2.3633824767557434e6
0.0655	2.3815626161091146e6
0.066	2.3997427616627556e6
0.0665	2.417922913464329e6
0.067	2.4361030715612317e6
0.0675	2.4542832360006347e6
0.068	2.4724634068294186e6
0.0685	2.4906435840942147e6
0.069	2.5088237678414015e6
0.0695	2.527003958117096e6
0.07	2.5451841549671427e6
0.07050000000000001	2.563364358449701e6
0.07100000000000001	2.5815445687354673e6
0.07150000000000001	2.599724785900016e6
0.07200000000000001	2.6179050099841612e6
0.0725	2.6360852409516107e6
0.073	2.6542654787080996e6
0.0735	2.6724457232883056e6
0.074	2.6906259747296176e6
0.0745	2.708806233069614e6
0.075	2.7269864983461252e6
0.0755	2.7451667705971804e6
0.076	2.763347049861045e6
0.0765	2.7815273361762036e6
0.077	2.799707629581361e6
0.0775	2.8178879301154604e6
0.078	2.8360682378176427e6
0.0785	2.854248552727309e6
0.079	2.872428874884041e6
0.0795	2.890609204327674e6
0.08	2.9087895410982557e6
0.0805	2.9269698852360724e6
0.081	2.9451502367816223e6
0.0815	2.9633305957457777e6
0.082	2.981510961958532e6
0.0825	2.999691335423161e6
0.083	3.017871716187972e6
0.0835	3.0360521044683107e6
0.084	3.054232500511659e6
0.0845	3.0724129043714367e6
0.085	3.090593316099985e6
0.0855	3.108773735748924e6
0.08600000000000001	3.1269541633691466e6
0.08650000000000001	3.1451345990108177e6
0.08700000000000001	3.1633150427233917e6
0.08750000000000001	3.1814954945555576e6
0.088	3.199675954555318e6
0.0885	3.217856422769925e6
0.089	3.236036899245912e6
0.0895	3.254217384029093e6
0.09	3.27239787716454e6
0.0905	3.2905783786965925e6
0.091	3.3087588886688813e6
0.0915	3.3269394071242954e6
0.092	3.3451199341049986e6
0.0925	3.363300469683312e6
0.093	3.381481014061038e6
0.0935	3.399661567298698e6
0.094	3.417842129428905e6
0.0945	3.4360227002161234e6
0.095	3.4542032794870012e6
0.0955	3.472383867274287e6
0.096	3.4905644636132144e6
0.0965	3.5087450685414923e6
0.097	3.526925682099311e6
0.0975	3.5451063043293464e6
0.098	3.5632869352767374e6
0.0985	3.5814675749891116e6
0.099	3.599648223516568e6
0.0995	3.617828880911691e6
0.1	3.6360095472295275e6
0.1005	3.6541902225276297e6
0.101	3.6723709068660075e6
0.1015	3.690551600307172e6
0.10200000000000001	3.708732302916078e6
0.10250000000000001	3.7269130147601874e6
0.10300000000000001	3.7450937359094433e6
0.10350000000000001	3.763274466439749e6
0.10400000000000001	3.78145520644003e6
0.1045	3.7996359559888863e6
0.105	3.8178167235834254e6
0.1055	3.835997837408958e6
0.106	3.854179460788695e6
0.1065	3.872361579646591e6
0.107	3.8905441711848183e6
0.1075	3.908727204894069e6
0.108	3.9269106427987274e6
0.1085	3.945094439969306e6
0.109	3.963278545105654e6
0.1095	3.981462901179506e6
0.11	3.9996474494610843e6
0.1105	4.0178321207964467e6
0.111	4.036016847385478e6
0.1115	4.0542015573740033e6
0.112	4.072386176778691e6
0.1125	4.0905706300708046e6
0.113	4.1087548407067875e6
0.1135	4.126938731603271e6
0.114	4.145122225556146e6
0.1145	4.1633052455599783e6
0.115	4.181487715068312e6
0.1155	4.199669558491616e6
0.116	4.217850671356658e6
0.1165	4.236030518883485e6
0.117	4.254208897667198e6
0.11750000000000001	4.272385772087781e6
0.11800000000000001	4.290561109443414e6
0.11850000000000001	4.308734879709648e6
0.11900000000000001	4.3269070553300595e6
0.11950000000000001	4.345077611033922e6
0.12	4.363246523992059e6
0.1205	4.381413772422839e6
0.121	4.39957933733201e6
0.1215	4.4177432011951255e6
0.122	4.435905348158126e6
0.1225	4.454065763955928e6
0.123	4.472224435841312e6
0.1235	4.490381352523117e6
0.124	4.5085365041127475e6
0.1245	4.5266898820783645e6
0.125	4.54484147920603e6
0.1255	4.562991289362429e6
0.126	4.581139307363694e6
0.1265	4.599285529752136e6
0.127	4.617429954381864e6
0.1275	4.635572580257018e6
0.128	4.653713407641545e6
0.1285	4.671852438015307e6
0.129	4.689989674082026e6
0.1295	4.708125119781744e6
0.13	4.7262587803080175e6
0.1305	4.744390662130109e6
0.131	4.7625207730206065e6
0.1315	4.780649122088778e6
0.132	4.7987757198204e6
0.1325	4.81690057812451e6
0.133	4.835023700767372e6
0.1335	4.8531451926582055e6
0.134	4.871265384255445e6
0.1345	4.889384362029606e6
0.135	4.907502150229706e6
0.1355	4.925618772506239e6
0.136	4.943734251851815e6
0.1365	4.961848611705601e6
0.137	4.979961875924277e6
0.1375	4.998074065175223e6
0.138	5.016185199110705e6
0.1385	5.034295296378022e6
0.139	5.052404374560604e6
0.1395	5.0705124501206055e6
0.14	5.088619538343478e6
0.1405	5.106725653285037e6
0.14100000000000001	5.124830807721409e6
0.14150000000000001	5.1429350131024085e6
0.14200000000000002	5.161038279508753e6
0.14250000000000002	5.179140615613579e6
0.14300000000000002	5.197242028648614e6
0.14350000000000002	5.21534252437539e6
0.14400000000000002	5.233442107061843e6
0.1445	5.251540779464466e6
0.145	5.269638542816269e6
0.1455	5.2877353968207175e6
0.146	5.305831339651607e6
0.1465	5.323926367958976e6
0.147	5.342020475554681e6
0.1475	5.360113641749962e6
0.148	5.378205724449385e6
0.1485	5.396296691019779e6
0.149	5.414386534616959e6
0.1495	5.432475248432444e6
0.15	5.45056282569379e6
0.1505	5.468649259664893e6
0.151	5.486734543646347e6
0.1515	5.504818670975708e6
0.152	5.522901635027861e6
0.1525	5.54098342921525e6
0.153	5.559064046988237e6
0.1535	5.577143481835343e6
0.154	5.595221727283539e6
0.1545	5.613298776898513e6
0.155	5.631374624284962e6
0.1555	5.649449263086765e6
0.156	5.667522686987356e6
0.1565	5.685594889709863e6
0.157	5.703665865017404e6
0.1575	5.7217356067132745e6
0.158	5.739804108641212e6
0.1585	5.757871366288997e6
0.159	5.775937375733392e6
0.1595	5.794002130884835e6
0.16	5.81206562563562e6
0.1605	5.83012785387221e6
0.161	5.848188809475444e6
0.1615	5.866248486320802e6
0.162	5.884306878277321e6
0.1625	5.902363973802668e6
0.163	5.920419757143917e6
0.1635	5.938474222180407e6
0.164	5.956527363073878e6
0.1645	5.974579174074512e6
0.165	5.992629649519417e6
0.1655	6.010678783831163e6
0.166	6.028726571516359e6
0.1665	6.046773007164271e6
0.167	6.064818085445476e6
0.1675	6.082861801110555e6
0.168	6.10090414898879e6
0.1685	6.118945123986947e6
0.169	6.136984721088051e6
0.1695	6.155022934842053e6
0.17	6.173059759822757e6
0.1705	6.191095191254304e6
0.171	6.209129224446296e6
0.1715	6.227161854792334e6
0.17200000000000001	6.245193077768997e6
0.17250000000000001	6.263222888934824e6
0.17300000000000001	6.281251283929304e6
0.17350000000000002	6.299278258471976e6
0.17400000000000002	6.317303808361404e6
0.17450000000000002	6.335327929474359e6
0.17500000000000002	6.353350617764866e6
0.17550000000000002	6.371371869263336e6
0.176	6.389391680075772e6
0.1765	6.407410046382906e6
0.177	6.425426964439408e6
0.1775	6.443442430573101e6
0.178	6.461456441532917e6
0.1785	6.479468995966087e6
0.179	6.497480090768569e6
0.1795	6.5154897225105325e6
0.18	6.533497887815381e6
0.1805	6.551504583414405e6
0.181	6.569509806085398e6
0.1815	6.5875135526062595e6
0.182	6.605515819804863e6
0.1825	6.623516604558532e6
0.183	6.641515903793601e6
0.1835	6.659513714484984e6
0.184	6.677510033655763e6
0.1845	6.69550485837673e6
0.185	6.713498185765975e6
0.1855	6.731490012988522e6
0.186	6.749480337255904e6
0.1865	6.767469155825784e6
0.187	6.785456466001575e6
0.1875	6.803442265132054e6
0.188	6.821426550611043e6
0.1885	6.839409319877018e6
0.189	6.857390570412765e6
0.1895	6.875370299745062e6
0.19	6.893348505444339e6
0.1905	6.91132518512433e6
0.191	6.929300336441297e6
0.1915	6.947273956985548e6
0.192	6.965246044417184e6
0.1925	6.983216596523951e6
0.193	7.001185611137771e6
0.1935	7.019153086134526e6
0.194	7.0371190194337275e6
0.1945	7.0550834102072725e6
0.195	7.073046257725575e6
0.1955	7.091007560012607e6
0.196	7.108967315121201e6
0.1965	7.126925521133199e6
0.197	7.144882176159249e6
0.1975	7.162837278338642e6
0.198	7.180790825839207e6
0.1985	7.198742816857092e6
0.199	7.216693249616659e6
0.1995	7.234642122370329e6
0.2	7.252589433398425e6
0.2005	7.270535181009067e6
0.201	7.288479363537974e6
0.2015	7.306421979348386e6
0.202	7.32436302683558e6
0.2025	7.342302504842028e6
0.203	7.360240412083615e6
0.20350000000000001	7.378176747018029e6
0.20400000000000001	7.396111508121008e6
0.20450000000000002	7.414044693886236e6
0.20500000000000002	7.431976302825235e6
0.20550000000000002	7.449906333467227e6
0.20600000000000002	7.467834784359032e6
0.20650000000000002	7.485761654064949e6
0.20700000000000002	7.503686941166663e6
0.20750000000000002	7.521610644263109e6
0.20800000000000002	7.539532761970376e6
0.2085	7.557453292921628e6
0.209	7.575372235766956e6
0.2095	7.593289589173328e6
0.21	7.611205351824426e6
0.2105	7.6291195224206345e6
0.211	7.647032100095509e6
0.2115	7.664943084565053e6
0.212	7.6828524746093955e6
0.2125	7.700760268975526e6
0.213	7.718666466406251e6
0.2135	7.73657106495889e6
0.214	7.7544740630086195e6
0.2145	7.772375459359532e6
0.215	7.790275252838109e6
0.2155	7.808173442293207e6
0.216	7.826070026595938e6
0.2165	7.843965004639657e6
0.217	7.861858375339905e6
0.2175	7.879750137634364e6
0.218	7.897640290482805e6
0.2185	7.91552883286701e6
0.219	7.9334157637908e6
0.2195	7.951301082279883e6
0.22	7.969184787381899e6
0.2205	7.987066878166327e6
0.221	8.004947353724463e6
0.2215	8.022826213165609e6
0.222	8.040703455632675e6
0.2225	8.058579080277577e6
0.223	8.076453086278381e6
0.2235	8.094325472834754e6
0.224	8.112196239183756e6
0.2245	8.130065385125226e6
0.225	8.147932910192946e6
0.2255	8.165798813654535e6
0.226	8.183663094788423e6
0.2265	8.201525752883807e6
0.227	8.219386787240802e6
0.2275	8.237246197171874e6
0.228	8.255103982481828e6
0.2285	8.272960142860844e6
0.229	8.290814677643833e6
0.2295	8.308667586171857e6
0.23	8.326518867792128e6
0.2305	8.344368521857976e6
0.231	8.36221654772882e6
0.2315	8.380062944770163e6
0.232	8.397907712353554e6
0.2325	8.415750849856582e6
0.233	8.433592356662856e6
0.2335	8.451432232161978e6
0.234	8.469270475749528e6
0.23450000000000001	8.48710708682704e6
0.23500000000000001	8.504942064791173e6
0.23550000000000001	8.522775408769261e6
0.23600000000000002	8.540607118057214e6
0.23650000000000002	8.558437192089345e6
0.23700000000000002	8.576265630311087e6
0.23750000000000002	8.594092432179024e6
0.23800000000000002	8.611917597160848e6
0.23850000000000002	8.629741124735331e6
0.23900000000000002	8.647563014392344e6
0.23950000000000002	8.665383265632814e6
0.24	8.683201877968691e6
0.2405	8.701018850922992e6
0.241	8.718834184029732e6
0.2415	8.736647876833908e6
0.242	8.754459928891528e6
0.2425	8.772270339769565e6
0.243	8.790079109045923e6
0.2435	8.807886236309474e6
0.244	8.825691721160004e6
0.2445	8.8434955632113e6
0.245	8.861297762393536e6
0.2455	8.879098318542402e6
0.246	8.896897231310874e6
0.2465	8.91469450064139e6
0.247	8.93249012630552e6
0.2475	8.950284107957685e6
0.248	8.968076445252718e6
0.2485	8.98586713785128e6
0.249	9.003656185415886e6
0.2495	9.021443587611863e6
0.25	9.03922934410736e6
0.2505	9.057013454573303e6
0.251	9.074795918683432e6
0.2515	9.092576736114252e6
0.252	9.110355906545056e6
0.2525	9.128133429657906e6
0.253	9.145909305137632e6
0.2535	9.163683532671811e6
0.254	9.18145611195078e6
0.2545	9.199227042667605e6
0.255	9.216996324518122e6
0.2555	9.234763957200866e6
0.256	9.252529940417102e6
0.2565	9.270294273870846e6
0.257	9.288056957249688e6
0.2575	9.305817989921745e6
0.258	9.323577371477515e6
0.2585	9.341335101642596e6
0.259	9.359091180151315e6
0.2595	9.376845606746761e6
0.26	9.394598381180728e6
0.2605	9.412349503213769e6
0.261	9.430098972615158e6
0.2615	9.447846789162878e6
0.262	9.465592952797087e6
0.2625	9.483337463483468e6
0.263	9.50108032102374e6
0.2635	9.518821525226552e6
0.264	9.53656107590757e6
0.2645	9.554298972889513e6
0.265	9.572035216002135e6
0.2655	9.58976980508219e6
0.266	9.607502739973487e6
0.2665	9.62523402052683e6
0.267	9.642963646600058e6
0.2675	9.66069161805801e6
0.268	9.678417934759144e6
0.2685	9.696142596376447e6
0.269	9.713865602728572e6
0.2695	9.73158695371491e6
0.27	9.749306649245448e6
0.2705	9.767024689240796e6
0.271	9.784741073632132e6
0.2715	9.80245580236124e6
0.272	9.820168875380494e6
0.2725	9.837880292652838e6
0.273	9.855590054151835e6
0.2735	9.873298159861585e6
0.274	9.89100460977679e6
0.2745	9.908709403902724e6
0.275	9.926412542255212e6
0.2755	9.944114024860656e6
0.276	9.96181385175603e6
0.2765	9.97951202298885e6
0.277	9.997208538617186e6
0.2775	1.0014903398709666e7
0.278	1.003259660334547e7
0.2785	1.0050288152614316e7
0.279	1.0067978046796978e7
0.2795	1.0085666287720207e7
0.28	1.0103352875983806e7
0.2805	1.012103781166777e7
0.281	1.0138721094834607e7
0.28150000000000003	1.0156402725529373e7
0.28200000000000003	1.0174082703779666e7
0.28250000000000003	1.0191761029595628e7
0.28300000000000003	1.020943770296994e7
0.28350000000000003	1.0227112723877864e7
0.28400000000000003	1.0244786092277186e7
0.28450000000000003	1.0262457808108237e7
0.28500000000000003	1.0280127871293925e7
0.28550000000000003	1.0297796281739688e7
0.28600000000000003	1.0315463039333513e7
0.28650000000000003	1.0333128143945944e7
0.28700000000000003	1.0350791595430037e7
0.28750000000000003	1.03684533936214e7
0.28800000000000003	1.038611353833817e7
0.2885	1.040377202938098e7
0.289	1.0421428866533006e7
0.2895	1.0439084049559897e7
0.29	1.0456737578041364e7
0.2905	1.0474389449375527e7
0.291	1.0492039662560076e7
0.2915	1.0509688217363644e7
0.292	1.052733511357775e7
0.2925	1.0544980351016825e7
0.293	1.056262392951819e7
0.2935	1.058026584894206e7
0.294	1.059790610917159e7
0.2945	1.0615544710112844e7
0.295	1.06331816516948e7
0.2955	1.0650816933869386e7
0.296	1.0668450556627594e7
0.2965	1.0686082520068616e7
0.297	1.0703712824230209e7
0.2975	1.0721341469154634e7
0.298	1.0738968454906415e7
0.2985	1.075659378157231e7
0.299	1.0774217449261315e7
0.2995	1.0791839458104655e7
0.3	1.0809459808255803e7
0.3005	1.082707849989044e7
0.301	1.0844695533330373e7
0.3015	1.0862310910283934e7
0.302	1.087992463140841e7
0.3025	1.0897536696921013e7
0.303	1.0915147107035648e7
0.3035	1.0932755861962926e7
0.304	1.0950362961910203e7
0.3045	1.0967968407081537e7
0.305	1.0985572197677704e7
0.3055	1.1003174333896209e7
0.306	1.1020774815931289e7
0.3065	1.1038373643973906e7
0.307	1.1055970818211736e7
0.3075	1.107356633882922e7
0.308	1.109116020600751e7
0.3085	1.110875241992449e7
0.309	1.1126342980754798e7
0.3095	1.1143931888669802e7
0.31	1.1161519143837614e7
0.3105	1.1179104746423082e7
0.311	1.1196688696587816e7
0.3115	1.121427099449015e7
0.312	1.1231851640222933e7
0.3125	1.1249430633217214e7
0.313	1.1267007973428855e7
0.3135	1.1284583661103811e7
0.314	1.1302157696451955e7
0.3145	1.1319730079658544e7
0.315	1.1337300810917305e7
0.3155	1.135486989043041e7
0.316	1.1372437318408502e7
0.3165	1.1390003095070677e7
0.317	1.1407567220644457e7
0.3175	1.1425129695365876e7
0.318	1.1442690519479368e7
0.3185	1.1460249693237847e7
0.319	1.1477807216902671e7
0.3195	1.1495363090743655e7
0.32	1.151291731503904e7
0.3205	1.1530469890075535e7
0.321	1.1548020816148292e7
0.3215	1.1565570093560891e7
0.322	1.1583117722625364e7
0.3225	1.160066370366219e7
0.323	1.1618208037258824e7
0.3235	1.1635750726732224e7
0.324	1.1653291773235347e7
0.3245	1.167083117702792e7
0.325	1.1688368938327517e7
0.3255	1.170590505730953e7
0.326	1.17234395341072e7
0.3265	1.1740972368811602e7
0.327	1.1758503561471643e7
0.3275	1.1776033112094073e7
0.328	1.1793561020643435e7
0.3285	1.1811087287042093e7
0.329	1.1828611911170159e7
0.3295	1.1846134892865522e7
0.33	1.1863656231923806e7
0.3305	1.1881175928138059e7
0.331	1.1898693981254667e7
0.3315	1.19162103909416e7
0.332	1.1933725156824006e7
0.3325	1.1951238278484156e7
0.333	1.1968749755461404e7
0.3335	1.1986259587252107e7
0.334	1.2003767772712398e7
0.3345	1.2021274303562459e7
0.335	1.2038779176916484e7
0.3355	1.2056282392336762e7
0.336	1.2073783949475417e7
0.3365	1.209128384807452e7
0.337	1.2108782087966168e7
0.3375	1.2126278669072539e7
0.338	1.2143773591405971e7
0.3385	1.2161266855068963e7
0.339	1.2178758460254211e7
0.3395	1.2196248407244593e7
0.34	1.221373669641316e7
0.3405	1.2231223328223083e7
0.341	1.2248708303227646e7
0.3415	1.2266191622070111e7
0.342	1.2283673285483694e7
0.3425	1.2301153294291405e7
0.343	1.2318631649405979e7
0.3435	1.2336108351829702e7
0.34400000000000003	1.2353583402654286e7
0.34450000000000003	1.2371056803060666e7
0.34500000000000003	1.2388528555300808e7
0.34550000000000003	1.2405998670043752e7
0.34600000000000003	1.2423467150906036e7
0.34650000000000003	1.244093399911771e7
0.34700000000000003	1.2458399215841113e7
0.34750000000000003	1.2475862802195149e7
0.34800000000000003	1.2493324759244867e7
0.34850000000000003	1.2510785087950349e7
0.34900000000000003	1.2528243789203689e7
0.34950000000000003	1.2545700863829566e7
0.35000000000000003	1.2563156312585372e7
0.35050000000000003	1.2580610136161214e7
0.35100000000000003	1.2598062335180057e7
0.35150000000000003	1.2615512910197781e7
0.352	1.2632961861703169e7
0.3525	1.2650409190118024e7
0.353	1.266785489579715e7
0.3535	1.2685298979028417e7
0.354	1.2702741440032715e7
0.3545	1.2720182278964013e7
0.355	1.2737621495909309e7
0.3555	1.275505909088863e7
0.356	1.2772495063503679e7
0.3565	1.278992940904238e7
0.357	1.280736212596282e7
0.3575	1.2824793214159396e7
0.358	1.284222267353799e7
0.3585	1.2859650504016066e7
0.359	1.2877076705522625e7
0.3595	1.2894501277998248e7
0.36	1.2911924221395059e7
0.3605	1.292934553567678e7
0.361	1.2946765220818706e7
0.3615	1.2964183276807725e7
0.362	1.2981599703642325e7
0.3625	1.2999014501332594e7
0.363	1.3016427669900225e7
0.3635	1.3033839209378527e7
0.364	1.3051249119812422e7
0.3645	1.3068657401272852e7
0.365	1.3086064053856542e7
0.3655	1.3103469077643797e7
0.366	1.312087247272558e7
0.3665	1.3138274239204245e7
0.367	1.3155674377189074e7
0.3675	1.3173072886736937e7
0.368	1.3190469767962294e7
0.3685	1.3207865021015355e7
0.369	1.3225258646058965e7
0.3695	1.3242650643268576e7
0.37	1.3260041012832288e7
0.3705	1.3277429754950818e7
0.371	1.3294816869837547e7
0.3715	1.3312202357718457e7
0.372	1.3329586218832197e7
0.3725	1.334696845343004e7
0.373	1.3364349061775891e7
0.3735	1.3381728044146312e7
0.374	1.339910540083051e7
0.3745	1.3416481132130317e7
0.375	1.3433855238360198e7
0.3755	1.3451227719847295e7
0.376	1.346859857693134e7
0.3765	1.348596780996474e7
0.377	1.3503335419312509e7
0.3775	1.3520701405352326e7
0.378	1.35380657685046e7
0.3785	1.355542850966739e7
0.379	1.3572789629424546e7
0.3795	1.3590149128188603e7
0.38	1.3607507006376024e7
0.3805	1.362486326440723e7
0.381	1.3642217902706573e7
0.3815	1.3659570921717871e7
0.382	1.3676922321901694e7
0.3825	1.3694272103694502e7
0.383	1.371162026753589e7
0.3835	1.3728966813869094e7
0.384	1.37463117431411e7
0.3845	1.3763655055802573e7
0.385	1.3780996752307907e7
0.3855	1.3798336833115162e7
0.386	1.381567529868611e7
0.3865	1.383301214948625e7
0.387	1.3850347385984737e7
0.3875	1.3867681008654457e7
0.388	1.3885013017971978e7
0.3885	1.3902343414417565e7
0.389	1.39196721985426e7
0.3895	1.3936999372165024e7
0.39	1.3954324936275436e7
0.3905	1.3971648891326865e7
0.391	1.398897123775235e7
0.3915	1.4006291975965029e7
0.392	1.4023611106358038e7
0.3925	1.4040928629304618e7
0.393	1.4058244545158032e7
0.3935	1.4075558854251657e7
0.394	1.40928715568989e7
0.3945	1.411018265339327e7
0.395	1.4127492144008337e7
0.3955	1.4144800028997745e7
0.396	1.416210630859521e7
0.3965	1.4179410983014522e7
0.397	1.419671405244954e7
0.3975	1.4214015517074175e7
0.398	1.4231315377042407e7
0.3985	1.4248613632489955e7
0.399	1.4265910283532823e7
0.3995	1.4283205330265094e7
0.4	1.4300498772687567e7
0.4005	1.4317790608743723e7
0.401	1.4335080837523257e7
0.4015	1.4352369459106738e7
0.402	1.4369656473593798e7
0.4025	1.438694188110312e7
0.403	1.4404225681772478e7
0.4035	1.4421507875758694e7
0.404	1.443878846323769e7
0.4045	1.4456067444404477e7
0.405	1.4473344819473159e7
0.4055	1.4490620588676926e7
0.406	1.4507894752268078e7
0.40650000000000003	1.452516731051802e7
0.40700000000000003	1.4542438263717262e7
0.40750000000000003	1.455970761217541e7
0.40800000000000003	1.4576975356221199e7
0.40850000000000003	1.4594241496202441e7
0.40900000000000003	1.461150603248607e7
0.40950000000000003	1.4628768965458147e7
0.41000000000000003	1.464603029552379e7
0.41050000000000003	1.466329002310723e7
0.41100000000000003	1.4680548148684323e7
0.41150000000000003	1.469780467387359e7
0.41200000000000003	1.4715059599718312e7
0.41250000000000003	1.4732312926681891e7
0.41300000000000003	1.4749564655224962e7
0.41350000000000003	1.4766814785805378e7
0.41400000000000003	1.4784063318878198e7
0.41450000000000004	1.4801310254895745e7
0.41500000000000004	1.4818555594308648e7
0.41550000000000004	1.483579933759929e7
0.41600000000000004	1.4853041485228537e7
0.4165	1.487028203763711e7
0.417	1.488752099526271e7
0.4175	1.4904758358539969e7
0.418	1.492199412790047e7
0.4185	1.4939228303772744e7
0.419	1.4956460886582287e7
0.4195	1.4973691876751533e7
0.42	1.4990921274699885e7
0.4205	1.5008149080843687e7
0.421	1.5025375295596236e7
0.4215	1.5042599919367818e7
0.422	1.5059822952555628e7
0.4225	1.5077044395016275e7
0.423	1.5094264246844128e7
0.4235	1.5111482508455139e7
0.424	1.5128699180272961e7
0.4245	1.5145914262729006e7
0.425	1.5163127756262401e7
0.4255	1.5180339661320016e7
0.426	1.5197549978356425e7
0.4265	1.5214758707833936e7
0.427	1.5231965850222584e7
0.4275	1.5249171406000143e7
0.428	1.526637537565205e7
0.4285	1.5283577759671511e7
0.429	1.530077855855944e7
0.4295	1.5317977772824422e7
0.43	1.5335175402982801e7
0.4305	1.5352371449558614e7
0.431	1.5369565913083566e7
0.4315	1.5386758794097116e7
0.432	1.5403950093146041e7
0.4325	1.5421139810783502e7
0.433	1.543832794758561e7
0.4335	1.5455514505671043e7
0.434	1.5472699486651719e7
0.4345	1.548988289106117e7
0.435	1.5507064719408419e7
0.4355	1.552424497217792e7
0.436	1.554142364982967e7
0.4365	1.5558600752799127e7
0.437	1.5575776281497253e7
0.4375	1.559295023631053e7
0.438	1.5610122617600923e7
0.4385	1.5627293425705917e7
0.439	1.5644462660938522e7
0.4395	1.5661630323587246e7
0.44	1.5678796413916085e7
0.4405	1.5695960932164576e7
0.441	1.571312387854772e7
0.4415	1.573028525325604e7
0.442	1.5747445056455536e7
0.4425	1.5764603288287666e7
0.443	1.578175994886938e7
0.4435	1.5798915038293073e7
0.444	1.5816068556624997e7
0.4445	1.583322050177137e7
0.445	1.5850370871861296e7
0.4455	1.5867519666964523e7
0.446	1.5884666887176303e7
0.4465	1.5901812532617368e7
0.447	1.5918956603433968e7
0.4475	1.5936099099797888e7
0.448	1.5953240021906441e7
0.4485	1.5970379369982453e7
0.449	1.598751714428457e7
0.4495	1.600465334509523e7
0.45	1.6021787972713796e7
0.4505	1.6038921027465083e7
0.451	1.6056052509699343e7
0.4515	1.60731824197923e7
0.452	1.609031075814515e7
0.4525	1.6107437525184525e7
0.453	1.61245627213625e7
0.4535	1.6141686347156629e7
0.454	1.6158808403069878e7
0.4545	1.6175928889630642e7
0.455	1.6193047807392748e7
0.4555	1.6210165158266181e7
0.456	1.6227280944246326e7
0.4565	1.6244395165912801e7
0.457	1.6261507823836457e7
0.4575	1.6278618918579733e7
0.458	1.6295728450696658e7
0.4585	1.6312836420732804e7
0.459	1.6329942829225337e7
0.4595	1.6347047676703006e7
0.46	1.6364150963686138e7
0.4605	1.6381252690686662e7
0.461	1.6398352858208109e7
0.4615	1.6415451466745576e7
0.462	1.6432548516785778e7
0.4625	1.6449644008807035e7
0.463	1.646673794327927e7
0.4635	1.648383032066401e7
0.464	1.6500921141414406e7
0.4645	1.651801040597519e7
0.465	1.6535098114782738e7
0.4655	1.6552184268267797e7
0.466	1.656926886685933e7
0.4665	1.658635190925409e7
0.467	1.6603433393533856e7
0.4675	1.6620513320150562e7
0.468	1.6637591689611692e7
0.4685	1.6654668502466556e7
0.46900000000000003	1.6671743759306237e7
0.46950000000000003	1.6688817460763596e7
0.47000000000000003	1.6705889607513228e7
0.47050000000000003	1.6722960200271457e7
0.47100000000000003	1.6740029239796277e7
0.47150000000000003	1.6757096726887329e7
0.47200000000000003	1.6774162662385872e7
0.47250000000000003	1.679122704717472e7
0.47300000000000003	1.6808289882178206e7
0.47350000000000003	1.6825351168362126e7
0.47400000000000003	1.6842410906733718e7
0.47450000000000003	1.685946909834151e7
0.47500000000000003	1.687652574427538e7
0.47550000000000003	1.6893580845666435e7
0.47600000000000003	1.6910634403686892e7
0.47650000000000003	1.692768641955009e7
0.47700000000000004	1.69447368945104e7
0.47750000000000004	1.6961785834552918e7
0.47800000000000004	1.6978833249252878e7
0.47850000000000004	1.699587913992252e7
0.47900000000000004	1.7012923507595316e7
0.47950000000000004	1.7029966353185475e7
0.48	1.704700767748806e7
0.4805	1.706404748117912e7
0.481	1.708108576481576e7
0.4815	1.709812252883617e7
0.482	1.711515777356055e7
0.4825	1.7132191499197297e7
0.483	1.714922370582992e7
0.4835	1.7166254393420864e7
0.484	1.7183283561813407e7
0.4845	1.720031121073153e7
0.485	1.721733733977976e7
0.4855	1.7234361948442962e7
0.486	1.725138503608612e7
0.4865	1.7268406601954043e7
0.487	1.728542664517115e7
0.4875	1.7302445164741028e7
0.488	1.731946215954618e7
0.4885	1.733647762386249e7
0.489	1.735349154191479e7
0.4895	1.7370503911386315e7
0.49	1.7387514731185906e7
0.4905	1.740452400034825e7
0.491	1.7421531718034256e7
0.4915	1.7438537883531354e7
0.492	1.745554249625385e7
0.4925	1.7472545555743136e7
0.493	1.7489547061667904e7
0.4935	1.7506547013824437e7
0.494	1.7523545412136625e7
0.4945	1.754054225665621e7
0.495	1.755753754756282e7
0.4955	1.7574531285163984e7
0.496	1.759152346989526e7
0.4965	1.7608514102320082e7
0.497	1.7625503183129814e7
0.4975	1.7642490713143602e7
0.498	1.765947669330828e7
0.4985	1.767646112469837e7
0.499	1.7693444008519456e7
0.4995	1.7710425349417187e7
0.5	1.7727405159260504e7
0.5005000000000001	1.77443834401786e7
0.501	1.776136019347843e7
0.5015000000000001	1.777833542041359e7
0.502	1.7795309122184414e7
0.5025000000000001	1.7812281299938086e7
0.503	1.7829251954768714e7
0.5035000000000001	1.7846221087717406e7
0.504	1.7863188699772395e7
0.5045000000000001	1.7880154791869022e7
0.505	1.789711936488989e7
0.5055000000000001	1.7914082419664875e7
0.506	1.7931043956971195e7
0.5065000000000001	1.794800397753344e7
0.507	1.7964962482023634e7
0.5075000000000001	1.798191947106125e7
0.508	1.799887494521325e7
0.5085000000000001	1.801582890499412e7
0.509	1.8032781350865852e7
0.5095000000000001	1.8049732283237968e7
0.51	1.8066681702467564e7
0.5105000000000001	1.8083629607990563e7
0.511	1.810057599608855e7
0.5115000000000001	1.8117520866536394e7
0.512	1.8134464219616625e7
0.5125	1.8151406055624932e7
0.513	1.81683463748701e7
0.5135	1.818528517767405e7
0.514	1.8202222464371838e7
0.5145	1.8219158235311627e7
0.515	1.8236092490854982e7
0.5155	1.82530252313818e7
0.516	1.82699564572818e7
0.5165	1.8286886168955605e7
0.517	1.8303814366816904e7
0.5175	1.8320741051292513e7
0.518	1.83376662228223e7
0.5185	1.8354589881859213e7
0.519	1.8371512028869305e7
0.5195	1.838843266433169e7
0.52	1.840535178873854e7
0.5205	1.8422269402595144e7
0.521	1.8439185506419808e7
0.5215	1.8456100100897595e7
0.522	1.8473013187580045e7
0.5225	1.848992476719223e7
0.523	1.8506834840271838e7
0.5235	1.8523743407353017e7
0.524	1.854065046896644e7
0.5245	1.8557556025639255e7
0.525	1.8574460077895124e7
0.5255	1.85913626262542e7
0.526	1.8608263671233136e7
0.5265	1.862516321334511e7
0.527	1.864206125309977e7
0.5275	1.8658957791003294e7
0.528	1.867585282755836e7
0.5285	1.869274636326415e7
0.529	1.8709638398616362e7
0.5295	1.8726528934107173e7
0.53	1.874341797022533e7
0.5305	1.876030550745603e7
0.531	1.877719154628102e7
0.5315	1.8794076087178744e7
0.532	1.8810959130626038e7
0.5325	1.882784067707822e7
0.533	1.8844720726825055e7
0.5335	1.886159928028467e7
0.534	1.8878476337923437e7
0.5345	1.889535190020721e7
0.535	1.891222596760134e7
0.5355	1.892909854057062e7
0.536	1.8945969619579405e7
0.5365	1.8962839205091488e7
0.537	1.8979707297570173e7
0.5375	1.8996573897478245e7
0.538	1.9013439005278e7
0.5385	1.903030262143119e7
0.539	1.904716474639911e7
0.5395	1.9064025380642477e7
0.54	1.9080884524621576e7
0.5405	1.9097742178796113e7
0.541	1.911459834362534e7
0.5415	1.9131453019567974e7
0.542	1.9148306207082238e7
0.5425	1.9165157906625826e7
0.543	1.9182008118655954e7
0.5435	1.9198856843627203e7
0.544	1.921570408194889e7
0.5445	1.923254983405804e7
0.545	1.924939410041128e7
0.5455	1.9266236881465588e7
0.546	1.9283078177678276e7
0.5465	1.9299917989506986e7
0.547	1.9316756317409664e7
0.5475	1.9333593161844634e7
0.548	1.9350428523272924e7
0.5485	1.9367262402161743e7
0.549	1.938409479897098e7
0.5495	1.9400925714160156e7
0.55	1.941775514818903e7
0.5505	1.943458310151762e7
0.551	1.945140957460625e7
0.5515	1.946823456791548e7
0.552	1.948505808190614e7
0.5525	1.950188011703934e7
0.553	1.951870067377646e7
0.5535	1.9535519752579127e7
0.554	1.955233735390927e7
0.5545	1.9569153478228666e7
0.555	1.9585968125968985e7
0.5555	1.9602781297573727e7
0.556	1.9619592993506894e7
0.5565	1.9636403214233354e7
0.557	1.96532119602189e7
0.5575	1.967001923193017e7
0.558	1.9686825029834747e7
0.5585	1.970362935440106e7
0.559	1.9720432206098437e7
0.5595	1.9737233585397102e7
0.56	1.9754033492768172e7
0.5605	1.977083192868365e7
0.561	1.9787628893616408e7
0.5615	1.9804424388040252e7
0.562	1.982121841242982e7
0.5625	1.9838010967260685e7
0.5630000000000001	1.9854802053009294e7
0.5635	1.9871591670152962e7
0.5640000000000001	1.988837981916993e7
0.5645	1.9905166500536248e7
0.5650000000000001	1.9921951714729402e7
0.5655	1.993873546223032e7
0.5660000000000001	1.9955517743572988e7
0.5665	1.9972298559294447e7
0.5670000000000001	1.9989077909876455e7
0.5675	2.000585579580033e7
0.5680000000000001	2.002263221754702e7
0.5685	2.0039407175597098e7
0.5690000000000001	2.005618067043074e7
0.5695	2.007295270252766e7
0.5700000000000001	2.0089723272367295e7
0.5705	2.010649238042861e7
0.5710000000000001	2.01232600271902e7
0.5715	2.0140026213130277e7
0.5720000000000001	2.015679093872664e7
0.5725	2.017355420445674e7
0.5730000000000001	2.019031601079758e7
0.5735	2.0207076358225826e7
0.5740000000000001	2.0223835247217715e7
0.5745	2.024059267824911e7
0.5750000000000001	2.025734865179548e7
0.5755	2.0274103168331902e7
0.5760000000000001	2.029085622833308e7
0.5765	2.0307607832273297e7
0.577	2.032435798061035e7
0.5775	2.034110667378917e7
0.578	2.0357853912283055e7
0.5785	2.037459969656608e7
0.579	2.039134402711243e7
0.5795	2.0408086904396515e7
0.58	2.0424828328892864e7
0.5805	2.0441568301077243e7
0.581	2.0458306821429167e7
0.5815	2.047504389042418e7
0.582	2.049177950853746e7
0.5825	2.0508513676244278e7
0.583	2.0525246394020043e7
0.5835	2.0541977662340313e7
0.584	2.0558707481680755e7
0.5845	2.0575435852517173e7
0.585	2.059216277532551e7
0.5855	2.060888825058185e7
0.586	2.0625612278762393e7
0.5865	2.064233486034348e7
0.587	2.065905599580155e7
0.5875	2.067577568561323e7
0.588	2.0692493930233613e7
0.5885	2.0709210730074666e7
0.589	2.0725926085610315e7
0.5895	2.07426399973201e7
0.59	2.0759352465684857e7
0.5905	2.0776063491186664e7
0.591	2.079277307430882e7
0.5915	2.0809481215535898e7
0.592	2.0826187915353697e7
0.5925	2.0842893174249277e7
0.593	2.0859596992710933e7
0.5935	2.0876299371228214e7
0.594	2.0893000310291912e7
0.5945	2.0909699810394067e7
0.595	2.092639787202794e7
0.5955	2.0943094495688085e7
0.596	2.0959789681870244e7
0.5965	2.097648343107206e7
0.597	2.0993175743806984e7
0.5975	2.1009866620580964e7
0.598	2.1026556061894514e7
0.5985	2.1043244068249296e7
0.599	2.105993064016579e7
0.5995	2.107661577824352e7
0.6	2.1093299483000252e7
0.6005	2.1109981754938893e7
0.601	2.1126662594561912e7
0.6015	2.1143342002371322e7
0.602	2.1160019978868686e7
0.6025	2.1176696524555113e7
0.603	2.119337163993125e7
0.6035	2.121004532549732e7
0.604	2.1226717581753064e7
0.6045	2.1243388409197785e7
0.605	2.1260057808330342e7
0.6055	2.127672577964912e7
0.606	2.1293392323652066e7
0.6065	2.131005744083668e7
0.607	2.1326721131699983e7
0.6075	2.134338339673857e7
0.608	2.1360044236448582e7
0.6085	2.137670365132571e7
0.609	2.139336164186514e7
0.6095	2.14100182085617e7
0.61	2.142667335190777e7
0.6105	2.1443327072374657e7
0.611	2.1459979370449584e7
0.6115	2.147663024662626e7
0.612	2.149327970139823e7
0.6125	2.1509927735259023e7
0.613	2.152657434868366e7
0.6135	2.1543219542148918e7
0.614	2.1559863316148378e7
0.6145	2.1576505671175767e7
0.615	2.1593146607724924e7
0.6155	2.160978612628984e7
0.616	2.1626424227364596e7
0.6165	2.1643060911443435e7
0.617	2.1659696179020718e7
0.6175	2.167633003059095e7
0.618	2.169296246664872e7
0.6185	2.1709593487688817e7
0.619	2.1726223094206087e7
0.6195	2.1742851286695562e7
0.62	2.1759478065652378e7
0.6205	2.1776103431571793e7
0.621	2.1792727384948026e7
0.6215	2.1809349926221948e7
0.622	2.182597105586021e7
0.6225	2.1842590774360362e7
0.623	2.18592090822211e7
0.6235	2.1875825979942307e7
0.624	2.1892441468025044e7
0.6245	2.1909055546971545e7
0.625	2.1925668217285212e7
0.6255000000000001	2.194227947947061e7
0.626	2.195888933403348e7
0.6265000000000001	2.1975497781480774e7
0.627	2.199210482232055e7
0.6275000000000001	2.200871045706208e7
0.628	2.2025314686215825e7
0.6285000000000001	2.204191751029336e7
0.629	2.2058518929816693e7
0.6295000000000001	2.2075118945311178e7
0.63	2.2091717557291783e7
0.6305000000000001	2.210831476627455e7
0.631	2.2124910572776496e7
0.6315000000000001	2.214150497731574e7
0.632	2.2158097980411455e7
0.6325000000000001	2.2174689582674228e7
0.633	2.2191279784725353e7
0.6335000000000001	2.2207868587083768e7
0.634	2.222445599026703e7
0.6345000000000001	2.224104199479142e7
0.635	2.225762660117193e7
0.6355000000000001	2.2274209809922256e7
0.636	2.2290791621554818e7
0.6365000000000001	2.230737203658077e7
0.637	2.2323951055509932e7
0.6375000000000001	2.2340528678850904e7
0.638	2.2357104907110948e7
0.6385000000000001	2.237367974079607e7
0.639	2.239025318041097e7
0.6395000000000001	2.2406825226459097e7
0.64	2.2423395879442587e7
0.6405	2.2439965139862318e7
0.641	2.245653300821787e7
0.6415	2.247309948500754e7
0.642	2.2489664570728347e7
0.6425	2.250622826587601e7
0.643	2.2522790570945032e7
0.6435	2.2539351486361347e7
0.644	2.255591101246033e7
0.6445	2.2572469149729606e7
0.645	2.258902589867708e7
0.6455	2.2605581259812623e7
0.646	2.262213523363481e7
0.6465	2.2638687820643537e7
0.647	2.2655239021340165e7
0.6475	2.267178883622739e7
0.648	2.268833726580928e7
0.6485	2.2704884310591303e7
0.649	2.272142997108032e7
0.6495	2.2737974247784518e7
0.65	2.2754517141213536e7
0.6505	2.277105865187832e7
0.651	2.2787598780291248e7
0.6515	2.280413752696603e7
0.652	2.2820674892417792e7
0.6525	2.2837210877162997e7
0.653	2.285374548171952e7
0.6535	2.2870278706606578e7
0.654	2.2886810552344788e7
0.6545	2.29033410194813e7
0.655	2.2919870108666703e7
0.6555	2.2936397820441354e7
0.656	2.295292415532709e7
0.6565	2.2969449113845035e7
0.657	2.298597269651564e7
0.6575	2.300249490385862e7
0.658	2.3019015736393027e7
0.6585	2.3035535194637164e7
0.659	2.3052053279108673e7
0.6595	2.3068569990324464e7
0.66	2.3085085328800783e7
0.6605	2.3101599295052517e7
0.661	2.311811188956608e7
0.6615	2.3134623112840153e7
0.662	2.3151132965388563e7
0.6625	2.316764144772472e7
0.663	2.318414856036157e7
0.6635	2.320065430381164e7
0.664	2.321715867858702e7
0.6645	2.323366168519933e7
0.665	2.3250163324159812e7
0.6655	2.3266663595972132e7
0.666	2.328316250104193e7
0.6665	2.3299660039845638e7
0.667	2.331615621289596e7
0.6675	2.3332651020706955e7
0.668	2.334914446379403e7
0.6685	2.33656365426739e7
0.669	2.3382127257864706e7
0.6695	2.339861660988585e7
0.67	2.341510459925813e7
0.6705	2.3431591226503666e7
0.671	2.344807649214594e7
0.6715	2.3464560396709763e7
0.672	2.3481042940721303e7
0.6725	2.3497524124708083e7
0.673	2.3514003949198924e7
0.6735	2.353048241472405e7
0.674	2.3546959521814972e7
0.6745	2.3563435271004602e7
0.675	2.357990966282714e7
0.6755	2.3596382697818164e7
0.676	2.361285437651459e7
0.6765	2.3629324699458495e7
0.677	2.3645793667257935e7
0.6775	2.3662261280491374e7
0.678	2.3678727539699256e7
0.6785	2.3695192445422214e7
0.679	2.3711655998201113e7
0.6795	2.3728118198577005e7
0.68	2.374457904709116e7
0.6805	2.3761038544285055e7
0.681	2.377749669070039e7
0.6815	2.3793953486879054e7
0.682	2.3810408933363155e7
0.6825	2.3826863030695014e7
0.683	2.3843315779417153e7
0.6835	2.3859767180072296e7
0.684	2.387621723320338e7
0.6845	2.3892665939353567e7
0.685	2.39091132990662e7
0.6855	2.3925559312884834e7
0.686	2.3942003981353234e7
0.6865	2.3958447305015378e7
0.687	2.3974889284415446e7
0.6875	2.3991329920097813e7
0.6880000000000001	2.4007769212648932e7
0.6885	2.4024207162697956e7
0.6890000000000001	2.4040643770790283e7
0.6895	2.4057079037467483e7
0.6900000000000001	2.4073512963269804e7
0.6905	2.4089945548736107e7
0.6910000000000001	2.4106376794403896e7
0.6915	2.4122806700809322e7
0.6920000000000001	2.4139235268487204e7
0.6925	2.4155662497965593e7
0.6930000000000001	2.4172088389768396e7
0.6935	2.418851294442635e7
0.6940000000000001	2.4204936162469015e7
0.6945	2.4221358044424646e7
0.6950000000000001	2.4237778590820294e7
0.6955	2.4254197802181654e7
0.6960000000000001	2.42706156790332e7
0.6965	2.4287032221898127e7
0.6970000000000001	2.430344743129835e7
0.6975	2.431986130775448e7
0.6980000000000001	2.433627385178592e7
0.6985	2.4352685063910764e7
0.6990000000000001	2.4369094944602884e7
0.6995	2.4385503494148184e7
0.7000000000000001	2.440191071303062e7
0.7005	2.441831660177076e7
0.7010000000000001	2.443472116089162e7
0.7015	2.4451124390918665e7
0.7020000000000001	2.4467526292379804e7
0.7025	2.448392686580538e7
0.7030000000000001	2.450032611172818e7
0.7035	2.4516724030683443e7
0.704	2.453312062320881e7
0.7045	2.4549515889844418e7
0.705	2.4565909831132796e7
0.7055	2.4582302447618935e7
0.706	2.459869373985024e7
0.7065	2.4615083708376583e7
0.707	2.4631472353750225e7
0.7075	2.4647859676525906e7
0.708	2.466424567726151e7
0.7085	2.4680630356522497e7
0.709	2.4697013714872133e7
0.7095	2.471339575287478e7
0.71	2.4729776471104532e7
0.7105	2.47461558703061e7
0.711	2.476253395112329e7
0.7115	2.477891071412451e7
0.712	2.479528615987746e7
0.7125	2.4811660288949113e7
0.713	2.4828033101905677e7
0.7135	2.4844404599312667e7
0.714	2.486077478173483e7
0.7145	2.4877143649736207e7
0.715	2.4893511203880068e7
0.7155	2.490987744472899e7
0.716	2.4926242372844793e7
0.7165	2.494260598878858e7
0.717	2.4958968293120686e7
0.7175	2.497532928640078e7
0.718	2.499168896918773e7
0.7185	2.50080473420397e7
0.719	2.502440440551412e7
0.7195	2.5040760160167698e7
0.72	2.5057114606556382e7
0.7205	2.5073467745235432e7
0.721	2.508981957675932e7
0.7215	2.5106170101591278e7
0.722	2.5122519320167482e7
0.7225	2.51388672330434e7
0.723	2.5155213840776723e7
0.7235	2.5171559143926963e7
0.724	2.518790314305399e7
0.7245	2.520424583871991e7
0.725	2.5220587231489602e7
0.7255	2.523692732192975e7
0.726	2.5253266110608827e7
0.7265	2.5269603598097105e7
0.727	2.5285939784966655e7
0.7275	2.5302274671791352e7
0.728	2.531860825914684e7
0.7285	2.533494054761058e7
0.729	2.5351271537761804e7
0.7295	2.5367601230181552e7
0.73	2.538392962545265e7
0.7305	2.54002567241597e7
0.731	2.5416582526889116e7
0.7315	2.5432907034229085e7
0.732	2.5449230246769577e7
0.7325	2.5465552165153176e7
0.733	2.5481872790177464e7
0.7335	2.5498192122455645e7
0.734	2.5514510162577778e7
0.7345	2.553082691113237e7
0.735	2.5547142368706364e7
0.7355	2.55634565358852e7
0.736	2.5579769413252722e7
0.7365	2.5596081001391254e7
0.737	2.5612391300881557e7
0.7375	2.5628700312302858e7
0.738	2.564500803623282e7
0.7385	2.566131447324758e7
0.739	2.5677619623921715e7
0.7395	2.5693923488827642e7
0.74	2.571022606853588e7
0.7405	2.572652736361639e7
0.741	2.574282737463757e7
0.7415	2.575912610216633e7
0.742	2.5775423546768054e7
0.7425	2.5791719709006567e7
0.743	2.580801458944415e7
0.7435	2.5824308188633323e7
0.744	2.584060050696198e7
0.7445	2.58568915449219e7
0.745	2.5873181303074513e7
0.7455	2.58894697819827e7
0.746	2.5905756982210804e7
0.7465	2.592204290432461e7
0.747	2.5938327548891354e7
0.7475	2.5954610916479696e7
0.748	2.5970893007659752e7
0.7485	2.5987173823003095e7
0.749	2.6003453363082714e7
0.7495	2.601973162847307e7
0.75	2.6036008619750034e7
0.7505000000000001	2.6052284337490946e7
0.751	2.6068558782274563e7
0.7515000000000001	2.6084831954681106e7
0.752	2.61011038552922e7
0.7525000000000001	2.6117374484690946e7
0.753	2.6133643843461845e7
0.7535000000000001	2.6149911932190873e7
0.754	2.6166178751465406e7
0.7545000000000001	2.6182444301874287e7
0.755	2.6198708583760444e7
0.7555000000000001	2.621497159735064e7
0.756	2.6231233343245007e7
0.7565000000000001	2.6247493822056044e7
0.757	2.626375303440512e7
0.7575000000000001	2.6280010980922494e7
0.758	2.6296267662247278e7
0.7585000000000001	2.631252307902747e7
0.759	2.6328777231919903e7
0.7595000000000001	2.634503012159031e7
0.76	2.636128174871324e7
0.7605000000000001	2.6377532113972094e7
0.761	2.639378121805911e7
0.7615000000000001	2.6410029061675385e7
0.762	2.6426275645530816e7
0.7625000000000001	2.6442520970344122e7
0.763	2.645876503684286e7
0.7635000000000001	2.647500784576338e7
0.764	2.6491249397850815e7
0.7645000000000001	2.6507489693859126e7
0.765	2.652372873455103e7
0.7655000000000001	2.653996652069805e7
0.766	2.6556203053419106e7
0.7665000000000001	2.6572438335481025e7
0.767	2.6588672367971998e7
0.7675000000000001	2.660490515163456e7
0.768	2.662113668718845e7
0.7685	2.663736697533067e7
0.769	2.665359601673541e7
0.7695	2.6669823812054142e7
0.77	2.66860503619156e7
0.7705	2.6702275666921526e7
0.771	2.671849972764635e7
0.7715	2.6734722544650547e7
0.772	2.675094411847222e7
0.7725	2.6767164449626856e7
0.773	2.6783383538607404e7
0.7735	2.6799601385884162e7
0.774	2.6815817991904892e7
0.7745	2.6832033357094735e7
0.775	2.6848247481856298e7
0.7755	2.6864460366569564e7
0.776	2.688067201159194e7
0.7765	2.689688241725829e7
0.777	2.6913091583869766e7
0.7775	2.6929299509481374e7
0.778	2.6945506192707933e7
0.7785	2.6961711633867465e7
0.779	2.697791583330231e7
0.7795	2.6994118791379087e7
0.78	2.7010320508488726e7
0.7805	2.702652098504644e7
0.781	2.7042720221491754e7
0.7815	2.7058918218288478e7
0.782	2.7075114975924745e7
0.7825	2.709131049491291e7
0.783	2.7107504775789667e7
0.7835	2.7123697819115955e7
0.784	2.7139889625476997e7
0.7845	2.7156080195482217e7
0.785	2.7172269529765334e7
0.7855	2.7188457628984284e7
0.786	2.7204644493829254e7
0.7865	2.7220830125017e7
0.787	2.7237014523277927e7
0.7875	2.725319768936643e7
0.788	2.7269379624060947e7
0.7885	2.728556032872695e7
0.789	2.7301739806076996e7
0.7895	2.7317918057078715e7
0.79	2.733409508253855e7
0.7905	2.7350270883255772e7
0.791	2.7366445460022494e7
0.7915	2.7382618813623697e7
0.792	2.739879094483717e7
0.7925	2.74149618544336e7
0.793	2.743113154317652e7
0.7935	2.7447300011822324e7
0.794	2.7463467261120316e7
0.7945	2.7479633291812625e7
0.795	2.7495798104634304e7
0.7955	2.7511961700313285e7
0.796	2.75281240795704e7
0.7965	2.7544285243119378e7
0.797	2.756044519166685e7
0.7975	2.7576603925912336e7
0.798	2.759276144654833e7
0.7985	2.7608917754260182e7
0.799	2.762507284972619e7
0.7995	2.7641226733603515e7
0.8	2.7657379406049684e7
0.8005	2.7673530867474116e7
0.801	2.7689681118542332e7
0.8015	2.7705830159914214e7
0.802	2.7721977992255624e7
0.8025	2.7738124616238795e7
0.803	2.775427003253821e7
0.8035	2.7770414241830554e7
0.804	2.7786557244794726e7
0.8045	2.7802699042111807e7
0.805	2.781883963446512e7
0.8055	2.7834979022540174e7
0.806	2.7851117207024667e7
0.8065	2.786725418860853e7
0.807	2.7883389967983883e7
0.8075	2.7899524545845017e7
0.808	2.7915657922888458e7
0.8085	2.793179009981289e7
0.809	2.7947921077319223e7
0.8095	2.7964050856110547e7
0.81	2.798017943689214e7
0.8105	2.799630682037145e7
0.811	2.8012433007312894e7
0.8115	2.802855799858982e7
0.812	2.804468179492367e7
0.8125	2.8060804397024695e7
0.8130000000000001	2.807692580560261e7
0.8135	2.8093046021366633e7
0.8140000000000001	2.810916504502545e7
0.8145	2.8125282877287257e7
0.8150000000000001	2.814139951885974e7
0.8155	2.8157514970450044e7
0.8160000000000001	2.8173629232764836e7
0.8165	2.818974230651107e7
0.8170000000000001	2.820585419239879e7
0.8175	2.8221964891133703e7
0.8180000000000001	2.823807440342034e7
0.8185	2.82541827299627e7
0.8190000000000001	2.827028987146421e7
0.8195	2.8286395828627747e7
0.8200000000000001	2.8302500602155656e7
0.8205	2.8318604192749716e7
0.8210000000000001	2.8334706601111185e7
0.8215	2.8350807827940743e7
0.8220000000000001	2.8366907873902123e7
0.8225	2.8383006737899918e7
0.8230000000000001	2.839910441965799e7
0.8235	2.841520091993099e7
0.8240000000000001	2.843129623950643e7
0.8245	2.844739037920469e7
0.8250000000000001	2.846348333987897e7
0.8255	2.8479575122415237e7
0.8260000000000001	2.8495665727732208e7
0.8265	2.851175515678132e7
0.8270000000000001	2.8527843410546675e7
0.8275	2.8543930490044974e7
0.8280000000000001	2.856001639632552e7
0.8285	2.8576101130470138e7
0.8290000000000001	2.8592184693593107e7
0.8295	2.8608267086841173e7
0.8300000000000001	2.8624348311393425e7
0.8305	2.864042836846123e7
0.8310000000000001	2.8656507259288292e7
0.8315	2.8672584985150404e7
0.8320000000000001	2.8688661547352187e7
0.8325	2.870473694723026e7
0.833	2.8720811186156683e7
0.8335	2.8736884267268263e7
0.834	2.8752956199304998e7
0.8345	2.876902698442533e7
0.835	2.878509662388058e7
0.8355	2.8801165118838806e7
0.836	2.881723247038487e7
0.8365	2.8833298679520637e7
0.837	2.884936374716504e7
0.8375	2.8865427674154244e7
0.838	2.888149046124162e7
0.8385	2.8897552109097928e7
0.839	2.8913612618311327e7
0.8395	2.892967198938736e7
0.84	2.8945730222749043e7
0.8405	2.8961787318736874e7
0.841	2.8977843277608756e7
0.8415	2.8993898099540062e7
0.842	2.900995178462352e7
0.8425	2.9026004332869224e7
0.843	2.9042055744204484e7
0.8435	2.905810601847385e7
0.844	2.9074155155438915e7
0.8445	2.909020315477847e7
0.845	2.9106250010016724e7
0.8455	2.9122295712029316e7
0.846	2.9138340260413032e7
0.8465	2.9154383654923674e7
0.847	2.9170425895409025e7
0.8475	2.9186466981811453e7
0.848	2.9202506914160676e7
0.8485	2.921854569257721e7
0.849	2.9234583317272842e7
0.8495	2.9250619788550757e7
0.85	2.9266655106805522e7
0.8505	2.928268927252306e7
0.851	2.929872228628066e7
0.8515	2.931475414874693e7
0.852	2.9330784860681728e7
0.8525	2.9346814422936108e7
0.853	2.9362842836452182e7
0.8535	2.9378870102263078e7
0.854	2.9394896221492726e7
0.8545	2.9410921195355777e7
0.855	2.9426945025157385e7
0.8555	2.9442967712293047e7
0.856	2.9458989258696426e7
0.8565	2.9475009672470003e7
0.857	2.9491028957343504e7
0.8575	2.9507047114870064e7
0.858	2.9523064146585304e7
0.8585	2.9539080054007385e7
0.859	2.955509483863704e7
0.8595	2.957110850195761e7
0.86	2.958712104543513e7
0.8605	2.96031324705183e7
0.861	2.9619142778638564e7
0.8615	2.9635151971210156e7
0.862	2.965116004962999e7
0.8625	2.9667167015274767e7
0.863	2.968317286950596e7
0.8635	2.969917761366936e7
0.864	2.9715181249093734e7
0.8645	2.973118377709088e7
0.865	2.9747185198955666e7
0.8655	2.9763185515966084e7
0.866	2.9779184729383193e7
0.8665	2.9795182840451285e7
0.867	2.9811179850397803e7
0.8675	2.9827175760055676e7
0.868	2.984317056897816e7
0.8685	2.985916427817942e7
0.869	2.9875156888874527e7
0.8695	2.9891148402287427e7
0.87	2.990713881965092e7
0.8705	2.9923128142206624e7
0.871	2.9939116371204972e7
0.8715	2.9955103507905193e7
0.872	2.9971089553575274e7
0.8725	2.998707450949201e7
0.873	3.0003058376940876e7
0.8735	3.0019041157216087e7
0.874	3.0035022851620592e7
0.8745	3.0051003461465973e7
0.875	3.006698298807251e7
0.8755000000000001	3.008296143276911e7
0.876	3.009893879689331e7
0.8765000000000001	3.011491508179126e7
0.877	3.0130890288817707e7
0.8775000000000001	3.0146864419338215e7
0.878	3.0162837474726688e7
0.8785000000000001	3.0178809456363447e7
0.879	3.0194780368304655e7
0.8795000000000001	3.021075021821398e7
0.88	3.0226719007624626e7
0.8805000000000001	3.024268673770686e7
0.881	3.025865340953456e7
0.8815000000000001	3.0274619024085373e7
0.882	3.0290583582240824e7
0.8825000000000001	3.030654708478644e7
0.883	3.0322509532411855e7
0.8835000000000001	3.0338470925710823e7
0.884	3.0354431265181296e7
0.8845000000000001	3.0370390551225472e7
0.885	3.0386348784149777e7
0.8855000000000001	3.040230596416482e7
0.886	3.041826209138541e7
0.8865000000000001	3.0434217165830497e7
0.887	3.0450171187423013e7
0.8875000000000001	3.0466124155989885e7
0.888	3.0482076071261834e7
0.8885000000000001	3.049802693287328e7
0.889	3.0513976740362152e7
0.8895000000000001	3.0529925493169725e7
0.89	3.0545873190640397e7
0.8905000000000001	3.0561819824861456e7
0.891	3.0577765381103214e7
0.8915000000000001	3.0593709858364753e7
0.892	3.060965325615756e7
0.8925000000000001	3.062559557414283e7
0.893	3.064153681213235e7
0.8935000000000001	3.0657476970090643e7
0.894	3.06734160481336e7
0.8945000000000001	3.0689354046528567e7
0.895	3.070529096569438e7
0.8955000000000001	3.0721226806201406e7
0.896	3.073716156877136e7
0.8965	3.0753095254277293e7
0.897	3.07690278637434e7
0.8975	3.078495939834475e7
0.898	3.0800889859407093e7
0.8985	3.0816819248406466e7
0.899	3.0832747566968888e7
0.8995	3.0848674816869866e7
0.9	3.0864601000033982e7
0.9005	3.0880526118534364e7
0.901	3.08964501745921e7
0.9015	3.0912373170577604e7
0.902	3.092829511847409e7
0.9025	3.0944216029748876e7
0.903	3.096013590686224e7
0.9035	3.0976054752209723e7
0.904	3.0991972568122484e7
0.9045	3.1007889356867548e7
0.905	3.102380512064811e7
0.9055	3.1039719861603722e7
0.906	3.1055633581810605e7
0.9065	3.1071546283281893e7
0.907	3.1087457967967812e7
0.9075	3.11033686377554e7
0.908	3.111927829446908e7
0.9085	3.1135186939871714e7
0.909	3.115109457566413e7
0.9095	3.1167001203485347e7
0.91	3.1182906824912664e7
0.9105	3.1198811441461835e7
0.911	3.1214715054587334e7
0.9115	3.123061766568234e7
0.912	3.124651927607899e7
0.9125	3.1262419887048513e7
0.913	3.127831949980132e7
0.9135	3.1294218111830972e7
0.914	3.1310115719886e7
0.9145	3.1326012325121354e7
0.915	3.134190792873055e7
0.9155	3.13578025319368e7
0.916	3.1373696135992836e7
0.9165	3.1389588742180932e7
0.917	3.14054803518128e7
0.9175	3.142137096622959e7
0.918	3.1437260586801723e7
0.9185	3.1453149214928906e7
0.919	3.1469036852040056e7
0.9195	3.1484923499593157e7
0.92	3.1500809159075286e7
0.9205	3.1516693832002465e7
0.921	3.1532577519919615e7
0.9215	3.1548460224400487e7
0.922	3.156434194704755e7
0.9225	3.1580222689491805e7
0.923	3.1596102453392837e7
0.9235	3.161198124043881e7
0.924	3.1627859052346323e7
0.9245	3.1643735890860245e7
0.925	3.1659611757987257e7
0.9255	3.1675486656005353e7
0.926	3.1691360586746983e7
0.9265	3.1707233552050002e7
0.927	3.172310555377209e7
0.9275	3.173897659379061e7
0.928	3.1754846674002647e7
0.9285	3.1770715796324793e7
0.929	3.1786583962693196e7
0.9295	3.180245117506343e7
0.93	3.1818317435410418e7
0.9305	3.1834182745728385e7
0.931	3.1850047108030777e7
0.9315	3.1865910524350144e7
0.932	3.1881772996738125e7
0.9325	3.1897634527265325e7
0.933	3.1913495118021287e7
0.9335	3.192935477111429e7
0.934	3.1945213488671463e7
0.9345	3.196107127283855e7
0.935	3.197692812577988e7
0.9355	3.1992784049678273e7
0.936	3.2008639046735e7
0.9365	3.202449311846895e7
0.937	3.204034626245968e7
0.9375	3.2056198480173405e7
0.9380000000000001	3.2072049774026237e7
0.9385	3.2087900146520823e7
0.9390000000000001	3.210374960024522e7
0.9395	3.211959813787235e7
0.9400000000000001	3.2135445762159653e7
0.9405	3.2151292475948486e7
0.9410000000000001	3.216713828216376e7
0.9415	3.218298318381334e7
0.9420000000000001	3.2198827183987565e7
0.9425	3.2214670285858672e7
0.9430000000000001	3.223051249268036e7
0.9435	3.224635380778708e7
0.9440000000000001	3.226219423459356e7
0.9445	3.227803377659418e7
0.9450000000000001	3.229387243736239e7
0.9455	3.2309710220550083e7
0.9460000000000001	3.2325547129886962e7
0.9465	3.2341383169179916e7
0.9470000000000001	3.2357218342312377e7
0.9475	3.2373052653243627e7
0.9480000000000001	3.2388886106008198e7
0.9485	3.2404718705122024e7
0.9490000000000001	3.24205504553326e7
0.9495	3.2436381360882502e7
0.9500000000000001	3.2452211426072523e7
0.9505	3.2468040655264903e7
0.9510000000000001	3.2483869052882746e7
0.9515	3.249969662340936e7
0.9520000000000001	3.2515523371388353e7
0.9525	3.2531349301426515e7
0.9530000000000001	3.2547174418184996e7
0.9535	3.256299872638148e7
0.9540000000000001	3.2578822230790664e7
0.9545	3.2594644936243415e7
0.9550000000000001	3.2610466847626287e7
0.9555	3.2626287969880756e7
0.9560000000000001	3.264210830800254e7
0.9565	3.2657927867041e7
0.9570000000000001	3.267374665209835e7
0.9575	3.2689564668329056e7
0.9580000000000001	3.2705381920939125e7
0.9585	3.272119841518541e7
0.9590000000000001	3.2737014156374935e7
0.9595	3.2752829149864182e7
0.96	3.276864340105839e7
0.9605	3.2784456908294782e7
0.961	3.280026966472091e7
0.9615	3.281608167599856e7
0.962	3.2831892948265687e7
0.9625	3.2847703487901688e7
0.963	3.2863513301523805e7
0.9635	3.287932239598332e7
0.964	3.2895130778361723e7
0.9645	3.2910938455966763e7
0.965	3.2926745436328333e7
0.9655	3.294255172719446e7
0.966	3.295835733652694e7
0.9665	3.297416227249716e7
0.967	3.2989966543480657e7
0.9675	3.300577015805278e7
0.968	3.302157312498716e7
0.9685	3.303737545324924e7
0.969	3.3053177151991695e7
0.9695	3.306897823054985e7
0.97	3.3084778698436975e7
0.9705	3.310057856533966e7
0.971	3.311637784111316e7
0.9715	3.313217653577663e7
0.972	3.314797465950847e7
0.9725	3.316377222295358e7
0.973	3.3179569348801184e7
0.9735	3.3195366115773108e7
0.974	3.321116250301424e7
0.9745	3.3226958491570786e7
0.975	3.3242754064495955e7
0.9755	3.3258549206947625e7
0.976	3.3274343906276204e7
0.9765	3.329013815210163e7
0.977	3.330593193637805e7
0.9775	3.3321725253445208e7
0.978	3.333751810006566e7
0.9785	3.3353310475447234e7
0.979	3.3369102381250218e7
0.9795	3.338489382157927e7
0.98	3.340068480296016e7
0.9805	3.341647533430167e7
0.981	3.343226542684338e7
0.9815	3.344805509408997e7
0.982	3.3463844351727717e7
0.9825	3.3479633217546348e7
0.983	3.349542171133926e7
0.9835	3.3511209854794804e7
0.984	3.3526997671383616e7
0.9845	3.3542785186240654e7
0.985	3.355857242604372e7
0.9855	3.357435941888982e7
0.986	3.3590146179593995e7
0.9865	3.36059327181789e7
0.987	3.362171912080302e7
0.9875	3.363750544375329e7
0.988	3.365329170985413e7
0.9885	3.366907791057366e7
0.989	3.368486396691948e7
0.9895	3.370064977755594e7
0.99	3.3716435334707804e7
0.9905	3.3732220711693734e7
0.991	3.374800596991317e7
0.9915	3.3763791133819886e7
0.992	3.377957620811844e7
0.9925	3.3795361199768506e7
0.993	3.381114611792572e7
0.9935	3.382693097153285e7
0.994	3.384271576620902e7
0.9945	3.385850050441349e7
0.995	3.387428518500608e7
0.9955	3.389006980745104e7
0.996	3.3905854370689824e7
0.9965	3.392163887281525e7
0.997	3.393742331187749e7
0.9975	3.395320640186658e7
0.998	3.396898780648916e7
0.9985	3.398477115534001e7
0.999	3.4000556615815446e7
0.9995	3.401634244613545e7