1.e-6	8.023469692979755e-6
2.e-6	8.023489201913226e-6
3.e-6	8.023687038433166e-6
4.e-6	8.023288204474704e-6
4.9999999999999996e-6	8.023317912357199e-6
5.999999999999999e-6	8.023311698897051e-6
7.e-6	8.021813388067207e-6
8.e-6	8.023292457425538e-6
9.e-6	8.023469577829323e-6
0.00001	8.0232765635807e-6
0.00002	8.023100491046254e-6
0.000030000000000000004	8.023129051041955e-6
0.00004	8.023030707032428e-6
0.00005	8.022878299684714e-6
0.00006	8.022701928703157e-6
0.00007000000000000001	8.022399828094365e-6
0.00008	8.022529558371721e-6
0.00009	8.022536944464286e-6
0.0001	8.022300322229893e-6
0.00011	8.022393259448418e-6
0.00012	8.022229410358815e-6
0.00013000000000000002	8.022236678271906e-6
0.00014000000000000001	8.02246407890298e-6
0.00015000000000000001	8.021100790458382e-6
0.00016	8.021892925278327e-6
0.00017	8.021775371603876e-6
0.00018	8.021705349831778e-6
0.00019	8.021586987085388e-6
0.0002	8.021463656420744e-6
0.00021	8.021439498038748e-6
0.00022000000000000003	8.021314743644372e-6
0.00023	8.021149330446451e-6
0.00024000000000000003	8.021184292783642e-6
0.00025	8.021037641674064e-6
0.00026000000000000003	8.020373153518169e-6
0.00027	8.020912581101754e-6
0.00028000000000000003	8.020807006836817e-6
0.00029	8.020670589251101e-6
0.00030000000000000003	8.02063576460553e-6
0.00031	8.020489823944148e-6
0.00032	8.02041468008482e-6
0.00033	8.02044335294972e-6
0.00034	8.020208610655527e-6
0.00035	8.020241729378315e-6
0.00036	8.020000068519671e-6
0.00037	8.019927322506736e-6
0.00038	8.019812664354624e-6
0.00039	8.019804602222289e-6
0.0004	8.019527119210603e-6
0.00041	8.019581291489482e-6
0.00042	8.019433030542916e-6
0.00043000000000000004	8.019328404568112e-6
0.00044	8.019226306865331e-6
0.00045000000000000004	8.019370355202615e-6
0.00046	8.019040040032403e-6
0.00047000000000000004	8.018942548468635e-6
0.00048	8.01887325312911e-6
0.0004900000000000001	8.018804747145223e-6
0.0005	8.018717698757587e-6
0.00051	8.018660031379734e-6
0.0005200000000000001	8.01854216763681e-6
0.0005300000000000001	8.018416962845234e-6
0.00054	8.01828814359145e-6
0.00055	8.018141149467045e-6
0.0005600000000000001	8.018113312958358e-6
0.0005700000000000001	8.017987351323994e-6
0.0005800000000000001	8.017911490828632e-6
0.0005900000000000001	8.01787894007523e-6
0.0006000000000000001	8.017762092236398e-6
0.0006100000000000001	8.017797346285465e-6
0.0006200000000000001	8.017556308649523e-6
0.0006300000000000001	8.017409498341706e-6
0.00064	8.01738711819104e-6
0.0006500000000000001	8.01718609706738e-6
0.0006600000000000001	8.017204191408464e-6
0.0006700000000000001	8.017090271733539e-6
0.00068	8.017457953141821e-6
0.0006900000000000001	8.016936134662919e-6
0.0007000000000000001	8.016857264283152e-6
0.0007100000000000001	8.01676921721584e-6
0.00072	8.016613268620329e-6
0.0007300000000000001	8.016516054512271e-6
0.0007400000000000001	8.016443782872976e-6
0.0007500000000000001	8.016326336312901e-6
0.0007600000000000002	8.016550913527572e-6
0.0007700000000000001	8.016152017940319e-6
0.0007800000000000001	8.016064119119618e-6
0.0007900000000000001	8.015970859013387e-6
0.0008000000000000001	8.015650838625142e-6
0.0008100000000000001	8.015775866037783e-6
0.0008200000000000001	8.0154415493807e-6
0.0008300000000000001	8.015596268130735e-6
0.0008400000000000001	8.01557648021261e-6
0.0008500000000000001	8.015476322315805e-6
0.0008600000000000001	8.015342593513897e-6
0.0008700000000000001	8.015221819793687e-6
0.0008800000000000001	8.01518385843905e-6
0.0008900000000000001	8.015021799319256e-6
0.0009000000000000001	8.015147297209408e-6
0.0009100000000000001	8.014838765585104e-6
0.0009200000000000001	8.014773559060196e-6
0.0009300000000000002	8.014647120466242e-6
0.0009400000000000001	8.014559978154161e-6
0.0009500000000000001	8.014455550033751e-6
0.0009600000000000001	8.014576760759325e-6
0.0009700000000000002	8.01420832750287e-6
0.00098	8.014160177577893e-6
0.00099	8.013937131807345e-6
0.001	8.013958464016498e-6
0.0011	8.013011942310633e-6
0.0012000000000000001	8.012084196835712e-6
0.0013	8.011229372976247e-6
0.0014	8.010403477869313e-6
0.0015	8.009612631271726e-6
0.0016	8.008885573315439e-6
0.0017000000000000001	8.00824026991644e-6
0.0018	8.007692923853507e-6
0.0019000000000000002	8.007267408741395e-6
0.002	8.007104008117284e-6
0.0021000000000000003	8.007177830073237e-6
0.0022	8.008071992365567e-6
0.0023	8.009525575634406e-6
0.0024000000000000002	8.011343698779903e-6
0.0025	8.01293534513661e-6
0.0026	8.013418897266054e-6
0.0027	8.01177576253696e-6
0.0028000000000000004	8.007030295792359e-6
0.0029	7.998606360318945e-6
0.003	7.987451216510283e-6
0.0031000000000000003	7.977583596477073e-6
0.0032	7.969224391663097e-6
0.0033	7.962373238188893e-6
0.0034000000000000002	7.957175308691626e-6
0.0035	7.95372625513767e-6
0.0036000000000000003	7.951967083334938e-6
0.0037	7.951735914406835e-6
0.0038	7.952705153831129e-6
0.0039000000000000003	7.954373676276922e-6
0.004	7.955850624252907e-6
0.0041	7.9557339906026e-6
0.004200000000000001	7.954936308515985e-6
0.0043	7.954000602414406e-6
0.0044	7.953125126047619e-6
0.0045000000000000005	7.952454858239733e-6
0.0046	7.951929399117014e-6
0.0047	7.951743133591051e-6
0.0048000000000000004	7.951702903276815e-6
0.0049	7.951738138411251e-6
0.005	7.951642207364985e-6
0.0051	7.951054151357918e-6
0.005200000000000001	7.950240453583628e-6
0.0053	7.949309574021245e-6
0.0054	7.948369532139117e-6
0.0055000000000000005	7.947455064263358e-6
0.0056	7.946587519005344e-6
0.0057	7.945763486864731e-6
0.0058000000000000005	7.944986638225978e-6
0.0059	7.94421709719655e-6
0.006	7.943394032423716e-6
0.0061	7.942367913409451e-6
0.006200000000000001	7.941191431878549e-6
0.0063	7.939908085255511e-6
0.0064	7.93854382545407e-6
0.006500000000000001	7.937125766470316e-6
0.0066	7.935672933427824e-6
0.0067	7.934214638010648e-6
0.0068000000000000005	7.932764201836872e-6
0.0069	7.93133126984913e-6
0.007	7.92990763415756e-6
0.0071	7.928503840350735e-6
0.007200000000000001	7.927206400124253e-6
0.0073	7.926011092550462e-6
0.0074	7.924876610461231e-6
0.007500000000000001	7.923745751634821e-6
0.0076	7.922598970241303e-6
0.0077	7.921412985502305e-6
0.0078000000000000005	7.920166523399842e-6
0.0079	7.918857676758209e-6
0.008	7.91748276725552e-6
0.0081	7.916021124029241e-6
0.0082	7.914503378132465e-6
0.0083	7.912932793607497e-6
0.008400000000000001	7.911333004360036e-6
0.0085	7.909692256908133e-6
0.0086	7.908018547408575e-6
0.0087	7.906318732051449e-6
0.0088	7.904577123752951e-6
0.008900000000000002	7.902787938204082e-6
0.009000000000000001	7.901194498091994e-6
0.0091	7.899041736602532e-6
0.0092	7.89710452940759e-6
0.0093	7.895129829860961e-6
0.009400000000000002	7.893140335891994e-6
0.009500000000000001	7.891106583023716e-6
0.009600000000000001	7.889051963041023e-6
0.0097	7.886943039719896e-6
0.0098	7.884794114583518e-6
0.009899999999999999	7.882540853401375e-6
0.01	7.880202588799568e-6
0.011	7.106581189610571e-6
0.012	6.4297707434973355e-6
0.013000000000000001	5.876246383265669e-6
0.014	5.4094684888699965e-6
0.015	5.004039675683591e-6
0.016	4.647902124556737e-6
0.017	4.33112163762246e-6
0.018000000000000002	4.045237599556462e-6
0.019000000000000003	3.782031669371751e-6
0.02	3.5167565097402734e-6
0.020999999999999998	3.2636620548236887e-6
0.022	3.3569062179780617e-6
0.023	3.3543740381442883e-6
0.024	3.2963556977997126e-6
0.025	3.2282375983934274e-6
0.026000000000000002	3.156839199412955e-6
0.027000000000000003	3.085581742362295e-6
0.028000000000000004	3.016254034364644e-6
0.028999999999999998	2.949994381359096e-6
0.03	2.8885256082631296e-6
0.031	2.835026947278035e-6
0.032	2.759058891027496e-6
0.033	2.6742880079967127e-6
0.034	2.595684698599377e-6
0.035	2.5215515169116324e-6
0.036000000000000004	2.4515263280811576e-6
0.037	2.385280736298828e-6
0.038	2.322518548190947e-6
0.039	2.262972913180633e-6
0.04	2.206403230963083e-6
0.041	2.152592077227543e-6
0.042	2.1013427477700655e-6
0.043000000000000003	2.0524766300745905e-6
0.044000000000000004	2.005831330847509e-6
0.045000000000000005	1.9612588597628655e-6
0.046000000000000006	1.918624097113149e-6
0.047	1.8778034053341782e-6
0.048	1.8386834303120987e-6
0.049	1.8011600745375388e-6
0.05	1.7651375590862146e-6
0.051000000000000004	1.7305276033056407e-6
0.052000000000000005	1.6972487453316824e-6
0.053000000000000005	1.6652256413968327e-6
0.054	1.6343885295070405e-6
0.055	1.6046727276571986e-6
0.056	1.5760181610589556e-6
0.057	1.5483689988141923e-6
0.058	1.5216732309698854e-6
0.059000000000000004	1.495882382662928e-6
0.060000000000000005	1.4709512103465494e-6
0.061000000000000006	1.4468374369519354e-6
0.062000000000000006	1.4235015126580563e-6
0.063	1.4009063985198287e-6
0.064	1.3790173703397768e-6
0.065	1.3578018406381418e-6
0.066	1.337229198955613e-6
0.067	1.3172706558607695e-6
0.068	1.2978991215478238e-6
0.069	1.2790890745369405e-6
0.06999999999999999	1.2608164515087813e-6
0.071	1.243058545020274e-6
0.072	1.2257939090195936e-6
0.073	1.2090022724962044e-6
0.074	1.1926644601320921e-6
0.075	1.1767623209993394e-6
0.076	1.161278654269028e-6
0.077	1.1461971577872609e-6
0.078	1.1315023636809835e-6
0.079	1.1171795872412249e-6
0.08	1.1032148779774366e-6
0.081	1.0895949742971395e-6
0.082	1.0763072615015015e-6
0.08299999999999999	1.0633397328171754e-6
0.08399999999999999	1.0506809532114478e-6
0.08499999999999999	1.0383200257549028e-6
0.086	1.0262465607238895e-6
0.087	1.0144506449369932e-6
0.088	1.002922816971938e-6
0.089	9.916540402311198e-7
0.09	9.80635679738165e-7
0.091	9.698594800713011e-7
0.092	9.593175447353965e-7
0.093	9.490023168657484e-7
0.094	9.389065611639001e-7
0.095	9.290233469715567e-7
0.096	9.193460325051156e-7
0.097	9.098682495535417e-7
0.09799999999999999	9.005838901563056e-7
0.09899999999999999	8.91487093023637e-7
0.09999999999999999	8.825722313153787e-7
0.10099999999999999	8.738339010347263e-7
0.102	8.652669101046702e-7
0.103	8.568662680807538e-7
0.104	8.486271764573104e-7
0.105	8.40545019527627e-7
0.106	8.326153557614407e-7
0.107	8.248339096659374e-7
0.108	8.171965640989094e-7
0.109	8.096993530050346e-7
0.11	8.023384545483521e-7
0.111	7.951101846159557e-7
0.112	7.880109906696911e-7
0.113	7.810374459243135e-7
0.114	7.741862438320543e-7
0.11499999999999999	7.674541928549418e-7
0.11599999999999999	7.608382115075211e-7
0.11699999999999999	7.54335323653786e-7
0.118	7.479426540432527e-7
0.119	7.416574240701818e-7
0.12	7.354769477511843e-7
0.121	7.293986278962347e-7
0.122	7.234199524687058e-7
0.123	7.175384911213743e-7
0.124	7.117518919055269e-7
0.125	7.060578781345374e-7
0.126	7.004542453984211e-7
0.127	6.949388587166708e-7
0.128	6.895096498266615e-7
0.129	6.841646145977376e-7
0.13	6.78901810564613e-7
0.131	6.737193545737376e-7
0.132	6.686154205366543e-7
0.133	6.635882372847022e-7
0.134	6.586360865197797e-7
0.135	6.537573008561819e-7
0.136	6.489502619488311e-7
0.137	6.442133987034787e-7
0.138	6.395451855647255e-7
0.139	6.349441408779376e-7
0.14	6.304088253213717e-7
0.14100000000000001	6.259378404050093e-7
0.14200000000000002	6.21529827032827e-7
0.14300000000000002	6.171834675548829e-7
0.14400000000000002	6.128974706691281e-7
0.14500000000000002	6.086705909145787e-7
0.14600000000000002	6.045016135571748e-7
0.14700000000000002	6.003893569169691e-7
0.14800000000000002	5.963326712513246e-7
0.14900000000000002	5.923304376829933e-7
0.15000000000000002	5.883815671713971e-7
0.15100000000000002	5.844849995246598e-7
0.15200000000000002	5.806397024506398e-7
0.15300000000000002	5.768446706451762e-7
0.15400000000000003	5.730989249158581e-7
0.155	5.694015113397121e-7
0.156	5.657515004532869e-7
0.157	5.621479864736881e-7
0.158	5.585900865491981e-7
0.159	5.550769400381679e-7
0.16	5.516077078149582e-7
0.161	5.481815716017379e-7
0.162	5.447977333250372e-7
0.163	5.414554144959817e-7
0.164	5.381538556132039e-7
0.165	5.348923155874644e-7
0.166	5.316700711870702e-7
0.167	5.284864165032206e-7
0.168	5.253406624344446e-7
0.169	5.222321361893424e-7
0.17	5.191601829434064e-7
0.171	5.161241567936957e-7
0.17200000000000001	5.131234332409987e-7
0.17300000000000001	5.101574001020477e-7
0.17400000000000002	5.072254592667356e-7
0.17500000000000002	5.043270262960279e-7
0.17600000000000002	5.014615300335801e-7
0.17700000000000002	4.986284122305205e-7
0.17800000000000002	4.958271271828816e-7
0.17900000000000002	4.930571413811853e-7
0.18000000000000002	4.903179331717057e-7
0.18100000000000002	4.876089924289647e-7
0.18200000000000002	4.849298202390213e-7
0.18300000000000002	4.822799285931458e-7
0.18400000000000002	4.796588400914833e-7
0.18500000000000003	4.770660876563276e-7
0.186	4.7450121425464476e-7
0.187	4.719637726294988e-7
0.188	4.6945332504005005e-7
0.189	4.669694430098065e-7
0.19	4.64511707082826e-7
0.191	4.6207970658757544e-7
0.192	4.596730394081716e-7
0.193	4.5729131176273197e-7
0.194	4.549341379885813e-7
0.195	4.526011355597059e-7
0.196	4.5029194408990535e-7
0.197	4.480061961654132e-7
0.198	4.45743536581243e-7
0.199	4.4350361727219553e-7
0.2	4.4128609713437043e-7
0.201	4.390906418519874e-7
0.202	4.3691692372943744e-7
0.203	4.347646215280899e-7
0.20400000000000001	4.3263342030796265e-7
0.20500000000000002	4.305230112747898e-7
0.20600000000000002	4.284330916295341e-7
0.20700000000000002	4.2636336442474927e-7
0.20800000000000002	4.2431353842383966e-7
0.20900000000000002	4.222833279632687e-7
0.21000000000000002	4.2027245282160104e-7
0.21100000000000002	4.182806380890102e-7
0.21200000000000002	4.16307614043027e-7
0.21300000000000002	4.143531128000021e-7
0.21400000000000002	4.124168811677394e-7
0.21500000000000002	4.104986609738546e-7
0.21600000000000003	4.085982020593105e-7
0.21700000000000003	4.0671525887675055e-7
0.21800000000000003	4.0484959038417436e-7
0.219	4.030009599420826e-7
0.22	4.0116913521357636e-7
0.221	3.993538880669327e-7
0.222	3.9755499448090943e-7
0.223	3.957722344525752e-7
0.224	3.940053919076195e-7
0.225	3.922542546130496e-7
0.226	3.90518614092206e-7
0.227	3.887982655420232e-7
0.228	3.870930077524692e-7
0.229	3.8540264302809497e-7
0.23	3.837269771116302e-7
0.231	3.8206581910956467e-7
0.232	3.8041898141965223e-7
0.233	3.787862796602847e-7
0.234	3.7716753260167294e-7
0.23500000000000001	3.755625620987884e-7
0.23600000000000002	3.7397119302600766e-7
0.23700000000000002	3.7239325321341144e-7
0.23800000000000002	3.708285733846909e-7
0.23900000000000002	3.6927698709661105e-7
0.24000000000000002	3.6773833067998954e-7
0.24100000000000002	3.6621244318214254e-7
0.24200000000000002	3.646991663107594e-7
0.24300000000000002	3.6319834437916286e-7
0.24400000000000002	3.617098242529145e-7
0.24500000000000002	3.602334552977277e-7
0.24600000000000002	3.5876908932865313e-7
0.24700000000000003	3.5731658056049574e-7
0.24800000000000003	3.558757855594331e-7
0.24900000000000003	3.5444656319579953e-7
0.25	3.5302877459800233e-7
0.251	3.516222831075401e-7
0.252	3.502269542350938e-7
0.253	3.488426556176557e-7
0.254	3.4746925697667364e-7
0.255	3.4610663007717965e-7
0.256	3.447546486878765e-7
0.257	3.434131885421543e-7
0.258	3.420821273000168e-7
0.259	3.4076134451088733e-7
0.26	3.3945072157727435e-7
0.261	3.381501417192708e-7
0.262	3.368594899398685e-7
0.263	3.355786529910625e-7
0.264	3.343075193407251e-7
0.265	3.330459791402319e-7
0.266	3.317939241928174e-7
0.267	3.305512479226389e-7
0.268	3.2931784534453907e-7
0.269	3.2809361303447615e-7
0.27	3.2687844910061593e-7
0.271	3.256722531550625e-7
0.272	3.244749262862111e-7
0.273	3.2328637103171085e-7
0.274	3.221064913520187e-7
0.275	3.209351926045291e-7
0.276	3.197723815182685e-7
0.277	3.186179661691353e-7
0.278	3.174718559556766e-7
0.279	3.16333961575385e-7
0.28	3.152041950015018e-7
0.281	3.140824694603181e-7
0.28200000000000003	3.129686994089576e-7
0.28300000000000003	3.1186280051362917e-7
0.28400000000000003	3.10764689628342e-7
0.28500000000000003	3.096742847740656e-7
0.28600000000000003	3.0859150511832875e-7
0.28700000000000003	3.075162709552454e-7
0.28800000000000003	3.0644850368595446e-7
0.28900000000000003	3.053881257994685e-7
0.29000000000000004	3.043350608539165e-7
0.29100000000000004	3.032892334581744e-7
0.29200000000000004	3.022505692538731e-7
0.29300000000000004	3.012189948977737e-7
0.29400000000000004	3.001944380445054e-7
0.29500000000000004	2.9917682732965007e-7
0.29600000000000004	2.9816609235317387e-7
0.29700000000000004	2.971621636631908e-7
0.29800000000000004	2.9616497274005513e-7
0.299	2.951744519807714e-7
0.3	2.9419053468371647e-7
0.301	2.9321315503366837e-7
0.302	2.922422480871285e-7
0.303	2.9127774975793857e-7
0.304	2.9031959680317886e-7
0.305	2.8936772680934444e-7
0.306	2.8842207817879336e-7
0.307	2.874825901164578e-7
0.308	2.8654920261681686e-7
0.309	2.8562185645111947e-7
0.31	2.8470049315485614e-7
0.311	2.837850550154726e-7
0.312	2.828754850603187e-7
0.313	2.8197172704482905e-7
0.314	2.810737254409293e-7
0.315	2.801814254256633e-7
0.316	2.792947728700362e-7
0.317	2.784137143280687e-7
0.318	2.7753819702605776e-7
0.319	2.766681688520392e-7
0.32	2.7580357834544844e-7
0.321	2.7494437468697383e-7
0.322	2.7409050768859896e-7
0.323	2.732419277838314e-7
0.324	2.723985860181097e-7
0.325	2.7156043403939065e-7
0.326	2.707274240889069e-7
0.327	2.6989950899209667e-7
0.328	2.6907664214969684e-7
0.329	2.682587775290013e-7
0.33	2.6744586965527525e-7
0.331	2.666378736033279e-7
0.332	2.658347449892354e-7
0.333	2.650364399622142e-7
0.334	2.6424291519663947e-7
0.335	2.634541278842071e-7
0.336	2.6267003572623607e-7
0.337	2.6189059692610603e-7
0.338	2.6111577018183156e-7
0.339	2.6034551467876573e-7
0.34	2.5957979008243434e-7
0.341	2.588185565314943e-7
0.342	2.580617746308174e-7
0.343	2.57309405444693e-7
0.34400000000000003	2.56561410490152e-7
0.34500000000000003	2.5581775173040405e-7
0.34600000000000003	2.5507839156839047e-7
0.34700000000000003	2.543432928404481e-7
0.34800000000000003	2.5361241881008187e-7
0.34900000000000003	2.5288573316184594e-7
0.35000000000000003	2.5216319999532715e-7
0.35100000000000003	2.514447838192347e-7
0.35200000000000004	2.5073044954558706e-7
0.35300000000000004	2.5002016248400057e-7
0.35400000000000004	2.4931388833607316e-7
0.35500000000000004	2.4861159318986334e-7
0.35600000000000004	2.47913243514463e-7
0.35700000000000004	2.4721880615465966e-7
0.35800000000000004	2.465282483256911e-7
0.35900000000000004	2.45841537608084e-7
0.36000000000000004	2.451586419425816e-7
0.36100000000000004	2.4447952962515443e-7
0.362	2.438041693020936e-7
0.363	2.431325299651855e-7
0.364	2.4246458094696617e-7
0.365	2.418002919160534e-7
0.366	2.4113963287255515e-7
0.367	2.4048257414355405e-7
0.368	2.3982908637866414e-7
0.369	2.391791405456607e-7
0.37	2.3853270792618106e-7
0.371	2.3788976011149404e-7
0.372	2.372502689983391e-7
0.373	2.3661420678483096e-7
0.374	2.3598154596643033e-7
0.375	2.3535225933197997e-7
0.376	2.3472631995980302e-7
0.377	2.341037012138633e-7
0.378	2.334843767399879e-7
0.379	2.3286832046214765e-7
0.38	2.3225550657879836e-7
0.381	2.3164590955927785e-7
0.382	2.3103950414026054e-7
0.383	2.30436265322268e-7
0.384	2.2983616836623264e-7
0.385	2.2923918879011612e-7
0.386	2.2864530240305632e-7
0.387	2.280544847912514e-7
0.388	2.2746671158725548e-7
0.389	2.2688195683295942e-7
0.39	2.2630020263325552e-7
0.391	2.2572142795080994e-7
0.392	2.2514558825209306e-7
0.393	2.245726965368069e-7
0.394	2.240027115494385e-7
0.395	2.2343559064553735e-7
0.396	2.228713510391205e-7
0.397	2.223099370369955e-7
0.398	2.217513609475956e-7
0.399	2.2119556639299132e-7
0.4	2.2064257559403052e-7
0.401	2.20092340777489e-7
0.402	2.1954482786187916e-7
0.403	2.1900004889605268e-7
0.404	2.1845796366142117e-7
0.405	2.179185532819678e-7
0.406	2.173818035708216e-7
0.40700000000000003	2.1684769239443043e-7
0.40800000000000003	2.1631619980595373e-7
0.40900000000000003	2.157873061577483e-7
0.41000000000000003	2.1526099247055265e-7
0.41100000000000003	2.1473723991253657e-7
0.41200000000000003	2.142160298347028e-7
0.41300000000000003	2.1369734376867442e-7
0.41400000000000003	2.1318116342451252e-7
0.41500000000000004	2.1266747068856687e-7
0.41600000000000004	2.1215624762135672e-7
0.41700000000000004	2.1164747645548307e-7
0.41800000000000004	2.1114113959356959e-7
0.41900000000000004	2.106372196062338e-7
0.42000000000000004	2.1013569923008768e-7
0.42100000000000004	2.0963656136576562e-7
0.42200000000000004	2.091397890759815e-7
0.42300000000000004	2.0864536558361234e-7
0.42400000000000004	2.0815327426981031e-7
0.42500000000000004	2.0766349867213968e-7
0.42600000000000005	2.0717602248274216e-7
0.427	2.066908295465258e-7
0.428	2.0620790385938095e-7
0.429	2.0572722956642058e-7
0.43	2.052487909602447e-7
0.431	2.0477257247922981e-7
0.432	2.0429855870584146e-7
0.433	2.0382673436497038e-7
0.434	2.0335708432229175e-7
0.435	2.0288959358264696e-7
0.436	2.024242472884476e-7
0.437	2.019610307181014e-7
0.438	2.014999292844601e-7
0.439	2.0104092853328775e-7
0.44	2.0058401414175045e-7
0.441	2.001291719169267e-7
0.442	1.9967638779433794e-7
0.443	1.992256478364981e-7
0.444	1.9877693823148457e-7
0.445	1.9833024529152652e-7
0.446	1.9788555545161354e-7
0.447	1.974428552681222e-7
0.448	1.9700213141746146e-7
0.449	1.9656337069473608e-7
0.45	1.9612656001242736e-7
0.451	1.9569168639909252e-7
0.452	1.9525873699808e-7
0.453	1.948276990662628e-7
0.454	1.943985599727883e-7
0.455	1.9397130719784404e-7
0.456	1.9354592833144085e-7
0.457	1.9312241107221063e-7
0.458	1.9270074322622084e-7
0.459	1.922809127058042e-7
0.46	1.918629075284034e-7
0.461	1.914467158154316e-7
0.462	1.910323257911465e-7
0.463	1.9061972578154023e-7
0.464	1.9020890421324288e-7
0.465	1.8979984961244032e-7
0.466	1.893925506038064e-7
0.467	1.8898699590944758e-7
0.468	1.8858317434786323e-7
0.46900000000000003	1.881810748329168e-7
0.47000000000000003	1.8778068637282206e-7
0.47100000000000003	1.8738199806914134e-7
0.47200000000000003	1.8698499911579634e-7
0.47300000000000003	1.8658967879809234e-7
0.47400000000000003	1.8619602649175395e-7
0.47500000000000003	1.8580403166197316e-7
0.47600000000000003	1.8541368386246984e-7
0.47700000000000004	1.8502497273456384e-7
0.47800000000000004	1.8463788800625834e-7
0.47900000000000004	1.8425241949133516e-7
0.48000000000000004	1.8386855708846147e-7
0.48100000000000004	1.8348629078030708e-7
0.48200000000000004	1.831056106326731e-7
0.48300000000000004	1.8272650679363146e-7
0.48400000000000004	1.8234896949267508e-7
0.48500000000000004	1.8197298903987823e-7
0.48600000000000004	1.815985558250678e-7
0.48700000000000004	1.812256603170042e-7
0.48800000000000004	1.808542930625728e-7
0.48900000000000005	1.8048444468598508e-7
0.49	1.8011610588798949e-7
0.491	1.797492674450922e-7
0.492	1.793839202087871e-7
0.493	1.7902005510479527e-7
0.494	1.786576631323138e-7
0.495	1.7829673536327344e-7
0.496	1.7793726294160556e-7
0.497	1.7757923708251778e-7
0.498	1.7722264907177818e-7
0.499	1.7686749026500841e-7
0.5	1.765137520869852e-7
0.501	1.7616142603095016e-7
0.502	1.758105036579277e-7
0.503	1.754609765960515e-7
0.504	1.7511283653989846e-7
0.505	1.7476607524983128e-7
0.506	1.74420684551348e-7
0.507	1.7407665633443942e-7
0.508	1.7373398255295528e-7
0.509	1.7339265522397593e-7
0.51	1.7305266642719303e-7
0.511	1.7271400830429664e-7
0.512	1.7237667305836993e-7
0.513	1.7204065295329075e-7
0.514	1.7170594031314012e-7
0.515	1.7137252752161788e-7
0.516	1.710404070214652e-7
0.517	1.707095713138929e-7
0.518	1.7038001295801786e-7
0.519	1.7005172457030455e-7
0.52	1.697246988240142e-7
0.521	1.6939892844865887e-7
0.522	1.6907440622946378e-7
0.523	1.6875112500683352e-7
0.524	1.6842907767582638e-7
0.525	1.681082571856335e-7
0.526	1.6778865653906428e-7
0.527	1.674702687920378e-7
0.528	1.671530870530796e-7
0.529	1.6683710448282499e-7
0.53	1.6652231429352682e-7
0.531	1.6620870974857e-7
0.532	1.658962841619904e-7
0.533	1.655850308980003e-7
0.534	1.65274943370518e-7
0.535	1.6496601504270353e-7
0.536	1.6465823942649944e-7
0.537	1.6435161008217636e-7
0.538	1.6404612061788406e-7
0.539	1.6374176468920713e-7
0.54	1.6343853599872564e-7
0.541	1.6313642829558123e-7
0.542	1.6283543537504727e-7
0.543	1.6253555107810417e-7
0.544	1.6223676929101917e-7
0.545	1.6193908394493078e-7
0.546	1.6164248901543846e-7
0.547	1.6134697852219546e-7
0.548	1.6105254652850724e-7
0.549	1.6075918714093393e-7
0.55	1.60466894508897e-7
0.551	1.601756628242903e-7
0.552	1.5988548632109557e-7
0.553	1.5959635927500153e-7
0.554	1.5930827600302783e-7
0.555	1.590212308631524e-7
0.556	1.5873521825394336e-7
0.557	1.5845023261419454e-7
0.558	1.5816626842256487e-7
0.559	1.578833201972223e-7
0.56	1.576013824954905e-7
0.561	1.5732044991350002e-7
0.562	1.5704051708584335e-7
0.5630000000000001	1.5676157868523284e-7
0.5640000000000001	1.5648362942216344e-7
0.5650000000000001	1.5620666404457753e-7
0.5660000000000001	1.5593067733753388e-7
0.5670000000000001	1.5565566412288362e-7
0.5680000000000001	1.5538161925893999e-7
0.5690000000000001	1.5510853764016318e-7
0.5700000000000001	1.548364141968443e-7
0.5710000000000001	1.5456524389478423e-7
0.5720000000000001	1.5429502173499287e-7
0.5730000000000001	1.540257427533723e-7
0.5740000000000001	1.5375740202042304e-7
0.5750000000000001	1.5348999464093216e-7
0.5760000000000001	1.5322351575368455e-7
0.5770000000000001	1.5295796053116605e-7
0.5780000000000001	1.526933241792673e-7
0.5790000000000001	1.5242960193700164e-7
0.5800000000000001	1.5216678907621625e-7
0.5810000000000001	1.519048809013094e-7
0.5820000000000001	1.5164387274895232e-7
0.5830000000000001	1.5138375998781125e-7
0.5840000000000001	1.5112453801827383e-7
0.5850000000000001	1.5086620227217835e-7
0.5860000000000001	1.506087482125449e-7
0.587	1.5035217133330988e-7
0.588	1.5009646715906336e-7
0.589	1.498416312447885e-7
0.59	1.4958765917560437e-7
0.591	1.4933454656651067e-7
0.592	1.490822890621355e-7
0.593	1.488308823364855e-7
0.594	1.4858032209269852e-7
0.595	1.483306040627991e-7
0.596	1.4808172400745566e-7
0.597	1.4783367771574087e-7
0.598	1.475864610048944e-7
0.599	1.4734006972008723e-7
0.6	1.4709449973418938e-7
0.601	1.4684974694753923e-7
0.602	1.4660580728771533e-7
0.603	1.4636267670931088e-7
0.604	1.4612035119370962e-7
0.605	1.4587882674886486e-7
0.606	1.456380994090797e-7
0.607	1.4539816523479084e-7
0.608	1.451590203123527e-7
0.609	1.4492066075382538e-7
0.61	1.4468308269676348e-7
0.611	1.4444628230400784e-7
0.612	1.442102557634785e-7
0.613	1.439749992879708e-7
0.614	1.4374050911495194e-7
0.615	1.4350678150636142e-7
0.616	1.4327381274841134e-7
0.617	1.4304159915139056e-7
0.618	1.428101370494695e-7
0.619	1.4257942280050706e-7
0.62	1.4234945278586023e-7
0.621	1.4212022341019417e-7
0.622	1.4189173110129533e-7
0.623	1.4166397230988562e-7
0.624	1.4143694350943886e-7
0.625	1.4121064119599842e-7
0.626	1.409850618879974e-7
0.627	1.4076020212607965e-7
0.628	1.4053605847292333e-7
0.629	1.4031262751306542e-7
0.63	1.4008990585272848e-7
0.631	1.398678901196486e-7
0.632	1.396465769629053e-7
0.633	1.3942596305275315e-7
0.634	1.3920604508045443e-7
0.635	1.3898681975811392e-7
0.636	1.3876828381851473e-7
0.637	1.3855043401495666e-7
0.638	1.3833326712109484e-7
0.639	1.381167799307804e-7
0.64	1.379009692579031e-7
0.641	1.376858319362349e-7
0.642	1.3747136481927483e-7
0.643	1.3725756478009588e-7
0.644	1.3704442871119293e-7
0.645	1.368319535243324e-7
0.646	1.3662013615040264e-7
0.647	1.3640897353926643e-7
0.648	1.3619846265961475e-7
0.649	1.3598860049882143e-7
0.65	1.3577938406279937e-7
0.651	1.3557081037585868e-7
0.652	1.3536287648056488e-7
0.653	1.351555794375997e-7
0.654	1.349489163256222e-7
0.655	1.3474288424113178e-7
0.656	1.3453748029833226e-7
0.657	1.3433270162899655e-7
0.658	1.341285453823341e-7
0.659	1.3392500872485777e-7
0.66	1.337220888402531e-7
0.661	1.335197829292149e-7
0.662	1.3331808820978164e-7
0.663	1.3311700191689569e-7
0.664	1.3291652130381516e-7
0.665	1.3271664363308999e-7
0.666	1.3251736618765843e-7
0.667	1.3231868628727772e-7
0.668	1.3212060121464948e-7
0.669	1.319231083211983e-7
0.67	1.3172620497134678e-7
0.671	1.3152988849554766e-7
0.672	1.3133415631054826e-7
0.673	1.311390057610135e-7
0.674	1.3094443432383504e-7
0.675	1.3075043936388025e-7
0.676	1.3055701833065377e-7
0.677	1.3036416874354158e-7
0.678	1.30171887983172e-7
0.679	1.2998017360164527e-7
0.68	1.2978902308827659e-7
0.681	1.2959843395280015e-7
0.682	1.2940840373874227e-7
0.683	1.2921892994861898e-7
0.684	1.2903001020145815e-7
0.685	1.2884164201504948e-7
0.686	1.2865382300202708e-7
0.687	1.2846655078196082e-7
0.6880000000000001	1.2827982293847502e-7
0.6890000000000001	1.2809363711935093e-7
0.6900000000000001	1.2790799096642685e-7
0.6910000000000001	1.277228821317261e-7
0.6920000000000001	1.2753830828812354e-7
0.6930000000000001	1.2735426712015594e-7
0.6940000000000001	1.2717075632559193e-7
0.6950000000000001	1.2698777361501572e-7
0.6960000000000001	1.2680531671220337e-7
0.6970000000000001	1.266233833539938e-7
0.6980000000000001	1.264419712901954e-7
0.6990000000000001	1.2626107828349313e-7
0.7000000000000001	1.2608070210935665e-7
0.7010000000000001	1.2590084055594905e-7
0.7020000000000001	1.2572149142403647e-7
0.7030000000000001	1.2554265252689863e-7
0.7040000000000001	1.2536432169023954e-7
0.7050000000000001	1.251864967520998e-7
0.7060000000000001	1.250091755627691e-7
0.7070000000000001	1.2483235598469952e-7
0.7080000000000001	1.2465603589241954e-7
0.7090000000000001	1.244802131724492e-7
0.7100000000000001	1.2430488572321548e-7
0.7110000000000001	1.2413005145496844e-7
0.7120000000000001	1.2395570828969837e-7
0.7130000000000001	1.2378185416105333e-7
0.714	1.2360848701425779e-7
0.715	1.234356048060311e-7
0.716	1.2326320550450787e-7
0.717	1.2309128708915811e-7
0.718	1.2291984755070805e-7
0.719	1.227488848910622e-7
0.72	1.2257839712322568e-7
0.721	1.2240838227122694e-7
0.722	1.222388383700419e-7
0.723	1.2206976346551776e-7
0.724	1.2190115561429826e-7
0.725	1.2173301288374914e-7
0.726	1.215653333518841e-7
0.727	1.2139811510729195e-7
0.728	1.2123135624906342e-7
0.729	1.2106505488671995e-7
0.73	1.208992091401414e-7
0.731	1.2073381713949568e-7
0.732	1.2056887702516834e-7
0.733	1.204043869476929e-7
0.734	1.2024034506768177e-7
0.735	1.2007674955575752e-7
0.736	1.1991359859248517e-7
0.737	1.1975089036830432e-7
0.738	1.1958862308346264e-7
0.739	1.1942679494794937e-7
0.74	1.1926540418142936e-7
0.741	1.1910444901317803e-7
0.742	1.1894392768201639e-7
0.743	1.18783838436247e-7
0.744	1.1862417953359004e-7
0.745	1.1846494924112031e-7
0.746	1.1830614583520437e-7
0.747	1.1814776760143844e-7
0.748	1.1798981283458653e-7
0.749	1.1783227983851976e-7
0.75	1.1767516692615475e-7
0.751	1.1751847241939445e-7
0.752	1.1736219464906747e-7
0.753	1.1720633195486927e-7
0.754	1.1705088268530348e-7
0.755	1.1689584519762313e-7
0.756	1.1674121785777326e-7
0.757	1.1658699904033316e-7
0.758	1.164331871284595e-7
0.759	1.1627978051382988e-7
0.76	1.161267775965869e-7
0.761	1.1597417678528224e-7
0.762	1.1582197649682165e-7
0.763	1.1567017515641029e-7
0.764	1.1551877119749826e-7
0.765	1.153677630617267e-7
0.766	1.1521714919887452e-7
0.767	1.1506692806680517e-7
0.768	1.1491709813141406e-7
0.769	1.1476765786657629e-7
0.77	1.1461860575409502e-7
0.771	1.1446994028364973e-7
0.772	1.1432165995274552e-7
0.773	1.1417376326666238e-7
0.774	1.1402624873840481e-7
0.775	1.1387911488865236e-7
0.776	1.1373236024570972e-7
0.777	1.1358598334545794e-7
0.778	1.1343998273130582e-7
0.779	1.1329435695414113e-7
0.78	1.1314910457228331e-7
0.781	1.1300422415143545e-7
0.782	1.1285971426463713e-7
0.783	1.1271557349221768e-7
0.784	1.1257180042174962e-7
0.785	1.1242839364800268e-7
0.786	1.122853517728978e-7
0.787	1.1214267340546168e-7
0.788	1.1200035716178196e-7
0.789	1.1185840166496228e-7
0.79	1.117168055450778e-7
0.791	1.115755674391314e-7
0.792	1.1143468599100969e-7
0.793	1.1129415985143965e-7
0.794	1.1115398767794577e-7
0.795	1.1101416813480698e-7
0.796	1.1087469989301438e-7
0.797	1.1073558163022923e-7
0.798	1.1059681203074098e-7
0.799	1.1045838978542592e-7
0.8	1.1032031359170583e-7
0.801	1.1018258215350747e-7
0.802	1.1004519418122158e-7
0.803	1.0990814839166301e-7
0.804	1.0977144350803054e-7
0.805	1.0963507825986733e-7
0.806	1.094990513830215e-7
0.807	1.093633616196072e-7
0.808	1.092280077179656e-7
0.809	1.0909298843262665e-7
0.81	1.089583025242707e-7
0.811	1.0882394875969077e-7
0.812	1.0868992591175458e-7
0.8130000000000001	1.0855623275936758e-7
0.8140000000000001	1.0842286808743568e-7
0.8150000000000001	1.082898306868283e-7
0.8160000000000001	1.0815711935434207e-7
0.8170000000000001	1.0802473289266454e-7
0.8180000000000001	1.0789267011033789e-7
0.8190000000000001	1.0776092982172356e-7
0.8200000000000001	1.0762951084696647e-7
0.8210000000000001	1.0749841201196004e-7
0.8220000000000001	1.0736763214831097e-7
0.8230000000000001	1.0723717009330479e-7
0.8240000000000001	1.0710702468987115e-7
0.8250000000000001	1.069771947865498e-7
0.8260000000000001	1.068476792374567e-7
0.8270000000000001	1.0671847690224995e-7
0.8280000000000001	1.0658958664609663e-7
0.8290000000000001	1.0646100733963953e-7
0.8300000000000001	1.0633273785896412e-7
0.8310000000000001	1.0620477708556579e-7
0.8320000000000001	1.0607712390631733e-7
0.8330000000000001	1.0594977721343673e-7
0.8340000000000001	1.0582273590445503e-7
0.8350000000000001	1.056959988821846e-7
0.8360000000000001	1.0556956505468753e-7
0.8370000000000001	1.0544343333524415e-7
0.8380000000000001	1.0531760264232213e-7
0.8390000000000001	1.0519207189954532e-7
0.8400000000000001	1.0506684003566324e-7
0.8410000000000001	1.0494190598452046e-7
0.8420000000000001	1.048172686850266e-7
0.843	1.046929270811259e-7
0.844	1.0456888012176769e-7
0.845	1.0444512676087669e-7
0.846	1.0432166595732355e-7
0.847	1.0419849667489587e-7
0.848	1.0407561788226884e-7
0.849	1.0395302855297679e-7
0.85	1.0383072766538436e-7
0.851	1.0370871420265843e-7
0.852	1.0358698715273955e-7
0.853	1.0346554550831422e-7
0.854	1.0334438826678709e-7
0.855	1.0322351443025319e-7
0.856	1.0310292300547083e-7
0.857	1.0298261300383407e-7
0.858	1.028625834413459e-7
0.859	1.0274283333859141e-7
0.86	1.0262336172071106e-7
0.861	1.0250416761737434e-7
0.862	1.0238525006275329e-7
0.863	1.0226660809549675e-7
0.864	1.0214824075870407e-7
0.865	1.0203014709989973e-7
0.866	1.0191232617100756e-7
0.867	1.0179477702832542e-7
0.868	1.0167749873250007e-7
0.869	1.0156049034850215e-7
0.87	1.014437509456012e-7
0.871	1.0132727959734108e-7
0.872	1.0121107538151548e-7
0.873	1.0109513738014356e-7
0.874	1.0097945848959821e-7
0.875	1.0086405020107504e-7
0.876	1.0074890539807908e-7
0.877	1.0063402317929177e-7
0.878	1.0051940264750076e-7
0.879	1.0040504290957656e-7
0.88	1.0029094307644949e-7
0.881	1.0017710226308629e-7
0.882	1.0006351958846766e-7
0.883	9.995019417556519e-8
0.884	9.983712515131898e-8
0.885	9.97243116466152e-8
0.886	9.961175279626365e-8
0.887	9.949944773897595e-8
0.888	9.938739561734324e-8
0.889	9.927559557781465e-8
0.89	9.916404677067537e-8
0.891	9.905274835002536e-8
0.892	9.894169947375772e-8
0.893	9.883089930353774e-8
0.894	9.872034700478152e-8
0.895	9.861004174663517e-8
0.896	9.849998270195409e-8
0.897	9.839016904728194e-8
0.898	9.828059996283055e-8
0.899	9.817127463245921e-8
0.9	9.806219224365448e-8
0.901	9.795335198751017e-8
0.902	9.784475305870714e-8
0.903	9.773639465549365e-8
0.904	9.762827597966547e-8
0.905	9.75203962365464e-8
0.906	9.741275463496867e-8
0.907	9.730535038725382e-8
0.908	9.71981827091931e-8
0.909	9.709125082002881e-8
0.91	9.698455394243514e-8
0.911	9.687809130249925e-8
0.912	9.677186212970274e-8
0.913	9.666586565690292e-8
0.914	9.656010112031442e-8
0.915	9.645456775949081e-8
0.916	9.634926481730641e-8
0.917	9.624419153993816e-8
0.918	9.613934717684759e-8
0.919	9.603473098076304e-8
0.92	9.593034220766178e-8
0.921	9.582618011675254e-8
0.922	9.572224397045789e-8
0.923	9.56185330343967e-8
0.924	9.551504657736718e-8
0.925	9.541178387132933e-8
0.926	9.530874419138812e-8
0.927	9.520592681577638e-8
0.928	9.510333102583806e-8
0.929	9.500095610601142e-8
0.93	9.489880134381228e-8
0.931	9.479686602981782e-8
0.932	9.469514945764986e-8
0.933	9.459365092395858e-8
0.934	9.449236972840643e-8
0.935	9.439130517365195e-8
0.936	9.42904565653338e-8
0.937	9.418982321205466e-8
0.9380000000000001	9.408940442536589e-8
0.9390000000000001	9.398919951975125e-8
0.9400000000000001	9.388920781261178e-8
0.9410000000000001	9.378942862425002e-8
0.9420000000000001	9.36898612778547e-8
0.9430000000000001	9.359050509948553e-8
0.9440000000000001	9.349135941805774e-8
0.9450000000000001	9.339242356532729e-8
0.9460000000000001	9.329369687587554e-8
0.9470000000000001	9.319517868709466e-8
0.9480000000000001	9.309686833917243e-8
0.9490000000000001	9.299876517507792e-8
0.9500000000000001	9.29008685405465e-8
0.9510000000000001	9.280317778406549e-8
0.9520000000000001	9.27056922568597e-8
0.9530000000000001	9.260841131287691e-8
0.9540000000000001	9.251133430877384e-8
0.9550000000000001	9.241446060390182e-8
0.9560000000000001	9.231778956029261e-8
0.9570000000000001	9.222132054264459e-8
0.9580000000000001	9.212505291830879e-8
0.9590000000000001	9.202898605727494e-8
0.9600000000000001	9.193311933215786e-8
0.9610000000000001	9.183745211818376e-8
0.9620000000000001	9.174198379317664e-8
0.9630000000000001	9.164671373754478e-8
0.9640000000000001	9.155164133426753e-8
0.9650000000000001	9.145676596888162e-8
0.9660000000000001	9.136208702946836e-8
0.9670000000000001	9.12676039066401e-8
0.9680000000000001	9.11733159935274e-8
0.9690000000000001	9.107922268576592e-8
0.97	9.098532338148363e-8
0.971	9.089161748128773e-8
0.972	9.07981043882522e-8
0.973	9.070478350790491e-8
0.974	9.06116542482151e-8
0.975	9.05187160195809e-8
0.976	9.04259682348168e-8
0.977	9.033341030914131e-8
0.978	9.024104166016469e-8
0.979	9.014886170787678e-8
0.98	9.005686987463473e-8
0.981	8.99650655851511e-8
0.982	8.987344826648168e-8
0.983	8.978201734801375e-8
0.984	8.969077226145414e-8
0.985	8.95997124408174e-8
0.986	8.950883732241429e-8
0.987	8.941814634483987e-8
0.988	8.932763894896222e-8
0.989	8.923731457791081e-8
0.99	8.914717267706971e-8
0.991	8.905721269415577e-8
0.992	8.896743407924968e-8
0.993	8.887783628524235e-8
0.994	8.87884187680184e-8
0.995	8.869918098446822e-8
0.996	8.861012239433924e-8
0.997	8.852124245916468e-8
0.998	8.843254063995018e-8
0.999	8.834401640255061e-8
1.	8.825566921164369e-8