0.	-7.92350389351684e-6
0.0005	-7.919535088870707e-6
0.001	-7.915566256144242e-6
0.0015	-7.911597396568394e-6
0.002	-7.907628511374204e-6
0.0025	-7.903659601792784e-6
0.003	-7.899690677239832e-6
0.0035	-7.895721745699855e-6
0.004	-7.891752793199485e-6
0.0045000000000000005	-7.887783820772484e-6
0.005	-7.883814829452662e-6
0.0055	-7.87984582027388e-6
0.006	-7.875876794270045e-6
0.006500000000000001	-7.871907752475108e-6
0.007	-7.867938695923061e-6
0.0075	-7.863969625647939e-6
0.008	-7.860000542683804e-6
0.0085	-7.856031448064758e-6
0.009000000000000001	-7.85206234282493e-6
0.0095	-7.84809322799848e-6
0.01	-7.844124104619588e-6
0.0105	-7.84015497372246e-6
0.011	-7.83618583634132e-6
0.0115	-7.83221669351041e-6
0.012	-7.828247546263985e-6
0.0125	-7.824278395636315e-6
0.013000000000000001	-7.820309242661673e-6
0.0135	-7.816340088374342e-6
0.014	-7.81237093380861e-6
0.0145	-7.808401779998757e-6
0.015	-7.804432627979074e-6
0.0155	-7.800463478783837e-6
0.016	-7.79649433344732e-6
0.0165	-7.792525003498997e-6
0.017	-7.788555636813194e-6
0.0175	-7.78458628069903e-6
0.018000000000000002	-7.780616938183918e-6
0.0185	-7.776647612295172e-6
0.019	-7.77267830605997e-6
0.0195	-7.76870902250535e-6
0.02	-7.764739764658169e-6
0.0205	-7.760770535545088e-6
0.021	-7.756801338192556e-6
0.021500000000000002	-7.752832175626773e-6
0.022	-7.74886305087368e-6
0.0225	-7.744893966958921e-6
0.023	-7.74092492690784e-6
0.0235	-7.736955933745434e-6
0.024	-7.732986990496351e-6
0.0245	-7.729018100184857e-6
0.025	-7.725049265834813e-6
0.025500000000000002	-7.721080490469652e-6
0.026000000000000002	-7.71711177711236e-6
0.0265	-7.713143128785458e-6
0.027	-7.709174548510952e-6
0.0275	-7.705206039310347e-6
0.028	-7.701237604204598e-6
0.0285	-7.697269246213914e-6
0.029	-7.693300968358434e-6
0.029500000000000002	-7.689332800080519e-6
0.03	-7.685364789966953e-6
0.0305	-7.681396867972382e-6
0.031	-7.677429036273884e-6
0.0315	-7.673461297048034e-6
0.032	-7.669493652470912e-6
0.0325	-7.665526104718064e-6
0.033	-7.661558655964518e-6
0.0335	-7.657591308384748e-6
0.034	-7.653624064152678e-6
0.0345	-7.649656925441661e-6
0.035	-7.645689894424475e-6
0.035500000000000004	-7.641722973273305e-6
0.036000000000000004	-7.637756164159733e-6
0.0365	-7.633789469254731e-6
0.037	-7.629822890728636e-6
0.0375	-7.625856430751152e-6
0.038	-7.621890091491335e-6
0.0385	-7.617923875117575e-6
0.039	-7.613957783797591e-6
0.0395	-7.609991819698418e-6
0.04	-7.606025984986388e-6
0.0405	-7.602060281827135e-6
0.041	-7.598094712385561e-6
0.0415	-7.594129278825845e-6
0.042	-7.5901639833121275e-6
0.0425	-7.5861988280057106e-6
0.043000000000000003	-7.582233978095089e-6
0.043500000000000004	-7.578269338069478e-6
0.044	-7.574304841370248e-6
0.0445	-7.570340488204137e-6
0.045	-7.566376278777808e-6
0.0455	-7.562412213297851e-6
0.046	-7.558448291970771e-6
0.0465	-7.554484515003e-6
0.047	-7.5505208826008895e-6
0.0475	-7.546557394970717e-6
0.048	-7.542594052318673e-6
0.0485	-7.53863085485088e-6
0.049	-7.534667802773377e-6
0.0495	-7.530704896292119e-6
0.05	-7.526742135613e-6
0.0505	-7.522779520941814e-6
0.051000000000000004	-7.518817052484289e-6
0.051500000000000004	-7.514854730446072e-6
0.052000000000000005	-7.510892555032731e-6
0.0525	-7.506930526449753e-6
0.053	-7.502968644902548e-6
0.0535	-7.499006910596444e-6
0.054	-7.49504532373669e-6
0.0545	-7.491083884528461e-6
0.055	-7.487122593179223e-6
0.0555	-7.483161449889315e-6
0.056	-7.479200525573867e-6
0.0565	-7.475240239149799e-6
0.057	-7.47128009598155e-6
0.0575	-7.467320091517643e-6
0.058	-7.463360221208188e-6
0.0585	-7.459400480504838e-6
0.059000000000000004	-7.455440864860728e-6
0.059500000000000004	-7.451481369730429e-6
0.06	-7.447521990569895e-6
0.0605	-7.443562722836406e-6
0.061	-7.43960356198852e-6
0.0615	-7.435644503486019e-6
0.062	-7.431685542789857e-6
0.0625	-7.427726675362109e-6
0.063	-7.423767896665917e-6
0.0635	-7.419809202165438e-6
0.064	-7.415850587325795e-6
0.0645	-7.411892047613022e-6
0.065	-7.40793357849401e-6
0.0655	-7.403975175436459e-6
0.066	-7.40001683390883e-6
0.0665	-7.3960585493802785e-6
0.067	-7.392100317320618e-6
0.0675	-7.388142133200261e-6
0.068	-7.384183992491429e-6
0.0685	-7.380225890662913e-6
0.069	-7.376267823188007e-6
0.0695	-7.372309543498018e-6
0.07	-7.368351063992002e-6
0.07050000000000001	-7.364392611292102e-6
0.07100000000000001	-7.360434184845743e-6
0.07150000000000001	-7.356475784100395e-6
0.07200000000000001	-7.352517408503559e-6
0.0725	-7.348559057502778e-6
0.073	-7.34460073054562e-6
0.0735	-7.340642427079695e-6
0.074	-7.336684146552639e-6
0.0745	-7.332725888412127e-6
0.075	-7.328767652105859e-6
0.0755	-7.324809437081569e-6
0.076	-7.320851242787018e-6
0.0765	-7.316893068669997e-6
0.077	-7.3129349141783285e-6
0.0775	-7.3089767787598555e-6
0.078	-7.305018661862456e-6
0.0785	-7.301060562934025e-6
0.079	-7.297102481422492e-6
0.0795	-7.293144416775801e-6
0.08	-7.2891863684419235e-6
0.0805	-7.285228335868859e-6
0.081	-7.281270318504613e-6
0.0815	-7.277312315797244e-6
0.082	-7.273354327194796e-6
0.0825	-7.2693963521453506e-6
0.083	-7.265438285851477e-6
0.0835	-7.2614802213973965e-6
0.084	-7.257522170706919e-6
0.0845	-7.253564134209385e-6
0.085	-7.2496061123341225e-6
0.0855	-7.245648105510436e-6
0.08600000000000001	-7.241690114167623e-6
0.08650000000000001	-7.2377321387349574e-6
0.08700000000000001	-7.2337741796416975e-6
0.08750000000000001	-7.229816237317089e-6
0.088	-7.225858312190349e-6
0.0885	-7.221900404690683e-6
0.089	-7.217942515247278e-6
0.0895	-7.213984644289299e-6
0.09	-7.21002679224589e-6
0.0905	-7.206068959546178e-6
0.091	-7.202111146619266e-6
0.0915	-7.198153353894238e-6
0.092	-7.194195581800153e-6
0.0925	-7.190237830766049e-6
0.093	-7.186280101220945e-6
0.0935	-7.1823223935938294e-6
0.094	-7.17836470831367e-6
0.0945	-7.1744070458094e-6
0.095	-7.170449406509965e-6
0.0955	-7.166491790844246e-6
0.096	-7.1625342304881005e-6
0.0965	-7.158576773317756e-6
0.097	-7.1546193398673796e-6
0.0975	-7.150661929632187e-6
0.098	-7.14670454210742e-6
0.0985	-7.142747176788351e-6
0.099	-7.138789833170278e-6
0.0995	-7.134832510748532e-6
0.1	-7.130875209018465e-6
0.1005	-7.126917927475456e-6
0.101	-7.122960665614916e-6
0.1015	-7.1190034229322714e-6
0.10200000000000001	-7.115046198922981e-6
0.10250000000000001	-7.111088993082526e-6
0.10300000000000001	-7.107131804906407e-6
0.10350000000000001	-7.103174633890152e-6
0.10400000000000001	-7.099217479529306e-6
0.1045	-7.095260341319438e-6
0.105	-7.091303218756138e-6
0.1055	-7.087346111335014e-6
0.106	-7.083389018551698e-6
0.1065	-7.079431939901833e-6
0.107	-7.075474874881086e-6
0.1075	-7.0715178229851514e-6
0.108	-7.067560783709702e-6
0.1085	-7.063603756550469e-6
0.109	-7.05964674100318e-6
0.1095	-7.055689751575821e-6
0.11	-7.051732780304688e-6
0.1105	-7.047775818813284e-6
0.111	-7.0438188664052306e-6
0.1115	-7.039861922384177e-6
0.112	-7.035904986053777e-6
0.1125	-7.031948056717708e-6
0.113	-7.02799113367965e-6
0.1135	-7.0240342162433064e-6
0.114	-7.0200773037123745e-6
0.1145	-7.0161203953905745e-6
0.115	-7.012163490581623e-6
0.1155	-7.008206588589254e-6
0.116	-7.004249688717195e-6
0.1165	-7.000292790269187e-6
0.117	-6.996335892548964e-6
0.11750000000000001	-6.992378994860273e-6
0.11800000000000001	-6.98842209650685e-6
0.11850000000000001	-6.984465196792435e-6
0.11900000000000001	-6.9805082950207655e-6
0.11950000000000001	-6.976551390495572e-6
0.12	-6.97259448252059e-6
0.1205	-6.968637570399533e-6
0.121	-6.964680653436123e-6
0.1215	-6.960723730934063e-6
0.122	-6.956766802197051e-6
0.1225	-6.952809870275785e-6
0.123	-6.948853025555428e-6
0.1235	-6.944896171644375e-6
0.124	-6.940939307010629e-6
0.1245	-6.936982430122158e-6
0.125	-6.933025539446879e-6
0.1255	-6.929068633452653e-6
0.126	-6.925111710607288e-6
0.1265	-6.921154767969072e-6
0.127	-6.917197808234015e-6
0.1275	-6.913240825641369e-6
0.128	-6.9092838200680864e-6
0.1285	-6.905326789981587e-6
0.129	-6.901369733849191e-6
0.1295	-6.8974126501381275e-6
0.13	-6.8934555373155106e-6
0.1305	-6.88949839384834e-6
0.131	-6.885541218203504e-6
0.1315	-6.881584008847761e-6
0.132	-6.877626764247741e-6
0.1325	-6.873669482869936e-6
0.133	-6.869712163180699e-6
0.1335	-6.86575480364625e-6
0.134	-6.8617974027325994e-6
0.1345	-6.857839958905654e-6
0.135	-6.8538824706311334e-6
0.1355	-6.849924936374584e-6
0.136	-6.845967328200798e-6
0.1365	-6.842009634083992e-6
0.137	-6.838051890139965e-6
0.1375	-6.834094095371595e-6
0.138	-6.8301362487816245e-6
0.1385	-6.826178349372672e-6
0.139	-6.822220396147217e-6
0.1395	-6.8182623881076096e-6
0.14	-6.814304324256056e-6
0.1405	-6.810346203594626e-6
0.14100000000000001	-6.806388025125245e-6
0.14150000000000001	-6.802429787849695e-6
0.14200000000000002	-6.798471490769602e-6
0.14250000000000002	-6.794513132886452e-6
0.14300000000000002	-6.79055471320157e-6
0.14350000000000002	-6.786596230716129e-6
0.14400000000000002	-6.782637684431145e-6
0.1445	-6.778679073347468e-6
0.145	-6.774720396465787e-6
0.1455	-6.77076165278663e-6
0.146	-6.76680284131035e-6
0.1465	-6.762843961037132e-6
0.147	-6.7588850109669e-6
0.1475	-6.754925990099656e-6
0.148	-6.750966897434979e-6
0.1485	-6.747007731972343e-6
0.149	-6.74304849271104e-6
0.1495	-6.739089218715139e-6
0.15	-6.735129878485429e-6
0.1505	-6.73117046069299e-6
0.151	-6.7272109639124415e-6
0.1515	-6.72325138671812e-6
0.152	-6.719291727684072e-6
0.1525	-6.715331985384052e-6
0.153	-6.711372158391513e-6
0.1535	-6.707412245279605e-6
0.154	-6.703452244621167e-6
0.1545	-6.699492154988724e-6
0.155	-6.69553197495448e-6
0.1555	-6.691571703090315e-6
0.156	-6.687611337967776e-6
0.1565	-6.683650878158077e-6
0.157	-6.679690322232094e-6
0.1575	-6.6757296687603475e-6
0.158	-6.671768916313016e-6
0.1585	-6.667808063459917e-6
0.159	-6.6638471087705084e-6
0.1595	-6.6598860508138805e-6
0.16	-6.655924888158888e-6
0.1605	-6.651963619373608e-6
0.161	-6.648002243026124e-6
0.1615	-6.644040757684006e-6
0.162	-6.6400791619144376e-6
0.1625	-6.6361174528337016e-6
0.163	-6.632155624733377e-6
0.1635	-6.628193681977449e-6
0.164	-6.624231623192527e-6
0.1645	-6.620269447004821e-6
0.165	-6.6163071520401335e-6
0.1655	-6.612344736923851e-6
0.166	-6.608382200280956e-6
0.1665	-6.604419540736003e-6
0.167	-6.6004567569131235e-6
0.1675	-6.596493847436016e-6
0.168	-6.592530810927952e-6
0.1685	-6.588567646011759e-6
0.169	-6.584604351309819e-6
0.1695	-6.580640925444067e-6
0.17	-6.5766773670359835e-6
0.1705	-6.572713674706591e-6
0.171	-6.5687498470764434e-6
0.1715	-6.564785882765637e-6
0.17200000000000001	-6.560821780393783e-6
0.17250000000000001	-6.5568575385800174e-6
0.17300000000000001	-6.552893155942962e-6
0.17350000000000002	-6.5489286311008514e-6
0.17400000000000002	-6.544963962671326e-6
0.17450000000000002	-6.540999149271562e-6
0.17500000000000002	-6.53703418951823e-6
0.17550000000000002	-6.533069082027493e-6
0.176	-6.5291038930006415e-6
0.1765	-6.525138594064944e-6
0.177	-6.5211731417498836e-6
0.1775	-6.517207533744258e-6
0.178	-6.513241767735963e-6
0.1785	-6.509275841411976e-6
0.179	-6.505309752458345e-6
0.1795	-6.501343498560172e-6
0.18	-6.497377077401595e-6
0.1805	-6.493410486665789e-6
0.181	-6.489443724034937e-6
0.1815	-6.485476787190223e-6
0.182	-6.48150967381182e-6
0.1825	-6.477542381578868e-6
0.183	-6.473574908169474e-6
0.1835	-6.469607251260684e-6
0.184	-6.4656394085284785e-6
0.1845	-6.461671377647752e-6
0.185	-6.457703156292304e-6
0.1855	-6.453734742134831e-6
0.186	-6.4497661328478385e-6
0.1865	-6.44579732609993e-6
0.187	-6.441828319561255e-6
0.1875	-6.437859110899923e-6
0.188	-6.433889697782862e-6
0.1885	-6.429920077875812e-6
0.189	-6.425950252735402e-6
0.1895	-6.4219802692911125e-6
0.19	-6.4180100715357975e-6
0.1905	-6.414039656643123e-6
0.191	-6.410069021785219e-6
0.1915	-6.4060981641326615e-6
0.192	-6.4021270808544445e-6
0.1925	-6.398155769117969e-6
0.193	-6.3941842260890095e-6
0.1935	-6.390212448931714e-6
0.194	-6.386240434808557e-6
0.1945	-6.3822681808803375e-6
0.195	-6.37829568430616e-6
0.1955	-6.374322942243394e-6
0.196	-6.370349951847676e-6
0.1965	-6.366376710272872e-6
0.197	-6.362403214671071e-6
0.1975	-6.358429462192548e-6
0.198	-6.354455449985754e-6
0.1985	-6.350481175197296e-6
0.199	-6.346506634971908e-6
0.1995	-6.3425318264534005e-6
0.2	-6.338556746780836e-6
0.2005	-6.33458139309412e-6
0.201	-6.330605762530295e-6
0.2015	-6.326629852224441e-6
0.202	-6.322653659309636e-6
0.2025	-6.318676484712435e-6
0.203	-6.314698462699089e-6
0.20350000000000001	-6.31072016594798e-6
0.20400000000000001	-6.306741602389494e-6
0.20450000000000002	-6.302762779959352e-6
0.20500000000000002	-6.298783706598459e-6
0.20550000000000002	-6.294804390252743e-6
0.20600000000000002	-6.290824838873006e-6
0.20650000000000002	-6.286845060414752e-6
0.20700000000000002	-6.282865062838046e-6
0.20750000000000002	-6.278884854107341e-6
0.20800000000000002	-6.274904442191335e-6
0.2085	-6.2709238350628004e-6
0.209	-6.266943040698429e-6
0.2095	-6.26296206707868e-6
0.21	-6.258980922187606e-6
0.2105	-6.254999614012712e-6
0.211	-6.251018150544777e-6
0.2115	-6.247036539777714e-6
0.212	-6.2430547897083895e-6
0.2125	-6.239072908324689e-6
0.213	-6.235090903653066e-6
0.2135	-6.2311087836861294e-6
0.214	-6.2271265564309765e-6
0.2145	-6.2231442298968605e-6
0.215	-6.219161812095028e-6
0.2155	-6.2151793591722615e-6
0.216	-6.2111973365958585e-6
0.2165	-6.207215241655038e-6
0.217	-6.2032330776071615e-6
0.2175	-6.199250847710154e-6
0.218	-6.195268555222479e-6
0.2185	-6.191286203403111e-6
0.219	-6.187303795511512e-6
0.2195	-6.1833213348076e-6
0.22	-6.1793388245517315e-6
0.2205	-6.175356268004665e-6
0.221	-6.1713736684275345e-6
0.2215	-6.167391029081835e-6
0.222	-6.16340835322938e-6
0.2225	-6.1594256441322855e-6
0.223	-6.155442905052941e-6
0.2235	-6.151460139253979e-6
0.224	-6.147477349998252e-6
0.2245	-6.143494540548807e-6
0.225	-6.139511714168856e-6
0.2255	-6.135528874121781e-6
0.226	-6.131546023670963e-6
0.2265	-6.127563166080001e-6
0.227	-6.123580304612503e-6
0.2275	-6.119597442532109e-6
0.228	-6.11561458310246e-6
0.2285	-6.111631729587183e-6
0.229	-6.107648968410544e-6
0.2295	-6.1036662668312586e-6
0.23	-6.0996835791174945e-6
0.2305	-6.095700907408085e-6
0.231	-6.09171825384177e-6
0.2315	-6.087735620557192e-6
0.232	-6.083753009692886e-6
0.2325	-6.079770423387271e-6
0.233	-6.075787863778625e-6
0.2335	-6.071805333005091e-6
0.234	-6.067822833204652e-6
0.23450000000000001	-6.063840366515129e-6
0.23500000000000001	-6.059857935074161e-6
0.23550000000000001	-6.055875541019202e-6
0.23600000000000002	-6.051893186487498e-6
0.23650000000000002	-6.047910873616091e-6
0.23700000000000002	-6.0439286045417985e-6
0.23750000000000002	-6.039946381401199e-6
0.23800000000000002	-6.0359642063306235e-6
0.23850000000000002	-6.031982081466202e-6
0.23900000000000002	-6.028000008943646e-6
0.23950000000000002	-6.024017990898525e-6
0.24	-6.020036029466071e-6
0.2405	-6.016054126781214e-6
0.241	-6.012072284978568e-6
0.2415	-6.00809050619242e-6
0.242	-6.004108841805508e-6
0.2425	-6.00012746704632e-6
0.243	-5.996146158935361e-6
0.2435	-5.992164917272681e-6
0.244	-5.988183741858366e-6
0.2445	-5.984202632492533e-6
0.245	-5.980221588975335e-6
0.2455	-5.97624061110695e-6
0.246	-5.9722596986875965e-6
0.2465	-5.9682788515175225e-6
0.247	-5.96429806939701e-6
0.2475	-5.9603173521263695e-6
0.248	-5.956336699505951e-6
0.2485	-5.952356111336129e-6
0.249	-5.948375587417315e-6
0.2495	-5.944395127549946e-6
0.25	-5.9404147315345024e-6
0.2505	-5.936434399171485e-6
0.251	-5.932454130261434e-6
0.2515	-5.928473924604918e-6
0.252	-5.924493782002858e-6
0.2525	-5.920513702255251e-6
0.253	-5.9165336851630675e-6
0.2535	-5.9125537305270015e-6
0.254	-5.9085738381477766e-6
0.2545	-5.90459400782615e-6
0.255	-5.900614239362907e-6
0.2555	-5.896634500950625e-6
0.256	-5.892654811683247e-6
0.2565	-5.888675184328262e-6
0.257	-5.8846956190651055e-6
0.2575	-5.8807161160731725e-6
0.258	-5.876736675531844e-6
0.2585	-5.8727572976204604e-6
0.259	-5.868777982518342e-6
0.2595	-5.864798730404777e-6
0.26	-5.860819541459027e-6
0.2605	-5.8568404158603205e-6
0.261	-5.852861353787863e-6
0.2615	-5.8488823554208285e-6
0.262	-5.844903420938359e-6
0.2625	-5.840924550519576e-6
0.263	-5.836945744343561e-6
0.2635	-5.8329670025893726e-6
0.264	-5.828988325436042e-6
0.2645	-5.825009713062569e-6
0.265	-5.821031165647879e-6
0.2655	-5.817052683370991e-6
0.266	-5.813074266410782e-6
0.2665	-5.809095914946132e-6
0.267	-5.805117629155888e-6
0.2675	-5.801139409218876e-6
0.268	-5.7971612553138874e-6
0.2685	-5.793183204521317e-6
0.269	-5.789205337299426e-6
0.2695	-5.785227535000769e-6
0.27	-5.7812497964826585e-6
0.2705	-5.777272120602599e-6
0.271	-5.773294506218266e-6
0.2715	-5.769316952187517e-6
0.272	-5.76533945736838e-6
0.2725	-5.761362020619053e-6
0.273	-5.7573846407978994e-6
0.2735	-5.7534073167634525e-6
0.274	-5.749430047374397e-6
0.2745	-5.745452831489576e-6
0.275	-5.741475667967991e-6
0.2755	-5.737498555668786e-6
0.276	-5.7335214934512595e-6
0.2765	-5.729544480174851e-6
0.277	-5.725567514699136e-6
0.2775	-5.721590595883831e-6
0.278	-5.717613722588885e-6
0.2785	-5.713636893674078e-6
0.279	-5.709660107999616e-6
0.2795	-5.705683364425731e-6
0.28	-5.701706661812771e-6
0.2805	-5.697729999021208e-6
0.281	-5.693753374911621e-6
0.28150000000000003	-5.689776788344707e-6
0.28200000000000003	-5.685800300803508e-6
0.28250000000000003	-5.681823868798558e-6
0.28300000000000003	-5.677847469667564e-6
0.28350000000000003	-5.6738711015581855e-6
0.28400000000000003	-5.669894762618236e-6
0.28450000000000003	-5.6659184509956585e-6
0.28500000000000003	-5.661942164838531e-6
0.28550000000000003	-5.657965902295043e-6
0.28600000000000003	-5.653989661513496e-6
0.28650000000000003	-5.650013440642295e-6
0.28700000000000003	-5.646037237829933e-6
0.28750000000000003	-5.642061051224996e-6
0.28800000000000003	-5.638084878976134e-6
0.2885	-5.634108719232072e-6
0.289	-5.6301325701415865e-6
0.2895	-5.6261564298535134e-6
0.29	-5.622180296516722e-6
0.2905	-5.618204168280114e-6
0.291	-5.61422804329262e-6
0.2915	-5.61025191970318e-6
0.292	-5.6062757956607395e-6
0.2925	-5.602299669314253e-6
0.293	-5.59832353881265e-6
0.2935	-5.594347402304853e-6
0.294	-5.590371257939747e-6
0.2945	-5.5863951038661845e-6
0.295	-5.582419055265635e-6
0.2955	-5.578443331801962e-6
0.296	-5.574467588177867e-6
0.2965	-5.570491818638938e-6
0.297	-5.566516017430385e-6
0.2975	-5.562540178796958e-6
0.298	-5.558564296982866e-6
0.2985	-5.554588366231695e-6
0.299	-5.550612380786323e-6
0.2995	-5.54663633488883e-6
0.3	-5.542660222780428e-6
0.3005	-5.538684038701364e-6
0.301	-5.53470777689085e-6
0.3015	-5.530731431586965e-6
0.302	-5.526754997026583e-6
0.3025	-5.522778467445283e-6
0.303	-5.518801837077269e-6
0.3035	-5.514825100155283e-6
0.304	-5.510848250910523e-6
0.3045	-5.5068712835728804e-6
0.305	-5.502894192369662e-6
0.3055	-5.498916971527172e-6
0.306	-5.494939615269591e-6
0.3065	-5.4909621178191394e-6
0.307	-5.486984473395985e-6
0.3075	-5.483006676218161e-6
0.308	-5.479028720501485e-6
0.3085	-5.47505060255806e-6
0.309	-5.4710723151316675e-6
0.3095	-5.467093851758591e-6
0.31	-5.463115206621412e-6
0.3105	-5.4591363739000476e-6
0.311	-5.455157347771678e-6
0.3115	-5.451178122410665e-6
0.312	-5.4471986919884575e-6
0.3125	-5.443219050673507e-6
0.313	-5.439239192631183e-6
0.3135	-5.4352591120236875e-6
0.314	-5.431278803009968e-6
0.3145	-5.427298259745625e-6
0.315	-5.42331747638284e-6
0.3155	-5.4193364470702695e-6
0.316	-5.415355165952976e-6
0.3165	-5.41137362717233e-6
0.317	-5.407391824865922e-6
0.3175	-5.403409753167512e-6
0.318	-5.399427406206823e-6
0.3185	-5.395444778109616e-6
0.319	-5.391461862997507e-6
0.3195	-5.387478654987887e-6
0.32	-5.383495148193852e-6
0.3205	-5.379511336724102e-6
0.321	-5.375527214682851e-6
0.3215	-5.371543073803277e-6
0.322	-5.367559299167423e-6
0.3225	-5.363575185448148e-6
0.323	-5.3595907182401015e-6
0.3235	-5.355605883125196e-6
0.324	-5.3516206656720745e-6
0.3245	-5.347635051435579e-6
0.325	-5.343649025956227e-6
0.3255	-5.339662574759666e-6
0.326	-5.335675683356168e-6
0.3265	-5.331688337240068e-6
0.327	-5.327700521889244e-6
0.3275	-5.323712222764575e-6
0.328	-5.3197234253093955e-6
0.3285	-5.315734114948975e-6
0.329	-5.311744277089951e-6
0.3295	-5.3077538971198e-6
0.33	-5.3037629604062915e-6
0.3305	-5.299771452335365e-6
0.331	-5.295779358161033e-6
0.3315	-5.291786663222835e-6
0.332	-5.287793352804128e-6
0.3325	-5.283799412165789e-6
0.333	-5.2798048265456495e-6
0.3335	-5.275809581157939e-6
0.334	-5.271813661192717e-6
0.3345	-5.26781705181531e-6
0.335	-5.263816203195976e-6
0.3355	-5.259814245109783e-6
0.336	-5.255811615785859e-6
0.3365	-5.251808334648829e-6
0.337	-5.2478044211552194e-6
0.3375	-5.243799894792552e-6
0.338	-5.23979477507842e-6
0.3385	-5.2357890815595555e-6
0.339	-5.23178283381092e-6
0.3395	-5.227776051434755e-6
0.34	-5.2237687540596496e-6
0.3405	-5.219760961339603e-6
0.341	-5.2157526929530815e-6
0.3415	-5.211743968602061e-6
0.342	-5.207734808011088e-6
0.3425	-5.203725230926309e-6
0.343	-5.199715257114528e-6
0.3435	-5.195704906157435e-6
0.34400000000000003	-5.191694198273258e-6
0.34450000000000003	-5.187683153079966e-6
0.34500000000000003	-5.1836717904169405e-6
0.34550000000000003	-5.179660130139296e-6
0.34600000000000003	-5.175648192116912e-6
0.34650000000000003	-5.171635996233449e-6
0.34700000000000003	-5.167623562385367e-6
0.34750000000000003	-5.163610910480938e-6
0.34800000000000003	-5.159598657855134e-6
0.34850000000000003	-5.15558660392987e-6
0.34900000000000003	-5.151574378114011e-6
0.34950000000000003	-5.147561991803335e-6
0.35000000000000003	-5.143549456398184e-6
0.35050000000000003	-5.139536783303134e-6
0.35100000000000003	-5.1355239839266825e-6
0.35150000000000003	-5.131511069680913e-6
0.352	-5.12749805198118e-6
0.3525	-5.123484942245785e-6
0.353	-5.1194717518956446e-6
0.3535	-5.11545849235398e-6
0.354	-5.111445175045973e-6
0.3545	-5.1074318113984645e-6
0.355	-5.103418412839607e-6
0.3555	-5.099404990798554e-6
0.356	-5.095391556705135e-6
0.3565	-5.091378121989521e-6
0.357	-5.087364698081673e-6
0.3575	-5.0833512964118976e-6
0.358	-5.079337928409322e-6
0.3585	-5.075324605502255e-6
0.359	-5.071311339117715e-6
0.3595	-5.067298140681119e-6
0.36	-5.063285021615938e-6
0.3605	-5.05927199334339e-6
0.361	-5.055259377035668e-6
0.3615	-5.05124742534048e-6
0.362	-5.047235588391228e-6
0.3625	-5.0432238700752265e-6
0.363	-5.039212274278636e-6
0.3635	-5.035200804886431e-6
0.364	-5.031189465782363e-6
0.3645	-5.027178260848919e-6
0.365	-5.023167193967291e-6
0.3655	-5.0191562690173225e-6
0.366	-5.0151454898774954e-6
0.3665	-5.011134860424875e-6
0.367	-5.00712438453508e-6
0.3675	-5.003114066082238e-6
0.368	-4.999103908938956e-6
0.3685	-4.995093916976287e-6
0.369	-4.991084094063675e-6
0.3695	-4.987074444068941e-6
0.37	-4.98306497086346e-6
0.3705	-4.979055678301744e-6
0.371	-4.975046570251142e-6
0.3715	-4.971037650572547e-6
0.372	-4.967028923125031e-6
0.3725	-4.963020391765815e-6
0.373	-4.959012060350223e-6
0.3735	-4.955003932731649e-6
0.374	-4.950995944098026e-6
0.3745	-4.946987460456154e-6
0.375	-4.942979199628433e-6
0.3755	-4.938971172205858e-6
0.376	-4.93496338877325e-6
0.3765	-4.930955859908965e-6
0.377	-4.9269485961846395e-6
0.3775	-4.922941608164887e-6
0.378	-4.9189349064070415e-6
0.3785	-4.914928501460876e-6
0.379	-4.910922403868323e-6
0.3795	-4.906916624163198e-6
0.38	-4.902911172870941e-6
0.3805	-4.898906060508321e-6
0.381	-4.894901297583182e-6
0.3815	-4.8908968945941555e-6
0.382	-4.886892862030403e-6
0.3825	-4.882889210371328e-6
0.383	-4.878885950073259e-6
0.3835	-4.874883091619925e-6
0.384	-4.87088064544831e-6
0.3845	-4.866878621996156e-6
0.385	-4.862877031690112e-6
0.3855	-4.858875884945475e-6
0.386	-4.854875192165922e-6
0.3865	-4.850874963743241e-6
0.387	-4.8468752100570746e-6
0.3875	-4.842877849487831e-6
0.388	-4.8388815001033894e-6
0.3885	-4.834885618050258e-6
0.389	-4.830890192602327e-6
0.3895	-4.826895213045655e-6
0.39	-4.822900668678167e-6
0.3905	-4.818906548809366e-6
0.391	-4.814912842760042e-6
0.3915	-4.810919539861964e-6
0.392	-4.8069266294576075e-6
0.3925	-4.802934100899851e-6
0.393	-4.798941943551699e-6
0.3935	-4.794950146785977e-6
0.394	-4.790958699985054e-6
0.3945	-4.786967592540551e-6
0.395	-4.782976813853057e-6
0.3955	-4.778986353331843e-6
0.396	-4.774996200394573e-6
0.3965	-4.771006344539547e-6
0.397	-4.7670167750548376e-6
0.3975	-4.7630274814536175e-6
0.398	-4.7590384531843755e-6
0.3985	-4.755049679702591e-6
0.399	-4.751061150470464e-6
0.3995	-4.7470728549566355e-6
0.4	-4.743084782635898e-6
0.4005	-4.739096298756976e-6
0.401	-4.735107048995507e-6
0.4015	-4.731118010237581e-6
0.402	-4.727129185709837e-6
0.4025	-4.723140578637166e-6
0.403	-4.719152192242698e-6
0.4035	-4.715164029747774e-6
0.404	-4.7111760943719175e-6
0.4045	-4.707188389332808e-6
0.405	-4.7032009178462596e-6
0.4055	-4.699213683126196e-6
0.406	-4.695226688384617e-6
0.40650000000000003	-4.691239936831583e-6
0.40700000000000003	-4.687253431675184e-6
0.40750000000000003	-4.683267176121514e-6
0.40800000000000003	-4.679281173374648e-6
0.40850000000000003	-4.675295426636614e-6
0.40900000000000003	-4.671309939107365e-6
0.40950000000000003	-4.667324713974493e-6
0.41000000000000003	-4.663339754453775e-6
0.41050000000000003	-4.659355063729042e-6
0.41100000000000003	-4.655370644991705e-6
0.41150000000000003	-4.651386501430973e-6
0.41200000000000003	-4.647402636233835e-6
0.41250000000000003	-4.643419052585029e-6
0.41300000000000003	-4.639435753667031e-6
0.41350000000000003	-4.635452742660015e-6
0.41400000000000003	-4.631471258270209e-6
0.41450000000000004	-4.627490104361012e-6
0.41500000000000004	-4.62350922601035e-6
0.41550000000000004	-4.61952861539987e-6
0.41600000000000004	-4.615548264716457e-6
0.4165	-4.6115681661520856e-6
0.417	-4.607588311903648e-6
0.4175	-4.603608694172821e-6
0.418	-4.59962930516589e-6
0.4185	-4.5956501370936155e-6
0.419	-4.591671182171069e-6
0.4195	-4.587692432617475e-6
0.42	-4.583713880656062e-6
0.4205	-4.579735518513919e-6
0.421	-4.5757573384218244e-6
0.4215	-4.571779332614109e-6
0.422	-4.5678014933285e-6
0.4225	-4.56382381281664e-6
0.423	-4.559846283301001e-6
0.4235	-4.555868897039321e-6
0.424	-4.551891646281398e-6
0.4245	-4.547914523279668e-6
0.425	-4.543937520289051e-6
0.4255	-4.539960629566807e-6
0.426	-4.535983843372372e-6
0.4265	-4.5320071539672235e-6
0.427	-4.528030714645601e-6
0.4275	-4.524054526300148e-6
0.428	-4.5200784073060816e-6
0.4285	-4.516102347095657e-6
0.429	-4.512126335102701e-6
0.4295	-4.50815036076231e-6
0.43	-4.504174413510589e-6
0.4305	-4.500198482784364e-6
0.431	-4.496222558020893e-6
0.4315	-4.4922466286575975e-6
0.432	-4.488270684131772e-6
0.4325	-4.484294713880314e-6
0.433	-4.480318707339436e-6
0.4335	-4.476342653944382e-6
0.434	-4.472366543129158e-6
0.4345	-4.4683903643262395e-6
0.435	-4.464414106966298e-6
0.4355	-4.46043776047769e-6
0.436	-4.4564613142871066e-6
0.4365	-4.45248475781788e-6
0.437	-4.448508080490648e-6
0.4375	-4.444531271722823e-6
0.438	-4.44055432092833e-6
0.4385	-4.4365772175173184e-6
0.439	-4.432599950895866e-6
0.4395	-4.428622510465714e-6
0.44	-4.424644885623975e-6
0.4405	-4.4206691946909745e-6
0.441	-4.416693298605374e-6
0.4415	-4.4127171500418975e-6
0.442	-4.408740720008813e-6
0.4425	-4.4047639794938774e-6
0.443	-4.400786899462216e-6
0.4435	-4.396809450854191e-6
0.444	-4.392831604583273e-6
0.4445	-4.3888533315339e-6
0.445	-4.38487460255933e-6
0.4455	-4.380895388479499e-6
0.446	-4.376915660078853e-6
0.4465	-4.372935388104196e-6
0.447	-4.368954543262513e-6
0.4475	-4.364973096218802e-6
0.448	-4.360991017593863e-6
0.4485	-4.357008277962134e-6
0.449	-4.353024847914196e-6
0.4495	-4.349040697807598e-6
0.45	-4.345055798118047e-6
0.4505	-4.34107011921218e-6
0.451	-4.337083631399082e-6
0.4515	-4.333096304928033e-6
0.452	-4.32910810998621e-6
0.4525	-4.325119016696419e-6
0.453	-4.321128995114779e-6
0.4535	-4.317139250007156e-6
0.454	-4.31314959167695e-6
0.4545	-4.309158885981514e-6
0.455	-4.3051670827108475e-6
0.4555	-4.301174131517981e-6
0.456	-4.297179981912432e-6
0.4565	-4.29318458325364e-6
0.457	-4.289187884744349e-6
0.4575	-4.2851898354239185e-6
0.458	-4.2811903841615805e-6
0.4585	-4.277189479649662e-6
0.459	-4.273187070396705e-6
0.4595	-4.269183104720549e-6
0.46	-4.265177530741343e-6
0.4605	-4.261170296374481e-6
0.461	-4.257161349323459e-6
0.4615	-4.25315063707268e-6
0.462	-4.249138107647599e-6
0.4625	-4.245123706627474e-6
0.463	-4.241107381472664e-6
0.4635	-4.237089078715985e-6
0.464	-4.233068744633612e-6
0.4645	-4.229046325237333e-6
0.465	-4.2250217662667e-6
0.4655	-4.220995013181067e-6
0.466	-4.21696601115153e-6
0.4665	-4.2129310832883725e-6
0.467	-4.20888254747367e-6
0.4675	-4.204831734444654e-6
0.468	-4.200778720959149e-6
0.4685	-4.1967235842022376e-6
0.46900000000000003	-4.192666401772926e-6
0.46950000000000003	-4.188607251670556e-6
0.47000000000000003	-4.184546212281071e-6
0.47050000000000003	-4.180483362363007e-6
0.47100000000000003	-4.176418781033335e-6
0.47150000000000003	-4.172352547753056e-6
0.47200000000000003	-4.168284742312618e-6
0.47250000000000003	-4.164215444817109e-6
0.47300000000000003	-4.160144735671256e-6
0.47350000000000003	-4.156072695564222e-6
0.47400000000000003	-4.1519994054542e-6
0.47450000000000003	-4.147924946552799e-6
0.47500000000000003	-4.1438493940683076e-6
0.47550000000000003	-4.13977284242999e-6
0.47600000000000003	-4.13569536710817e-6
0.47650000000000003	-4.131617050151132e-6
0.47700000000000004	-4.127537973777175e-6
0.47750000000000004	-4.123458220358187e-6
0.47800000000000004	-4.119377872403128e-6
0.47850000000000004	-4.115297012541433e-6
0.47900000000000004	-4.111215723506339e-6
0.47950000000000004	-4.107135266176087e-6
0.48	-4.103056711222901e-6
0.4805	-4.098977935351025e-6
0.481	-4.094898991097981e-6
0.4815	-4.090819931022928e-6
0.482	-4.0867408076999115e-6
0.4825	-4.0826616737111274e-6
0.483	-4.078582581640155e-6
0.4835	-4.074503584065222e-6
0.484	-4.070424733552455e-6
0.4845	-4.0663460826491165e-6
0.485	-4.062267683876883e-6
0.4855	-4.058189589725097e-6
0.486	-4.054111852644066e-6
0.4865	-4.0500345250383214e-6
0.487	-4.045957659259947e-6
0.4875	-4.04188130760189e-6
0.488	-4.037805522359956e-6
0.4885	-4.0337303555840725e-6
0.489	-4.02965585939078e-6
0.4895	-4.025582085769318e-6
0.49	-4.0215090866164525e-6
0.4905	-4.0174369137299555e-6
0.491	-4.013365618802093e-6
0.4915	-4.0092952534131805e-6
0.492	-4.005225869025153e-6
0.4925	-4.001158804784497e-6
0.493	-3.99709406407378e-6
0.4935	-3.993030421660803e-6
0.494	-3.9889679057656206e-6
0.4945	-3.984906544528949e-6
0.495	-3.980846366010328e-6
0.4955	-3.9767873981862905e-6
0.496	-3.972729668948569e-6
0.4965	-3.968673206102291e-6
0.497	-3.964618037364201e-6
0.4975	-3.96056419036091e-6
0.498	-3.956511692627141e-6
0.4985	-3.952460571604004e-6
0.499	-3.948410854637282e-6
0.4995	-3.944362568975747e-6
0.5	-3.940315741769464e-6
0.5005000000000001	-3.936270400068146e-6
0.501	-3.932226570819513e-6
0.5015000000000001	-3.92818428184331e-6
0.502	-3.924143558012253e-6
0.5025000000000001	-3.920104426842393e-6
0.503	-3.916066914855537e-6
0.5035000000000001	-3.912031048463463e-6
0.504	-3.907996853966418e-6
0.5045000000000001	-3.9039643575516035e-6
0.505	-3.8999335852917045e-6
0.5055000000000001	-3.895905105018931e-6
0.506	-3.8918789627741725e-6
0.5065000000000001	-3.887854606259963e-6
0.507	-3.883832051397736e-6
0.5075000000000001	-3.87981131403242e-6
0.508	-3.875792409931987e-6
0.5085000000000001	-3.87177535478699e-6
0.509	-3.867760164210141e-6
0.5095000000000001	-3.8637468537358425e-6
0.51	-3.859735438819799e-6
0.5105000000000001	-3.855725934838568e-6
0.511	-3.851718357089171e-6
0.5115000000000001	-3.847712720788679e-6
0.512	-3.843709041073827e-6
0.5125	-3.8397073330006176e-6
0.513	-3.835707611543957e-6
0.5135	-3.831709891597292e-6
0.514	-3.827714187972216e-6
0.5145	-3.823720516208022e-6
0.515	-3.819728889382376e-6
0.5155	-3.815739322811986e-6
0.516	-3.811751830976863e-6
0.5165	-3.807766428273503e-6
0.517	-3.803783129014573e-6
0.5175	-3.7998019474286097e-6
0.518	-3.795822897659728e-6
0.5185	-3.7918461697891462e-6
0.519	-3.7878724552077466e-6
0.5195	-3.783900902380913e-6
0.52	-3.779931516357569e-6
0.5205	-3.775964302149539e-6
0.521	-3.7719992647315696e-6
0.5215	-3.7680364090414047e-6
0.522	-3.764075739979809e-6
0.5225	-3.7601172624106445e-6
0.523	-3.7561609811608854e-6
0.5235	-3.7522069010207055e-6
0.524	-3.7482550267435063e-6
0.5245	-3.7443053630459803e-6
0.525	-3.7403579146081606e-6
0.5255	-3.736412686073485e-6
0.526	-3.7324696820488422e-6
0.5265	-3.7285289071046373e-6
0.527	-3.7245903657748424e-6
0.5275	-3.720654063523553e-6
0.528	-3.7167200029294127e-6
0.5285	-3.7127881893247762e-6
0.529	-3.7088586270978896e-6
0.5295	-3.704931320600892e-6
0.53	-3.7010062741498794e-6
0.5305	-3.69708349202497e-6
0.531	-3.693162978470381e-6
0.5315	-3.6892447376944897e-6
0.532	-3.685329067105861e-6
0.5325	-3.6814160027297924e-6
0.533	-3.677505214903429e-6
0.5335	-3.673596702595314e-6
0.534	-3.6696904647684515e-6
0.5345	-3.6657865003803363e-6
0.535	-3.661884808382997e-6
0.5355	-3.6579853877230214e-6
0.536	-3.6540882373415947e-6
0.5365	-3.6501933561745314e-6
0.537	-3.646300743152321e-6
0.5375	-3.6424103972001416e-6
0.538	-3.6385223172379095e-6
0.5385	-3.634636502180312e-6
0.539	-3.6307529509368284e-6
0.5395	-3.626871662411779e-6
0.54	-3.6229926355043475e-6
0.5405	-3.6191158696772482e-6
0.541	-3.615241362709943e-6
0.5415	-3.61136911402187e-6
0.542	-3.6074991224917714e-6
0.5425	-3.6036313869934373e-6
0.543	-3.5997659063957275e-6
0.5435	-3.595902679562612e-6
0.544	-3.592041705353196e-6
0.5445	-3.5881829826217676e-6
0.545	-3.5843265102178102e-6
0.5455	-3.580472605405194e-6
0.546	-3.5766215314736215e-6
0.5465	-3.572772693027579e-6
0.547	-3.5689260817115453e-6
0.5475	-3.5650816892070563e-6
0.548	-3.5612395072324476e-6
0.5485	-3.5573995275426115e-6
0.549	-3.5535617419287375e-6
0.5495	-3.5497261422180727e-6
0.55	-3.5458927202736675e-6
0.5505	-3.542061467994147e-6
0.551	-3.5382323773134495e-6
0.5515	-3.534405440200605e-6
0.552	-3.530580648659487e-6
0.5525	-3.526757994728577e-6
0.553	-3.5229374704807394e-6
0.5535	-3.5191190680229783e-6
0.554	-3.5153027801876694e-6
0.5545	-3.511488597790303e-6
0.555	-3.5076765136996006e-6
0.5555	-3.5038665201567576e-6
0.556	-3.500058609436008e-6
0.5565	-3.4962527738443915e-6
0.557	-3.492449005721557e-6
0.5575	-3.4886472974395274e-6
0.558	-3.4848476414024952e-6
0.5585	-3.4810500300466036e-6
0.559	-3.477254455839738e-6
0.5595	-3.473461134686544e-6
0.56	-3.469669890907956e-6
0.5605	-3.465880657515794e-6
0.561	-3.462093424944539e-6
0.5615	-3.458308183670696e-6
0.562	-3.4545249242124913e-6
0.5625	-3.4507436371295377e-6
0.5630000000000001	-3.446964313022525e-6
0.5635	-3.443186942532898e-6
0.5640000000000001	-3.4394115163425527e-6
0.5645	-3.435638025173519e-6
0.5650000000000001	-3.4318664597876624e-6
0.5655	-3.4280968109863672e-6
0.5660000000000001	-3.4243290696102507e-6
0.5665	-3.4205632265388545e-6
0.5670000000000001	-3.4167992728253387e-6
0.5675	-3.4130371991611448e-6
0.5680000000000001	-3.4092769966694877e-6
0.5685	-3.405518656382687e-6
0.5690000000000001	-3.401762169370534e-6
0.5695	-3.398007526740009e-6
0.5700000000000001	-3.3942547196350083e-6
0.5705	-3.390503739236064e-6
0.5710000000000001	-3.386754576760059e-6
0.5715	-3.3830072234599593e-6
0.5720000000000001	-3.3792616706245424e-6
0.5725	-3.375517909578134e-6
0.5730000000000001	-3.371775931680322e-6
0.5735	-3.3680350642311522e-6
0.5740000000000001	-3.3642958306578435e-6
0.5745	-3.360558366714174e-6
0.5750000000000001	-3.3568226699050417e-6
0.5755	-3.3530887377412087e-6
0.5760000000000001	-3.3493565677392905e-6
0.5765	-3.345626157421731e-6
0.577	-3.3418975043167844e-6
0.5775	-3.3381706059584894e-6
0.578	-3.3344454598866635e-6
0.5785	-3.330722063646871e-6
0.579	-3.3270004147904085e-6
0.5795	-3.323280510874289e-6
0.58	-3.3195623492452635e-6
0.5805	-3.3158459278933084e-6
0.581	-3.3121312441890906e-6
0.5815	-3.3084182957122695e-6
0.582	-3.304707080048129e-6
0.5825	-3.300997594787535e-6
0.583	-3.2972898375269456e-6
0.5835	-3.2935838058683626e-6
0.584	-3.289879497419342e-6
0.5845	-3.286176909792955e-6
0.585	-3.2824760406077803e-6
0.5855	-3.2787768874878846e-6
0.586	-3.275079448062807e-6
0.5865	-3.2713837199675323e-6
0.587	-3.267689700842488e-6
0.5875	-3.263997963522977e-6
0.588	-3.26030853821047e-6
0.5885	-3.2566208002343456e-6
0.589	-3.252934738583753e-6
0.5895	-3.2492503422925923e-6
0.59	-3.2455676004391143e-6
0.5905	-3.241886502145512e-6
0.591	-3.2382070365775226e-6
0.5915	-3.234529192944017e-6
0.592	-3.230852960496627e-6
0.5925	-3.2271783285293244e-6
0.593	-3.22350528656193e-6
0.5935	-3.2198338236148193e-6
0.594	-3.2161639292776842e-6
0.5945	-3.2124955930100803e-6
0.595	-3.208828804312022e-6
0.5955	-3.205163552723608e-6
0.596	-3.2014998278246667e-6
0.5965	-3.1978376192343663e-6
0.597	-3.1941769166108844e-6
0.5975	-3.190517709651019e-6
0.598	-3.1868599880898597e-6
0.5985	-3.183203741700415e-6
0.599	-3.179548960293273e-6
0.5995	-3.175895633716252e-6
0.6	-3.172243751854058e-6
0.6005	-3.1685933046279452e-6
0.601	-3.164944281995371e-6
0.6015	-3.1612966739496673e-6
0.602	-3.157665588394761e-6
0.6025	-3.1540404412191095e-6
0.603	-3.1504164101784304e-6
0.6035	-3.1467933465872787e-6
0.604	-3.1431711021546973e-6
0.6045	-3.1395495289225483e-6
0.605	-3.1359284792043094e-6
0.6055	-3.132307805524183e-6
0.606	-3.1286873605565715e-6
0.6065	-3.125066996930092e-6
0.607	-3.121446567387961e-6
0.6075	-3.117825924829563e-6
0.608	-3.1142049219416446e-6
0.6085	-3.1105834112640574e-6
0.609	-3.106961245129644e-6
0.6095	-3.103338275603862e-6
0.61	-3.099714354424111e-6
0.6105	-3.096089332938677e-6
0.611	-3.0924630620452444e-6
0.6115	-3.088835392128859e-6
0.612	-3.085206172999338e-6
0.6125	-3.0815752538279707e-6
0.613	-3.077942483083518e-6
0.6135	-3.074307708467351e-6
0.614	-3.0706707768477254e-6
0.6145	-3.067031534193048e-6
0.615	-3.0633898255040867e-6
0.6155	-3.059745494745042e-6
0.616	-3.0560983847733516e-6
0.6165	-3.0524366154246364e-6
0.617	-3.0487673105043528e-6
0.6175	-3.045094908075365e-6
0.618	-3.041419363447278e-6
0.6185	-3.037740631578397e-6
0.619	-3.0340586670689442e-6
0.6195	-3.030373421135998e-6
0.62	-3.0266848529994966e-6
0.6205	-3.022992913786487e-6
0.621	-3.01929755661173e-6
0.6215	-3.0155987341981988e-6
0.622	-3.0118963988695418e-6
0.6225	-3.0081905025423687e-6
0.623	-3.0044809967184003e-6
0.6235	-3.0007678324764703e-6
0.624	-2.997050960464368e-6
0.6245	-2.993330330890525e-6
0.625	-2.9896058935155426e-6
0.6255000000000001	-2.9858775976435426e-6
0.626	-2.982145392113353e-6
0.6265000000000001	-2.9784092252895176e-6
0.627	-2.9746690450531165e-6
0.6275000000000001	-2.970924798792408e-6
0.628	-2.9671764333932805e-6
0.6285000000000001	-2.9634238952294954e-6
0.629	-2.9596671301527414e-6
0.6295000000000001	-2.955906083482465e-6
0.63	-2.9521406999955144e-6
0.6305000000000001	-2.9483678135594136e-6
0.631	-2.944585030101804e-6
0.6315000000000001	-2.940797800914779e-6
0.632	-2.937006135644015e-6
0.6325000000000001	-2.933210043507389e-6
0.633	-2.9294095356450633e-6
0.6335000000000001	-2.9256046218643896e-6
0.634	-2.921795312641357e-6
0.6345000000000001	-2.9179816186619913e-6
0.635	-2.9141635508235173e-6
0.6355000000000001	-2.9103411202354777e-6
0.636	-2.9065143382208572e-6
0.6365000000000001	-2.9026832163171705e-6
0.637	-2.8988477662775667e-6
0.6375000000000001	-2.895008000071878e-6
0.638	-2.8911639298876853e-6
0.6385000000000001	-2.8873155681313503e-6
0.639	-2.8834629274290322e-6
0.6395000000000001	-2.87960602062769e-6
0.64	-2.875744860796057e-6
0.6405	-2.8718794612256186e-6
0.641	-2.8680098354315354e-6
0.6415	-2.864135997153588e-6
0.642	-2.8602579603570662e-6
0.6425	-2.8563757392336533e-6
0.643	-2.8524893482022953e-6
0.6435	-2.8485988019100318e-6
0.644	-2.844704115232821e-6
0.6445	-2.8408030997043806e-6
0.645	-2.836897793604006e-6
0.6455	-2.83298842375802e-6
0.646	-2.8290750262535085e-6
0.6465	-2.8251576375288616e-6
0.647	-2.8212362944827727e-6
0.6475	-2.817311034448782e-6
0.648	-2.8133818951938826e-6
0.6485	-2.809448914917021e-6
0.649	-2.8055121322474827e-6
0.6495	-2.80157158624316e-6
0.65	-2.797627316388705e-6
0.6505	-2.7936925089900964e-6
0.651	-2.789740595701896e-6
0.6515	-2.7857850923890615e-6
0.652	-2.7818260396320538e-6
0.6525	-2.777863478446902e-6
0.653	-2.7738974502818135e-6
0.6535	-2.7699279970136823e-6
0.654	-2.7659551609444924e-6
0.6545	-2.761978984797617e-6
0.655	-2.7579995117140138e-6
0.6555	-2.7540167852483217e-6
0.656	-2.7500308493648356e-6
0.6565	-2.746041748433403e-6
0.657	-2.7420495272252103e-6
0.6575	-2.738054230908453e-6
0.658	-2.734055905043926e-6
0.6585	-2.7300545955805073e-6
0.659	-2.7260494707310783e-6
0.6595	-2.7220420706066707e-6
0.66	-2.718031836474122e-6
0.6605	-2.714018818199406e-6
0.661	-2.710003066028171e-6
0.6615	-2.705984630580064e-6
0.662	-2.7019635628429573e-6
0.6625	-2.697939914167066e-6
0.663	-2.6939137362589634e-6
0.6635	-2.6898850811755135e-6
0.664	-2.6858540013176817e-6
0.6645	-2.681820549424273e-6
0.665	-2.6777847785655424e-6
0.6655	-2.6737467421367554e-6
0.666	-2.6697064938516177e-6
0.6665	-2.6656640877356308e-6
0.667	-2.661619578119356e-6
0.6675	-2.6575730196315976e-6
0.668	-2.653524467192488e-6
0.6685	-2.649473976006493e-6
0.669	-2.6454216015553415e-6
0.6695	-2.6413673995908714e-6
0.67	-2.637311426127783e-6
0.6705	-2.633253737436341e-6
0.671	-2.6291943900349807e-6
0.6715	-2.625129757600115e-6
0.672	-2.6210682720654874e-6
0.6725	-2.617005277282266e-6
0.673	-2.6129408228459056e-6
0.6735	-2.608874958532333e-6
0.674	-2.6048077342929492e-6
0.6745	-2.6007392002487704e-6
0.675	-2.596669406684485e-6
0.6755	-2.5925984040424797e-6
0.676	-2.5885262429168005e-6
0.6765	-2.5844529740470593e-6
0.677	-2.580378648312288e-6
0.6775	-2.576303316724756e-6
0.678	-2.572227030423727e-6
0.6785	-2.5681498406691734e-6
0.679	-2.5640717988354596e-6
0.6795	-2.5599929564049736e-6
0.68	-2.5559133649617192e-6
0.6805	-2.551833076184887e-6
0.681	-2.5477521418423738e-6
0.6815	-2.543670613784282e-6
0.682	-2.5395885439363795e-6
0.6825	-2.535505984293548e-6
0.683	-2.5314229869131995e-6
0.6835	-2.5273400760744597e-6
0.684	-2.523258264487936e-6
0.6845	-2.519176150552644e-6
0.685	-2.515093769197711e-6
0.6855	-2.5110111553755084e-6
0.686	-2.5069283440581145e-6
0.6865	-2.5028453702345972e-6
0.687	-2.49876226890795e-6
0.6875	-2.4946790750920983e-6
0.6880000000000001	-2.4905958238089018e-6
0.6885	-2.4865125500851546e-6
0.6890000000000001	-2.4824292889495655e-6
0.6895	-2.47834607542977e-6
0.6900000000000001	-2.4742629445493216e-6
0.6905	-2.4701799313246794e-6
0.6910000000000001	-2.46609707076222e-6
0.6915	-2.4620143978552203e-6
0.6920000000000001	-2.457931947580878e-6
0.6925	-2.453849754897316e-6
0.6930000000000001	-2.4497678547405777e-6
0.6935	-2.445686282021671e-6
0.6940000000000001	-2.4416050716235733e-6
0.6945	-2.4375242583982623e-6
0.6950000000000001	-2.4334438771637633e-6
0.6955	-2.429363962701185e-6
0.6960000000000001	-2.4252845497517833e-6
0.6965	-2.4212068160116687e-6
0.6970000000000001	-2.417131095212757e-6
0.6975	-2.413055945149496e-6
0.6980000000000001	-2.4089813770361084e-6
0.6985	-2.4049074020745148e-6
0.6990000000000001	-2.400834031440178e-6
0.6995	-2.3967612763003996e-6
0.7000000000000001	-2.392689147802891e-6
0.7005	-2.3886176570780146e-6
0.7010000000000001	-2.3845468152384685e-6
0.7015	-2.3804766333790152e-6
0.7020000000000001	-2.3764071225761713e-6
0.7025	-2.372338293887946e-6
0.7030000000000001	-2.368270158353525e-6
0.7035	-2.3642027269930162e-6
0.704	-2.360136010807138e-6
0.7045	-2.3560700207769573e-6
0.705	-2.352004767863601e-6
0.7055	-2.3479402630079727e-6
0.706	-2.3438765171304905e-6
0.7065	-2.3398135411307915e-6
0.707	-2.3357513458874726e-6
0.7075	-2.3316899422578074e-6
0.708	-2.327629341077489e-6
0.7085	-2.3235695531603358e-6
0.709	-2.3195105892980533e-6
0.7095	-2.3154522277587235e-6
0.71	-2.3113945178649984e-6
0.7105	-2.3073376704210346e-6
0.711	-2.3032816999354368e-6
0.7115	-2.2992266208842875e-6
0.712	-2.295172447712842e-6
0.7125	-2.291119194831967e-6
0.713	-2.2870668766195866e-6
0.7135	-2.283015507419759e-6
0.714	-2.2789651015422125e-6
0.7145	-2.2749156732618615e-6
0.715	-2.2708672368183536e-6
0.7155	-2.2668198064156087e-6
0.716	-2.2627733962213558e-6
0.7165	-2.2587280203666815e-6
0.717	-2.2546836929455847e-6
0.7175	-2.250640428014515e-6
0.718	-2.2465982395919493e-6
0.7185	-2.242557141657935e-6
0.719	-2.2385171481536647e-6
0.7195	-2.2344782729810402e-6
0.72	-2.2304405300022448e-6
0.7205	-2.2264039330393165e-6
0.721	-2.2223684958737347e-6
0.7215	-2.2183342322459967e-6
0.722	-2.2143011558552023e-6
0.7225	-2.2102720079036864e-6
0.723	-2.2062467198503994e-6
0.7235	-2.2022225839024345e-6
0.724	-2.1981995664971278e-6
0.7245	-2.194177634197708e-6
0.725	-2.1901567535647863e-6
0.7255	-2.1861368913264836e-6
0.726	-2.18211801427003e-6
0.7265	-2.1781000892630666e-6
0.727	-2.1740830832508444e-6
0.7275	-2.1700669632534207e-6
0.728	-2.16605169636288e-6
0.7285	-2.1620372497405598e-6
0.729	-2.158023590614319e-6
0.7295	-2.154010686275787e-6
0.73	-2.149998504077655e-6
0.7305	-2.145987011430962e-6
0.731	-2.1419761758024164e-6
0.7315	-2.137965964711703e-6
0.732	-2.133956345728817e-6
0.7325	-2.1299472864714174e-6
0.733	-2.125938754602179e-6
0.7335	-2.1219307178261437e-6
0.734	-2.1179231438881173e-6
0.7345	-2.1139160005700386e-6
0.735	-2.109909255688365e-6
0.7355	-2.105901863072929e-6
0.736	-2.1018919783107646e-6
0.7365	-2.0978824387729416e-6
0.737	-2.093873245741584e-6
0.7375	-2.0898644004995857e-6
0.738	-2.0858559043242374e-6
0.7385	-2.081847758495121e-6
0.739	-2.0778399642897403e-6
0.7395	-2.0738325229844276e-6
0.74	-2.0698254358543646e-6
0.7405	-2.065818704173551e-6
0.741	-2.0618123292148245e-6
0.7415	-2.0578063122498443e-6
0.742	-2.0538006545490884e-6
0.7425	-2.0497953573818554e-6
0.743	-2.045790422016262e-6
0.7435	-2.0417858497192245e-6
0.744	-2.0377816417564826e-6
0.7445	-2.0337777993925595e-6
0.745	-2.0297743238907976e-6
0.7455	-2.025771216513325e-6
0.746	-2.021768478521068e-6
0.7465	-2.0177661111737366e-6
0.747	-2.0137641157298346e-6
0.7475	-2.009762493446644e-6
0.748	-2.005761245580228e-6
0.7485	-2.0017603733854256e-6
0.749	-1.997760879688198e-6
0.7495	-1.9937617944578403e-6
0.75	-1.989763070691495e-6
0.7505000000000001	-1.985764700646282e-6
0.751	-1.98176667658673e-6
0.7515000000000001	-1.9777689907823767e-6
0.752	-1.9737716355107505e-6
0.7525000000000001	-1.9697746030552796e-6
0.753	-1.9657778857055865e-6
0.7535000000000001	-1.961781475757346e-6
0.754	-1.957785365512127e-6
0.7545000000000001	-1.953789547277243e-6
0.755	-1.9497940133656046e-6
0.7555000000000001	-1.9457987560955705e-6
0.756	-1.941803767790795e-6
0.7565000000000001	-1.9378090407800785e-6
0.757	-1.933814567397224e-6
0.7575000000000001	-1.929820339980884e-6
0.758	-1.9258263508744128e-6
0.7585000000000001	-1.921832592425719e-6
0.759	-1.9178390569871164e-6
0.7595000000000001	-1.9138457369151794e-6
0.76	-1.909852624570598e-6
0.7605000000000001	-1.9058597123180166e-6
0.761	-1.9018669925259063e-6
0.7615000000000001	-1.8978744575664063e-6
0.762	-1.8938816638111199e-6
0.7625000000000001	-1.889888747942564e-6
0.763	-1.885896004198037e-6
0.7635000000000001	-1.8819034312618511e-6
0.764	-1.8779110278188921e-6
0.7645000000000001	-1.8739187925545742e-6
0.765	-1.869926724154876e-6
0.7655000000000001	-1.8659348213063117e-6
0.766	-1.8619430826959423e-6
0.7665000000000001	-1.85795150701136e-6
0.767	-1.8539600929406943e-6
0.7675000000000001	-1.849968839172595e-6
0.768	-1.8459777443962422e-6
0.7685	-1.8419868073013275e-6
0.769	-1.83799602657806e-6
0.7695	-1.8340054009171565e-6
0.77	-1.83001492900984e-6
0.7705	-1.826024609547836e-6
0.771	-1.822034441223362e-6
0.7715	-1.8180444227291319e-6
0.772	-1.8140545527583431e-6
0.7725	-1.8100648300046809e-6
0.773	-1.806075253162305e-6
0.7735	-1.8020858209258537e-6
0.774	-1.7980965319904329e-6
0.7745	-1.7941073850516128e-6
0.775	-1.7901183692058051e-6
0.7755	-1.7861294543355433e-6
0.776	-1.7821406780528987e-6
0.7765	-1.7781520394690559e-6
0.777	-1.7741635376954927e-6
0.7775	-1.7701751718440061e-6
0.778	-1.7661869410266761e-6
0.7785	-1.7621988443558922e-6
0.779	-1.7582108809443327e-6
0.7795	-1.754223049904983e-6
0.78	-1.7502353503511016e-6
0.7805	-1.746247781396252e-6
0.781	-1.7422603421542815e-6
0.7815	-1.7382730317393217e-6
0.782	-1.7342858492657893e-6
0.7825	-1.7302987938483854e-6
0.783	-1.7263118646020894e-6
0.7835	-1.7223250606421584e-6
0.784	-1.718338381084125e-6
0.7845	-1.7143518250437983e-6
0.785	-1.7103653916372577e-6
0.7855	-1.706379079980856e-6
0.786	-1.7023928891912068e-6
0.7865	-1.6984068183851987e-6
0.787	-1.6944208666799757e-6
0.7875	-1.6904350331929544e-6
0.788	-1.6864493170418033e-6
0.7885	-1.682463725934225e-6
0.789	-1.6784782527713954e-6
0.7895	-1.674492894129396e-6
0.79	-1.6705076490321329e-6
0.7905	-1.6665225165037898e-6
0.791	-1.6625374955688245e-6
0.7915	-1.65855258525197e-6
0.792	-1.6545677845782211e-6
0.7925	-1.6505830925728496e-6
0.793	-1.6465985082613812e-6
0.7935	-1.6426140306696139e-6
0.794	-1.6386296588235952e-6
0.7945	-1.634645391749639e-6
0.795	-1.6306612284743118e-6
0.7955	-1.62667716802443e-6
0.796	-1.6226932094270596e-6
0.7965	-1.6187093517095195e-6
0.797	-1.6147255938993677e-6
0.7975	-1.6107419350244097e-6
0.798	-1.6067583741126884e-6
0.7985	-1.602774910192486e-6
0.799	-1.598791542292322e-6
0.7995	-1.5948082694409482e-6
0.8	-1.5908250906673445e-6
0.8005	-1.5868420050007242e-6
0.801	-1.582859011470523e-6
0.8015	-1.5788761318142836e-6
0.802	-1.5748933868172742e-6
0.8025	-1.5709107302691585e-6
0.803	-1.5669281606225254e-6
0.8035	-1.562945676330319e-6
0.804	-1.5589632758457962e-6
0.8045	-1.5549809576225538e-6
0.805	-1.5509987201144956e-6
0.8055	-1.547016561775848e-6
0.806	-1.5430344810611377e-6
0.8065	-1.5390524764251961e-6
0.807	-1.5350705463231444e-6
0.8075	-1.5310886892104009e-6
0.808	-1.5271069035426564e-6
0.8085	-1.5231251877758863e-6
0.809	-1.5191435403663343e-6
0.8095	-1.515161959770511e-6
0.81	-1.5111804444451739e-6
0.8105	-1.5071989928473526e-6
0.811	-1.5032176034343082e-6
0.8115	-1.4992362746635496e-6
0.812	-1.4952550049928176e-6
0.8125	-1.4912737928800831e-6
0.8130000000000001	-1.4872926367835382e-6
0.8135	-1.4833115351615936e-6
0.8140000000000001	-1.4793304864728684e-6
0.8145	-1.475349489176191e-6
0.8150000000000001	-1.4713684175077246e-6
0.8155	-1.4673873784057579e-6
0.8160000000000001	-1.4634063879497914e-6
0.8165	-1.4594254464184185e-6
0.8170000000000001	-1.4554445532794627e-6
0.8175	-1.4514637082034923e-6
0.8180000000000001	-1.4474829108611106e-6
0.8185	-1.4435021609229655e-6
0.8190000000000001	-1.4395214580597392e-6
0.8195	-1.4355408019421566e-6
0.8200000000000001	-1.4315601922409788e-6
0.8205	-1.4275796286270074e-6
0.8210000000000001	-1.4235991107710797e-6
0.8215	-1.4196186383440713e-6
0.8220000000000001	-1.4156382110168958e-6
0.8225	-1.4116578284605059e-6
0.8230000000000001	-1.4076774903458854e-6
0.8235	-1.403697196344064e-6
0.8240000000000001	-1.3997169461260952e-6
0.8245	-1.395736739363081e-6
0.8250000000000001	-1.3917565757261521e-6
0.8255	-1.3877764548864789e-6
0.8260000000000001	-1.38379637651526e-6
0.8265	-1.3798163402837396e-6
0.8270000000000001	-1.3758363458631863e-6
0.8275	-1.3718563929249093e-6
0.8280000000000001	-1.3678763517032607e-6
0.8285	-1.3638961689267098e-6
0.8290000000000001	-1.3599160304461907e-6
0.8295	-1.355935938613945e-6
0.8300000000000001	-1.351955895781936e-6
0.8305	-1.3479759043018418e-6
0.8310000000000001	-1.3439959665250314e-6
0.8315	-1.340016084802561e-6
0.8320000000000001	-1.3360362614851546e-6
0.8325	-1.3320564989231893e-6
0.833	-1.3280767994666822e-6
0.8335	-1.3240971654652813e-6
0.834	-1.3201175992682446e-6
0.8345	-1.3161381032244356e-6
0.835	-1.3121586796822942e-6
0.8355	-1.3081793309898361e-6
0.836	-1.3042000594946423e-6
0.8365	-1.3002208675438232e-6
0.837	-1.2962417574840344e-6
0.8375	-1.292262731661437e-6
0.838	-1.2882837924217048e-6
0.8385	-1.2843049421099881e-6
0.839	-1.280326183070923e-6
0.8395	-1.2763475176486043e-6
0.84	-1.2723689481865744e-6
0.8405	-1.2683904770278094e-6
0.841	-1.2644121065147027e-6
0.8415	-1.260434414113225e-6
0.842	-1.2564568586370513e-6
0.8425	-1.2524794006192312e-6
0.843	-1.248502037163586e-6
0.8435	-1.244524765374647e-6
0.844	-1.2405475823576049e-6
0.8445	-1.2365704852183e-6
0.845	-1.2325934710631967e-6
0.8455	-1.228616536999355e-6
0.846	-1.2246396801344276e-6
0.8465	-1.2206628975766185e-6
0.847	-1.2166861864346812e-6
0.8475	-1.212709543817876e-6
0.848	-1.2087329668359717e-6
0.8485	-1.2047564525992113e-6
0.849	-1.2007799982182896e-6
0.8495	-1.1968036008043385e-6
0.85	-1.1928272574689061e-6
0.8505	-1.1888509653239273e-6
0.851	-1.184874721481716e-6
0.8515	-1.1808985230549295e-6
0.852	-1.1769223671565588e-6
0.8525	-1.172946104917113e-6
0.853	-1.1689700364647262e-6
0.8535	-1.16499400174192e-6
0.854	-1.1610179978632646e-6
0.8545	-1.1570420219435665e-6
0.855	-1.1530660710978739e-6
0.8555	-1.1490901424414322e-6
0.856	-1.1464926967412372e-6
0.8565	-1.1427550580311436e-6
0.857	-1.1389741707177869e-6
0.8575	-1.135150998533476e-6
0.858	-1.1312867782163748e-6
0.8585	-1.1273830276005315e-6
0.859	-1.123441550643699e-6
0.8595	-1.1194644390149545e-6
0.86	-1.1154540699117343e-6
0.8605	-1.1114130998398017e-6
0.861	-1.107344454168955e-6
0.8615	-1.1032513123707746e-6
0.862	-1.0991370889496995e-6
0.8625	-1.0950054101919826e-6
0.863	-1.0908600869747584e-6
0.8635	-1.0867050839945804e-6
0.864	-1.0825444858866266e-6
0.8645	-1.0783824608071341e-6
0.865	-1.0742232221376464e-6
0.8655	-1.0700709890361281e-6
0.866	-1.0659299466033945e-6
0.8665	-1.0618042064512748e-6
0.867	-1.057697768450522e-6
0.8675	-1.053614484401737e-6
0.868	-1.0495580243132686e-6
0.8685	-1.0455318458890672e-6
0.869	-1.0414554678008631e-6
0.8695	-1.0375956913289556e-6
0.87	-1.0337360045630197e-6
0.8705	-1.0298563267239608e-6
0.871	-1.0259366048595781e-6
0.8715	-1.0218122409274198e-6
0.872	-1.0178053399387747e-6
0.8725	-1.0138719304235838e-6
0.873	-1.0102264194143142e-6
0.8735	-1.0063441946419182e-6
0.874	-1.0021234729227045e-6
0.8745	-9.979736703144184e-7
0.875	-9.93883457248954e-7
0.8755000000000001	-9.900455444399255e-7
0.876	-9.861135693520239e-7
0.8765000000000001	-9.82164890120722e-7
0.877	-9.781445099832452e-7
0.8775000000000001	-9.741686829924965e-7
0.878	-9.702256881354838e-7
0.8785000000000001	-9.662664816742063e-7
0.879	-9.622945103131429e-7
0.8795000000000001	-9.58243944140859e-7
0.88	-9.542705653450558e-7
0.8805000000000001	-9.503498886398584e-7
0.881	-9.466205629060585e-7
0.8815000000000001	-9.426907764349917e-7
0.882	-9.384486797212601e-7
0.8825000000000001	-9.343262873262446e-7
0.883	-9.302784618251805e-7
0.8835000000000001	-9.265076271975209e-7
0.884	-9.225891216953552e-7
0.8845000000000001	-9.18546046834927e-7
0.885	-9.145282877630069e-7
0.8855000000000001	-9.105281580068956e-7
0.886	-9.065965994571539e-7
0.8865000000000001	-9.026451389810761e-7
0.887	-8.986921677928322e-7
0.8875000000000001	-8.947309517316424e-7
0.888	-8.907671042100791e-7
0.8885000000000001	-8.867955783076217e-7
0.889	-8.828138021908119e-7
0.8895000000000001	-8.788192295891448e-7
0.89	-8.748158165647825e-7
0.8905000000000001	-8.707835739109665e-7
0.891	-8.66721010700406e-7
0.8915000000000001	-8.625234452094727e-7
0.892	-8.585037654955612e-7
0.8925000000000001	-8.548227686869102e-7
0.893	-8.509901089476778e-7
0.8935000000000001	-8.470631135631471e-7
0.894	-8.427393374501364e-7
0.8945000000000001	-8.386549314522587e-7
0.895	-8.348846948471892e-7
0.8955000000000001	-8.310576740195782e-7
0.896	-8.271860012224638e-7
0.8965	-8.231215620774389e-7
0.897	-8.191105959580597e-7
0.8975	-8.151067534301862e-7
0.898	-8.11110077446763e-7
0.8985	-8.071679131147345e-7
0.899	-8.034336714649858e-7
0.8995	-7.995985369684096e-7
0.9	-7.956641612342504e-7
0.9005	-7.91335132548613e-7
0.901	-7.871696504219714e-7
0.9015	-7.830942342865845e-7
0.902	-7.793252660979078e-7
0.9025	-7.753973031294204e-7
0.903	-7.713845984901057e-7
0.9035	-7.673947490239142e-7
0.904	-7.634100846737058e-7
0.9045	-7.594389043517076e-7
0.905	-7.554725703541478e-7
0.9055	-7.515333484682188e-7
0.906	-7.475878267108183e-7
0.9065	-7.436319114908468e-7
0.907	-7.396366236888485e-7
0.9075	-7.356486913249286e-7
0.908	-7.316609321410933e-7
0.9085	-7.276297077200801e-7
0.909	-7.236927724251717e-7
0.9095	-7.20023004202697e-7
0.91	-7.162411282113075e-7
0.9105	-7.123357078926294e-7
0.911	-7.07916594263554e-7
0.9115	-7.036722597231399e-7
0.912	-6.9954125405583e-7
0.9125	-6.958295616472572e-7
0.913	-6.919036921667972e-7
0.9135	-6.87822129076673e-7
0.914	-6.837928825099504e-7
0.9145	-6.798001133137775e-7
0.915	-6.759487317193915e-7
0.9155	-6.720250976002804e-7
0.916	-6.679965195280079e-7
0.9165	-6.639724050514642e-7
0.917	-6.599650901425722e-7
0.9175	-6.560284831471469e-7
0.918	-6.520902312063026e-7
0.9185	-6.481644005560216e-7
0.919	-6.442859303910371e-7
0.9195	-6.403508955865906e-7
0.92	-6.362879212119892e-7
0.9205	-6.322339227467979e-7
0.921	-6.282009633834523e-7
0.9215	-6.242859423653522e-7
0.922	-6.203309552328776e-7
0.9225	-6.163598987851095e-7
0.923	-6.123219773081375e-7
0.9235	-6.08317735117106e-7
0.924	-6.043367294413729e-7
0.9245	-6.003591505882046e-7
0.925	-5.963886702133066e-7
0.9255	-5.924420611429814e-7
0.926	-5.884769686700709e-7
0.9265	-5.84463581284164e-7
0.927	-5.804519303869134e-7
0.9275	-5.764544115768574e-7
0.928	-5.725185934344875e-7
0.9285	-5.685735655142397e-7
0.929	-5.646251636969434e-7
0.9295	-5.606508327278021e-7
0.93	-5.56685475901616e-7
0.9305	-5.527215436562698e-7
0.931	-5.487566706086224e-7
0.9315	-5.447908110831023e-7
0.932	-5.408285696246432e-7
0.9325	-5.368582790402161e-7
0.933	-5.328791545693279e-7
0.9335	-5.288744759761055e-7
0.934	-5.248812620519196e-7
0.9345	-5.209067405975159e-7
0.935	-5.1693026608957e-7
0.9355	-5.129515854094829e-7
0.936	-5.089616251111253e-7
0.9365	-5.049741684729766e-7
0.937	-5.009864263692779e-7
0.9375	-4.970004779786008e-7
0.9380000000000001	-4.93017869545573e-7
0.9385	-4.890241434243495e-7
0.9390000000000001	-4.850558598279942e-7
0.9395	-4.811191321950057e-7
0.9400000000000001	-4.773063806370173e-7
0.9405	-4.7340955046411303e-7
0.9410000000000001	-4.693370355478525e-7
0.9415	-4.652356975395475e-7
0.9420000000000001	-4.6115244807370855e-7
0.9425	-4.5721688855146207e-7
0.9430000000000001	-4.5326364624288814e-7
0.9435	-4.493112227857977e-7
0.9440000000000001	-4.4532129056651945e-7
0.9445	-4.413523700935801e-7
0.9450000000000001	-4.3741217946208036e-7
0.9455	-4.33459251843316e-7
0.9460000000000001	-4.294827407600975e-7
0.9465	-4.254000955403546e-7
0.9470000000000001	-4.213641822978833e-7
0.9475	-4.174472732803882e-7
0.9480000000000001	-4.135609043368274e-7
0.9485	-4.0965746047221597e-7
0.9490000000000001	-4.056323139655649e-7
0.9495	-4.016071060351647e-7
0.9500000000000001	-3.97590645828968e-7
0.9505	-3.936485973886459e-7
0.9510000000000001	-3.8968615921000883e-7
0.9515	-3.8569471007914e-7
0.9520000000000001	-3.817056050717876e-7
0.9525	-3.7773363592250516e-7
0.9530000000000001	-3.738398805476124e-7
0.9535	-3.6992436121405027e-7
0.9540000000000001	-3.6597755308026957e-7
0.9545	-3.618943402092142e-7
0.9550000000000001	-3.5786461003254443e-7
0.9555	-3.5394571413715727e-7
0.9560000000000001	-3.5003607242714704e-7
0.9565	-3.461060655821236e-7
0.9570000000000001	-3.420597624286235e-7
0.9575	-3.380232780600823e-7
0.9580000000000001	-3.340168941212261e-7
0.9585	-3.30034054359338e-7
0.9590000000000001	-3.2606275350365715e-7
0.9595	-3.2211097230314287e-7
0.96	-3.181576524730107e-7
0.9605	-3.141937553731851e-7
0.961	-3.101794641238403e-7
0.9615	-3.0617741812619574e-7
0.962	-3.022058321071374e-7
0.9625	-2.982488460817254e-7
0.963	-2.942931676179184e-7
0.9635	-2.9036364634589893e-7
0.964	-2.863882767349928e-7
0.9645	-2.823362077228835e-7
0.965	-2.779634134932376e-7
0.9655	-2.7375093843568647e-7
0.966	-2.6994868451877364e-7
0.9665	-2.6622454568738643e-7
0.967	-2.6248634161761506e-7
0.9675	-2.585294259054964e-7
0.968	-2.5454737073386834e-7
0.9685	-2.5053003605558186e-7
0.969	-2.464968285335293e-7
0.9695	-2.4247058315594445e-7
0.97	-2.3850791971470444e-7
0.9705	-2.345647335999595e-7
0.971	-2.3062452960138754e-7
0.9715	-2.2666271979680795e-7
0.972	-2.2269424202724706e-7
0.9725	-2.187025064080936e-7
0.973	-2.1469620564410866e-7
0.9735	-2.1069328252202229e-7
0.974	-2.067221570797712e-7
0.9745	-2.0275998142283727e-7
0.975	-1.988006347064538e-7
0.9755	-1.9483456479548783e-7
0.976	-1.9086598662420053e-7
0.9765	-1.8688546272966836e-7
0.977	-1.8289857344554946e-7
0.9775	-1.7891354344254003e-7
0.978	-1.7499610263520924e-7
0.9785	-1.7103138455954002e-7
0.979	-1.6685747499556157e-7
0.9795	-1.6242764916461223e-7
0.98	-1.5814163645951973e-7
0.9805	-1.5454105203080345e-7
0.981	-1.5104947757450282e-7
0.9815	-1.4751041183906243e-7
0.982	-1.435032051140354e-7
0.9825	-1.3935641104800004e-7
0.983	-1.352290776259102e-7
0.9835	-1.312042950787686e-7
0.984	-1.2720760092304774e-7
0.9845	-1.2325331871112925e-7
0.985	-1.1930972523964053e-7
0.9855	-1.153496351405137e-7
0.986	-1.1128849107175518e-7
0.9865	-1.0723553082317659e-7
0.987	-1.0325323279186515e-7
0.9875	-9.933506434037553e-8
0.988	-9.541684748869909e-8
0.9885	-9.14360125795099e-8
0.989	-8.741893058828226e-8
0.9895	-8.337233305276824e-8
0.99	-7.929403709677632e-8
0.9905	-7.523663971957487e-8
0.991	-7.127275188207771e-8
0.9915	-6.737594099008914e-8
0.992	-6.349133571127447e-8
0.9925	-5.955873968005152e-8
0.993	-5.5610763056102765e-8
0.9935	-5.165764450803529e-8
0.994	-4.770641723968945e-8
0.9945	-4.374988865414275e-8
0.995	-3.9787956692312054e-8
0.9955	-3.5817219903189514e-8
0.996	-3.183265752313692e-8
0.9965	-2.7808989815833396e-8
0.997	-2.378275528764678e-8
0.9975	-2.0783933003296786e-8
0.998	-1.3689583141469287e-8
0.9985	-1.1515817194747615e-8
0.999	-8.023388938454374e-9
0.9995	-4.011694469227187e-9