1.e-6	8.023412473549954e-6
2.e-6	8.023367188680236e-6
3.e-6	8.023511729540379e-6
4.e-6	8.023020980153888e-6
4.9999999999999996e-6	8.02296926075385e-6
5.999999999999999e-6	8.022896184637577e-6
7.e-6	8.021339863599787e-6
8.e-6	8.022738196644195e-6
9.e-6	8.022847946581146e-6
0.00001	8.022580736617268e-6
0.00002	8.021820494981743e-6
0.000030000000000000004	8.021048896018217e-6
0.00004	8.020253728397016e-6
0.00005	8.019444779648095e-6
0.00006	8.01864410428066e-6
0.00007000000000000001	8.017835797616322e-6
0.00008	8.017062626956919e-6
0.00009	8.016288217375109e-6
0.0001	8.01535490695783e-6
0.0002	8.007371079629215e-6
0.00030000000000000003	7.999375476868909e-6
0.0004	7.991120176887405e-6
0.0005	7.983099045102435e-6
0.0006000000000000001	7.975115725261177e-6
0.0007000000000000001	7.967347678210056e-6
0.0008	7.959561837450403e-6
0.0009000000000000001	7.952737944437956e-6
0.001	7.945416825654853e-6
0.0011	7.938596950975028e-6
0.0012000000000000001	7.932216567370626e-6
0.0013000000000000002	7.926331807273169e-6
0.0014000000000000002	7.920491218277396e-6
0.0015	7.915098488828378e-6
0.0016	7.909985766282533e-6
0.0017000000000000001	7.90514059252629e-6
0.0018000000000000002	7.90054037338244e-6
0.0019000000000000002	7.896242826503337e-6
0.002	7.892015439007579e-6
0.0021	7.888060050616e-6
0.0022	7.88428137764039e-6
0.0023	7.880677021614498e-6
0.0024	7.877232317964361e-6
0.0025	7.873933004110844e-6
0.0026	7.870770434591898e-6
0.0027	7.867735860023212e-6
0.0028	7.864817008739938e-6
0.0029	7.862011693867756e-6
0.003	7.859309632395011e-6
0.0031	7.856699302271601e-6
0.0032	7.854182530817512e-6
0.0033	7.851752082556861e-6
0.0034	7.849401355567195e-6
0.0035	7.847128812867185e-6
0.0036	7.844924241714835e-6
0.0037	7.842787687495266e-6
0.0038	7.84071135418521e-6
0.0039	7.838699360511133e-6
0.004	7.836740212489787e-6
0.0041	7.834835892989913e-6
0.004200000000000001	7.832974920654808e-6
0.004300000000000001	7.831261286717977e-6
0.0044	7.829417223341515e-6
0.0045000000000000005	7.82792486705443e-6
0.004600000000000001	7.826030950101962e-6
0.0047	7.82439720465221e-6
0.0048000000000000004	7.82280286165764e-6
0.004900000000000001	7.821246155274481e-6
0.005	7.819719312003376e-6
0.0051	7.818228342187794e-6
0.005200000000000001	7.816771904611648e-6
0.005300000000000001	7.815377621230974e-6
0.0054	7.813942894022867e-6
0.0055000000000000005	7.812573412896493e-6
0.005600000000000001	7.811229477014209e-6
0.0057	7.80991544254967e-6
0.0058000000000000005	7.80862408341377e-6
0.005900000000000001	7.807365771847965e-6
0.006	7.80611441875935e-6
0.0061	7.804889747242068e-6
0.006200000000000001	7.803695307415532e-6
0.006300000000000001	7.80254009805453e-6
0.0064	7.801360141802973e-6
0.006500000000000001	7.800225644311934e-6
0.006600000000000001	7.799147302346325e-6
0.0067	7.798006612533884e-6
0.0068000000000000005	7.796927340589157e-6
0.006900000000000001	7.795862773305547e-6
0.007000000000000001	7.794821827042288e-6
0.0071	7.793786488580918e-6
0.007200000000000001	7.792772235374343e-6
0.007300000000000001	7.791773355556483e-6
0.0074	7.790789985792284e-6
0.007500000000000001	7.789824152098833e-6
0.007600000000000001	7.788886306772903e-6
0.0077	7.787925149702186e-6
0.0078000000000000005	7.78700271645273e-6
0.0079	7.786085630098977e-6
0.008	7.785184638111811e-6
0.0081	7.784295467633606e-6
0.008199999999999999	7.78342489803761e-6
0.0083	7.782554185097072e-6
0.0084	7.7817033876079e-6
0.0085	7.780860167686702e-6
0.0086	7.780029835958757e-6
0.0087	7.779209357619519e-6
0.0088	7.778400577283906e-6
0.0089	7.77760100758396e-6
0.009	7.776811832227255e-6
0.0091	7.776034180075043e-6
0.0092	7.775279493164468e-6
0.0093	7.774517231615137e-6
0.0094	7.773770315689962e-6
0.0095	7.77303167678291e-6
0.0096	7.772305077098843e-6
0.0097	7.771576391733176e-6
0.0098	7.770867590549162e-6
0.009899999999999999	7.77017143084363e-6
0.01	7.769460753579927e-6
0.0101	7.68974424681893e-6
0.0102	7.613061049521303e-6
0.0103	7.5398556398995745e-6
0.0104	7.470251589445047e-6
0.0105	7.404168439679319e-6
0.0106	7.34137525941108e-6
0.0107	7.28156102421918e-6
0.0108	7.224378323980255e-6
0.0109	7.169478754420082e-6
0.011	7.1165392897996915e-6
0.0111	7.0652716688983895e-6
0.0112	7.015427787523851e-6
0.0113	6.9667979725035295e-6
0.0114	6.919217624908438e-6
0.0115	6.872549149961767e-6
0.0116	6.826684869369082e-6
0.0117	6.78153797102355e-6
0.0118	6.737047948079554e-6
0.011899999999999999	6.693156375652152e-6
0.012	6.649823194453839e-6
0.0121	6.607020448113335e-6
0.0122	6.564720546512421e-6
0.0123	6.522915942260346e-6
0.0124	6.4815610910749416e-6
0.0125	6.440674480132483e-6
0.0126	6.400237007005323e-6
0.0127	6.360239340786176e-6
0.0128	6.32067649415917e-6
0.0129	6.281542667908245e-6
0.013	6.2428336376421e-6
0.0131	6.2045423787119454e-6
0.0132	6.16666832926983e-6
0.0133	6.1292063681387795e-6
0.0134	6.09215108648737e-6
0.0135	6.055501630966127e-6
0.0136	6.01925132704731e-6
0.0137	5.983398624232833e-6
0.0138	5.947938859850348e-6
0.013900000000000001	5.912867934066923e-6
0.014	5.878183577680508e-6
0.0141	5.843880780531818e-6
0.0142	5.809954353230367e-6
0.0143	5.776403282814087e-6
0.0144	5.743220221388883e-6
0.0145	5.710402655361085e-6
0.0146	5.67794699807628e-6
0.0147	5.645847997510357e-6
0.0148	5.61410169667239e-6
0.0149	5.582704022320789e-6
0.015	5.551650986609196e-6
0.0151	5.520937481705952e-6
0.0152	5.490558718671941e-6
0.0153	5.460512842480262e-6
0.0154	5.430792816493757e-6
0.0155	5.401394266519902e-6
0.0156	5.372319682248977e-6
0.015700000000000002	5.343555820769263e-6
0.0158	5.315101893643363e-6
0.0159	5.2869553392010384e-6
0.016	5.25911007106212e-6
0.0161	5.231562677645098e-6
0.0162	5.204309504610518e-6
0.0163	5.177345903460737e-6
0.0164	5.15066810719262e-6
0.0165	5.124272279200479e-6
0.0166	5.098155266052877e-6
0.0167	5.072310535369504e-6
0.0168	5.04673710915322e-6
0.016900000000000002	5.0214304962247115e-6
0.017	4.99638596125863e-6
0.0171	4.971602103748904e-6
0.0172	4.947072376761069e-6
0.0173	4.922796142660806e-6
0.0174	4.898762037297477e-6
0.0175	4.8749839811160555e-6
0.0176	4.85144216534685e-6
0.0177	4.8281386312606605e-6
0.0178	4.805070644809174e-6
0.0179	4.78223366814805e-6
0.018	4.759625380258756e-6
0.0181	4.737242926325083e-6
0.0182	4.7150846842114015e-6
0.0183	4.693136443864667e-6
0.0184	4.671415159747834e-6
0.0185	4.649903431133107e-6
0.018600000000000002	4.628601205230893e-6
0.0187	4.607508681606742e-6
0.0188	4.586616633424561e-6
0.0189	4.565934925683747e-6
0.019	4.545437617620057e-6
0.0191	4.5251452314840695e-6
0.019200000000000002	4.505045121844095e-6
0.0193	4.485136727513323e-6
0.0194	4.465416541262046e-6
0.0195	4.445881626702407e-6
0.0196	4.426530422342166e-6
0.0197	4.4073596109855704e-6
0.0198	4.388368430674344e-6
0.0199	4.369562631254082e-6
0.02	4.350910575012751e-6
0.0201	4.3324333911186955e-6
0.0202	4.314087385766689e-6
0.020300000000000002	4.295835339786721e-6
0.0204	4.277647020289581e-6
0.0205	4.259499062622143e-6
0.0206	4.241376210389244e-6
0.0207	4.223270258712543e-6
0.0208	4.205178854214598e-6
0.020900000000000002	4.187104440384066e-6
0.021	4.16905268307628e-6
0.0211	4.151031142688431e-6
0.0212	4.1330485887766984e-6
0.0213	4.115114336594214e-6
0.0214	4.09723683774403e-6
0.021500000000000002	4.079424856489235e-6
0.0216	4.061686244607545e-6
0.0217	4.044028016756924e-6
0.0218	4.026456688314347e-6
0.0219	4.0089777149319305e-6
0.022	3.991595906149002e-6
0.0221	3.974315501225013e-6
0.0222	3.95714001910657e-6
0.0223	3.940072461487013e-6
0.0224	3.923115392826003e-6
0.0225	3.906270754396961e-6
0.022600000000000002	3.889540289731094e-6
0.0227	3.872925330604457e-6
0.0228	3.856426897706939e-6
0.0229	3.84004575505209e-6
0.023	3.823782431868269e-6
0.0231	3.807637163750137e-6
0.023200000000000002	3.791610270999812e-6
0.0233	3.7757017634859808e-6
0.0234	3.759911246182311e-6
0.0235	3.7442385782579076e-6
0.0236	3.728683392734394e-6
0.0237	3.713245219147168e-6
0.0238	3.697923378237036e-6
0.0239	3.682717512600547e-6
0.024	3.6676270237545303e-6
0.0241	3.652650837400272e-6
0.0242	3.6377883452360047e-6
0.024300000000000002	3.6230387446897853e-6
0.0244	3.608401200605365e-6
0.0245	3.5938748415279714e-6
0.0246	3.5794587812247603e-6
0.0247	3.565152111029115e-6
0.0248	3.5509539060959606e-6
0.024900000000000002	3.536863228399281e-6
0.025	3.522879129388976e-6
0.0251	3.509000658047558e-6
0.0252	3.495226839310372e-6
0.0253	3.4815567169809683e-6
0.0254	3.4679893126392992e-6
0.025500000000000002	3.454523660394852e-6
0.0256	3.4411587897227454e-6
0.0257	3.4278937314378144e-6
0.0258	3.414727518713838e-6
0.0259	3.4016591879898874e-6
0.026000000000000002	3.3886877783195053e-6
0.0261	3.375812337801026e-6
0.0262	3.363031915705045e-6
0.0263	3.3503455686218883e-6
0.0264	3.337752357920011e-6
0.0265	3.3252513566970754e-6
0.026600000000000002	3.3128415307666588e-6
0.0267	3.3005220745617605e-6
0.0268	3.2882921899870186e-6
0.0269	3.2761508678265363e-6
0.027	3.2640972119919056e-6
0.0271	3.252130349222008e-6
0.027200000000000002	3.240249400305863e-6
0.0273	3.228453495103335e-6
0.0274	3.216741790172081e-6
0.0275	3.2051134240318286e-6
0.0276	3.193567562041728e-6
0.027700000000000002	3.1821033740163987e-6
0.027800000000000002	3.1707200387436755e-6
0.0279	3.1594167440000876e-6
0.028	3.148192686541311e-6
0.0281	3.137047072090221e-6
0.0282	3.125979115319451e-6
0.028300000000000002	3.1149880398258166e-6
0.0284	3.1040732832829817e-6
0.0285	3.093233675749115e-6
0.0286	3.0824686733492155e-6
0.0287	3.0717775349127796e-6
0.0288	3.0611595279385327e-6
0.028900000000000002	3.0506139285250115e-6
0.029	3.0401400213095276e-6
0.0291	3.0297370993918933e-6
0.0292	3.0194044607011187e-6
0.0293	3.009141422137533e-6
0.029400000000000003	2.998947298148457e-6
0.029500000000000002	2.988821414881973e-6
0.0296	2.9787631065522824e-6
0.0297	2.968771715344862e-6
0.0298	2.958846591337828e-6
0.0299	2.9489871637650382e-6
0.030000000000000002	2.939192654757808e-6