0.	0.
0.0005	12460.166267267954
0.001	24920.33244174725
0.0015	37380.49843065951
0.002	49840.664141214795
0.0025	62300.82941715052
0.003	74760.9940335003
0.0035	87221.15789542516
0.004	99681.32091390566
0.0045000000000000005	112141.48300155644
0.005	124601.64407263645
0.0055	137061.80404304274
0.006	149521.9628303127
0.006500000000000001	161982.12035363715
0.007	174442.27653384363
0.0075	186902.43129340137
0.008	199362.5845564138
0.0085	211822.73624865053
0.009000000000000001	224282.88629750744
0.0095	236743.03463202622
0.01	249203.18118291217
0.0105	261663.3258824827
0.011	274123.4686647306
0.0115	286583.6094654176
0.012	299043.74823858094
0.0125	311503.8849344374
0.013000000000000001	323964.01949318586
0.0135	336424.15185642435
0.014	348884.281967174
0.0145	361344.4097698721
0.015	373804.5352103468
0.0155	386264.6582358832
0.016	398724.7788216219
0.0165	411184.89699325996
0.017	423645.0127059498
0.0175	436105.12591068534
0.018000000000000002	448565.2365589937
0.0185	461025.3446029454
0.019	473485.44999515166
0.0195	485945.55268875713
0.02	498405.65263745346
0.0205	510865.7497954707
0.021	523325.84411758214
0.021500000000000002	535785.9355590907
0.022	548246.0240758476
0.0225	560706.1096242423
0.023	573166.1921612141
0.0235	585626.2716442253
0.024	598086.3480312934
0.0245	610546.4212809708
0.025	623006.4913523555
0.025500000000000002	635466.5582013757
0.026000000000000002	647926.6217842884
0.0265	660386.68206189
0.027	672846.7389956029
0.0275	685306.7925474413
0.028	697766.8426800302
0.0285	710226.8893565821
0.029	722686.93254094
0.029500000000000002	735146.9722243529
0.03	747607.008479737
0.0305	760067.0412827942
0.031	772527.0705972469
0.0315	784987.0963862148
0.032	797447.1186122271
0.0325	809907.1372372307
0.033	822367.1522225623
0.0335	834827.1635289885
0.034	847287.1711166702
0.0345	859747.1749451872
0.035	872207.1749735302
0.035500000000000004	884667.1711600814
0.036000000000000004	897127.1634626549
0.0365	909587.1518384612
0.037	922047.1362441378
0.0375	934507.1166357131
0.038	946967.0929686405
0.0385	959427.0651977764
0.039	971887.0332471282
0.0395	984346.997016794
0.04	996806.9564597629
0.0405	1.0092669115301722e6
0.041	1.0217268621822752e6
0.0415	1.0341868083704328e6
0.042	1.0466467500491054e6
0.0425	1.0591066871728513e6
0.043000000000000003	1.071566619752115e6
0.043500000000000004	1.0840265480864956e6
0.044	1.0964864721865698e6
0.0445	1.108946391999824e6
0.045	1.121406307470079e6
0.0455	1.1338662185375025e6
0.046	1.1463261251386288e6
0.0465	1.1587860272063427e6
0.047	1.1712459246698748e6
0.0475	1.1837058174548203e6
0.048	1.1961657054831202e6
0.0485	1.2086255886730712e6
0.049	1.2210854669393424e6
0.0495	1.2335453401929294e6
0.05	1.246005208341212e6
0.0505	1.2584650712879177e6
0.051000000000000004	1.270924928933125e6
0.051500000000000004	1.2833847811732825e6
0.052000000000000005	1.295844627901189e6
0.0525	1.3083044690046448e6
0.053	1.3207643043648642e6
0.0535	1.3332241338634775e6
0.054	1.345683957378827e6
0.0545	1.3581437747856644e6
0.055	1.3706035859551495e6
0.0555	1.383063390754845e6
0.056	1.3955231890487364e6
0.0565	1.4079829806723953e6
0.057	1.4204427652047218e6
0.0575	1.4329025424238166e6
0.058	1.4453623121850737e6
0.0585	1.457822074343374e6
0.059000000000000004	1.4702818287531224e6
0.059500000000000004	1.4827415752682386e6
0.06	1.495201313742157e6
0.0605	1.507661044027813e6
0.061	1.5201207659776616e6
0.0615	1.532580479443674e6
0.062	1.545040184277321e6
0.0625	1.5574998803296085e6
0.063	1.5699595674510354e6
0.0635	1.5824192454916183e6
0.064	1.59487891430089e6
0.0645	1.607338573727901e6
0.065	1.6197982236211991e6
0.0655	1.6322578638288616e6
0.066	1.6447174942034846e6
0.0665	1.6571771146249939e6
0.067	1.6696367249456511e6
0.0675	1.682096325010866e6
0.068	1.6945559146652159e6
0.0685	1.7070154937524258e6
0.069	1.7194750621153864e6
0.0695	1.7319346195961572e6
0.07	1.7443941660339925e6
0.07050000000000001	1.7568537012211066e6
0.07100000000000001	1.7693132249766449e6
0.07150000000000001	1.7817727371403018e6
0.07200000000000001	1.794232237551492e6
0.0725	1.8066917260493934e6
0.073	1.8191512024729082e6
0.0735	1.8316106666606774e6
0.074	1.8440701184510905e6
0.0745	1.8565295576822644e6
0.075	1.868988984192072e6
0.0755	1.8814483978181074e6
0.076	1.8939077983977324e6
0.0765	1.9063671857680182e6
0.077	1.9188265597658053e6
0.0775	1.931285920227658e6
0.078	1.9437452669898823e6
0.0785	1.9562045998885464e6
0.079	1.968663918759437e6
0.0795	1.9811232234278575e6
0.08	1.9935825135022646e6
0.0805	2.0060417887265002e6
0.081	2.0185010489400588e6
0.0815	2.0309602939848248e6
0.082	2.0434195237051246e6
0.0825	2.0558787379476635e6
0.083	2.0683379365615807e6
0.0835	2.0807971193987979e6
0.084	2.0932562863490032e6
0.0845	2.105715437291629e6
0.085	2.1181745720846504e6
0.0855	2.130633690587976e6
0.08600000000000001	2.1430927926634178e6
0.08650000000000001	2.1555518781747185e6
0.08700000000000001	2.1680109469875223e6
0.08750000000000001	2.1804699989694073e6
0.088	2.192929033989855e6
0.0885	2.2053880519202673e6
0.089	2.217847052633958e6
0.0895	2.230306036006163e6
0.09	2.2427650019140136e6
0.0905	2.255223950236574e6
0.091	2.267682880854801e6
0.0915	2.2801417936515757e6
0.092	2.2926006885116776e6
0.0925	2.305059565321806e6
0.093	2.3175184239705596e6
0.0935	2.329977264439569e6
0.094	2.342436086716994e6
0.0945	2.3548948906949256e6
0.095	2.3673536762658097e6
0.0955	2.379812443322494e6
0.096	2.392271191758227e6
0.0965	2.4047299214666383e6
0.097	2.417188632341746e6
0.0975	2.4296473242994263e6
0.098	2.4421059972559996e6
0.0985	2.454564651106138e6
0.099	2.4670232857445595e6
0.0995	2.47948190106601e6
0.1	2.491940496965289e6
0.1005	2.5043990733372285e6
0.101	2.5168576300766952e6
0.1015	2.529316167078602e6
0.10200000000000001	2.541774684237888e6
0.10250000000000001	2.5542331814495525e6
0.10300000000000001	2.5666916586086014e6
0.10350000000000001	2.579150115610105e6
0.10400000000000001	2.591608552349161e6
0.1045	2.6040669687209018e6
0.105	2.6165253646205007e6
0.1055	2.6289837399431695e6
0.106	2.641442094584148e6
0.1065	2.6539004284387226e6
0.107	2.666358741395651e6
0.1075	2.6788170333314463e6
0.108	2.691275304140552e6
0.1085	2.7037335537188803e6
0.109	2.716191781962583e6
0.1095	2.7286499887680453e6
0.11	2.7411081740319426e6
0.1105	2.7535663376511475e6
0.111	2.7660244795397394e6
0.1115	2.778482599620801e6
0.112	2.7909406977917613e6
0.1125	2.803398773949683e6
0.113	2.815856827991516e6
0.1135	2.8283148598141195e6
0.114	2.84077286931423e6
0.1145	2.853230856388503e6
0.115	2.8656888209334626e6
0.1155	2.878146762845555e6
0.116	2.890604682021102e6
0.1165	2.9030625783563275e6
0.117	2.9155204517473457e6
0.11750000000000001	2.9279783020901717e6
0.11800000000000001	2.9404361292807143e6
0.11850000000000001	2.9528939332147646e6
0.11900000000000001	2.965351713788027e6
0.11950000000000001	2.977809470896075e6
0.12	2.990267204434391e6
0.1205	3.002724914309627e6
0.121	3.0151826005212716e6
0.1215	3.027640262988829e6
0.122	3.0400979016051902e6
0.1225	3.052555516261992e6
0.123	3.06501310684963e6
0.1235	3.0774706732572517e6
0.124	3.089928215372771e6
0.1245	3.102385733082535e6
0.125	3.1148432262712605e6
0.1255	3.1273006948231095e6
0.126	3.1397581386210443e6
0.1265	3.1522155575467725e6
0.127	3.1646729514807733e6
0.1275	3.177130320302284e6
0.128	3.189587663889322e6
0.1285	3.2020449821186573e6
0.129	3.214502274865816e6
0.1295	3.226959542005092e6
0.13	3.2394167834095503e6
0.1305	3.251873998951019e6
0.131	3.26433118850007e6
0.1315	3.2767883519260613e6
0.132	3.289245489097098e6
0.1325	3.3017025998800537e6
0.133	3.314159684140559e6
0.1335	3.3266167417430207e6
0.134	3.339073772550639e6
0.1345	3.3515307764335754e6
0.135	3.363987753258384e6
0.1355	3.376444702884312e6
0.136	3.388901625169273e6
0.1365	3.401358519969813e6
0.137	3.4138153871411397e6
0.1375	3.426272226537095e6
0.138	3.4387290380104794e6
0.1385	3.451185821413344e6
0.139	3.463642576595516e6
0.1395	3.4760993034053994e6
0.14	3.4885560016900403e6
0.1405	3.5010126712951087e6
0.14100000000000001	3.5134693120649117e6
0.14150000000000001	3.5259259238424045e6
0.14200000000000002	3.5383825064691594e6
0.14250000000000002	3.550839059785385e6
0.14300000000000002	3.563295583629928e6
0.14350000000000002	3.5757520778402695e6
0.14400000000000002	3.5882085422525275e6
0.1445	3.600664976701437e6
0.145	3.613121381020388e6
0.1455	3.625577755041386e6
0.146	3.6380340985950744e6
0.1465	3.650490411510733e6
0.147	3.6629466936162673e6
0.1475	3.675402944738226e6
0.148	3.6878591647112635e6
0.1485	3.700315353381519e6
0.149	3.7127715105720316e6
0.1495	3.7252276361032673e6
0.15	3.7376837297940706e6
0.1505	3.75013979146164e6
0.151	3.7625958209215356e6
0.1515	3.7750518179928893e6
0.152	3.7875077825068748e6
0.1525	3.7999637142756646e6
0.153	3.8124196131078447e6
0.1535	3.82487547881015e6
0.154	3.8373313111874764e6
0.1545	3.849787110042869e6
0.155	3.862242875177524e6
0.1555	3.874698606390798e6
0.156	3.887154303480191e6
0.1565	3.8996099662413527e6
0.157	3.9120655944681084e6
0.1575	3.924521187952404e6
0.158	3.9369767464843527e6
0.1585	3.949432269852223e6
0.159	3.96188775784242e6
0.1595	3.974343210239519e6
0.16	3.986798626826225e6
0.1605	3.9992540073834057e6
0.161	4.011709351690078e6
0.1615	4.024164659531006e6
0.162	4.036619930746527e6
0.1625	4.0490751651243796e6
0.163	4.0615303624348193e6
0.1635	4.0739855224455483e6
0.164	4.0864406449217126e6
0.1645	4.09889572962591e6
0.165	4.1113507763223504e6
0.1655	4.1238057847860577e6
0.166	4.1362607547736885e6
0.1665	4.148715686037213e6
0.167	4.161170578325855e6
0.1675	4.173625431386079e6
0.168	4.186080244961616e6
0.1685	4.198535018793419e6
0.169	4.210989752619716e6
0.1695	4.2234444461759655e6
0.17	4.235899099194893e6
0.1705	4.248353711406462e6
0.171	4.26080828253788e6
0.1715	4.273262812313616e6
0.17200000000000001	4.285717300455382e6
0.17250000000000001	4.298171746682127e6
0.17300000000000001	4.310626150710074e6
0.17350000000000002	4.32308051225267e6
0.17400000000000002	4.33553483102062e6
0.17450000000000002	4.347989106721874e6
0.17500000000000002	4.360443339061584e6
0.17550000000000002	4.372897527722217e6
0.176	4.385351672387204e6
0.1765	4.39780577275395e6
0.177	4.410259828517392e6
0.1775	4.422713839370003e6
0.178	4.435167805001795e6
0.1785	4.447621725121946e6
0.179	4.460075599507941e6
0.1795	4.472529427851837e6
0.18	4.484983209831672e6
0.1805	4.4974369451219905e6
0.181	4.509890633393835e6
0.1815	4.522344274314763e6
0.182	4.534797867548821e6
0.1825	4.547251412756576e6
0.183	4.559704909595085e6
0.1835	4.572158357717903e6
0.184	4.5846117567751035e6
0.1845	4.597065106413244e6
0.185	4.609518406275372e6
0.1855	4.621971656001058e6
0.186	4.634424855226334e6
0.1865	4.646878003583757e6
0.187	4.659331100702371e6
0.1875	4.671784146207699e6
0.188	4.684237139721765e6
0.1885	4.696690080863058e6
0.189	4.709142969070787e6
0.1895	4.721595803361956e6
0.19	4.73404858330323e6
0.1905	4.7465013085132865e6
0.191	4.7589539786138665e6
0.1915	4.771406593229714e6
0.192	4.783859151787996e6
0.1925	4.796311653169379e6
0.193	4.808764096945216e6
0.1935	4.821216482770123e6
0.194	4.833668810310184e6
0.1945	4.846121079243011e6
0.195	4.858573289257694e6
0.1955	4.871025440054854e6
0.196	4.883477531346611e6
0.1965	4.895929562856583e6
0.197	4.908381534319926e6
0.1975	4.920833445483295e6
0.198	4.933285296104871e6
0.1985	4.945737085954357e6
0.199	4.958188814812966e6
0.1995	4.970640482473453e6
0.2	4.98309208874009e6
0.2005	4.995543633428686e6
0.201	5.00799511636658e6
0.2015	5.0204465373926405e6
0.202	5.032897896357284e6
0.2025	5.045349193231226e6
0.203	5.057800430916957e6
0.20350000000000001	5.070251610648909e6
0.20400000000000001	5.082702732261527e6
0.20450000000000002	5.095153795564715e6
0.20500000000000002	5.107604800343793e6
0.20550000000000002	5.120055746474072e6
0.20600000000000002	5.132506634000817e6
0.20650000000000002	5.144957462648714e6
0.20700000000000002	5.157408232096969e6
0.20750000000000002	5.169858941996661e6
0.20800000000000002	5.182309591970766e6
0.2085	5.194760181614215e6
0.209	5.207210710493898e6
0.2095	5.21966117814872e6
0.21	5.232111584089638e6
0.2105	5.24456192779969e6
0.211	5.257012208734062e6
0.2115	5.269462426320122e6
0.212	5.281912579957471e6
0.2125	5.294362669018023e6
0.213	5.306812692846016e6
0.2135	5.319262650758132e6
0.214	5.331712542043496e6
0.2145	5.344162365963787e6
0.215	5.356612121753314e6
0.2155	5.369061808619035e6
0.216	5.381511425740346e6
0.2165	5.393960970394944e6
0.217	5.406410437620621e6
0.2175	5.418859826438464e6
0.218	5.431309136035547e6
0.2185	5.443758365620294e6
0.219	5.456207514457211e6
0.2195	5.468656581861067e6
0.22	5.481105567104353e6
0.2205	5.493554469478518e6
0.221	5.506003288295302e6
0.2215	5.518452022886705e6
0.222	5.530900672604935e6
0.2225	5.54334923682239e6
0.223	5.555797714931592e6
0.2235	5.568246106345187e6
0.224	5.580694410495876e6
0.2245	5.593142626836405e6
0.225	5.605590754839506e6
0.2255	5.618038793997904e6
0.226	5.630486743824244e6
0.2265	5.642934603851094e6
0.227	5.655382373630902e6
0.2275	5.667830052735958e6
0.228	5.680277640758391e6
0.2285	5.692725137310131e6
0.229	5.705172542022887e6
0.2295	5.717619854548126e6
0.23	5.730067074597234e6
0.2305	5.7425142044784045e6
0.231	5.754961245452871e6
0.2315	5.7674081971953595e6
0.232	5.779855059367172e6
0.2325	5.792301831733893e6
0.233	5.804748514072085e6
0.2335	5.817195106000179e6
0.234	5.829641607120767e6
0.23450000000000001	5.842088017020993e6
0.23500000000000001	5.854534335272544e6
0.23550000000000001	5.866980561431693e6
0.23600000000000002	5.879426695039301e6
0.23650000000000002	5.891872735620866e6
0.23700000000000002	5.90431868268652e6
0.23750000000000002	5.91676453573109e6
0.23800000000000002	5.929210294234095e6
0.23850000000000002	5.941655957659774e6
0.23900000000000002	5.954101525457128e6
0.23950000000000002	5.96654699705994e6
0.24	5.978992371886808e6
0.2405	5.991437649341165e6
0.241	6.003882828811315e6
0.2415	6.016327909670475e6
0.242	6.028772891276781e6
0.2425	6.041217772973343e6
0.243	6.05366255408828e6
0.2435	6.066107233934516e6
0.244	6.07855181168832e6
0.2445	6.090996285558467e6
0.245	6.103440654573504e6
0.2455	6.115884918009163e6
0.246	6.128329075005835e6
0.2465	6.14077312472849e6
0.247	6.153217066445602e6
0.2475	6.165660899424071e6
0.248	6.178104622929207e6
0.2485	6.190548236224753e6
0.249	6.202991738572871e6
0.2495	6.215435129234173e6
0.25	6.227878407467713e6
0.2505	6.240321572531007e6
0.251	6.252764623680038e6
0.2515	6.2652075601692535e6
0.252	6.277650381251586e6
0.2525	6.290093086178468e6
0.253	6.302535674199812e6
0.2535	6.314978144564057e6
0.254	6.327420496518139e6
0.2545	6.339862729307526e6
0.255	6.352304842176218e6
0.2555	6.364746834366755e6
0.256	6.377188705120215e6
0.2565	6.389630453676254e6
0.257	6.402072079273063e6
0.2575	6.414513581147445e6
0.258	6.426954958552601e6
0.2585	6.439396210830883e6
0.259	6.451837337237871e6
0.2595	6.464278337275049e6
0.26	6.476719210314773e6
0.2605	6.489159955574995e6
0.261	6.5016005722676525e6
0.2615	6.514041059598717e6
0.262	6.526481416768143e6
0.2625	6.538921642969944e6
0.263	6.551361737392172e6
0.2635	6.563801699216944e6
0.264	6.576241527620422e6
0.2645	6.588681221772872e6
0.265	6.601120780838647e6
0.2655	6.613560203976208e6
0.266	6.625999490338124e6
0.2665	6.638438639071116e6
0.267	6.650877649316026e6
0.2675	6.663316520207862e6
0.268	6.675755250875799e6
0.2685	6.688193840443192e6
0.269	6.700632288027586e6
0.2695	6.713070592740735e6
0.27	6.7255087536886055e6
0.2705	6.7379467699714e6
0.271	6.7503846406835625e6
0.2715	6.762822364913719e6
0.272	6.775259941715751e6
0.2725	6.787697369847363e6
0.273	6.800134648197608e6
0.2735	6.812571775800176e6
0.274	6.825008751726963e6
0.2745	6.837445575048615e6
0.275	6.849882244834484e6
0.2755	6.862318760152677e6
0.276	6.874755120070019e6
0.2765	6.887191323652086e6
0.277	6.899627369963202e6
0.2775	6.912063258066412e6
0.278	6.924498987023529e6
0.2785	6.936934555895104e6
0.279	6.949369963740439e6
0.2795	6.961805209617594e6
0.28	6.974240292583369e6
0.2805	6.986675211693346e6
0.281	6.999109966001849e6
0.28150000000000003	7.011544554561978e6
0.28200000000000003	7.023978976425578e6
0.28250000000000003	7.036413230643294e6
0.28300000000000003	7.048847316264505e6
0.28350000000000003	7.061281232337382e6
0.28400000000000003	7.073714977908871e6
0.28450000000000003	7.08614855202468e6
0.28500000000000003	7.098581953729323e6
0.28550000000000003	7.111015182066104e6
0.28600000000000003	7.123448236103696e6
0.28650000000000003	7.13588111528886e6
0.28700000000000003	7.148313818846602e6
0.28750000000000003	7.160746345806468e6
0.28800000000000003	7.17317869519184e6
0.2885	7.1856108660199335e6
0.289	7.198042857301803e6
0.2895	7.210474668042346e6
0.29	7.222906297240306e6
0.2905	7.235337743888297e6
0.291	7.247769006972778e6
0.2915	7.260200085474097e6
0.292	7.272630978366465e6
0.2925	7.285061684617985e6
0.293	7.297492203190635e6
0.2935	7.309922533040296e6
0.294	7.322352673116749e6
0.2945	7.334782622363679e6
0.295	7.347212379718678e6
0.2955	7.359641944113252e6
0.296	7.372071314472841e6
0.2965	7.384500489716818e6
0.297	7.3969294687584555e6
0.2975	7.409358250504998e6
0.298	7.421786833857625e6
0.2985	7.434215217711454e6
0.299	7.446643400955575e6
0.2995	7.459071382470833e6
0.3	7.471499161118621e6
0.3005	7.48392673574143e6
0.301	7.496354104917067e6
0.3015	7.508781267427864e6
0.302	7.521208222133096e6
0.3025	7.533634967889041e6
0.303	7.546061503548964e6
0.3035	7.558487827963118e6
0.304	7.57091393997873e6
0.3045	7.583339838439997e6
0.305	7.595765522188086e6
0.3055	7.6081909900611285e6
0.306	7.620616240894216e6
0.3065	7.633041273519391e6
0.307	7.645466086765651e6
0.3075	7.657890679458907e6
0.308	7.670315050422052e6
0.3085	7.682739198474875e6
0.309	7.695163122434115e6
0.3095	7.707586821113408e6
0.31	7.72001029332332e6
0.3105	7.73243353787133e6
0.311	7.74485655356181e6
0.3115	7.757279339196045e6
0.312	7.769701893572201e6
0.3125	7.782124215485325e6
0.313	7.794546303865619e6
0.3135	7.806968158079139e6
0.314	7.819389776970244e6
0.3145	7.831811159306881e6
0.315	7.844232303871021e6
0.3155	7.856653209573385e6
0.316	7.869073875184574e6
0.3165	7.881494299431766e6
0.317	7.893914481030918e6
0.3175	7.906334418686708e6
0.318	7.918754111092599e6
0.3185	7.931173556930772e6
0.319	7.943592754872121e6
0.3195	7.956011703576275e6
0.32	7.968430401691553e6
0.3205	7.980848847854975e6
0.321	7.9932670406922335e6
0.3215	8.0056849788176995e6
0.322	8.018102660834386e6
0.3225	8.030520085333958e6
0.323	8.042937250896714e6
0.3235	8.055354156091553e6
0.324	8.067770799475987e6
0.3245	8.080187179596108e6
0.325	8.092603294986586e6
0.3255	8.105019144170633e6
0.326	8.1174347256600205e6
0.3265	8.129850036995917e6
0.327	8.142265074634677e6
0.3275	8.154679837021179e6
0.328	8.167094322672809e6
0.3285	8.179508530129991e6
0.329	8.191922457944648e6
0.3295	8.204336104665248e6
0.33	8.216749468527152e6
0.3305	8.229162547995548e6
0.331	8.24157534168663e6
0.3315	8.253987848234521e6
0.332	8.266400066291263e6
0.3325	8.278811994526836e6
0.333	8.291223631629182e6
0.3335	8.303634976304175e6
0.334	8.31604602727566e6
0.3345	8.328456783285479e6
0.335	8.340867243093426e6
0.3355	8.353277405477294e6
0.336	8.365687269232872e6
0.3365	8.378096833173932e6
0.337	8.390506096132258e6
0.3375	8.402915056957643e6
0.338	8.415323714517877e6
0.3385	8.427732067698775e6
0.339	8.440140115404155e6
0.3395	8.452547856560765e6
0.34	8.46495529056406e6
0.3405	8.477362416665986e6
0.341	8.489769233832175e6
0.3415	8.502175741039827e6
0.342	8.51458193727773e6
0.3425	8.526987821546245e6
0.343	8.539393392857298e6
0.3435	8.551798650234379e6
0.34400000000000003	8.564203592712527e6
0.34450000000000003	8.576608219338365e6
0.34500000000000003	8.589012529170042e6
0.34550000000000003	8.601416521277245e6
0.34600000000000003	8.61382019474121e6
0.34650000000000003	8.626223548654702e6
0.34700000000000003	8.638626582122007e6
0.34750000000000003	8.65102929425894e6
0.34800000000000003	8.663431684192814e6
0.34850000000000003	8.675833751062455e6
0.34900000000000003	8.688235494018184e6
0.34950000000000003	8.700636912221828e6
0.35000000000000003	8.713038004846668e6
0.35050000000000003	8.725438771077495e6
0.35100000000000003	8.737839210110545e6
0.35150000000000003	8.750239321153525e6
0.352	8.762639103425588e6
0.3525	8.775038556157341e6
0.353	8.7874376786412e6
0.3535	8.799836470467204e6
0.354	8.812234930958988e6
0.3545	8.824633059385298e6
0.355	8.837030855022477e6
0.3555	8.84942831715445e6
0.356	8.861825445072714e6
0.3565	8.874222238076353e6
0.357	8.88661869547199e6
0.3575	8.89901481657381e6
0.358	8.911410600703519e6
0.3585	8.923806047190394e6
0.359	8.936201155329008e6
0.3595	8.948595910442164e6
0.36	8.960990298979584e6
0.3605	8.973384317804873e6
0.361	8.985777963720998e6
0.3615	8.998171233471131e6
0.362	9.010564123739535e6
0.3625	9.022956631152391e6
0.363	9.035348752278727e6
0.3635	9.047740483631257e6
0.364	9.06013182166731e6
0.3645	9.072522762789706e6
0.365	9.084913303347668e6
0.3655	9.09730343963776e6
0.366	9.109693167904776e6
0.3665	9.122082484434417e6
0.367	9.134471385548186e6
0.3675	9.146859867342632e6
0.368	9.159247925859394e6
0.3685	9.171635557090675e6
0.369	9.184022756980222e6
0.3695	9.19640952142425e6
0.37	9.208795846272413e6
0.3705	9.221181727328716e6
0.371	9.233567160352495e6
0.3715	9.24595214105935e6
0.372	9.258336665122114e6
0.3725	9.27072072817176e6
0.373	9.283104325798385e6
0.3735	9.295487453552146e6
0.374	9.307870106944187e6
0.3745	9.320252281447602e6
0.375	9.332633972498354e6
0.3755	9.345015175496228e6
0.376	9.357395885805737e6
0.3765	9.36977609875708e6
0.377	9.382155809647037e6
0.3775	9.394535013739899e6
0.378	9.40691370626839e6
0.3785	9.419291882299282e6
0.379	9.431669537276097e6
0.3795	9.444046666210331e6
0.38	9.456423264563015e6
0.3805	9.468799327642193e6
0.381	9.481174850502085e6
0.3815	9.493549828166755e6
0.382	9.505924255630992e6
0.3825	9.518298127861176e6
0.383	9.53067143979612e6
0.3835	9.543044186347913e6
0.384	9.555416362402758e6
0.3845	9.567787962821819e6
0.385	9.580158982442016e6
0.3855	9.592529416076858e6
0.386	9.604899258517211e6
0.3865	9.617268504532171e6
0.387	9.629637148869753e6
0.3875	9.642005186257735e6
0.388	9.654372611404393e6
0.3885	9.666739418999277e6
0.389	9.67910560371396e6
0.3895	9.691471160202755e6
0.39	9.703836083103474e6
0.3905	9.716200367038136e6
0.391	9.728564006613664e6
0.3915	9.74092699642262e6
0.392	9.753289331043858e6
0.3925	9.765651005043235e6
0.393	9.778012012951957e6
0.3935	9.790372349060187e6
0.394	9.802732007830465e6
0.3945	9.815090983788634e6
0.395	9.827449271453708e6
0.3955	9.839806865338419e6
0.396	9.852163759949869e6
0.3965	9.864519949790124e6
0.397	9.876875429356812e6
0.3975	9.88923019314367e6
0.398	9.901584235641154e6
0.3985	9.913937551336983e6
0.399	9.926290134716684e6
0.3995	9.938641980264127e6
0.4	9.950993082462085e6
0.4005	9.963343435792727e6
0.401	9.975693034738133e6
0.4015	9.988041873780819e6
0.402	1.0000389947404198e7
0.4025	1.0012737250093076e7
0.403	1.0025083776334139e7
0.4035	1.00374295206164e7
0.404	1.0049774477431651e7
0.4045	1.0062118641274929e7
0.405	1.007446200664493e7
0.4055	1.0086804568044448e7
0.406	1.0099146319980798e7
0.40650000000000003	1.011148725708745e7
0.40700000000000003	1.0123827374464814e7
0.40750000000000003	1.0136166666706018e7
0.40800000000000003	1.0148505128326887e7
0.40850000000000003	1.0160842753843205e7
0.40900000000000003	1.0173179537771098e7
0.40950000000000003	1.0185515474627383e7
0.41000000000000003	1.0197850558929933e7
0.41050000000000003	1.0210184785198016e7
0.41100000000000003	1.0222518147952635e7
0.41150000000000003	1.0234850641716858e7
0.41200000000000003	1.0247182261016129e7
0.41250000000000003	1.0259513000378605e7
0.41300000000000003	1.0271842854335414e7
0.41350000000000003	1.0284171817421027e7
0.41400000000000003	1.0296499884173468e7
0.41450000000000004	1.030882704913466e7
0.41500000000000004	1.0321153306850659e7
0.41550000000000004	1.0333478651871944e7
0.41600000000000004	1.0345803078753665e7
0.4165	1.0358126582055915e7
0.417	1.0370449156343954e7
0.4175	1.0382770796188466e7
0.418	1.0395091496165786e7
0.4185	1.0407411250858122e7
0.419	1.041973005485379e7
0.4195	1.0432047902747406e7
0.42	1.0444364789182773e7
0.4205	1.0456680708888337e7
0.421	1.0468995656484533e7
0.4215	1.0481309626590107e7
0.422	1.049362261382965e7
0.4225	1.0505934612833817e7
0.423	1.051824561823947e7
0.4235	1.053055562468984e7
0.424	1.0542864626834726e7
0.4245	1.0555172619330589e7
0.425	1.056747959684076e7
0.4255	1.0579785554035546e7
0.426	1.0592090485592375e7
0.4265	1.0604394386195948e7
0.427	1.0616697250538345e7
0.4275	1.0628999073319169e7
0.428	1.0641299849245632e7
0.4285	1.065359957303271e7
0.429	1.0665898239403231e7
0.4295	1.0678195843087962e7
0.43	1.0690492378825754e7
0.4305	1.0702787841363594e7
0.431	1.071508222545672e7
0.4315	1.0727375525868703e7
0.432	1.0739667737371525e7
0.4325	1.0751958854745667e7
0.433	1.0764248872780176e7
0.4335	1.0776537786917467e7
0.434	1.0788825593097499e7
0.4345	1.0801112286137193e7
0.435	1.0813397860825628e7
0.4355	1.0825682311945757e7
0.436	1.0837965634274445e7
0.4365	1.0850247822582498e7
0.437	1.0862528871634696e7
0.4375	1.0874808776189815e7
0.438	1.088708753100068e7
0.4385	1.0899365130814128e7
0.439	1.0911641570371062e7
0.4395	1.0923916844406433e7
0.44	1.0936190947649268e7
0.4405	1.0948463874822645e7
0.441	1.0960735620643696e7
0.4415	1.09730061798236e7
0.442	1.0985275547067564e7
0.4425	1.0997543717074811e7
0.443	1.1009810684538545e7
0.4435	1.1022076444145935e7
0.444	1.1034340990578072e7
0.4445	1.1046604318509968e7
0.445	1.1058866422610464e7
0.4455	1.1071127297542233e7
0.446	1.1083386937961707e7
0.4465	1.109564533851934e7
0.447	1.1107902494744476e7
0.4475	1.1120158402089918e7
0.448	1.1132413055166189e7
0.4485	1.114466644856299e7
0.449	1.1156918576849082e7
0.4495	1.1169169434572164e7
0.45	1.1181419016258726e7
0.4505	1.1193667316413982e7
0.451	1.1205914329521649e7
0.4515	1.121816005004389e7
0.452	1.1230404472421108e7
0.4525	1.12426475910718e7
0.453	1.1254889400392415e7
0.4535	1.1267129894757176e7
0.454	1.1279369068517892e7
0.4545	1.1291606916003799e7
0.455	1.130384343152135e7
0.4555	1.1316078609354049e7
0.456	1.1328312443762217e7
0.4565	1.134054492898281e7
0.457	1.1352776059229197e7
0.4575	1.1365005828690939e7
0.458	1.137723423153356e7
0.4585	1.1389461261898318e7
0.459	1.1401686913901962e7
0.4595	1.14139111816365e7
0.46	1.1426134058394177e7
0.4605	1.1438355529778037e7
0.461	1.1450575587557677e7
0.4615	1.146279422588964e7
0.462	1.1475011439004812e7
0.4625	1.1487227221208641e7
0.463	1.1499441566881431e7
0.4635	1.1511654470478574e7
0.464	1.1523865926530791e7
0.4645	1.1536075929644356e7
0.465	1.1548284474501306e7
0.4655	1.1560491555859638e7
0.466	1.1572697168553518e7
0.4665	1.1584901307493448e7
0.467	1.1597103967666434e7
0.4675	1.160930514413613e7
0.468	1.1621504832043014e7
0.4685	1.1633703026604485e7
0.46900000000000003	1.1645899723114999e7
0.46950000000000003	1.1658094916946176e7
0.47000000000000003	1.16702886035469e7
0.47050000000000003	1.1682480778443387e7
0.47100000000000003	1.169467143723927e7
0.47150000000000003	1.1706860575615646e7
0.47200000000000003	1.1719048189331146e7
0.47250000000000003	1.173123427422193e7
0.47300000000000003	1.1743418826218743e7
0.47350000000000003	1.175560184287883e7
0.47400000000000003	1.1767783321280021e7
0.47450000000000003	1.1779963257532202e7
0.47500000000000003	1.179214164779981e7
0.47550000000000003	1.1804318488301745e7
0.47600000000000003	1.181649377531136e7
0.47650000000000003	1.1828667505156405e7
0.47700000000000004	1.1840839674218953e7
0.47750000000000004	1.1853010278935354e7
0.47800000000000004	1.1865179315796167e7
0.47850000000000004	1.1877346781346109e7
0.47900000000000004	1.1889512672183944e7
0.47950000000000004	1.1901676984962445e7
0.48	1.1913839716388257e7
0.4805	1.1926000863221873e7
0.481	1.1938160422277473e7
0.4815	1.1950318390422877e7
0.482	1.1962474764579402e7
0.4825	1.1974629541721782e7
0.483	1.1986782718878035e7
0.4835	1.1998934293129332e7
0.484	1.201108426160992e7
0.4845	1.2023232621506937e7
0.485	1.2035379370060313e7
0.4855	1.2047524504562624e7
0.486	1.2059668022358937e7
0.4865	1.2071809921665143e7
0.487	1.2083950201064074e7
0.4875	1.20960888580393e7
0.488	1.2108225890101511e7
0.4885	1.2120361294796068e7
0.489	1.2132495069702845e7
0.4895	1.214462721243613e7
0.49	1.2156757720644513e7
0.4905	1.2168886592010725e7
0.491	1.2181013824251577e7
0.4915	1.2193139415117776e7
0.492	1.2205263362393865e7
0.4925	1.221738566389802e7
0.493	1.222950631748198e7
0.4935	1.2241625321030926e7
0.494	1.2253742672463285e7
0.4945	1.2265858369730681e7
0.495	1.2277972410817755e7
0.4955	1.229008479374203e7
0.496	1.230219551655381e7
0.4965	1.2314304577336013e7
0.497	1.232641197420406e7
0.4975	1.2338517705305707e7
0.498	1.2350621768820956e7
0.4985	1.2362724162961856e7
0.499	1.2374824885972423e7
0.4995	1.2386923936253661e7
0.5	1.239902131275781e7
0.5005000000000001	1.2411117013907168e7
0.501	1.2423211038055968e7
0.5015000000000001	1.2435303383582363e7
0.502	1.2447394048888285e7
0.5025000000000001	1.2459483032399362e7
0.503	1.2471570332564786e7
0.5035000000000001	1.2483655947857225e7
0.504	1.2495739877572892e7
0.5045000000000001	1.2507822118658e7
0.505	1.2519902670428716e7
0.5055000000000001	1.2531981531450452e7
0.506	1.2544058700311515e7
0.5065000000000001	1.2556134175622992e7
0.507	1.2568207956018656e7
0.5075000000000001	1.2580280040154839e7
0.508	1.2592350426710293e7
0.5085000000000001	1.2604419114386141e7
0.509	1.2616486101905689e7
0.5095000000000001	1.2628551388014382e7
0.51	1.2640614971479615e7
0.5105000000000001	1.26526768510907e7
0.511	1.2664737025658691e7
0.5115000000000001	1.2676795494016303e7
0.512	1.2688852255017778e7
0.5125	1.2700907307538787e7
0.513	1.2712960650777899e7
0.5135	1.27250122841422e7
0.514	1.2737062206567578e7
0.5145	1.274911041699728e7
0.515	1.2761156914388843e7
0.5155	1.277320169771398e7
0.516	1.2785244765958535e7
0.5165	1.2797286118122403e7
0.517	1.2809325753219433e7
0.5175	1.2821363670277365e7
0.518	1.2833399868337765e7
0.5185	1.2845434346455917e7
0.519	1.285746710370077e7
0.5195	1.2869498139154872e7
0.52	1.2881527451914262e7
0.5205	1.28935550410884e7
0.521	1.2905580905800156e7
0.5215	1.2917605045185613e7
0.522	1.2929627458394116e7
0.5225	1.2941648144588115e7
0.523	1.2953667102943128e7
0.5235	1.2965684332647668e7
0.524	1.2977699832903137e7
0.5245	1.2989713602923805e7
0.525	1.3001725641936682e7
0.5255	1.3013735949181477e7
0.526	1.3025744523910526e7
0.5265	1.3037751365550708e7
0.527	1.3049756473690875e7
0.5275	1.3061759847622756e7
0.528	1.307376148663866e7
0.5285	1.3085761390039243e7
0.529	1.3097759557133572e7
0.5295	1.3109755987239016e7
0.53	1.312175067968121e7
0.5305	1.3133743633794025e7
0.531	1.3145734848919487e7
0.5315	1.3157724324407753e7
0.532	1.3169712059617057e7
0.5325	1.3181698053913672e7
0.533	1.3193682306671832e7
0.5335	1.320566481727372e7
0.534	1.3217645585109426e7
0.5345	1.3229624609576838e7
0.535	1.3241601890081687e7
0.5355	1.3253577425916435e7
0.536	1.3265551216749629e7
0.5365	1.3277523261883527e7
0.537	1.328949356075458e7
0.5375	1.33014621128068e7
0.538	1.3313428917491727e7
0.5385	1.3325393974268371e7
0.539	1.3337357282603193e7
0.5395	1.3349318841970049e7
0.54	1.336127865189342e7
0.5405	1.3373236712372975e7
0.541	1.3385193023047032e7
0.5415	1.3397147583407236e7
0.542	1.3409100392946975e7
0.5425	1.3421051451161357e7
0.543	1.3433000757547237e7
0.5435	1.3444948311603134e7
0.544	1.3456894112829298e7
0.5445	1.3468838160727622e7
0.545	1.34807804548017e7
0.5455	1.349272099455676e7
0.546	1.350465977949969e7
0.5465	1.3516596809139008e7
0.547	1.3528532082984846e7
0.5475	1.3540465600548942e7
0.548	1.355239736134465e7
0.5485	1.35643273648869e7
0.549	1.357625561069219e7
0.5495	1.3588182098278586e7
0.55	1.360010682716571e7
0.5505	1.3612029796874717e7
0.551	1.362395100692829e7
0.5515	1.3635870456850635e7
0.552	1.3647788146167459e7
0.5525	1.3659704074405948e7
0.553	1.3671618241094803e7
0.5535	1.3683530645764163e7
0.554	1.3695441287967691e7
0.5545	1.370735016740154e7
0.555	1.3719257283631524e7
0.5555	1.373116263619001e7
0.556	1.3743066224609138e7
0.5565	1.3754968048420828e7
0.557	1.3766868107156765e7
0.5575	1.3778766400348403e7
0.558	1.3790662927526956e7
0.5585	1.3802557688223403e7
0.559	1.3814450681968495e7
0.5595	1.3826341908292713e7
0.56	1.3838231366726305e7
0.5605	1.3850119056799276e7
0.561	1.3862004978041358e7
0.5615	1.3873889129982041e7
0.562	1.388577151215056e7
0.5625	1.3897652124075854e7
0.5630000000000001	1.390953096528664e7
0.5635	1.3921408035311326e7
0.5640000000000001	1.3933283333678076e7
0.5645	1.3945156859914757e7
0.5650000000000001	1.3957028613548962e7
0.5655	1.3968898594108002e7
0.5660000000000001	1.3980766801118903e7
0.5665	1.3992633234108385e7
0.5670000000000001	1.4004497892602894e7
0.5675	1.401636077612856e7
0.5680000000000001	1.4028221884205349e7
0.5685	1.4040081215972695e7
0.5690000000000001	1.4051938770726852e7
0.5695	1.4063794548001107e7
0.5700000000000001	1.407564854733301e7
0.5705	1.4087500768264329e7
0.5710000000000001	1.4099351210341055e7
0.5715	1.4111199873113334e7
0.5720000000000001	1.412304675613549e7
0.5725	1.4134891858965956e7
0.5730000000000001	1.4146735181167299e7
0.5735	1.4158576722306143e7
0.5740000000000001	1.4170416481953185e7
0.5745	1.418225445968317e7
0.5750000000000001	1.4194090655074831e7
0.5755	1.4205925067710912e7
0.5760000000000001	1.4217757697178114e7
0.5765	1.422958854306709e7
0.577	1.4241417604972413e7
0.5775	1.4253244882492548e7
0.578	1.426507037522984e7
0.5785	1.4276894082790498e7
0.579	1.4288716004784554e7
0.5795	1.4300536140825855e7
0.58	1.4312354490532015e7
0.5805	1.432417105352446e7
0.581	1.4335985829428319e7
0.5815	1.4347798817872463e7
0.582	1.4359610018489458e7
0.5825	1.4371419431009836e7
0.583	1.4383227055763965e7
0.5835	1.439503289252719e7
0.584	1.4406836940932496e7
0.5845	1.4418639200609896e7
0.585	1.4430439671186429e7
0.5855	1.4442238352286147e7
0.586	1.4454035243530147e7
0.5865	1.446583034453659e7
0.587	1.4477623654920675e7
0.5875	1.4489415174294662e7
0.588	1.4501204902267883e7
0.5885	1.4512992838446759e7
0.589	1.452477898243478e7
0.5895	1.4536563333832532e7
0.59	1.454834589223769e7
0.5905	1.4560126657245059e7
0.591	1.4571905628446532e7
0.5915	1.4583682805431122e7
0.592	1.459545818778497e7
0.5925	1.460723177509135e7
0.593	1.4619003566930668e7
0.5935	1.4630773562880473e7
0.594	1.4642541762515455e7
0.5945	1.4654308165407471e7
0.595	1.4666072771125523e7
0.5955	1.4677835579235785e7
0.596	1.46895965893016e7
0.5965	1.4701355800206073e7
0.597	1.4713113214279247e7
0.5975	1.472486884145855e7
0.598	1.4736622684053475e7
0.5985	1.474837474140797e7
0.599	1.476012501275595e7
0.5995	1.4771873700521834e7
0.6	1.4783621048686404e7
0.6005	1.4795368495430356e7
0.601	1.4807114315210998e7
0.6015	1.4818859132374378e7
0.602	1.4830602947388351e7
0.6025	1.4842345760608723e7
0.603	1.4854087572279172e7
0.6035	1.4865828382531222e7
0.604	1.4877568191384118e7
0.6045	1.4889306998744655e7
0.605	1.4901044804407004e7
0.6055	1.4912781608052455e7
0.606	1.492451740924913e7
0.6065	1.4936252207451655e7
0.607	1.4947986002000751e7
0.6075	1.495971879212285e7
0.608	1.4971450576929606e7
0.6085	1.4983181355417367e7
0.609	1.4994911126466608e7
0.6095	1.5006639888841342e7
0.61	1.5018367641188415e7
0.6105	1.5030094382036831e7
0.611	1.5041820109796962e7
0.6115	1.5053544822758777e7
0.612	1.5065268512643939e7
0.6125	1.507699117139054e7
0.613	1.5088712797028791e7
0.6135	1.5100433387554709e7
0.614	1.5112152940929854e7
0.6145	1.5123871455081085e7
0.615	1.513558892790026e7
0.6155	1.5147305357243966e7
0.616	1.5159020740933267e7
0.6165	1.5170735076753374e7
0.617	1.5182448362453392e7
0.6175	1.519416059574597e7
0.618	1.5205871774307061e7
0.6185	1.5217581895775577e7
0.619	1.5229290957753068e7
0.6195	1.5240998957803426e7
0.62	1.5252705893452523e7
0.6205	1.5264411762187922e7
0.621	1.5276116561458496e7
0.6215	1.5287820288674105e7
0.622	1.5299522941205239e7
0.6225	1.531122451638265e7
0.623	1.532292501149699e7
0.6235	1.5334624423798457e7
0.624	1.534632275049637e7
0.6245	1.535801998875883e7
0.625	1.5369716135712285e7
0.6255000000000001	1.5381411188441167e7
0.626	1.539310514365212e7
0.6265000000000001	1.5404797993521398e7
0.627	1.5416489733447544e7
0.6275000000000001	1.542818036041197e7
0.628	1.5439869871403754e7
0.6285000000000001	1.5451558263419772e7
0.629	1.5463245533464866e7
0.6295000000000001	1.5474931678552005e7
0.63	1.5486616695702428e7
0.6305000000000001	1.5498300581945825e7
0.631	1.5509983334320478e7
0.6315000000000001	1.5521664949873446e7
0.632	1.5533345425660685e7
0.6325000000000001	1.5545024758747261e7
0.633	1.5556702946207486e7
0.6335000000000001	1.5568379985125087e7
0.634	1.5580055872593364e7
0.6345000000000001	1.5591730605715375e7
0.635	1.5603404181604091e7
0.6355000000000001	1.5615076597382542e7
0.636	1.5626747850184027e7
0.6365000000000001	1.5638417937152267e7
0.637	1.565008685544155e7
0.6375000000000001	1.5661754602216933e7
0.638	1.5673421174654393e7
0.6385000000000001	1.5685086569941022e7
0.639	1.5696750785275169e7
0.6395000000000001	1.5708413817866618e7
0.64	1.5720075664673792e7
0.6405	1.5731736321572622e7
0.641	1.574339578562482e7
0.6415	1.5755054054112108e7
0.642	1.576671112434349e7
0.6425	1.5778366993655557e7
0.643	1.5790021659412824e7
0.6435	1.580167511900804e7
0.644	1.5813327369862525e7
0.6445	1.5824978409426464e7
0.645	1.5836628235179262e7
0.6455	1.5848276844629815e7
0.646	1.5859924235316869e7
0.6465	1.587157040480929e7
0.647	1.5883215350706436e7
0.6475	1.58948590706384e7
0.648	1.590650156226637e7
0.6485	1.5918142823282901e7
0.649	1.592978285141226e7
0.6495	1.5941421644410694e7
0.65	1.5953059200066736e7
0.6505	1.5964695516201539e7
0.651	1.5976330590669114e7
0.6515	1.5987964421356685e7
0.652	1.5999597006184936e7
0.6525	1.6011228343108328e7
0.653	1.6022858430115376e7
0.6535	1.60344872651965e7
0.654	1.6046114846240086e7
0.6545	1.6057741171315638e7
0.655	1.6069366238554114e7
0.6555	1.6080990046123885e7
0.656	1.6092612592231015e7
0.6565	1.6104233875119502e7
0.657	1.6115853893071596e7
0.6575	1.6127472644408055e7
0.658	1.6139090127488425e7
0.6585	1.6150706340711262e7
0.659	1.6162321282514447e7
0.6595	1.6173934951375432e7
0.66	1.618554734581144e7
0.6605	1.6197158464379773e7
0.661	1.6208768305678036e7
0.6615	1.6220376868344365e7
0.662	1.623198415105766e7
0.6625	1.6243590152537836e7
0.663	1.6255194871546041e7
0.6635	1.6266798306884844e7
0.664	1.6278400457398491e7
0.6645	1.6290001321973085e7
0.665	1.6301600899536831e7
0.6655	1.6313199189060166e7
0.666	1.6324796189556034e7
0.6665	1.633639190008146e7
0.667	1.6347986320124555e7
0.6675	1.635957944912839e7
0.668	1.637117128626892e7
0.6685	1.6382761830759328e7
0.669	1.6394351081850162e7
0.6695	1.640593903882951e7
0.67	1.6417525701023092e7
0.6705	1.6429111067794416e7
0.671	1.644069513854487e7
0.6715	1.6452277912713882e7
0.672	1.6463859389779022e7
0.6725	1.6475439569256077e7
0.673	1.6487018450699208e7
0.6735	1.6498596033701029e7
0.674	1.6510172317892704e7
0.6745	1.6521747302944032e7
0.675	1.6533320988563556e7
0.6755	1.6544893374498632e7
0.676	1.6556464460535506e7
0.6765	1.6568034246499397e7
0.677	1.6579602732254576e7
0.6775	1.6591169917704385e7
0.678	1.6602735802791366e7
0.6785	1.6614300387497244e7
0.679	1.6625863671843056e7
0.6795	1.663742565588911e7
0.68	1.6648986340296827e7
0.6805	1.6660545726107745e7
0.681	1.6672103813495187e7
0.6815	1.668366060264642e7
0.682	1.6695216093775107e7
0.6825	1.6706770287121268e7
0.683	1.6718323182951348e7
0.6835	1.6729874781558163e7
0.684	1.674142508326097e7
0.6845	1.675297408840543e7
0.685	1.6764521797363626e7
0.6855	1.6776068210534068e7
0.686	1.6787613328341696e7
0.6865	1.679915715123785e7
0.687	1.6810699679700304e7
0.6875	1.6822240914233226e7
0.6880000000000001	1.683378085536719e7
0.6885	1.684531950365915e7
0.6890000000000001	1.685685685969244e7
0.6895	1.6868392924076732e7
0.6900000000000001	1.6879927697448056e7
0.6905	1.6891461180468746e7
0.6910000000000001	1.6902993373827428e7
0.6915	1.6914524278239e7
0.6920000000000001	1.6926053894444615e7
0.6925	1.6937582223211613e7
0.6930000000000001	1.6949109265880454e7
0.6935	1.69606350246716e7
0.6940000000000001	1.6972159500479203e7
0.6945	1.6983682694134623e7
0.6950000000000001	1.6995204606477536e7
0.6955	1.70067252383559e7
0.6960000000000001	1.7018244590625968e7
0.6965	1.7029762664152242e7
0.6970000000000001	1.7041279459807504e7
0.6975	1.7052794978472766e7
0.6980000000000001	1.706430922103727e7
0.6985	1.7075822188398473e7
0.6990000000000001	1.7087333881462038e7
0.6995	1.7098844301141813e7
0.7000000000000001	1.7110353448359825e7
0.7005	1.7121861324046243e7
0.7010000000000001	1.7133367929139398e7
0.7015	1.7144873264585737e7
0.7020000000000001	1.715637733133983e7
0.7025	1.716788013036433e7
0.7030000000000001	1.717938166262999e7
0.7035	1.719088192911562e7
0.704	1.720238093080808e7
0.7045	1.7213878668702263e7
0.705	1.7225375143801086e7
0.7055	1.723687035711546e7
0.706	1.724836430961818e7
0.7065	1.7259857002070498e7
0.707	1.727134843546786e7
0.7075	1.728283861085943e7
0.708	1.7294327529305346e7
0.7085	1.73058151918767e7
0.709	1.731730159965555e7
0.7095	1.732878675373485e7
0.71	1.7340270655218437e7
0.7105	1.735175330522101e7
0.711	1.7363234704868127e7
0.7115	1.7374714855296127e7
0.712	1.7386193757652126e7
0.7125	1.739767141309403e7
0.713	1.7409147822790425e7
0.7135	1.7420622987920642e7
0.714	1.7432096909674644e7
0.7145	1.7443569589253057e7
0.715	1.74550410278671e7
0.7155	1.74665112267386e7
0.716	1.7477980187099915e7
0.7165	1.7489447910193942e7
0.717	1.750091439727406e7
0.7175	1.7512379649604104e7
0.718	1.752384366845835e7
0.7185	1.7535306455121487e7
0.719	1.754676801092726e7
0.7195	1.7558228339440044e7
0.72	1.7569687443271253e7
0.7205	1.758114532369283e7
0.721	1.7592601981956143e7
0.7215	1.7604057419292085e7
0.722	1.761551163691109e7
0.7225	1.7626964636003237e7
0.723	1.763841641773822e7
0.7235	1.764986698326548e7
0.724	1.7661316333714183e7
0.7245	1.767276447019333e7
0.725	1.768421139379174e7
0.7255	1.7695657105578143e7
0.726	1.770710160660119e7
0.7265	1.7718544897889517e7
0.727	1.772998698045176e7
0.7275	1.7741427855276614e7
0.728	1.7752867523332864e7
0.7285	1.776430598556942e7
0.729	1.7775743242915343e7
0.7295	1.77871792962799e7
0.73	1.7798614146552548e7
0.7305	1.7810047794603053e7
0.731	1.7821480241281427e7
0.7315	1.7832911487417996e7
0.732	1.784434153382345e7
0.7325	1.785577038119214e7
0.733	1.7867198029867634e7
0.7335	1.7878624480556093e7
0.734	1.7890049734000143e7
0.7345	1.7901473790927693e7
0.735	1.7912896652051996e7
0.7355	1.792431831807165e7
0.736	1.7935738789670605e7
0.7365	1.794715806751819e7
0.737	1.79585761522691e7
0.7375	1.7969993044563457e7
0.738	1.7981408745026764e7
0.7385	1.799282325426995e7
0.739	1.8004236572889365e7
0.7395	1.801564870146682e7
0.74	1.802705964056954e7
0.7405	1.803846939075023e7
0.741	1.804987795254704e7
0.7415	1.80612853264836e7
0.742	1.807269151306901e7
0.7425	1.808409651279794e7
0.743	1.8095500326150276e7
0.7435	1.810690295359166e7
0.744	1.811830439557314e7
0.7445	1.8129704652531266e7
0.745	1.8141103724888068e7
0.7455	1.815250161305109e7
0.746	1.8163898316209447e7
0.7465	1.8175293833137628e7
0.747	1.8186688164225258e7
0.7475	1.819808130987975e7
0.748	1.8209473270517875e7
0.7485	1.8220864046565767e7
0.749	1.8232253638458937e7
0.7495	1.8243642046642236e7
0.75	1.825502927156989e7
0.7505000000000001	1.8266415313705467e7
0.751	1.8277800173521884e7
0.7515000000000001	1.8289183851501424e7
0.752	1.830056634813568e7
0.7525000000000001	1.8311947663925603e7
0.753	1.832332779938148e7
0.7535000000000001	1.8334706755022928e7
0.754	1.834608453137887e7
0.7545000000000001	1.8357461128987562e7
0.755	1.8368836548396572e7
0.7555000000000001	1.8380210790162764e7
0.756	1.8391583854852322e7
0.7565000000000001	1.8402955743040696e7
0.757	1.8414326455312632e7
0.7575000000000001	1.842569599226218e7
0.758	1.8437064354492612e7
0.7585000000000001	1.8448431542616513e7
0.759	1.8459797557320077e7
0.7595000000000001	1.8471162400514103e7
0.76	1.8482526073326096e7
0.7605000000000001	1.849388857637771e7
0.761	1.8505249910284285e7
0.7615000000000001	1.8516610075654868e7
0.762	1.8527969073092233e7
0.7625000000000001	1.8539326903192848e7
0.763	1.8550683566546887e7
0.7635000000000001	1.856203906373826e7
0.764	1.8573393395344585e7
0.7645000000000001	1.8584746561937213e7
0.765	1.8596098564081214e7
0.7655000000000001	1.8607449402335405e7
0.766	1.8618799077252325e7
0.7665000000000001	1.8630147589378253e7
0.767	1.8641494939253204e7
0.7675000000000001	1.865284112741095e7
0.768	1.866418615437899e7
0.7685	1.867553002067859e7
0.769	1.8686872726824753e7
0.7695	1.869821427332624e7
0.77	1.870955466068557e7
0.7705	1.8720893889399003e7
0.771	1.8732231959956586e7
0.7715	1.87435688728421e7
0.772	1.8754904628533117e7
0.7725	1.8766239227407668e7
0.773	1.8777572669462338e7
0.7735	1.878890495509654e7
0.774	1.880023608477374e7
0.7745	1.8811566058956422e7
0.775	1.8822894878106117e7
0.7755	1.8834222542683378e7
0.776	1.8845549053147793e7
0.7765	1.8856874409957994e7
0.777	1.8868198613571633e7
0.7775	1.887952166444541e7
0.778	1.8890843563035034e7
0.7785	1.890216430979526e7
0.779	1.891348390517988e7
0.7795	1.8924802349641696e7
0.78	1.893611964363256e7
0.7805	1.894743578760334e7
0.781	1.8958750782003958e7
0.7815	1.897006462728331e7
0.782	1.8981377323889382e7
0.7825	1.899268887226916e7
0.783	1.9003999272868644e7
0.7835	1.9015308526132885e7
0.784	1.9026616632505957e7
0.7845	1.903792359243095e7
0.785	1.904922940634998e7
0.7855	1.9060534074704193e7
0.786	1.9071837597933006e7
0.7865	1.9083139976474084e7
0.787	1.9094441210765615e7
0.7875	1.910574130124489e7
0.788	1.9117040248348232e7
0.7885	1.9128338052511025e7
0.789	1.9139634714167673e7
0.7895	1.915093023375162e7
0.79	1.916222461169538e7
0.7905	1.9173517848430466e7
0.791	1.9184809944387466e7
0.7915	1.9196100899995975e7
0.792	1.9207390715684667e7
0.7925	1.921867939188121e7
0.793	1.922996692901235e7
0.7935	1.9241253327503834e7
0.794	1.9252538587780472e7
0.7945	1.9263822710266095e7
0.795	1.927510569538358e7
0.7955	1.9286387543554828e7
0.796	1.929766825520079e7
0.7965	1.930894783074144e7
0.797	1.932022627059579e7
0.7975	1.933150357518187e7
0.798	1.9342779744916774e7
0.7985	1.93540547802166e7
0.799	1.9365328681496527e7
0.7995	1.937660144919866e7
0.8	1.9387873083759975e7
0.8005	1.9399143585592028e7
0.801	1.9410412955104977e7
0.8015	1.942168119270756e7
0.802	1.9432948298807133e7
0.8025	1.944421427380961e7
0.803	1.945547911811953e7
0.8035	1.9466742832140014e7
0.804	1.9478005416272763e7
0.8045	1.948926687091808e7
0.805	1.9500527196474865e7
0.8055	1.951178639334059e7
0.806	1.9523044461911343e7
0.8065	1.9534301402581774e7
0.807	1.9545557215745144e7
0.8075	1.9556811901793282e7
0.808	1.9568065461116623e7
0.8085	1.9579317894104186e7
0.809	1.9590569201143574e7
0.8095	1.9601819382620964e7
0.81	1.961306843892115e7
0.8105	1.962431637042748e7
0.811	1.9635563177521907e7
0.8115	1.9646808860584963e7
0.812	1.965805341999576e7
0.8125	1.9669296856128026e7
0.8130000000000001	1.968053916927692e7
0.8135	1.9691780359785955e7
0.8140000000000001	1.970302042803032e7
0.8145	1.9714259374384746e7
0.8150000000000001	1.9725497199223537e7
0.8155	1.973673390292056e7
0.8160000000000001	1.9747969485849235e7
0.8165	1.9759203944857668e7
0.8170000000000001	1.977043727606142e7
0.8175	1.9781669479784347e7
0.8180000000000001	1.9792900556406356e7
0.8185	1.9804130506295715e7
0.8190000000000001	1.9815359329820544e7
0.8195	1.982658702734877e7
0.8200000000000001	1.983781359924817e7
0.8205	1.984903904588633e7
0.8210000000000001	1.9860263367630683e7
0.8215	1.9871486564848475e7
0.8220000000000001	1.9882708637906786e7
0.8225	1.9893929587172523e7
0.8230000000000001	1.9905149413012434e7
0.8235	1.991636811579307e7
0.8240000000000001	1.9927585695880823e7
0.8245	1.9938802153641917e7
0.8250000000000001	1.9950017489442397e7
0.8255	1.9961231703648124e7
0.8260000000000001	1.99724447965969e7
0.8265	1.9983656768467274e7
0.8270000000000001	1.9994867619591855e7
0.8275	2.0006077350339953e7
0.8280000000000001	2.00172859610828e7
0.8285	2.002849345219353e7
0.8290000000000001	2.0039699824047193e7
0.8295	2.0050905077020764e7
0.8300000000000001	2.006210921149313e7
0.8305	2.007331222784508e7
0.8310000000000001	2.0084514126459338e7
0.8315	2.0095714907720502e7
0.8320000000000001	2.0106914572015136e7
0.8325	2.0118113119731657e7
0.833	2.012931055126044e7
0.8335	2.0140506866993744e7
0.834	2.015170206732574e7
0.8345	2.016289615265252e7
0.835	2.0174089123372074e7
0.8355	2.0185280979884297e7
0.836	2.019647172259099e7
0.8365	2.020766135189588e7
0.837	2.0218849868204575e7
0.8375	2.0230037271924604e7
0.838	2.024122356346538e7
0.8385	2.025240874323826e7
0.839	2.0263592811656445e7
0.8395	2.0274775769215338e7
0.84	2.0285957616583124e7
0.8405	2.0297138354193613e7
0.841	2.0308317982461218e7
0.8415	2.031949650179934e7
0.842	2.033067391262038e7
0.8425	2.0341850215335675e7
0.843	2.035302541035555e7
0.8435	2.03641994980893e7
0.844	2.03753724789452e7
0.8445	2.038654435333049e7
0.845	2.0397715121651378e7
0.8455	2.0408884784313057e7
0.846	2.042005334171969e7
0.8465	2.043122079427441e7
0.847	2.0442387142379314e7
0.8475	2.045355238643549e7
0.848	2.0464716526842985e7
0.8485	2.0475879564000826e7
0.849	2.0487041498307005e7
0.8495	2.04982023301585e7
0.85	2.0509362059951253e7
0.8505	2.052052068808017e7
0.851	2.0531678214939144e7
0.8515	2.0542834640921045e7
0.852	2.0553989966417685e7
0.8525	2.0565144191819906e7
0.853	2.0576297437782135e7
0.8535	2.0587449885034814e7
0.854	2.0598601501041044e7
0.8545	2.060975225047091e7
0.855	2.062090209862885e7
0.8555	2.063205101161485e7
0.856	2.0643198956493285e7
0.8565	2.065434590148013e7
0.857	2.066549181611723e7
0.8575	2.067663667147022e7
0.858	2.068778044031978e7
0.8585	2.069892309735427e7
0.859	2.0710064619358767e7
0.8595	2.0721204985397343e7
0.86	2.0732344176985025e7
0.8605	2.074348217824586e7
0.861	2.075461897605362e7
0.8615	2.076575456015198e7
0.862	2.0776888923251137e7
0.8625	2.0788022061098535e7
0.863	2.0799153972521868e7
0.8635	2.0810284659443237e7
0.864	2.0821414126864016e7
0.8645	2.083254238282104e7
0.865	2.0843669438314937e7
0.8655	2.0854795307212766e7
0.866	2.086592000610504e7
0.8665	2.0877043537627675e7
0.867	2.0888165935787108e7
0.8675	2.0899287246829335e7
0.868	2.0910407498812225e7
0.8685	2.092152670313821e7
0.869	2.0932644845877327e7
0.8695	2.094376188457595e7
0.87	2.095487782124517e7
0.8705	2.0965992708192002e7
0.871	2.0977106593209643e7
0.8715	2.098821946268331e7
0.872	2.099933122920162e7
0.8725	2.101044183974474e7
0.873	2.102155130099662e7
0.8735	2.1032659666300017e7
0.874	2.104376695314865e7
0.8745	2.1054873159742452e7
0.875	2.1065978277823284e7
0.8755000000000001	2.1077082309212036e7
0.876	2.108818526240662e7
0.8765000000000001	2.1099287141016178e7
0.877	2.1110387939586695e7
0.8775000000000001	2.1121487640583683e7
0.878	2.1132586248770617e7
0.8785000000000001	2.114368379999816e7
0.879	2.115478033601125e7
0.8795000000000001	2.1165875846797947e7
0.88	2.117697025770355e7
0.8805000000000001	2.118806351610779e7
0.881	2.119915563098584e7
0.8815000000000001	2.1210246665957265e7
0.882	2.12213366419532e7
0.8825000000000001	2.1232425548671126e7
0.883	2.124351335995424e7
0.8835000000000001	2.1254600073630735e7
0.884	2.1265685702819366e7
0.8845000000000001	2.127677025883093e7
0.885	2.1287853745950766e7
0.8855000000000001	2.129893616543701e7
0.886	2.131001751706149e7
0.8865000000000001	2.1321097798879787e7
0.887	2.1332177007079758e7
0.8875000000000001	2.1343255135865137e7
0.888	2.1354332178552162e7
0.8885000000000001	2.1365408125090066e7
0.889	2.137648295728015e7
0.8895000000000001	2.138755663333649e7
0.89	2.139862915467264e7
0.8905000000000001	2.1409700581341557e7
0.891	2.142077099997368e7
0.8915000000000001	2.143184041585157e7
0.892	2.1442908750280604e7
0.8925000000000001	2.1453975937004168e7
0.893	2.146504199273297e7
0.8935000000000001	2.1476107010222416e7
0.894	2.148717102373171e7
0.8945000000000001	2.1498234020280715e7
0.895	2.1509295952075575e7
0.8955000000000001	2.1520356803689964e7
0.896	2.1531416568248548e7
0.8965	2.1542475250161815e7
0.897	2.1553532872056857e7
0.8975	2.156458950092215e7
0.898	2.1575645152117454e7
0.8985	2.158669977873592e7
0.899	2.1597753259981304e7
0.8995	2.1608805562119886e7
0.9	2.161985673351159e7
0.9005	2.1630906837315194e7
0.901	2.1641955886641484e7
0.9015	2.1653003866502065e7
0.902	2.1664050769277725e7
0.9025	2.1675096595813375e7
0.903	2.1686141350382395e7
0.9035	2.169718503766206e7
0.904	2.1708227666757192e7
0.9045	2.171926924601238e7
0.905	2.173030977451982e7
0.9055	2.1741349241175797e7
0.906	2.1752387638232756e7
0.9065	2.1763424959726304e7
0.907	2.17744611945928e7
0.9075	2.1785496360225648e7
0.908	2.179653052402812e7
0.9085	2.180756375748674e7
0.909	2.181859603944399e7
0.9095	2.182962722514879e7
0.91	2.184065719719602e7
0.9105	2.1851685965964198e7
0.911	2.186271364722464e7
0.9115	2.1873740278894197e7
0.912	2.1884765846544284e7
0.9125	2.1895790314120308e7
0.913	2.1906813687341128e7
0.9135	2.1917836007610723e7
0.914	2.1928857298799206e7
0.9145	2.1939877553916004e7
0.915	2.195089673426018e7
0.9155	2.1961914828583315e7
0.916	2.1972931847847365e7
0.9165	2.1983947814867366e7
0.917	2.1994962742070798e7
0.9175	2.2005976649225e7
0.918	2.2016989543144226e7
0.9185	2.202800140724576e7
0.919	2.2039012189599205e7
0.9195	2.2050021869845435e7
0.92	2.2061030461453967e7
0.9205	2.207203799833146e7
0.921	2.2083044485894796e7
0.9215	2.209404990983098e7
0.922	2.2105054257293988e7
0.9225	2.21160575281785e7
0.923	2.2127059730685916e7
0.9235	2.213806087113089e7
0.924	2.214906095725458e7
0.9245	2.216005999811535e7
0.925	2.217105799217639e7
0.9255	2.2182054922188416e7
0.926	2.2193050774867922e7
0.9265	2.2204045555046275e7
0.927	2.2215039285933983e7
0.9275	2.222603197897327e7
0.928	2.2237023635163944e7
0.9285	2.2248014248460077e7
0.929	2.2259003817583047e7
0.9295	2.2269992342584256e7
0.93	2.228097982370339e7
0.9305	2.2291966260753933e7
0.931	2.23029516547328e7
0.9315	2.2313936003924e7
0.932	2.232491930256853e7
0.9325	2.2335901540660493e7
0.933	2.2346882715642363e7
0.9335	2.2357862832029525e7
0.934	2.2368841895716168e7
0.9345	2.237981990721096e7
0.935	2.2390796863208815e7
0.9355	2.240177276181757e7
0.936	2.241274760260402e7
0.9365	2.2423721385914795e7
0.937	2.243469411334878e7
0.9375	2.24456657840532e7
0.9380000000000001	2.2456636400739603e7
0.9385	2.2467605980691284e7
0.9390000000000001	2.2478574573579438e7
0.9395	2.2489542192594234e7
0.9400000000000001	2.2500508805687614e7
0.9405	2.251147432902829e7
0.9410000000000001	2.252243871439845e7
0.9415	2.253340200802504e7
0.9420000000000001	2.2544364256480798e7
0.9425	2.2555325463114116e7
0.9430000000000001	2.2566285632680234e7
0.9435	2.2577244760046337e7
0.9440000000000001	2.25882028501382e7
0.9445	2.2599159916159965e7
0.9450000000000001	2.2610115954071112e7
0.9455	2.262107093654608e7
0.9460000000000001	2.2632024826720215e7
0.9465	2.2642977631104548e7
0.9470000000000001	2.2653929418275435e7
0.9475	2.2664880215191267e7
0.9480000000000001	2.2675830019266497e7
0.9485	2.2686778774420347e7
0.9490000000000001	2.2697726454300422e7
0.9495	2.2708673074485198e7
0.9500000000000001	2.271961865849028e7
0.9505	2.2730563208740294e7
0.9510000000000001	2.274150671534201e7
0.9515	2.2752449172414504e7
0.9520000000000001	2.276339059349232e7
0.9525	2.2774331015385114e7
0.9530000000000001	2.27852704424436e7
0.9535	2.2796208849025883e7
0.9540000000000001	2.280714618094628e7
0.9545	2.2818082431003682e7
0.9550000000000001	2.2829017654706605e7
0.9555	2.2839951882443216e7
0.9560000000000001	2.2850885110818587e7
0.9565	2.2861817287168305e7
0.9570000000000001	2.2872748384246893e7
0.9575	2.2883678411164798e7
0.9580000000000001	2.289460738994684e7
0.9585	2.2905535331406597e7
0.9590000000000001	2.2916462247784846e7
0.9595	2.2927388145849574e7
0.96	2.293831302113e7
0.9605	2.2949236851270404e7
0.961	2.2960159627665665e7
0.9615	2.297108135934439e7
0.962	2.2982002066214506e7
0.9625	2.299292175401117e7
0.963	2.300384043338207e7
0.9635	2.3014758099647295e7
0.964	2.3025674706340875e7
0.9645	2.3036590106527444e7
0.965	2.304750425160147e7
0.9655	2.3058417313458234e7
0.966	2.3069329460651234e7
0.9665	2.308024076725942e7
0.967	2.3091151165258892e7
0.9675	2.3102060554576658e7
0.968	2.31129689073087e7
0.9685	2.3123876196923338e7
0.969	2.313478241562942e7
0.9695	2.3145687578693885e7
0.97	2.315659172509071e7
0.9705	2.3167494867986273e7
0.971	2.317839700481323e7
0.9715	2.3189298125966724e7
0.972	2.3200198223491967e7
0.9725	2.3211097279549398e7
0.973	2.322199528632698e7
0.9735	2.3232892250245094e7
0.974	2.324378819097449e7
0.9745	2.325468311620271e7
0.975	2.3265577026972994e7
0.9755	2.3276469920767613e7
0.976	2.3287361794705935e7
0.9765	2.3298252640263863e7
0.977	2.3309142453370366e7
0.9775	2.3320031243518382e7
0.978	2.3330919044238914e7
0.9785	2.33418058264933e7
0.979	2.3352691433279075e7
0.9795	2.336357568736204e7
0.98	2.3374458733782552e7
0.9805	2.33853409584215e7
0.981	2.3396222527263455e7
0.9815	2.3407103395136822e7
0.982	2.3417983265427627e7
0.9825	2.3428861996041816e7
0.983	2.343973958201366e7
0.9835	2.3450616103538863e7
0.984	2.346149158498516e7
0.9845	2.3472366057821337e7
0.985	2.3483239536481693e7
0.9855	2.349411200619035e7
0.986	2.3504983408726852e7
0.9865	2.35158537325629e7
0.987	2.352672301680854e7
0.9875	2.353759132252297e7
0.988	2.3548458655657236e7
0.9885	2.355932498077251e7
0.989	2.3570190262077723e7
0.9895	2.3581054478410196e7
0.99	2.3591917602960117e7
0.9905	2.360277964240472e7
0.991	2.361364064826062e7
0.9915	2.3624500690657806e7
0.992	2.363535978668501e7
0.9925	2.3646217915051956e7
0.993	2.3657075053509694e7
0.9935	2.3667931195659272e7
0.994	2.3678786341990884e7
0.9945	2.368964049013556e7
0.995	2.3700493636672307e7
0.9955	2.371134577792117e7
0.996	2.3722196905084535e7
0.9965	2.3733046995601032e7
0.997	2.374389603373911e7
0.9975	2.375474420840256e7
0.998	2.3765587862998284e7
0.9985	2.3776433016378094e7
0.999	2.3787278098508198e7
0.9995	2.3798122215860937e7