0.	-7.812086982059716e-6
0.0005	-7.80819936607245e-6
0.001	-7.804311692901248e-6
0.0015	-7.800423963535267e-6
0.002	-7.796536178963809e-6
0.0025	-7.792648140236042e-6
0.003	-7.788759998627122e-6
0.0035	-7.784871808462212e-6
0.004	-7.78098357278671e-6
0.0045000000000000005	-7.777095294646376e-6
0.005	-7.773206977087296e-6
0.0055	-7.769318623155869e-6
0.006	-7.765430235898781e-6
0.006500000000000001	-7.761541818362976e-6
0.007	-7.757653373595638e-6
0.0075	-7.75376490464416e-6
0.008	-7.749876414556133e-6
0.0085	-7.745987906379306e-6
0.009000000000000001	-7.742099383161573e-6
0.0095	-7.738210847950947e-6
0.01	-7.734322303795532e-6
0.0105	-7.730433753743508e-6
0.011	-7.726545200843094e-6
0.0115	-7.722656648142536e-6
0.012	-7.718768098690078e-6
0.0125	-7.714879555533937e-6
0.013000000000000001	-7.710991021722285e-6
0.0135	-7.707102500303214e-6
0.014	-7.703213994324724e-6
0.0145	-7.69932550683469e-6
0.015	-7.69543704088085e-6
0.0155	-7.69154859951045e-6
0.016	-7.68766028014848e-6
0.0165	-7.683772030512552e-6
0.017	-7.679883812728935e-6
0.0175	-7.675995628746641e-6
0.018000000000000002	-7.672107480514513e-6
0.0185	-7.668219369981219e-6
0.019	-7.664331299095235e-6
0.0195	-7.66044326980484e-6
0.02	-7.6565552840581e-6
0.0205	-7.65266734380287e-6
0.021	-7.64877945098677e-6
0.021500000000000002	-7.64489160755718e-6
0.022	-7.641003815461246e-6
0.0225	-7.637116076645838e-6
0.023	-7.633228393057572e-6
0.0235	-7.629340766642782e-6
0.024	-7.625453199347514e-6
0.0245	-7.621565693117522e-6
0.025	-7.617678249898247e-6
0.025500000000000002	-7.613790871634822e-6
0.026000000000000002	-7.609903560272048e-6
0.0265	-7.606016317754395e-6
0.027	-7.602129146025982e-6
0.0275	-7.59824204703058e-6
0.028	-7.59435502271159e-6
0.0285	-7.590468075012464e-6
0.029	-7.586581205874735e-6
0.029500000000000002	-7.5826945283356104e-6
0.03	-7.578808004769646e-6
0.0305	-7.574921563172516e-6
0.031	-7.571035203986137e-6
0.0315	-7.567148927652334e-6
0.032	-7.563262734612833e-6
0.0325	-7.559376625309266e-6
0.033	-7.555490600183176e-6
0.0335	-7.551604659676001e-6
0.034	-7.5477188042290875e-6
0.0345	-7.543833034283685e-6
0.035	-7.539947350280942e-6
0.035500000000000004	-7.536061752661913e-6
0.036000000000000004	-7.532176241867553e-6
0.0365	-7.528290818338719e-6
0.037	-7.524405482516165e-6
0.0375	-7.520520234840546e-6
0.038	-7.516635075752422e-6
0.0385	-7.512750005692245e-6
0.039	-7.508865025100371e-6
0.0395	-7.504980134417046e-6
0.04	-7.501095334082425e-6
0.0405	-7.497210624536552e-6
0.041	-7.493326006219368e-6
0.0415	-7.489441479570715e-6
0.042	-7.4855570450341955e-6
0.0425	-7.481672703041837e-6
0.043000000000000003	-7.477788738229617e-6
0.043500000000000004	-7.473905157940926e-6
0.044	-7.470021664448792e-6
0.0445	-7.466138253483125e-6
0.045	-7.462254920774746e-6
0.0455	-7.458371662055331e-6
0.046	-7.454488473057362e-6
0.0465	-7.450605349514097e-6
0.047	-7.4467222871595025e-6
0.0475	-7.44283928172822e-6
0.048	-7.438956328955513e-6
0.0485	-7.435073424577222e-6
0.049	-7.431190564329716e-6
0.0495	-7.427307743949852e-6
0.05	-7.423424959174917e-6
0.0505	-7.419542205742587e-6
0.051000000000000004	-7.4156594793908905e-6
0.051500000000000004	-7.411776775858138e-6
0.052000000000000005	-7.407894090882897e-6
0.0525	-7.404011420203936e-6
0.053	-7.4001287595601805e-6
0.0535	-7.396246104690658e-6
0.054	-7.392363451334467e-6
0.0545	-7.388480795230719e-6
0.055	-7.384598132117612e-6
0.0555	-7.380715457735571e-6
0.056	-7.3768327678229385e-6
0.0565	-7.372949885735239e-6
0.057	-7.369066675921233e-6
0.0575	-7.365183443081368e-6
0.058	-7.361300186846404e-6
0.0585	-7.3574169068470755e-6
0.059000000000000004	-7.353533602714098e-6
0.059500000000000004	-7.34965027407816e-6
0.06	-7.345766920569931e-6
0.0605	-7.341883541820055e-6
0.061	-7.338000137459152e-6
0.0615	-7.33411670711782e-6
0.062	-7.330233250426629e-6
0.0625	-7.3263497670161295e-6
0.063	-7.32246625651684e-6
0.0635	-7.3185827185592585e-6
0.064	-7.314699152773857e-6
0.0645	-7.3108155587910765e-6
0.065	-7.3069319362413376e-6
0.0655	-7.303048284755029e-6
0.066	-7.299164603962518e-6
0.0665	-7.2952808934941365e-6
0.067	-7.291397152980197e-6
0.0675	-7.287513382050974e-6
0.068	-7.283629580334516e-6
0.0685	-7.279745747465696e-6
0.069	-7.275861883072292e-6
0.0695	-7.2719779867844605e-6
0.07	-7.268094037392783e-6
0.07050000000000001	-7.264209987442509e-6
0.07100000000000001	-7.260325905381627e-6
0.07150000000000001	-7.256441791566018e-6
0.07200000000000001	-7.252557646351594e-6
0.0725	-7.248673470094295e-6
0.073	-7.244789263150094e-6
0.0735	-7.240905025874986e-6
0.074	-7.237020758625e-6
0.0745	-7.233136461756187e-6
0.075	-7.22925213562463e-6
0.0755	-7.225367780586438e-6
0.076	-7.2214833969977435e-6
0.0765	-7.217598985214711e-6
0.077	-7.213714545593525e-6
0.0775	-7.209830078490402e-6
0.078	-7.205945584261577e-6
0.0785	-7.202061063263316e-6
0.079	-7.19817651585191e-6
0.0795	-7.194291942383668e-6
0.08	-7.190407343214929e-6
0.0805	-7.1865227187020575e-6
0.081	-7.182638069199625e-6
0.0815	-7.1787533950676434e-6
0.082	-7.174868696660771e-6
0.0825	-7.170983974335463e-6
0.083	-7.167099228448197e-6
0.0835	-7.163214467837053e-6
0.084	-7.159329750414481e-6
0.0845	-7.155445009822472e-6
0.085	-7.151560245808412e-6
0.0855	-7.147675458119661e-6
0.08600000000000001	-7.143790646503571e-6
0.08650000000000001	-7.139905810707473e-6
0.08700000000000001	-7.136020950478685e-6
0.08750000000000001	-7.132136065564513e-6
0.088	-7.128251155712239e-6
0.0885	-7.124366220669133e-6
0.089	-7.120481260182448e-6
0.0895	-7.1165962739994245e-6
0.09	-7.112711261867278e-6
0.0905	-7.1088262235332136e-6
0.091	-7.104941158744419e-6
0.0915	-7.101056067248061e-6
0.092	-7.097170948791291e-6
0.0925	-7.093285803121246e-6
0.093	-7.089400629985041e-6
0.0935	-7.0855154291297715e-6
0.094	-7.081630200302525e-6
0.0945	-7.077744943250091e-6
0.095	-7.073859657720047e-6
0.0955	-7.069974343459159e-6
0.096	-7.066089000214429e-6
0.0965	-7.0622036277328474e-6
0.097	-7.0583182257613846e-6
0.0975	-7.054432847956081e-6
0.098	-7.050547439859032e-6
0.0985	-7.046662000631804e-6
0.099	-7.0427765295794896e-6
0.0995	-7.038891026007119e-6
0.1	-7.035005489219665e-6
0.1005	-7.031119918522045e-6
0.101	-7.027234313219112e-6
0.1015	-7.0233486726156605e-6
0.10200000000000001	-7.019462996016417e-6
0.10250000000000001	-7.015577282726046e-6
0.10300000000000001	-7.011691532049148e-6
0.10350000000000001	-7.007805743290255e-6
0.10400000000000001	-7.0039199157538325e-6
0.1045	-7.000034048744273e-6
0.105	-6.996148141565904e-6
0.1055	-6.9922621935229754e-6
0.106	-6.9883762039196695e-6
0.1065	-6.984490172060086e-6
0.107	-6.98060409724826e-6
0.1075	-6.976717978788439e-6
0.108	-6.972831815983913e-6
0.1085	-6.968945608138765e-6
0.109	-6.965059354556705e-6
0.1095	-6.961173054541368e-6
0.11	-6.957286707396303e-6
0.1105	-6.953400312424977e-6
0.111	-6.9495139167374466e-6
0.1115	-6.945627477555582e-6
0.112	-6.941740987627851e-6
0.1125	-6.937854445816561e-6
0.113	-6.933967850983882e-6
0.1135	-6.930081201991821e-6
0.114	-6.926194497702225e-6
0.1145	-6.922307736976784e-6
0.115	-6.918420918677022e-6
0.1155	-6.914534041664294e-6
0.116	-6.9106471047997805e-6
0.1165	-6.9067601069444904e-6
0.117	-6.902873046959257e-6
0.11750000000000001	-6.8989859237047215e-6
0.11800000000000001	-6.8950987360413495e-6
0.11850000000000001	-6.891211482829416e-6
0.11900000000000001	-6.887324162928999e-6
0.11950000000000001	-6.883436775199989e-6
0.12	-6.879549318502072e-6
0.1205	-6.875661791695244e-6
0.121	-6.871774193637791e-6
0.1215	-6.867886523189269e-6
0.122	-6.863998779208532e-6
0.1225	-6.86011096055423e-6
0.123	-6.856223066084785e-6
0.1235	-6.852335094658401e-6
0.124	-6.848447045133055e-6
0.1245	-6.844558915340969e-6
0.125	-6.840670704892858e-6
0.1255	-6.836782412937324e-6
0.126	-6.832894038342092e-6
0.1265	-6.82900557997465e-6
0.127	-6.825117036702242e-6
0.1275	-6.821228407391866e-6
0.128	-6.817339690910267e-6
0.1285	-6.8134508861239396e-6
0.129	-6.809561991899122e-6
0.1295	-6.8056730071017896e-6
0.13	-6.801783930597658e-6
0.1305	-6.797894761252171e-6
0.131	-6.794005497930508e-6
0.1315	-6.790116139497571e-6
0.132	-6.7862266848179875e-6
0.1325	-6.782337132756104e-6
0.133	-6.778447482175982e-6
0.1335	-6.774557731942523e-6
0.134	-6.7706678809170154e-6
0.1345	-6.766777927963722e-6
0.135	-6.762887871945531e-6
0.1355	-6.75899771172504e-6
0.136	-6.7551074461645396e-6
0.1365	-6.7512170741260145e-6
0.137	-6.747326594471139e-6
0.1375	-6.743436006061271e-6
0.138	-6.7395453088807525e-6
0.1385	-6.7356545011422725e-6
0.139	-6.7317635812087415e-6
0.1395	-6.727872547927058e-6
0.14	-6.723981400143794e-6
0.1405	-6.720090136705176e-6
0.14100000000000001	-6.7161987564570966e-6
0.14150000000000001	-6.712307258245097e-6
0.14200000000000002	-6.708415640914373e-6
0.14250000000000002	-6.704523903309768e-6
0.14300000000000002	-6.700632044275771e-6
0.14350000000000002	-6.6967400626565094e-6
0.14400000000000002	-6.692847957295751e-6
0.1445	-6.6889557270368974e-6
0.145	-6.685063370722981e-6
0.1455	-6.6811708871966595e-6
0.146	-6.677278275300217e-6
0.1465	-6.673385533875557e-6
0.147	-6.669492661764149e-6
0.1475	-6.665599657807222e-6
0.148	-6.661706520845473e-6
0.1485	-6.657813249719251e-6
0.149	-6.65391984326851e-6
0.1495	-6.6500263003327975e-6
0.15	-6.6461326197512586e-6
0.1505	-6.642238800362638e-6
0.151	-6.638344841005258e-6
0.1515	-6.634450761039194e-6
0.152	-6.630556550508065e-6
0.1525	-6.626662196089955e-6
0.153	-6.622767696355504e-6
0.1535	-6.61887304987481e-6
0.154	-6.614978255217445e-6
0.1545	-6.6110833109524385e-6
0.155	-6.6071882156482675e-6
0.1555	-6.603292967872865e-6
0.156	-6.5993975661936035e-6
0.1565	-6.595502009177288e-6
0.157	-6.591606295390165e-6
0.1575	-6.587710423397901e-6
0.158	-6.583814391765587e-6
0.1585	-6.579918199057729e-6
0.159	-6.5760218438382415e-6
0.1595	-6.572125324670446e-6
0.16	-6.5682286401171665e-6
0.1605	-6.56433178874032e-6
0.161	-6.560434769101509e-6
0.1615	-6.556537579761621e-6
0.162	-6.552640219280919e-6
0.1625	-6.548742686219047e-6
0.163	-6.544844979135007e-6
0.1635	-6.54094709658717e-6
0.164	-6.537049037133253e-6
0.1645	-6.533150799330338e-6
0.165	-6.529252399387909e-6
0.1655	-6.525353830129979e-6
0.166	-6.5214550778050325e-6
0.1665	-6.517556140723068e-6
0.167	-6.513657017193286e-6
0.1675	-6.509757705524082e-6
0.168	-6.505858204023047e-6
0.1685	-6.501958510996952e-6
0.169	-6.498058624751743e-6
0.1695	-6.494158543592535e-6
0.17	-6.490258265823599e-6
0.1705	-6.486357789748366e-6
0.171	-6.482457113669406e-6
0.1715	-6.47855623588843e-6
0.17200000000000001	-6.474655154706273e-6
0.17250000000000001	-6.470753868422897e-6
0.17300000000000001	-6.466852375340307e-6
0.17350000000000002	-6.4629506737509226e-6
0.17400000000000002	-6.4590487619548345e-6
0.17450000000000002	-6.455146638248416e-6
0.17500000000000002	-6.4512443009271245e-6
0.17550000000000002	-6.447341748285488e-6
0.176	-6.443438978617111e-6
0.1765	-6.439535990214654e-6
0.177	-6.435632781369831e-6
0.1775	-6.431729350373402e-6
0.178	-6.4278256955151665e-6
0.1785	-6.4239219072056244e-6
0.179	-6.4200179552107456e-6
0.1795	-6.416113772195656e-6
0.18	-6.412209355155543e-6
0.1805	-6.408304701083813e-6
0.181	-6.4043998069720546e-6
0.1815	-6.40049466981002e-6
0.182	-6.396589286585603e-6
0.1825	-6.392683654284815e-6
0.183	-6.388777769891762e-6
0.1835	-6.384871630388611e-6
0.184	-6.380965232755583e-6
0.1845	-6.3770585739709165e-6
0.185	-6.373151651010844e-6
0.1855	-6.36924446084958e-6
0.186	-6.365337000463403e-6
0.1865	-6.361429266814297e-6
0.187	-6.357521256874188e-6
0.1875	-6.353612967608934e-6
0.188	-6.349704395982246e-6
0.1885	-6.345795538955664e-6
0.189	-6.3418863934885266e-6
0.1895	-6.337976956537958e-6
0.19	-6.3340672250588375e-6
0.1905	-6.330157196003773e-6
0.191	-6.326246866323076e-6
0.1915	-6.322336232964745e-6
0.192	-6.3184244891819754e-6
0.1925	-6.314511961262399e-6
0.193	-6.310599137486311e-6
0.1935	-6.306686025440681e-6
0.194	-6.302772632718095e-6
0.1945	-6.298858966916608e-6
0.195	-6.294945035639603e-6
0.1955	-6.291030846495643e-6
0.196	-6.287116407098321e-6
0.1965	-6.283201725066124e-6
0.197	-6.279286808022273e-6
0.1975	-6.275371663594591e-6
0.198	-6.271456299415341e-6
0.1985	-6.2675407231210894e-6
0.199	-6.2636249423525534e-6
0.1995	-6.2597089647746306e-6
0.2	-6.255792797995139e-6
0.2005	-6.251876449686737e-6
0.201	-6.247959927505289e-6
0.2015	-6.244043239110068e-6
0.202	-6.240126392163607e-6
0.2025	-6.236209394331561e-6
0.203	-6.232292253282545e-6
0.20350000000000001	-6.228374976687989e-6
0.20400000000000001	-6.224457572221996e-6
0.20450000000000002	-6.220540047561173e-6
0.20500000000000002	-6.216622410384501e-6
0.20550000000000002	-6.212705067121778e-6
0.20600000000000002	-6.20878777870775e-6
0.20650000000000002	-6.2048703929545975e-6
0.20700000000000002	-6.200952912944909e-6
0.20750000000000002	-6.197035341762026e-6
0.20800000000000002	-6.1931176824900065e-6
0.2085	-6.189199938213604e-6
0.209	-6.185282112018245e-6
0.2095	-6.181364206990001e-6
0.21	-6.1774462262155675e-6
0.2105	-6.173528172782238e-6
0.211	-6.169610049777874e-6
0.2115	-6.165691860290893e-6
0.212	-6.161773607410231e-6
0.2125	-6.157855294187732e-6
0.213	-6.1539369237912235e-6
0.2135	-6.150018499270995e-6
0.214	-6.1461000237177555e-6
0.2145	-6.142181500222601e-6
0.215	-6.1382629318770125e-6
0.2155	-6.134344321772834e-6
0.216	-6.130425673002228e-6
0.2165	-6.126506988657667e-6
0.217	-6.122588271831908e-6
0.2175	-6.118669525617962e-6
0.218	-6.114750753109077e-6
0.2185	-6.110831957398711e-6
0.219	-6.106913246226144e-6
0.2195	-6.102994538189759e-6
0.22	-6.0990758143206785e-6
0.2205	-6.095157076668421e-6
0.221	-6.091238327282579e-6
0.2215	-6.087319568212799e-6
0.222	-6.08340080150879e-6
0.2225	-6.079482029220294e-6
0.223	-6.075563253397088e-6
0.2235	-6.071644476088964e-6
0.224	-6.06772569934573e-6
0.2245	-6.063806925217185e-6
0.225	-6.05988815575312e-6
0.2255	-6.055969393002834e-6
0.226	-6.052050639016917e-6
0.2265	-6.048131895844683e-6
0.227	-6.0442131655357635e-6
0.2275	-6.0402944501397244e-6
0.228	-6.036375751706051e-6
0.2285	-6.032457072284145e-6
0.229	-6.0285384139233e-6
0.2295	-6.024619778672707e-6
0.23	-6.0207011685814346e-6
0.2305	-6.016782585698422e-6
0.231	-6.01286403207246e-6
0.2315	-6.008945509752191e-6
0.232	-6.005027020786094e-6
0.2325	-6.001108877719854e-6
0.233	-5.997190786050728e-6
0.2335	-5.99327272857303e-6
0.234	-5.989354704617138e-6
0.23450000000000001	-5.985436713513492e-6
0.23500000000000001	-5.981518754592582e-6
0.23550000000000001	-5.977600827184957e-6
0.23600000000000002	-5.973682930621217e-6
0.23650000000000002	-5.969765064232019e-6
0.23700000000000002	-5.965847227348064e-6
0.23750000000000002	-5.961929419300113e-6
0.23800000000000002	-5.958011639418967e-6
0.23850000000000002	-5.954093887035582e-6
0.23900000000000002	-5.950176161480669e-6
0.23950000000000002	-5.946258462085259e-6
0.24	-5.942340788180343e-6
0.2405	-5.938423139096952e-6
0.241	-5.9345055141661624e-6
0.2415	-5.930587912719092e-6
0.242	-5.926670334086895e-6
0.2425	-5.922752777600772e-6
0.243	-5.918835242591955e-6
0.2435	-5.914917728391709e-6
0.244	-5.911000234331348e-6
0.2445	-5.907082759742205e-6
0.245	-5.903165303955658e-6
0.2455	-5.899247848532119e-6
0.246	-5.895330130538377e-6
0.2465	-5.891412431968163e-6
0.247	-5.887494754628034e-6
0.2475	-5.8835771003244494e-6
0.248	-5.8796594708637605e-6
0.2485	-5.875741868052209e-6
0.249	-5.871824293695908e-6
0.2495	-5.867906749600843e-6
0.25	-5.863989237572861e-6
0.2505	-5.860071759417656e-6
0.251	-5.8561543169407705e-6
0.2515	-5.852236911947582e-6
0.252	-5.848319546244114e-6
0.2525	-5.844402221633772e-6
0.253	-5.8404849399221765e-6
0.2535	-5.836567702913959e-6
0.254	-5.832650512413547e-6
0.2545	-5.828733370225158e-6
0.255	-5.8248162781527815e-6
0.2555	-5.820899238000177e-6
0.256	-5.816982251570866e-6
0.2565	-5.813065320668125e-6
0.257	-5.8091484470949686e-6
0.2575	-5.805231632654152e-6
0.258	-5.801314879148161e-6
0.2585	-5.797398188379187e-6
0.259	-5.793481651316479e-6
0.2595	-5.789565626053917e-6
0.26	-5.785649663724551e-6
0.2605	-5.781733761687843e-6
0.261	-5.777817917303667e-6
0.2615	-5.773902127932286e-6
0.262	-5.769986390934326e-6
0.2625	-5.7660707036707746e-6
0.263	-5.76215506350295e-6
0.2635	-5.758239467792489e-6
0.264	-5.754323913901325e-6
0.2645	-5.7504083991916816e-6
0.265	-5.746492921025257e-6
0.2655	-5.7425774767663555e-6
0.266	-5.738662063777148e-6
0.2665	-5.734746679420809e-6
0.267	-5.730831321060689e-6
0.2675	-5.726915986060324e-6
0.268	-5.723000671783407e-6
0.2685	-5.719085375593769e-6
0.269	-5.7151700948553585e-6
0.2695	-5.711254826932231e-6
0.27	-5.707339569188529e-6
0.2705	-5.70342431898846e-6
0.271	-5.699509073696283e-6
0.2715	-5.695593830676293e-6
0.272	-5.691678587292796e-6
0.2725	-5.687763293535225e-6
0.273	-5.6838478605326136e-6
0.2735	-5.679932421154982e-6
0.274	-5.676016974270317e-6
0.2745	-5.672101518746584e-6
0.275	-5.668186053451727e-6
0.2755	-5.664270577253656e-6
0.276	-5.660355089020254e-6
0.2765	-5.6564395876193694e-6
0.277	-5.65252407191881e-6
0.2775	-5.648608540786341e-6
0.278	-5.644692993088949e-6
0.2785	-5.640777427695776e-6
0.279	-5.6368618434737345e-6
0.2795	-5.632946239290392e-6
0.28	-5.6290306140132706e-6
0.2805	-5.625114966509817e-6
0.281	-5.621199295647422e-6
0.28150000000000003	-5.617283600293402e-6
0.28200000000000003	-5.613367879315012e-6
0.28250000000000003	-5.609452131579425e-6
0.28300000000000003	-5.60553635595374e-6
0.28350000000000003	-5.601620551304975e-6
0.28400000000000003	-5.597704716500058e-6
0.28450000000000003	-5.5937888504058445e-6
0.28500000000000003	-5.589872951889081e-6
0.28550000000000003	-5.585957019816434e-6
0.28600000000000003	-5.582041240873135e-6
0.28650000000000003	-5.578125763256056e-6
0.28700000000000003	-5.57421024277528e-6
0.28750000000000003	-5.570294673931651e-6
0.28800000000000003	-5.566379051225339e-6
0.2885	-5.562463369155755e-6
0.289	-5.558547622221479e-6
0.2895	-5.554631804920178e-6
0.29	-5.550715911748529e-6
0.2905	-5.546799937202148e-6
0.291	-5.5428838757750165e-6
0.2915	-5.538967721961288e-6
0.292	-5.535051470252492e-6
0.2925	-5.531135115139206e-6
0.293	-5.527218651110551e-6
0.2935	-5.5233020726541144e-6
0.294	-5.519385374255883e-6
0.2945	-5.515468550400148e-6
0.295	-5.511551595569442e-6
0.2955	-5.507634504244452e-6
0.296	-5.5037172709039465e-6
0.2965	-5.499799890024695e-6
0.297	-5.495882356081387e-6
0.2975	-5.4919646635465645e-6
0.298	-5.48804680689053e-6
0.2985	-5.48412878058128e-6
0.299	-5.480210579084416e-6
0.2995	-5.47629218490237e-6
0.3	-5.472373590442236e-6
0.3005	-5.4684548044882105e-6
0.301	-5.4645358217121e-6
0.3015	-5.460616636783043e-6
0.302	-5.456697244367444e-6
0.3025	-5.4527776391288875e-6
0.303	-5.448857815728079e-6
0.3035	-5.444937768822759e-6
0.304	-5.4410174930676406e-6
0.3045	-5.437096983133236e-6
0.305	-5.433176233631988e-6
0.3055	-5.429255239226069e-6
0.306	-5.42533399455728e-6
0.3065	-5.4214124942640186e-6
0.307	-5.417490732981199e-6
0.3075	-5.413568705340187e-6
0.308	-5.409646405968708e-6
0.3085	-5.4057238294907985e-6
0.309	-5.401800970526703e-6
0.3095	-5.397877823692816e-6
0.31	-5.393954383601611e-6
0.3105	-5.390030644861544e-6
0.311	-5.386106602077001e-6
0.3115	-5.382182249848209e-6
0.312	-5.378257582771167e-6
0.3125	-5.37433259543756e-6
0.313	-5.370407865296593e-6
0.3135	-5.366483196689605e-6
0.314	-5.3625581788049725e-6
0.3145	-5.358632798045809e-6
0.315	-5.354707040802698e-6
0.3155	-5.350780893453222e-6
0.316	-5.346854342361486e-6
0.3165	-5.342927373877638e-6
0.317	-5.338999974337384e-6
0.3175	-5.3350721300571776e-6
0.318	-5.331143827350784e-6
0.3185	-5.327215052503686e-6
0.319	-5.323285791789001e-6
0.3195	-5.319356031462998e-6
0.32	-5.315425757764588e-6
0.3205	-5.311494956914839e-6
0.321	-5.307563615116476e-6
0.3215	-5.303631718553404e-6
0.322	-5.299699253390195e-6
0.3225	-5.295766205771595e-6
0.323	-5.291832561822025e-6
0.3235	-5.287898307645083e-6
0.324	-5.283963429323027e-6
0.3245	-5.280027912916288e-6
0.325	-5.27609174446294e-6
0.3255	-5.272154909978214e-6
0.326	-5.268217395453963e-6
0.3265	-5.264276146722844e-6
0.327	-5.260333409166846e-6
0.3275	-5.256390005271864e-6
0.328	-5.252445953348271e-6
0.3285	-5.248501271736793e-6
0.329	-5.244555978807671e-6
0.3295	-5.240610092959838e-6
0.33	-5.236663632620076e-6
0.3305	-5.232716616628571e-6
0.331	-5.228769062699641e-6
0.3315	-5.2248209897133e-6
0.332	-5.220872416199271e-6
0.3325	-5.216923360710975e-6
0.333	-5.2129738418246935e-6
0.3335	-5.209023878138704e-6
0.334	-5.205073488272435e-6
0.3345	-5.2011226908655914e-6
0.335	-5.197171504577304e-6
0.3355	-5.193219948085258e-6
0.336	-5.189268040084819e-6
0.3365	-5.185315799288163e-6
0.337	-5.1813632444233955e-6
0.3375	-5.1774103942336794e-6
0.338	-5.17345726747634e-6
0.3385	-5.169503882921983e-6
0.339	-5.1655502593536e-6
0.3395	-5.161596415565684e-6
0.34	-5.157643428602158e-6
0.3405	-5.153690141973662e-6
0.341	-5.149736674678578e-6
0.3415	-5.145783037482869e-6
0.342	-5.141829241157166e-6
0.3425	-5.137875296476468e-6
0.343	-5.133921214219837e-6
0.3435	-5.129967004816598e-6
0.34400000000000003	-5.126012679794766e-6
0.34450000000000003	-5.122058249558447e-6
0.34500000000000003	-5.1181037248986746e-6
0.34550000000000003	-5.114149116609063e-6
0.34600000000000003	-5.110194435485511e-6
0.34650000000000003	-5.106239692325914e-6
0.34700000000000003	-5.102284897929859e-6
0.34750000000000003	-5.098330063098346e-6
0.34800000000000003	-5.094375198633491e-6
0.34850000000000003	-5.0904203153382115e-6
0.34900000000000003	-5.086465424015967e-6
0.34950000000000003	-5.082510535470438e-6
0.35000000000000003	-5.078555660505242e-6
0.35050000000000003	-5.074600809923643e-6
0.35100000000000003	-5.070645994528249e-6
0.35150000000000003	-5.066691225120718e-6
0.352	-5.062736512501473e-6
0.3525	-5.058781867469398e-6
0.353	-5.0548275678076874e-6
0.3535	-5.0508736523588175e-6
0.354	-5.0469198298096955e-6
0.3545	-5.04296610617572e-6
0.355	-5.039012487470788e-6
0.3555	-5.035058979707225e-6
0.356	-5.031105588895667e-6
0.3565	-5.027152321044991e-6
0.357	-5.023199182156067e-6
0.3575	-5.019246178248057e-6
0.358	-5.015293315316252e-6
0.3585	-5.011340599361495e-6
0.359	-5.007388036382388e-6
0.3595	-5.003435632375215e-6
0.36	-4.999483393333845e-6
0.3605	-4.99553132524965e-6
0.361	-4.991579434111408e-6
0.3615	-4.987627725905214e-6
0.362	-4.983676206614385e-6
0.3625	-4.979724882219386e-6
0.363	-4.975773758697724e-6
0.3635	-4.971822842023867e-6
0.364	-4.967872138169148e-6
0.3645	-4.963921653101679e-6
0.365	-4.959971392786271e-6
0.3655	-4.9560213631843255e-6
0.366	-4.952071570253762e-6
0.3665	-4.948122301301886e-6
0.367	-4.944173341404436e-6
0.3675	-4.940224630686339e-6
0.368	-4.936276172187861e-6
0.3685	-4.932327968947311e-6
0.369	-4.9283800240010195e-6
0.3695	-4.924432340383321e-6
0.37	-4.920484921160445e-6
0.3705	-4.916537769297237e-6
0.371	-4.912590887853124e-6
0.3715	-4.9086442798541515e-6
0.372	-4.9046979483242616e-6
0.3725	-4.900751896285248e-6
0.373	-4.896806126756757e-6
0.3735	-4.892860642756242e-6
0.374	-4.88891544729896e-6
0.3745	-4.884970543397938e-6
0.375	-4.881025934063958e-6
0.3755	-4.877081622305528e-6
0.376	-4.873137611128863e-6
0.3765	-4.869193903537864e-6
0.377	-4.865250502534096e-6
0.3775	-4.861307411116766e-6
0.378	-4.857364632282692e-6
0.3785	-4.853422169026299e-6
0.379	-4.849480024339582e-6
0.3795	-4.845538285807999e-6
0.38	-4.841597503993153e-6
0.3805	-4.837657042793117e-6
0.381	-4.8337168991658046e-6
0.3815	-4.829777070071544e-6
0.382	-4.825837552473064e-6
0.3825	-4.821898343335461e-6
0.383	-4.8179594396641935e-6
0.3835	-4.8140208383540034e-6
0.384	-4.810082536413586e-6
0.3845	-4.806144530817264e-6
0.385	-4.802206818541608e-6
0.3855	-4.798269396565411e-6
0.386	-4.794332261869676e-6
0.3865	-4.79039541143758e-6
0.387	-4.7864588422544566e-6
0.3875	-4.782522551307765e-6
0.388	-4.778586535587078e-6
0.3885	-4.774650792084047e-6
0.389	-4.770715317792384e-6
0.3895	-4.766780109707838e-6
0.39	-4.762845164828168e-6
0.3905	-4.7589104801531175e-6
0.391	-4.754976052684404e-6
0.3915	-4.751041879425677e-6
0.392	-4.747107957382508e-6
0.3925	-4.743174283562364e-6
0.393	-4.7392406994073625e-6
0.3935	-4.735307081697181e-6
0.394	-4.731373708244105e-6
0.3945	-4.7274405796798225e-6
0.395	-4.723507696635605e-6
0.3955	-4.719575059742315e-6
0.396	-4.715642669630413e-6
0.3965	-4.7117105269953675e-6
0.397	-4.707778632336417e-6
0.3975	-4.703846986347108e-6
0.398	-4.699915589656238e-6
0.3985	-4.695984442892198e-6
0.399	-4.692053546682962e-6
0.3995	-4.688122901656085e-6
0.4	-4.684192508438713e-6
0.4005	-4.680262367657573e-6
0.401	-4.676332479938971e-6
0.4015	-4.6724028459088e-6
0.402	-4.668473466192525e-6
0.4025	-4.664544341415199e-6
0.403	-4.660615472201449e-6
0.4035	-4.656686859175481e-6
0.404	-4.6527585029610785e-6
0.4045	-4.6488304041816e-6
0.405	-4.644902563459978e-6
0.4055	-4.640974981418721e-6
0.406	-4.637047658679911e-6
0.40650000000000003	-4.633121141902971e-6
0.40700000000000003	-4.629195315876974e-6
0.40750000000000003	-4.625269738100748e-6
0.40800000000000003	-4.621344401028946e-6
0.40850000000000003	-4.617419297120836e-6
0.40900000000000003	-4.61349441884015e-6
0.40950000000000003	-4.609569758628898e-6
0.41000000000000003	-4.605645309011667e-6
0.41050000000000003	-4.601721062438649e-6
0.41100000000000003	-4.597797011389961e-6
0.41150000000000003	-4.593873148349461e-6
0.41200000000000003	-4.589949465804593e-6
0.41250000000000003	-4.586025956246257e-6
0.41300000000000003	-4.582102612168648e-6
0.41350000000000003	-4.578179426069119e-6
0.41400000000000003	-4.5742563904480414e-6
0.41450000000000004	-4.570333497808652e-6
0.41500000000000004	-4.566410740656915e-6
0.41550000000000004	-4.5624881115013805e-6
0.41600000000000004	-4.5585656028530336e-6
0.4165	-4.554643207225156e-6
0.417	-4.5507209171331865e-6
0.4175	-4.546798725094568e-6
0.418	-4.542876623628613e-6
0.4185	-4.538954605256361e-6
0.419	-4.535032662500431e-6
0.4195	-4.53111078788488e-6
0.42	-4.527189125361569e-6
0.4205	-4.523267577777359e-6
0.421	-4.519346072862801e-6
0.4215	-4.5154246013645196e-6
0.422	-4.511503154029926e-6
0.4225	-4.507581721608217e-6
0.423	-4.503660294843253e-6
0.4235	-4.499738864486854e-6
0.424	-4.49581742128748e-6
0.4245	-4.491895955993293e-6
0.425	-4.487974459351927e-6
0.4255	-4.484052922110277e-6
0.426	-4.4801313350142864e-6
0.4265	-4.4762096888087115e-6
0.427	-4.472287974236925e-6
0.4275	-4.468366182040676e-6
0.428	-4.464444302959887e-6
0.4285	-4.460522327732433e-6
0.429	-4.456600247093914e-6
0.4295	-4.452678051777446e-6
0.43	-4.4487557325134295e-6
0.4305	-4.444833280029344e-6
0.431	-4.440910685049526e-6
0.4315	-4.4369879382949344e-6
0.432	-4.4330650304829515e-6
0.4325	-4.429141952327149e-6
0.433	-4.42521869453707e-6
0.4335	-4.4212971602001244e-6
0.434	-4.417375762931162e-6
0.4345	-4.41345412376233e-6
0.435	-4.409532214563203e-6
0.4355	-4.40561000718488e-6
0.436	-4.401687473454959e-6
0.4365	-4.397764585179355e-6
0.437	-4.393841314138077e-6
0.4375	-4.389917632083657e-6
0.438	-4.385993510739105e-6
0.4385	-4.382068921795862e-6
0.439	-4.378143836911742e-6
0.4395	-4.374218227708875e-6
0.44	-4.37029206577163e-6
0.4405	-4.366365322644551e-6
0.441	-4.362437969830263e-6
0.4415	-4.358509978787391e-6
0.442	-4.354581320928459e-6
0.4425	-4.350651967617771e-6
0.443	-4.346721890169316e-6
0.4435	-4.342791059844621e-6
0.444	-4.338859447850629e-6
0.4445	-4.3349270253375484e-6
0.445	-4.3309937633966995e-6
0.4455	-4.3270596330583394e-6
0.446	-4.3231246052894925e-6
0.4465	-4.319188650991758e-6
0.447	-4.315253921511956e-6
0.4475	-4.311318149946932e-6
0.448	-4.307381329558713e-6
0.4485	-4.303443412991037e-6
0.449	-4.299504353838155e-6
0.4495	-4.295564102443048e-6
0.45	-4.291622611994171e-6
0.4505	-4.287679834576046e-6
0.451	-4.283735722118756e-6
0.4515	-4.2797902263918595e-6
0.452	-4.275843298998262e-6
0.4525	-4.2718948913680315e-6
0.453	-4.267944954752143e-6
0.4535	-4.26399344021619e-6
0.454	-4.260040298634003e-6
0.4545	-4.2560854806812166e-6
0.455	-4.252128936828774e-6
0.4555	-4.248170617336351e-6
0.456	-4.244210472245713e-6
0.4565	-4.240248451374003e-6
0.457	-4.236284504306937e-6
0.4575	-4.232318580391931e-6
0.458	-4.2283506287311445e-6
0.4585	-4.2243805981744344e-6
0.459	-4.220408437312228e-6
0.4595	-4.216434094468294e-6
0.46	-4.212452216590121e-6
0.4605	-4.2084589211436525e-6
0.461	-4.20446343252323e-6
0.4615	-4.200465823434131e-6
0.462	-4.1964661727989165e-6
0.4625	-4.192464542639115e-6
0.463	-4.188461012369569e-6
0.4635	-4.18445565619636e-6
0.464	-4.180448548672001e-6
0.4645	-4.1764397646827215e-6
0.465	-4.172429379435556e-6
0.4655	-4.168417468445272e-6
0.466	-4.164404107521103e-6
0.4665	-4.160389372753313e-6
0.467	-4.15637334049957e-6
0.4675	-4.1523560873711485e-6
0.468	-4.1483376902189604e-6
0.4685	-4.144318226119394e-6
0.46900000000000003	-4.14029777236e-6
0.46950000000000003	-4.13627640642499e-6
0.47000000000000003	-4.132254205980556e-6
0.47050000000000003	-4.12823124886004e-6
0.47100000000000003	-4.1242076130489185e-6
0.47150000000000003	-4.120183376669613e-6
0.47200000000000003	-4.116158617966158e-6
0.47250000000000003	-4.112133415288664e-6
0.47300000000000003	-4.1081078470776635e-6
0.47350000000000003	-4.104085629310611e-6
0.47400000000000003	-4.100062798631822e-6
0.47450000000000003	-4.096039777817579e-6
0.47500000000000003	-4.0920166141818735e-6
0.47550000000000003	-4.087993363629831e-6
0.47600000000000003	-4.083970072259931e-6
0.47650000000000003	-4.0799467898228865e-6
0.47700000000000004	-4.075923566068237e-6
0.47750000000000004	-4.071900450738265e-6
0.47800000000000004	-4.067877493561913e-6
0.47850000000000004	-4.063854744248704e-6
0.47900000000000004	-4.059832252482663e-6
0.47950000000000004	-4.055810067916268e-6
0.48	-4.051788240164381e-6
0.4805	-4.047766818798207e-6
0.481	-4.043745853339272e-6
0.4815	-4.0397253932534015e-6
0.482	-4.0357054879447215e-6
0.4825	-4.0316861867496745e-6
0.483	-4.027667538931078e-6
0.4835	-4.023649593672168e-6
0.484	-4.019632400070694e-6
0.4845	-4.0156160071330344e-6
0.485	-4.0116004637683295e-6
0.4855	-4.007585818782652e-6
0.486	-4.003572120873215e-6
0.4865	-3.999561667358957e-6
0.487	-3.995552453484394e-6
0.4875	-3.991544289071213e-6
0.488	-3.987537201919129e-6
0.4885	-3.983531216905738e-6
0.489	-3.979526361449046e-6
0.4895	-3.975522662091158e-6
0.49	-3.9715201452964765e-6
0.4905	-3.96751883745006e-6
0.491	-3.96351876485601e-6
0.4915	-3.959519953735872e-6
0.492	-3.955522430227054e-6
0.4925	-3.951526220381255e-6
0.493	-3.947531350162894e-6
0.4935	-3.943537845447574e-6
0.494	-3.939545732020573e-6
0.4945	-3.935555035575293e-6
0.495	-3.93156578171179e-6
0.4955	-3.927577995935292e-6
0.496	-3.923591703654711e-6
0.4965	-3.919606930181213e-6
0.497	-3.915623700726765e-6
0.4975	-3.911642040402726e-6
0.498	-3.907661974218446e-6
0.4985	-3.9036835270798604e-6
0.499	-3.899706723788137e-6
0.4995	-3.895732172153798e-6
0.5	-3.891759807612315e-6
0.5005000000000001	-3.8877891450892715e-6
0.501	-3.883820199757666e-6
0.5015000000000001	-3.879852991981226e-6
0.502	-3.875887526543299e-6
0.5025000000000001	-3.871923823348176e-6
0.503	-3.867961897279851e-6
0.5035000000000001	-3.86400176315046e-6
0.504	-3.8600434356999054e-6
0.5045000000000001	-3.856086929595457e-6
0.505	-3.8521322594313636e-6
0.5055000000000001	-3.848179439728478e-6
0.506	-3.844228484933896e-6
0.5065000000000001	-3.840279409420582e-6
0.507	-3.836332227487022e-6
0.5075000000000001	-3.832386953356875e-6
0.508	-3.828443601178638e-6
0.5085000000000001	-3.824502185025295e-6
0.509	-3.820562718894018e-6
0.5095000000000001	-3.816625216705824e-6
0.51	-3.812689692305278e-6
0.5105000000000001	-3.8087561594601877e-6
0.511	-3.8048246318612996e-6
0.5115000000000001	-3.800895123122017e-6
0.512	-3.796967646778117e-6
0.5125	-3.7930420834609158e-6
0.513	-3.7891197160080818e-6
0.5135	-3.785199412262748e-6
0.514	-3.7812811771337854e-6
0.5145	-3.7773650192634542e-6
0.515	-3.773450936086105e-6
0.5155	-3.7695389360118257e-6
0.516	-3.7656290238098308e-6
0.5165	-3.7617212042150902e-6
0.517	-3.757815481928366e-6
0.5175	-3.7539118616162566e-6
0.518	-3.750010347911234e-6
0.5185	-3.746110945411694e-6
0.519	-3.742213658681996e-6
0.5195	-3.738318492252508e-6
0.52	-3.7344254506196546e-6
0.5205	-3.7305345382459642e-6
0.521	-3.7266457595601117e-6
0.5215	-3.7227591189569747e-6
0.522	-3.7188746207976805e-6
0.5225	-3.7149922694096554e-6
0.523	-3.711112069086673e-6
0.5235	-3.7072340240889126e-6
0.524	-3.7033581386430094e-6
0.5245	-3.6994844169421066e-6
0.525	-3.695612863145916e-6
0.5255	-3.6917434813807644e-6
0.526	-3.6878761658301517e-6
0.5265	-3.684011746228057e-6
0.527	-3.6801495058102413e-6
0.5275	-3.676289447799875e-6
0.528	-3.672431563247091e-6
0.5285	-3.6685758552149813e-6
0.529	-3.664722322815899e-6
0.5295	-3.66087096515684e-6
0.53	-3.65702178133945e-6
0.5305	-3.6531747704600776e-6
0.531	-3.6493299316097945e-6
0.5315	-3.645487263874422e-6
0.532	-3.641646766334572e-6
0.5325	-3.637808438065675e-6
0.533	-3.6339722781380095e-6
0.5335	-3.630138285616731e-6
0.534	-3.626306459561899e-6
0.5345	-3.622476799028522e-6
0.535	-3.6186493030665664e-6
0.5355	-3.61482397072101e-6
0.536	-3.6110008010318477e-6
0.5365	-3.6071797930341403e-6
0.537	-3.603360945758032e-6
0.5375	-3.5995442582287855e-6
0.538	-3.595729729466815e-6
0.5385	-3.5919173584877046e-6
0.539	-3.5881071443022456e-6
0.5395	-3.5842990859164643e-6
0.54	-3.5804934919308423e-6
0.5405	-3.576690623391239e-6
0.541	-3.5728898945667647e-6
0.5415	-3.5690912998753066e-6
0.542	-3.5652948315041442e-6
0.5425	-3.5615004816741858e-6
0.543	-3.5577082426397507e-6
0.5435	-3.5539181066883454e-6
0.544	-3.5501300661404323e-6
0.5445	-3.5463441133492292e-6
0.545	-3.542560240700479e-6
0.5455	-3.5387784406122338e-6
0.546	-3.534998705534643e-6
0.5465	-3.5312210279497458e-6
0.547	-3.5274454003712497e-6
0.5475	-3.523671815344339e-6
0.548	-3.5199002654454423e-6
0.5485	-3.5161307432820496e-6
0.549	-3.512363241492502e-6
0.5495	-3.508597752745777e-6
0.55	-3.5048342697413063e-6
0.5505	-3.5010727852087624e-6
0.551	-3.497313291907866e-6
0.5515	-3.493555782628197e-6
0.552	-3.489800250188979e-6
0.5525	-3.4860466874389153e-6
0.553	-3.4822950872559706e-6
0.5535	-3.4785454425471944e-6
0.554	-3.474797872112123e-6
0.5545	-3.471052390200114e-6
0.555	-3.4673088392003252e-6
0.5555	-3.4635672100747096e-6
0.556	-3.45982749382392e-6
0.5565	-3.45608968148702e-6
0.557	-3.4523537641411942e-6
0.5575	-3.4486197329014645e-6
0.558	-3.444887578920405e-6
0.5585	-3.441157293387856e-6
0.559	-3.437428867530648e-6
0.5595	-3.4337022926123325e-6
0.56	-3.4299775599328867e-6
0.5605	-3.4262546608284685e-6
0.561	-3.4225335866711206e-6
0.5615	-3.4188143288685227e-6
0.562	-3.4150968788637174e-6
0.5625	-3.411381228134846e-6
0.5630000000000001	-3.407667368194889e-6
0.5635	-3.4039552905914125e-6
0.5640000000000001	-3.4002449869063045e-6
0.5645	-3.3965364487555255e-6
0.5650000000000001	-3.3928296677888554e-6
0.5655	-3.3891246356896385e-6
0.5660000000000001	-3.3854213441745444e-6
0.5665	-3.3817197849933155e-6
0.5670000000000001	-3.378019950495246e-6
0.5675	-3.374321831369402e-6
0.5680000000000001	-3.3706253125147367e-6
0.5685	-3.36692981883964e-6
0.5690000000000001	-3.3632360243737843e-6
0.5695	-3.359543926802785e-6
0.5700000000000001	-3.3558535238175227e-6
0.5705	-3.3521648131141364e-6
0.5710000000000001	-3.3484777923939937e-6
0.5715	-3.344792459363687e-6
0.5720000000000001	-3.341108811735009e-6
0.5725	-3.337426847224938e-6
0.5730000000000001	-3.333746563555617e-6
0.5735	-3.330067958454343e-6
0.5740000000000001	-3.326391029653546e-6
0.5745	-3.322715774890771e-6
0.5750000000000001	-3.3190421919086666e-6
0.5755	-3.315370278454961e-6
0.5760000000000001	-3.3117000322824487e-6
0.5765	-3.3080314511489747e-6
0.577	-3.304364532817418e-6
0.5775	-3.300699275055675e-6
0.578	-3.2970356756366332e-6
0.5785	-3.29337373233817e-6
0.579	-3.2897134429431296e-6
0.5795	-3.286054805239299e-6
0.58	-3.2823978159324244e-6
0.5805	-3.278742474969094e-6
0.581	-3.275088779099968e-6
0.5815	-3.2714367261324444e-6
0.582	-3.2677863138787913e-6
0.5825	-3.2641380639043986e-6
0.583	-3.260492081923329e-6
0.5835	-3.2568477204907287e-6
0.584	-3.2532049691662562e-6
0.5845	-3.2495638175508727e-6
0.585	-3.2459242552864785e-6
0.5855	-3.2422862720555413e-6
0.586	-3.2386498575807352e-6
0.5865	-3.2350150016245763e-6
0.587	-3.231381693989066e-6
0.5875	-3.227749924515332e-6
0.588	-3.224119683083283e-6
0.5885	-3.220490959611251e-6
0.589	-3.2168637440556503e-6
0.5895	-3.2132380264106315e-6
0.59	-3.2096137967077433e-6
0.5905	-3.205991045015587e-6
0.591	-3.202369761439494e-6
0.5915	-3.198749936121183e-6
0.592	-3.1951315592384338e-6
0.5925	-3.1915146210047585e-6
0.593	-3.1878991126673275e-6
0.5935	-3.1842850225331473e-6
0.594	-3.1806723418894704e-6
0.5945	-3.177061061089797e-6
0.595	-3.1734511705217946e-6
0.5955	-3.169842660606978e-6
0.596	-3.166235521800412e-6
0.5965	-3.162629744590392e-6
0.597	-3.159032888732401e-6
0.5975	-3.155449068882873e-6
0.598	-3.1518663756195757e-6
0.5985	-3.148284666943899e-6
0.599	-3.144703801243884e-6
0.5995	-3.141123637237412e-6
0.6	-3.1375440339158014e-6
0.6005	-3.1339648504877327e-6
0.601	-3.1303859463234744e-6
0.6015	-3.1268071808993445e-6
0.602	-3.123228413742387e-6
0.6025	-3.1196495043751735e-6
0.603	-3.116070312260712e-6
0.6035	-3.112490696747417e-6
0.604	-3.10891051701407e-6
0.6045	-3.1053296320147486e-6
0.605	-3.1017479004236706e-6
0.6055	-3.098165180579877e-6
0.606	-3.094581330431769e-6
0.6065	-3.090996197418159e-6
0.607	-3.0874096581263023e-6
0.6075	-3.08382155977369e-6
0.608	-3.080231758224222e-6
0.6085	-3.076640108659986e-6
0.609	-3.0730464655213885e-6
0.6095	-3.0694506824464415e-6
0.61	-3.065852612209132e-6
0.6105	-3.0622521066568067e-6
0.611	-3.0586490166464765e-6
0.6115	-3.0550431919799752e-6
0.612	-3.0514185051800888e-6
0.6125	-3.0477910518753777e-6
0.613	-3.044160591259689e-6
0.6135	-3.040527080380006e-6
0.614	-3.0368904759496903e-6
0.6145	-3.033250734342123e-6
0.615	-3.0296078115842764e-6
0.6155	-3.025961663350219e-6
0.616	-3.0223122449545204e-6
0.6165	-3.0186595113455862e-6
0.617	-3.0150034170989236e-6
0.6175	-3.011343916410308e-6
0.618	-3.007680963088908e-6
0.6185	-3.00401451055029e-6
0.619	-3.0003445118093964e-6
0.6195	-2.996670885299298e-6
0.62	-2.992993648730688e-6
0.6205	-2.989312722824812e-6
0.621	-2.9856280589785502e-6
0.6215	-2.981939608151017e-6
0.622	-2.978247320855215e-6
0.6225	-2.974551147149524e-6
0.623	-2.9708510366290114e-6
0.6235	-2.9671469384165845e-6
0.624	-2.9634388011539422e-6
0.6245	-2.9597265729923538e-6
0.625	-2.9560102015832557e-6
0.6255000000000001	-2.9522896340686397e-6
0.626	-2.9485621521611747e-6
0.6265000000000001	-2.9448245897673567e-6
0.627	-2.941082724257301e-6
0.6275000000000001	-2.937336565231648e-6
0.628	-2.933586122486466e-6
0.6285000000000001	-2.9298314060143713e-6
0.629	-2.9260724260056653e-6
0.6295000000000001	-2.922309192849458e-6
0.63	-2.9185417171348008e-6
0.6305000000000001	-2.9147700096518007e-6
0.631	-2.9109940813927605e-6
0.6315000000000001	-2.907213943553289e-6
0.632	-2.903429607533437e-6
0.6325000000000001	-2.899641071291055e-6
0.633	-2.895848373075472e-6
0.6335000000000001	-2.892051512268064e-6
0.634	-2.8882505011067027e-6
0.6345000000000001	-2.884445352038434e-6
0.635	-2.880636077720403e-6
0.6355000000000001	-2.8768226910207167e-6
0.636	-2.873005205019325e-6
0.6365000000000001	-2.8691836330088526e-6
0.637	-2.865357988495448e-6
0.6375000000000001	-2.8615282851995775e-6
0.638	-2.8576945370568196e-6
0.6385000000000001	-2.8538567582186344e-6
0.639	-2.8500149630531136e-6
0.6395000000000001	-2.8461691661457114e-6
0.64	-2.8423181573238325e-6
0.6405	-2.83846213084272e-6
0.641	-2.834602168986945e-6
0.6415	-2.8307383058814816e-6
0.642	-2.8268705760578964e-6
0.6425	-2.822999014453299e-6
0.643	-2.819123656409194e-6
0.6435	-2.815244537670253e-6
0.644	-2.8113616943829513e-6
0.6445	-2.8074751630941304e-6
0.645	-2.803584980749443e-6
0.6455	-2.7996911830300154e-6
0.646	-2.7957938109002543e-6
0.6465	-2.7918929009485418e-6
0.647	-2.787988491698315e-6
0.6475	-2.78408062206241e-6
0.648	-2.7801693313408413e-6
0.6485	-2.7762546592185273e-6
0.649	-2.772336645762857e-6
0.6495	-2.7684153314211963e-6
0.65	-2.764490757018243e-6
0.6505	-2.7605629637533027e-6
0.651	-2.756631993197441e-6
0.6515	-2.7526978872905285e-6
0.652	-2.7487606883381855e-6
0.6525	-2.744820439008599e-6
0.653	-2.7408771823292547e-6
0.6535	-2.736930809846891e-6
0.654	-2.732981386261582e-6
0.6545	-2.729029089601231e-6
0.655	-2.7250739667297606e-6
0.6555	-2.7211160648690485e-6
0.656	-2.7171554315944666e-6
0.6565	-2.7131921148303274e-6
0.657	-2.7092261628451734e-6
0.6575	-2.7052576242469874e-6
0.658	-2.7012865479782725e-6
0.6585	-2.697312983311002e-6
0.659	-2.6933369797624598e-6
0.6595	-2.689358587403461e-6
0.66	-2.6853778563877644e-6
0.6605	-2.6813948372525993e-6
0.661	-2.6774095808377986e-6
0.6615	-2.67342213828011e-6
0.662	-2.66943256100737e-6
0.6625	-2.665440900732611e-6
0.663	-2.6614472094480305e-6
0.6635	-2.6574515394188837e-6
0.664	-2.65345394317726e-6
0.6645	-2.649454473515775e-6
0.665	-2.6454531834811465e-6
0.6655	-2.6414501263677095e-6
0.666	-2.6374453557108002e-6
0.6665	-2.6334389814702773e-6
0.667	-2.6294318168278764e-6
0.6675	-2.625423093552822e-6
0.668	-2.6214128584153298e-6
0.6685	-2.6174011583655175e-6
0.669	-2.613388040528208e-6
0.6695	-2.6093735521976883e-6
0.67	-2.6053577408323773e-6
0.6705	-2.6013406540494916e-6
0.671	-2.5973223396196155e-6
0.6715	-2.5933028454612347e-6
0.672	-2.5892822196832844e-6
0.6725	-2.5852605103869307e-6
0.673	-2.5812377659487595e-6
0.6735	-2.577214034823381e-6
0.674	-2.5731893655852676e-6
0.6745	-2.569163806923035e-6
0.675	-2.565137407633645e-6
0.6755	-2.5611102166166075e-6
0.676	-2.5570822828681274e-6
0.6765	-2.5530536554752277e-6
0.677	-2.549024383609829e-6
0.6775	-2.544994516522826e-6
0.678	-2.540964103538106e-6
0.6785	-2.5369331940465632e-6
0.679	-2.5329018375000774e-6
0.6795	-2.5288700834054883e-6
0.68	-2.52483959822097e-6
0.6805	-2.5208090409804536e-6
0.681	-2.516778204742818e-6
0.6815	-2.5127471227461e-6
0.682	-2.508715828248618e-6
0.6825	-2.504684354526233e-6
0.683	-2.5006527348696135e-6
0.6835	-2.49662100258149e-6
0.684	-2.492589190973903e-6
0.6845	-2.4885573333654607e-6
0.685	-2.484525463078533e-6
0.6855	-2.480493613436818e-6
0.686	-2.476461817762215e-6
0.6865	-2.4724301093721127e-6
0.687	-2.468398521576672e-6
0.6875	-2.4643670876760973e-6
0.6880000000000001	-2.460335840957873e-6
0.6885	-2.4563048146940342e-6
0.6890000000000001	-2.4522740421384114e-6
0.6895	-2.448243556523896e-6
0.6900000000000001	-2.4442133910597067e-6
0.6905	-2.440183578928663e-6
0.6910000000000001	-2.436154153284468e-6
0.6915	-2.432125147248981e-6
0.6920000000000001	-2.4280965939095244e-6
0.6925	-2.4240685263161756e-6
0.6930000000000001	-2.4200428427141876e-6
0.6935	-2.416018366495523e-6
0.6940000000000001	-2.4119944352523885e-6
0.6945	-2.4079710596130407e-6
0.6950000000000001	-2.403948250190923e-6
0.6955	-2.3999260175844027e-6
0.6960000000000001	-2.3959043723765006e-6
0.6965	-2.3918833251346256e-6
0.6970000000000001	-2.3878628864102976e-6
0.6975	-2.3838430667388996e-6
0.6980000000000001	-2.379823876639387e-6
0.6985	-2.375805326671569e-6
0.6990000000000001	-2.3717874272131543e-6
0.6995	-2.367770188782097e-6
0.7000000000000001	-2.363753621828883e-6
0.7005	-2.3597377367862644e-6
0.7010000000000001	-2.3557225440689982e-6
0.7015	-2.3517080540735966e-6
0.7020000000000001	-2.34769427717806e-6
0.7025	-2.3436812237416416e-6
0.7030000000000001	-2.339668904104576e-6
0.7035	-2.3356573285878495e-6
0.704	-2.3316465074929267e-6
0.7045	-2.327636451101525e-6
0.705	-2.3236271696753574e-6
0.7055	-2.3196186734558842e-6
0.706	-2.3156107458092775e-6
0.7065	-2.3116034076831056e-6
0.707	-2.3075968914683414e-6
0.7075	-2.303591211180064e-6
0.708	-2.2995863808035998e-6
0.7085	-2.2955824142940505e-6
0.709	-2.2915793255758457e-6
0.7095	-2.287577128542284e-6
0.71	-2.283575837055082e-6
0.7105	-2.27957546494393e-6
0.711	-2.2755760260060516e-6
0.7115	-2.271577533991141e-6
0.712	-2.267580002657824e-6
0.7125	-2.2635834456902774e-6
0.713	-2.2595878767514732e-6
0.7135	-2.2555933094697355e-6
0.714	-2.2515997574383248e-6
0.7145	-2.2476072342150037e-6
0.715	-2.243615753321625e-6
0.7155	-2.239625328243724e-6
0.716	-2.2356359724300957e-6
0.7165	-2.23164769929239e-6
0.717	-2.227660522204711e-6
0.7175	-2.2236744545032137e-6
0.718	-2.219689509485706e-6
0.7185	-2.2157057004112584e-6
0.719	-2.211723704332088e-6
0.7195	-2.2077467336607756e-6
0.72	-2.2037708900688986e-6
0.7205	-2.1997961479985902e-6
0.721	-2.195822481961469e-6
0.7215	-2.1918498665369018e-6
0.722	-2.1878782763703027e-6
0.7225	-2.1839076861714146e-6
0.723	-2.179938070712633e-6
0.7235	-2.1759694048273013e-6
0.724	-2.172001663408075e-6
0.7245	-2.168034821644799e-6
0.725	-2.1640688540780935e-6
0.7255	-2.160103735990783e-6
0.726	-2.1561394424960624e-6
0.7265	-2.152175948758302e-6
0.727	-2.148213229991437e-6
0.7275	-2.1442512614573835e-6
0.728	-2.1402900184644537e-6
0.7285	-2.1363294763657666e-6
0.729	-2.1323696105576943e-6
0.7295	-2.1284103964782884e-6
0.73	-2.1244518096057405e-6
0.7305	-2.120493825456814e-6
0.731	-2.116536419585324e-6
0.7315	-2.1125795675805873e-6
0.732	-2.108623245065905e-6
0.7325	-2.104667009035735e-6
0.733	-2.100710953040842e-6
0.7335	-2.0967553634991052e-6
0.734	-2.092800222247206e-6
0.7345	-2.088845511142321e-6
0.735	-2.084891212061274e-6
0.7355	-2.080937306899689e-6
0.736	-2.076983777571167e-6
0.7365	-2.073030606006438e-6
0.737	-2.069077774152539e-6
0.7375	-2.0651252639691046e-6
0.738	-2.061173057439152e-6
0.7385	-2.0572211365506743e-6
0.739	-2.053269483307611e-6
0.7395	-2.0493180797260513e-6
0.74	-2.045366907833443e-6
0.7405	-2.0414159496677463e-6
0.741	-2.037465187276632e-6
0.7415	-2.0335146027166525e-6
0.742	-2.0295641780524363e-6
0.7425	-2.025613895355859e-6
0.743	-2.0216637367052394e-6
0.7435	-2.017713684184517e-6
0.744	-2.013763719882452e-6
0.7445	-2.0098138258917926e-6
0.745	-2.00586398430848e-6
0.7455	-2.001914177230833e-6
0.746	-1.997961117269168e-6
0.7465	-1.9940078102736573e-6
0.747	-1.990054541679681e-6
0.7475	-1.986101323516788e-6
0.748	-1.9821481678130017e-6
0.7485	-1.978195086594458e-6
0.749	-1.974242091885029e-6
0.7495	-1.9702891957059692e-6
0.75	-1.9663364100755467e-6
0.7505000000000001	-1.962383747008676e-6
0.751	-1.9584312185223548e-6
0.7515000000000001	-1.9544788366134932e-6
0.752	-1.950526613289238e-6
0.7525000000000001	-1.9465745605473914e-6
0.753	-1.9426226903805873e-6
0.7535000000000001	-1.9386710147759007e-6
0.754	-1.9347195457145116e-6
0.7545000000000001	-1.930768295171326e-6
0.755	-1.9268172751146192e-6
0.7555000000000001	-1.922866497505671e-6
0.756	-1.9189159742984195e-6
0.7565000000000001	-1.914965717439085e-6
0.757	-1.911015738865818e-6
0.7575000000000001	-1.9070660505083422e-6
0.758	-1.9031166642875992e-6
0.7585000000000001	-1.8991675921153792e-6
0.759	-1.8952194571027157e-6
0.7595000000000001	-1.8912733560467906e-6
0.76	-1.887327579489972e-6
0.7605000000000001	-1.8833821198317744e-6
0.761	-1.8794369694777875e-6
0.7615000000000001	-1.8754921208395258e-6
0.762	-1.8715475663342866e-6
0.7625000000000001	-1.8676032983849875e-6
0.763	-1.8636593094200283e-6
0.7635000000000001	-1.8597155918731411e-6
0.764	-1.855772138193322e-6
0.7645000000000001	-1.8518289408051831e-6
0.765	-1.8478859921666617e-6
0.7655000000000001	-1.843943284731325e-6
0.766	-1.840000810957344e-6
0.7665000000000001	-1.8360585633073444e-6
0.767	-1.8321165342482699e-6
0.7675000000000001	-1.8281747162512178e-6
0.768	-1.8242331017913149e-6
0.7685	-1.8202916833475628e-6
0.769	-1.8163504534026962e-6
0.7695	-1.8124094044430349e-6
0.77	-1.808468528958341e-6
0.7705	-1.804527819441687e-6
0.771	-1.8005872683892878e-6
0.7715	-1.7966468683003804e-6
0.772	-1.7927066116770728e-6
0.7725	-1.7887660620001756e-6
0.773	-1.784825286282245e-6
0.7735	-1.7808846418376557e-6
0.774	-1.7769441277818946e-6
0.7745	-1.7730037432307482e-6
0.775	-1.7690634873002824e-6
0.7755	-1.765123359106862e-6
0.776	-1.7611833577671245e-6
0.7765	-1.7572434823979942e-6
0.777	-1.7533037321165807e-6
0.7775	-1.7493641060405822e-6
0.778	-1.7454246032876448e-6
0.7785	-1.7414852229758e-6
0.779	-1.7375459642233534e-6
0.7795	-1.7336068261488809e-6
0.78	-1.729667807871226e-6
0.7805	-1.7257289085095008e-6
0.781	-1.7217901271830773e-6
0.7815	-1.717851463011593e-6
0.782	-1.7139129151149428e-6
0.7825	-1.7099744826132844e-6
0.783	-1.7060361646270292e-6
0.7835	-1.7020979602768423e-6
0.784	-1.6981598686836394e-6
0.7845	-1.694221888968593e-6
0.785	-1.6902840202531157e-6
0.7855	-1.6863462616588744e-6
0.786	-1.6824086099556859e-6
0.7865	-1.6784710660560685e-6
0.787	-1.6745336296887046e-6
0.7875	-1.6705963000008177e-6
0.788	-1.6666590761398552e-6
0.7885	-1.6627219572535023e-6
0.789	-1.6587849424896597e-6
0.7895	-1.6548480309964616e-6
0.79	-1.6509112219222544e-6
0.7905	-1.6469745144156145e-6
0.791	-1.6430379076253335e-6
0.7915	-1.6391014007004157e-6
0.792	-1.6351649927900885e-6
0.7925	-1.631228683043786e-6
0.793	-1.6272924706111534e-6
0.7935	-1.6233563546420502e-6
0.794	-1.619420334286538e-6
0.7945	-1.6154844086948878e-6
0.795	-1.6115485770175705e-6
0.7955	-1.6076128384052645e-6
0.796	-1.6036771920088401e-6
0.7965	-1.599741636979374e-6
0.797	-1.5958061724681345e-6
0.7975	-1.5918707976265892e-6
0.798	-1.5879355116063886e-6
0.7985	-1.5840003135593843e-6
0.799	-1.580065205173558e-6
0.7995	-1.5761302456532275e-6
0.8	-1.5721953709913344e-6
0.8005	-1.568260579794681e-6
0.801	-1.5643258706703552e-6
0.8015	-1.5603912422257333e-6
0.802	-1.5564566930684822e-6
0.8025	-1.552522221806547e-6
0.803	-1.548587827048148e-6
0.8035	-1.544653507401782e-6
0.804	-1.5407192614761886e-6
0.8045	-1.5367850878803953e-6
0.805	-1.5328509852236687e-6
0.8055	-1.528916952115532e-6
0.806	-1.524982987165752e-6
0.8065	-1.5210490889843333e-6
0.807	-1.5171152561815233e-6
0.8075	-1.5131814873677921e-6
0.808	-1.5092477811538418e-6
0.8085	-1.5053141361505921e-6
0.809	-1.5013805509691771e-6
0.8095	-1.4974470242209496e-6
0.81	-1.4935135545174556e-6
0.8105	-1.4895801404704521e-6
0.811	-1.4856467806918922e-6
0.8115	-1.4817134737939178e-6
0.812	-1.4777802183888528e-6
0.8125	-1.473846974823051e-6
0.8130000000000001	-1.469913671556562e-6
0.8135	-1.4659804171766428e-6
0.8140000000000001	-1.4620472115262239e-6
0.8145	-1.4581140544482676e-6
0.8150000000000001	-1.4541809457857423e-6
0.8155	-1.4502478853816428e-6
0.8160000000000001	-1.4463148730789827e-6
0.8165	-1.4423819087207922e-6
0.8170000000000001	-1.438448992150126e-6
0.8175	-1.4345161232100505e-6
0.8180000000000001	-1.4305833017436536e-6
0.8185	-1.4266505275940452e-6
0.8190000000000001	-1.4227178006043495e-6
0.8195	-1.4187851206177124e-6
0.8200000000000001	-1.4148524874772977e-6
0.8205	-1.410919901026286e-6
0.8210000000000001	-1.4069873611078813e-6
0.8215	-1.4030548675652965e-6
0.8220000000000001	-1.3991224202417753e-6
0.8225	-1.3951900189805717e-6
0.8230000000000001	-1.3912576636249561e-6
0.8235	-1.3873253540182268e-6
0.8240000000000001	-1.383393090003691e-6
0.8245	-1.3794608714246764e-6
0.8250000000000001	-1.3755286981245299e-6
0.8255	-1.3715965699466185e-6
0.8260000000000001	-1.3676643386148414e-6
0.8265	-1.3637319879974893e-6
0.8270000000000001	-1.3597996859034023e-6
0.8275	-1.355867434797071e-6
0.8280000000000001	-1.3519352371426716e-6
0.8285	-1.3480030954040414e-6
0.8290000000000001	-1.3440710120446696e-6
0.8295	-1.3401389895276759e-6
0.8300000000000001	-1.336207030315805e-6
0.8305	-1.332275136871397e-6
0.8310000000000001	-1.328343311656389e-6
0.8315	-1.3244115571322831e-6
0.8320000000000001	-1.3204798757601376e-6
0.8325	-1.3165482700005626e-6
0.833	-1.3126167423136833e-6
0.8335	-1.3086852951591395e-6
0.834	-1.3047539309960717e-6
0.8345	-1.3008226522830959e-6
0.835	-1.2968914614782918e-6
0.8355	-1.292960361039192e-6
0.836	-1.2890293534227674e-6
0.8365	-1.285098441085396e-6
0.837	-1.281167626482872e-6
0.8375	-1.2772369120703718e-6
0.838	-1.273306300302445e-6
0.8385	-1.2693757936330039e-6
0.839	-1.2654453945152988e-6
0.8395	-1.2615154027425075e-6
0.84	-1.2575856630652432e-6
0.8405	-1.2536560321029314e-6
0.841	-1.2497265086362495e-6
0.8415	-1.245797091446209e-6
0.842	-1.241867779314147e-6
0.8425	-1.2379385710218014e-6
0.843	-1.2340094653510245e-6
0.8435	-1.2300804610841752e-6
0.844	-1.2261515570038673e-6
0.8445	-1.2222227518930245e-6
0.845	-1.2182940445348808e-6
0.8455	-1.2143654337129614e-6
0.846	-1.210436918211097e-6
0.8465	-1.2065084968134118e-6
0.847	-1.2025801683043213e-6
0.8475	-1.1986519314685198e-6
0.848	-1.1947237850909965e-6
0.8485	-1.1907957279570127e-6
0.849	-1.1868677588521047e-6
0.8495	-1.1829398765620785e-6
0.85	-1.1790120798730175e-6
0.8505	-1.1750843675712565e-6
0.851	-1.1711567384433996e-6
0.8515	-1.1672291912763017e-6
0.852	-1.1633017248570735e-6
0.8525	-1.1593743379730732e-6
0.853	-1.1557920723935885e-6
0.8535	-1.1522237520328286e-6
0.854	-1.1486106028733139e-6
0.8545	-1.1449531503909749e-6
0.855	-1.1412521602003734e-6
0.8555	-1.1375086475778298e-6
0.856	-1.1337201733492472e-6
0.8565	-1.1298953759288708e-6
0.857	-1.1260329125905946e-6
0.8575	-1.1221348102878716e-6
0.858	-1.1182033387989814e-6
0.8585	-1.1142410082662317e-6
0.859	-1.1102505626982442e-6
0.8595	-1.1062349691680717e-6
0.86	-1.1021974025678849e-6
0.8605	-1.0981412259329651e-6
0.861	-1.0940699665173884e-6
0.8615	-1.089987287981466e-6
0.862	-1.085896959225643e-6
0.8625	-1.081802820564598e-6
0.863	-1.077708748066768e-6
0.8635	-1.073618616977672e-6
0.864	-1.0695362651923013e-6
0.8645	-1.0654654577384786e-6
0.865	-1.0614098531795536e-6
0.8655	-1.0573729727457367e-6
0.866	-1.0533562728499863e-6
0.8665	-1.0493381261696364e-6
0.867	-1.0453899360511046e-6
0.8675	-1.0414875227942712e-6
0.868	-1.037609290838904e-6
0.8685	-1.033734894676316e-6
0.869	-1.029809690896998e-6
0.8695	-1.0258585660493583e-6
0.87	-1.0219255424033169e-6
0.8705	-1.0181002264093653e-6
0.871	-1.014279533815824e-6
0.8715	-1.0104036490694632e-6
0.872	-1.0064041385946593e-6
0.8725	-1.0023822952499895e-6
0.873	-9.984114336651338e-7
0.8735	-9.944873134412396e-7
0.874	-9.905739815902844e-7
0.8745	-9.866442022397993e-7
0.875	-9.827132073473456e-7
0.8755000000000001	-9.787876327751458e-7
0.876	-9.748727089107703e-7
0.8765000000000001	-9.70956753128379e-7
0.877	-9.670216253065078e-7
0.8775000000000001	-9.630759207454039e-7
0.878	-9.59146010813354e-7
0.8785000000000001	-9.552923955038722e-7
0.879	-9.514492724858184e-7
0.8795000000000001	-9.475656155188112e-7
0.88	-9.435617502107656e-7
0.8805000000000001	-9.395401028168611e-7
0.881	-9.355738525474298e-7
0.8815000000000001	-9.316685503469545e-7
0.882	-9.277710400749793e-7
0.8825000000000001	-9.238351449420586e-7
0.883	-9.19885062304428e-7
0.8835000000000001	-9.15939626120278e-7
0.884	-9.120162474380424e-7
0.8845000000000001	-9.080996029808584e-7
0.885	-9.041859112923881e-7
0.8855000000000001	-9.00272281388008e-7
0.886	-8.963569513416657e-7
0.8865000000000001	-8.924376440769057e-7
0.887	-8.885119037227615e-7
0.8875000000000001	-8.845774691880021e-7
0.888	-8.806335178165011e-7
0.8885000000000001	-8.766731006742016e-7
0.889	-8.726714062397831e-7
0.8895000000000001	-8.686342511356438e-7
0.89	-8.646244875533272e-7
0.8905000000000001	-8.607471079104576e-7
0.891	-8.569152945476043e-7
0.8915000000000001	-8.530593415075445e-7
0.892	-8.49050066175176e-7
0.8925000000000001	-8.450276721616525e-7
0.893	-8.410820237304632e-7
0.8935000000000001	-8.372332869098931e-7
0.894	-8.333960580507555e-7
0.8945000000000001	-8.295040573745105e-7
0.895	-8.255733050376425e-7
0.8955000000000001	-8.21630916298668e-7
0.896	-8.176828587659814e-7
0.8965	-8.137508822515943e-7
0.897	-8.098748960802309e-7
0.8975	-8.060694378935716e-7
0.898	-8.022463570357676e-7
0.8985	-7.982949322307236e-7
0.899	-7.942376058282501e-7
0.8995	-7.901742336873673e-7
0.9	-7.862321884905292e-7
0.9005	-7.823188522779692e-7
0.901	-7.784045005618241e-7
0.9015	-7.744668237755253e-7
0.902	-7.70527601179533e-7
0.9025	-7.665917307913385e-7
0.903	-7.626611423345635e-7
0.9035	-7.587367065227095e-7
0.904	-7.54828087920845e-7
0.9045	-7.509219704448956e-7
0.905	-7.470087541263922e-7
0.9055	-7.430792345826906e-7
0.906	-7.391441460268229e-7
0.9065	-7.351933548016064e-7
0.907	-7.312443994370963e-7
0.9075	-7.273304645207869e-7
0.908	-7.23553761709473e-7
0.9085	-7.19791213859666e-7
0.909	-7.159551335672915e-7
0.9095	-7.118688011943774e-7
0.91	-7.077349656567314e-7
0.9105	-7.037028324011607e-7
0.911	-6.997808368904193e-7
0.9115	-6.958753278405495e-7
0.912	-6.919103220813772e-7
0.9125	-6.879338446435517e-7
0.913	-6.83982224700684e-7
0.9135	-6.80089676003867e-7
0.914	-6.762027664075027e-7
0.9145	-6.72281676400045e-7
0.915	-6.683228762084135e-7
0.9155	-6.643628360755723e-7
0.916	-6.604326057124117e-7
0.9165	-6.565213593216136e-7
0.917	-6.526267435487229e-7
0.9175	-6.487577820999824e-7
0.918	-6.448808948716144e-7
0.9185	-6.409578656727535e-7
0.919	-6.369790282129368e-7
0.9195	-6.329935038311898e-7
0.92	-6.290531255296682e-7
0.9205	-6.251334224048277e-7
0.921	-6.212112598334719e-7
0.9215	-6.172601319020329e-7
0.922	-6.133045182581132e-7
0.9225	-6.093540741039251e-7
0.923	-6.05413813326157e-7
0.9235	-6.0148006550053e-7
0.924	-5.975599117009802e-7
0.9245	-5.9364343817933e-7
0.925	-5.897192086348158e-7
0.9255	-5.857629119731036e-7
0.926	-5.818048063570321e-7
0.9265	-5.778649070300523e-7
0.927	-5.739512280888879e-7
0.9275	-5.700440696813187e-7
0.928	-5.661304649217923e-7
0.9285	-5.622121820510184e-7
0.929	-5.582926894995088e-7
0.9295	-5.54373639115789e-7
0.93	-5.504538977734221e-7
0.9305	-5.465342321164993e-7
0.931	-5.426145789557161e-7
0.9315	-5.386903870241698e-7
0.932	-5.347537019001374e-7
0.9325	-5.308085971118505e-7
0.933	-5.2686276039562e-7
0.9335	-5.229278889118543e-7
0.934	-5.189949157462902e-7
0.9345	-5.150572911861356e-7
0.935	-5.111289581484064e-7
0.9355	-5.071946612521444e-7
0.936	-5.032407252858019e-7
0.9365	-4.992965256704708e-7
0.937	-4.953528314899092e-7
0.9375	-4.914134155117081e-7
0.9380000000000001	-4.874793213309457e-7
0.9385	-4.835222428385107e-7
0.9390000000000001	-4.796183483491235e-7
0.9395	-4.757599292513606e-7
0.9400000000000001	-4.7209003691457833e-7
0.9405	-4.6821526397271883e-7
0.9410000000000001	-4.640023228770526e-7
0.9415	-4.598922522386795e-7
0.9420000000000001	-4.558532081466604e-7
0.9425	-4.5208001797992264e-7
0.9430000000000001	-4.4819837251194515e-7
0.9435	-4.4430043984426773e-7
0.9440000000000001	-4.4033508222405227e-7
0.9445	-4.364152447367086e-7
0.9450000000000001	-4.32547212653906e-7
0.9455	-4.286333497611899e-7
0.9460000000000001	-4.246803827099845e-7
0.9465	-4.2055921295497623e-7
0.9470000000000001	-4.1657553749724693e-7
0.9475	-4.1282549722664436e-7
0.9480000000000001	-4.0901551765163355e-7
0.9485	-4.0515194615315914e-7
0.9490000000000001	-4.0106882806466256e-7
0.9495	-3.9706679786306053e-7
0.9500000000000001	-3.930967706079633e-7
0.9505	-3.8924915488554507e-7
0.9510000000000001	-3.8533643230445197e-7
0.9515	-3.813624902101884e-7
0.9520000000000001	-3.774201485421012e-7
0.9525	-3.7350675851642615e-7
0.9530000000000001	-3.6971846172547226e-7
0.9535	-3.658454342340656e-7
0.9540000000000001	-3.619175263845909e-7
0.9545	-3.5779044972685593e-7
0.9550000000000001	-3.5380906298122917e-7
0.9555	-3.500298743161076e-7
0.9560000000000001	-3.4617842306078096e-7
0.9565	-3.4227946957225583e-7
0.9570000000000001	-3.3819493615328654e-7
0.9575	-3.3419034073601686e-7
0.9580000000000001	-3.302583915087512e-7
0.9585	-3.2633335198927055e-7
0.9590000000000001	-3.224176963877059e-7
0.9595	-3.185269875271575e-7
0.96	-3.146188382794988e-7
0.9605	-3.106917583316052e-7
0.961	-3.0669123513103926e-7
0.9615	-3.027336559908301e-7
0.962	-2.98833241557535e-7
0.9625	-2.9492821763937805e-7
0.963	-2.9101851799051497e-7
0.9635	-2.8715037201555814e-7
0.964	-2.831887502488406e-7
0.9645	-2.791246987926368e-7
0.965	-2.746292420308715e-7
0.9655	-2.705096282920988e-7
0.966	-2.6703237020126e-7
0.9665	-2.634153919174525e-7
0.967	-2.597203498297716e-7
0.9675	-2.5567645540423766e-7
0.968	-2.517015606073274e-7
0.9685	-2.4770293681995424e-7
0.969	-2.4370482014863634e-7
0.9695	-2.3972822608875985e-7
0.97	-2.358523148544119e-7
0.9705	-2.319639442566833e-7
0.971	-2.2806985674232375e-7
0.9715	-2.2414099726916786e-7
0.972	-2.2021064063595234e-7
0.9725	-2.1624567818033068e-7
0.973	-2.1228003151764142e-7
0.9735	-2.0832431195142803e-7
0.974	-2.0441583332594325e-7
0.9745	-2.0050261343506662e-7
0.975	-1.9658889480933913e-7
0.9755	-1.926641024278457e-7
0.976	-1.8873768587177213e-7
0.9765	-1.8479394349413532e-7
0.977	-1.8085025079347015e-7
0.9775	-1.7691105408415892e-7
0.978	-1.730670156583818e-7
0.9785	-1.6912141524235565e-7
0.979	-1.6481363592029392e-7
0.9795	-1.6041409870544843e-7
0.98	-1.5624540017289811e-7
0.9805	-1.5297465340061965e-7
0.981	-1.49560874606088e-7
0.9815	-1.4603169818787697e-7
0.982	-1.418683172679013e-7
0.9825	-1.3772634485572012e-7
0.983	-1.3369035898796176e-7
0.9835	-1.2972084775933505e-7
0.984	-1.257778976175523e-7
0.9845	-1.2188488395126504e-7
0.985	-1.1798692618894542e-7
0.9855	-1.1406506958475423e-7
0.986	-1.1002140084102705e-7
0.9865	-1.0601672459182095e-7
0.987	-1.0211130769417273e-7
0.9875	-9.824275490966322e-8
0.988	-9.436562409360017e-8
0.9885	-9.040985005961446e-8
0.989	-8.64311280600634e-8
0.9895	-8.24188336496884e-8
0.99	-7.838669214136969e-8
0.9905	-7.438181243297584e-8
0.991	-7.048739317367805e-8
0.9915	-6.663982102838964e-8
0.992	-6.27984358506268e-8
0.9925	-5.889989417375103e-8
0.993	-5.4993926066452917e-8
0.9935	-5.1084370999121804e-8
0.994	-4.717498032172139e-8
0.9945	-4.326049817776193e-8
0.995	-3.934244912014587e-8
0.9955	-3.541606866291466e-8
0.996	-3.1475962227643815e-8
0.9965	-2.7494704674664106e-8
0.997	-2.3514366226739992e-8
0.9975	-2.0910265121436346e-8
0.998	-1.3575907869198629e-8
0.9985	-1.1434153415885823e-8
0.999	-8.023388938454374e-9
0.9995	-4.011694469227187e-9