0.	0.
0.0005	12641.844854944973
0.001	25283.689716473844
0.0015	37925.53459117694
0.002	50567.37948563687
0.0025	63209.22440644653
0.003	75851.06936018595
0.0035	88492.91437712825
0.004	101134.75952157208
0.0045000000000000005	113776.60480183951
0.005	126418.45022288161
0.0055	139060.2957889378
0.006	151702.14150351135
0.006500000000000001	164343.98736939637
0.007	176985.83338864963
0.0075	189627.67956260714
0.008	202269.5258918869
0.0085	214911.37237637583
0.009000000000000001	227553.21901525042
0.0095	240195.06580694215
0.01	252836.9127491823
0.0105	265478.7598005083
0.011	278120.6068805157
0.0115	290762.4539839194
0.012	303404.30110789824
0.0125	316046.1482498753
0.013000000000000001	328687.9954075958
0.0135	341329.8425790892
0.014	353971.68976265594
0.0145	366613.5369568943
0.015	379255.38416068675
0.0155	391897.23137320334
0.016	404539.0785938954
0.0165	417180.9258125784
0.017	429822.77287769655
0.0175	442464.61973966064
0.018000000000000002	455106.4664023709
0.0185	467748.31287186395
0.019	480390.1591562679
0.0195	493032.0052658432
0.02	505673.8512129587
0.0205	518315.6970120914
0.021	530957.5426798402
0.021500000000000002	543599.3882349113
0.022	556241.2336981288
0.0225	568883.0790924166
0.023	581524.924442833
0.0235	594166.7697755841
0.024	606808.6151094195
0.0245	619450.4604728713
0.025	632092.3058996649
0.025500000000000002	644734.1514257565
0.026000000000000002	657375.9970893288
0.0265	670017.8429308053
0.027	682659.6889928365
0.0275	695301.5353203062
0.028	707943.3819603217
0.0285	720585.2289622369
0.029	733227.0763776198
0.029500000000000002	745868.9242602758
0.03	758510.7727042732
0.0305	771152.6218325412
0.031	783794.4717054348
0.0315	796436.3223835605
0.032	809078.1739288504
0.0325	821720.0264045643
0.033	834361.8798752935
0.0335	847003.734406972
0.034	859645.5900668496
0.0345	872287.4469235208
0.035	884929.3050468955
0.035500000000000004	897571.1645082239
0.036000000000000004	910213.0253800742
0.0365	922854.8877363488
0.037	935496.7516458828
0.0375	948138.6171761864
0.038	960780.484405262
0.0385	973422.353412638
0.039	986064.2242793068
0.0395	998706.0970877212
0.04	1.0113479719217862e6
0.0405	1.0239898488668598e6
0.041	1.0366317280097662e6
0.0415	1.0492736094387744e6
0.042	1.0619154932436235e6
0.0425	1.0745573795154975e6
0.043000000000000003	1.0871992683579596e6
0.043500000000000004	1.0998411599746877e6
0.044	1.1124830544884487e6
0.0445	1.1251249519938228e6
0.045	1.137766852585567e6
0.0455	1.1504087563586102e6
0.046	1.1630506634080582e6
0.0465	1.175692573829199e6
0.047	1.1883344877174995e6
0.0475	1.2009764051685887e6
0.048	1.2136183262782933e6
0.0485	1.226260251142601e6
0.049	1.2389021798576803e6
0.0495	1.2515441125198733e6
0.05	1.264186049232624e6
0.0505	1.276827990145117e6
0.051000000000000004	1.2894699353645889e6
0.051500000000000004	1.3021118849868998e6
0.052000000000000005	1.3147538391075104e6
0.0525	1.3273957978214307e6
0.053	1.34003776122325e6
0.0535	1.352679729407136e6
0.054	1.3653217024668227e6
0.0545	1.3779636804956177e6
0.055	1.3906056635864018e6
0.0555	1.4032476518316213e6
0.056	1.4158896453233038e6
0.0565	1.428531644338093e6
0.057	1.4411736492537e6
0.0575	1.4538156601585445e6
0.058	1.4664576771332072e6
0.0585	1.4790997002537642e6
0.059000000000000004	1.4917417295917934e6
0.059500000000000004	1.504383765214403e6
0.06	1.5170258071842147e6
0.0605	1.5296678555593512e6
0.061	1.5423099103934597e6
0.0615	1.5549519717357107e6
0.062	1.5675940396308019e6
0.0625	1.5802361141189337e6
0.063	1.5928781952358393e6
0.0635	1.605520282914215e6
0.064	1.6181623770707464e6
0.0645	1.6308044777303026e6
0.065	1.6434465849151618e6
0.0655	1.6560886986449359e6
0.066	1.668730818936551e6
0.0665	1.68137294580426e6
0.067	1.6940150792596373e6
0.0675	1.706657219311587e6
0.068	1.7192993659663422e6
0.0685	1.731941519227451e6
0.069	1.744583679095795e6
0.0695	1.7572258455465338e6
0.07	1.7698680182979484e6
0.07050000000000001	1.7825101972643158e6
0.07100000000000001	1.7951523824418709e6
0.07150000000000001	1.8077945738274094e6
0.07200000000000001	1.8204367714183198e6
0.0725	1.8330789752125647e6
0.073	1.8457211852086945e6
0.0735	1.8583634014058402e6
0.074	1.8710056238037045e6
0.0745	1.8836478524025844e6
0.075	1.8962900872033648e6
0.0755	1.9089323282074835e6
0.076	1.921574575416982e6
0.0765	1.9342168288444146e6
0.077	1.9468590885567286e6
0.0775	1.9595013545683858e6
0.078	1.972143626882298e6
0.0785	1.9847859055012334e6
0.079	1.9974281904278062e6
0.0795	2.0100704816644916e6
0.08	2.0227127792136117e6
0.0805	2.0353550830773322e6
0.081	2.0479973932576906e6
0.0815	2.0606397097565664e6
0.082	2.0732820325756972e6
0.0825	2.085924361716648e6
0.083	2.098566697147557e6
0.0835	2.1112090388021884e6
0.084	2.123851386680858e6
0.0845	2.1364937407865883e6
0.085	2.1491361011231276e6
0.0855	2.1617784676949647e6
0.08600000000000001	2.174420840507317e6
0.08650000000000001	2.1870632195661208e6
0.08700000000000001	2.1997056048780577e6
0.08750000000000001	2.212347996450535e6
0.088	2.224990394291682e6
0.0885	2.237632798410376e6
0.089	2.2502752088162065e6
0.0895	2.2629176255195104e6
0.09	2.2755600484933094e6
0.0905	2.288202477709882e6
0.091	2.300844913182734e6
0.0915	2.313487354926776e6
0.092	2.3261298029583027e6
0.0925	2.3387722572950176e6
0.093	2.351414717956006e6
0.0935	2.364057184961757e6
0.094	2.376699658334161e6
0.0945	2.389342138096486e6
0.095	2.4019846242734124e6
0.0955	2.4146271168910083e6
0.096	2.427269615979901e6
0.0965	2.4399121216368494e6
0.097	2.4525546339189326e6
0.0975	2.465197152856315e6
0.098	2.47783967847973e6
0.0985	2.4904822108204574e6
0.099	2.503124749910335e6
0.0995	2.515767295781757e6
0.1	2.528409848467666e6
0.1005	2.541052408001579e6
0.101	2.553694974417544e6
0.1015	2.5663375477501815e6
0.10200000000000001	2.5789801280346564e6
0.10250000000000001	2.591622715306709e6
0.10300000000000001	2.604265309618868e6
0.10350000000000001	2.6169079111099667e6
0.10400000000000001	2.6295505198341e6
0.1045	2.6421931358268973e6
0.105	2.6548357591233877e6
0.1055	2.667478389757991e6
0.106	2.680121027764513e6
0.1065	2.6927636731761578e6
0.107	2.7054063260255195e6
0.1075	2.718048986344581e6
0.108	2.7306916541647157e6
0.1085	2.7433343295166977e6
0.109	2.7559770124306805e6
0.1095	2.7686197029437674e6
0.11	2.781262401107113e6
0.1105	2.7939051069501946e6
0.111	2.8065478205001582e6
0.1115	2.8191905417832695e6
0.112	2.831833270824919e6
0.1125	2.8444760076496354e6
0.113	2.857118752281061e6
0.1135	2.86976150474196e6
0.114	2.8824042650542352e6
0.1145	2.8950470332389125e6
0.115	2.907689809316142e6
0.1155	2.9203325933051924e6
0.116	2.9329753852244676e6
0.1165	2.9456181850844757e6
0.117	2.958260992894591e6
0.11750000000000001	2.970903808670779e6
0.11800000000000001	2.983546632428247e6
0.11850000000000001	2.99618946418146e6
0.11900000000000001	3.0088323039441356e6
0.11950000000000001	3.021475151729229e6
0.12	3.0341180075489506e6
0.1205	3.046760871414762e6
0.121	3.059403743337371e6
0.1215	3.0720466233267416e6
0.122	3.084689511392081e6
0.1225	3.097332407542042e6
0.123	3.1099753117993195e6
0.1235	3.1226182241800376e6
0.124	3.135261144690055e6
0.1245	3.1479040733342883e6
0.125	3.1605470101166843e6
0.1255	3.17318995504023e6
0.126	3.185832908106969e6
0.1265	3.198475869317969e6
0.127	3.2111188386733443e6
0.1275	3.223761816172256e6
0.128	3.236404801812908e6
0.1285	3.2490477955925283e6
0.129	3.261690797507415e6
0.1295	3.274333807544743e6
0.13	3.2869768256480987e6
0.1305	3.29961985180261e6
0.131	3.312262886001875e6
0.1315	3.3249059282391234e6
0.132	3.3375489785071914e6
0.1325	3.350192036798561e6
0.133	3.362835103105307e6
0.1335	3.375478177419136e6
0.134	3.3881212597313863e6
0.1345	3.4007643500330034e6
0.135	3.4134074483145573e6
0.1355	3.4260505545662525e6
0.136	3.438693668781169e6
0.1365	3.451336790964225e6
0.137	3.463979921106296e6
0.1375	3.4766230591956973e6
0.138	3.4892662052201927e6
0.1385	3.5019093591669723e6
0.139	3.5145525210226853e6
0.1395	3.527195690773434e6
0.14	3.5398388684047433e6
0.1405	3.5524820539015937e6
0.14100000000000001	3.565125247248408e6
0.14150000000000001	3.577768448429049e6
0.14200000000000002	3.5904116574268322e6
0.14250000000000002	3.603054874224511e6
0.14300000000000002	3.615698098866984e6
0.14350000000000002	3.62834133140076e6
0.14400000000000002	3.6409845718053007e6
0.1445	3.6536278200584063e6
0.145	3.6662710761362305e6
0.1455	3.678914340013263e6
0.146	3.691557611662351e6
0.1465	3.70420089105468e6
0.147	3.71684417815979e6
0.1475	3.729487472945565e6
0.148	3.7421307753782417e6
0.1485	3.7547740854223836e6
0.149	3.7674174030409246e6
0.1495	3.7800607281941343e6
0.15	3.7927040608406435e6
0.1505	3.8053474009384317e6
0.151	3.8179907484438457e6
0.1515	3.830634103311608e6
0.152	3.8432774654947873e6
0.1525	3.8559208349448093e6
0.153	3.86856421161148e6
0.1535	3.881207595442961e6
0.154	3.893850986385769e6
0.1545	3.906494384384788e6
0.155	3.9191377893832666e6
0.1555	3.9317812013227986e6
0.156	3.9444246201413106e6
0.1565	3.9570680457645208e6
0.157	3.9697114781270637e6
0.1575	3.982354917164291e6
0.158	3.9949983628100255e6
0.1585	4.0076418149966183e6
0.159	4.020285273654908e6
0.1595	4.0329287387142475e6
0.16	4.045572210102484e6
0.1605	4.0582156877459735e6
0.161	4.07085917156958e6
0.1615	4.083502661496644e6
0.162	4.0961461574490443e6
0.1625	4.1087896593470965e6
0.163	4.121433167109412e6
0.1635	4.134076680653305e6
0.164	4.146720199894645e6
0.1645	4.1593637247478054e6
0.165	4.1720072551256744e6
0.1655	4.184650790939635e6
0.166	4.197294332099577e6
0.1665	4.209937878513885e6
0.167	4.222581430089454e6
0.1675	4.235224986731686e6
0.168	4.247868548344479e6
0.1685	4.260512114830222e6
0.169	4.273155686089819e6
0.1695	4.285799261376155e6
0.17	4.298442839932126e6
0.1705	4.311086421670811e6
0.171	4.3237300065149795e6
0.1715	4.336373594397058e6
0.17200000000000001	4.349017185259151e6
0.17250000000000001	4.361660779053024e6
0.17300000000000001	4.3743043757401025e6
0.17350000000000002	4.386947975291476e6
0.17400000000000002	4.399591577687931e6
0.17450000000000002	4.412235182919896e6
0.17500000000000002	4.424878790987499e6
0.17550000000000002	4.43752240190053e6
0.176	4.450166015716333e6
0.1765	4.462809632517903e6
0.177	4.475453252343409e6
0.1775	4.488096875239516e6
0.178	4.50074050126179e6
0.1785	4.513384130474725e6
0.179	4.5260277629517205e6
0.1795	4.538671398775117e6
0.18	4.551315038036181e6
0.1805	4.563958680835115e6
0.181	4.576602327281065e6
0.1815	4.589245977492148e6
0.182	4.601889631595416e6
0.1825	4.614533290342216e6
0.183	4.627176957646127e6
0.1835	4.639820634262991e6
0.184	4.652464320270822e6
0.1845	4.665108015713337e6
0.185	4.677751720599915e6
0.1855	4.690395434905615e6
0.186	4.703039158571127e6
0.1865	4.715682891502791e6
0.187	4.728326633572576e6
0.1875	4.740970384618074e6
0.188	4.753614144442528e6
0.1885	4.7662579128148e6
0.189	4.778901689472534e6
0.1895	4.791545474146069e6
0.19	4.804189266508538e6
0.1905	4.8168330661908e6
0.191	4.829476872789073e6
0.1915	4.842120685864943e6
0.192	4.854764504945408e6
0.1925	4.867408329522903e6
0.193	4.880052159055332e6
0.1935	4.892695992966103e6
0.194	4.905339830644159e6
0.1945	4.917983671444055e6
0.195	4.930627514685957e6
0.1955	4.943271359644483e6
0.196	4.955915201439888e6
0.1965	4.968559035982496e6
0.197	4.981202862559011e6
0.1975	4.993846680485836e6
0.198	5.006490489109021e6
0.1985	5.0191342878041975e6
0.199	5.031778075976549e6
0.1995	5.04442185306077e6
0.2	5.057065618521012e6
0.2005	5.069709371850884e6
0.201	5.082353112573378e6
0.2015	5.094996840240864e6
0.202	5.107640554435067e6
0.2025	5.120284254348562e6
0.203	5.132927939038194e6
0.20350000000000001	5.145571608181573e6
0.20400000000000001	5.158215261498319e6
0.20450000000000002	5.1708588987460015e6
0.20500000000000002	5.183502519720138e6
0.20550000000000002	5.196146124254183e6
0.20600000000000002	5.208789712219558e6
0.20650000000000002	5.221433283525644e6
0.20700000000000002	5.2340768381197965e6
0.20750000000000002	5.246720375987352e6
0.20800000000000002	5.259363897151657e6
0.2085	5.272007401674081e6
0.209	5.284650890243609e6
0.2095	5.297294366713924e6
0.21	5.309937831872769e6
0.2105	5.322581285851169e6
0.211	5.335224728776012e6
0.2115	5.347868160770048e6
0.212	5.360511581951876e6
0.2125	5.373154992435932e6
0.213	5.385798392332511e6
0.2135	5.398441781747725e6
0.214	5.411085160783526e6
0.2145	5.423728529537685e6
0.215	5.436371888103819e6
0.2155	5.449015236623376e6
0.216	5.46165857552296e6
0.2165	5.474301904942091e6
0.217	5.486945224949874e6
0.2175	5.499588535607303e6
0.218	5.512231836967245e6
0.2185	5.52487512907444e6
0.219	5.537518411965501e6
0.2195	5.550161685668909e6
0.22	5.562804950205017e6
0.2205	5.575448205586033e6
0.221	5.588091451816047e6
0.2215	5.600734688891001e6
0.222	5.6133779167987e6
0.2225	5.626021134869782e6
0.223	5.638664342377614e6
0.2235	5.651307539302452e6
0.224	5.663950725628279e6
0.2245	5.676593901342507e6
0.225	5.6892370664359955e6
0.2255	5.701880220903032e6
0.226	5.714523364741347e6
0.2265	5.72716649795212e6
0.227	5.739809620539936e6
0.2275	5.752452732512851e6
0.228	5.76509583388234e6
0.2285	5.777738924663441e6
0.229	5.790382004921581e6
0.2295	5.803025074716256e6
0.23	5.815668134071549e6
0.2305	5.828311183014254e6
0.231	5.840954221573867e6
0.2315	5.8535972497825725e6
0.232	5.866240267675266e6
0.2325	5.878883275289548e6
0.233	5.891526272665718e6
0.2335	5.904169259846777e6
0.234	5.916812236878438e6
0.23450000000000001	5.929455203809095e6
0.23500000000000001	5.942098160689854e6
0.23550000000000001	5.954741107605119e6
0.23600000000000002	5.967384044819501e6
0.23650000000000002	5.980026972429182e6
0.23700000000000002	5.992669890491389e6
0.23750000000000002	6.0053127990636835e6
0.23800000000000002	6.017955698203947e6
0.23850000000000002	6.030598587970367e6
0.23900000000000002	6.043241468421474e6
0.23950000000000002	6.055884339616109e6
0.24	6.068527201613428e6
0.2405	6.081170054472932e6
0.241	6.093812898254412e6
0.2415	6.106455733017994e6
0.242	6.119098558869579e6
0.2425	6.131741376039003e6
0.243	6.144384184601154e6
0.2435	6.157026984613206e6
0.244	6.169669776130654e6
0.2445	6.182312559207342e6
0.245	6.194955333895432e6
0.2455	6.20759810024543e6
0.246	6.2202408583061695e6
0.2465	6.232883608124839e6
0.247	6.245526349746937e6
0.2475	6.258169083216313e6
0.248	6.270811808575144e6
0.2485	6.283454525863949e6
0.249	6.296097234889064e6
0.2495	6.308739935418781e6
0.25	6.321382627494532e6
0.2505	6.334025311160778e6
0.251	6.346667986464634e6
0.2515	6.359310653455819e6
0.252	6.371953312186715e6
0.2525	6.384595962712338e6
0.253	6.397238605090347e6
0.2535	6.409881239381028e6
0.254	6.422523865647322e6
0.2545	6.435166483954786e6
0.255	6.447809094370987e6
0.2555	6.460451696942127e6
0.256	6.473094291729337e6
0.2565	6.485736878809286e6
0.257	6.498379458261619e6
0.2575	6.511022030168931e6
0.258	6.523664594616793e6
0.2585	6.536307151693737e6
0.259	6.548949701491258e6
0.2595	6.5615922441038145e6
0.26	6.5742347796288375e6
0.2605	6.586877308166718e6
0.261	6.59951982982081e6
0.2615	6.612162344697439e6
0.262	6.624804852970266e6
0.2625	6.637447355232449e6
0.263	6.65008985169269e6
0.2635	6.66273234245849e6
0.264	6.675374827634813e6
0.2645	6.688017307324072e6
0.265	6.700659781626149e6
0.2655	6.7133022506383965e6
0.266	6.725944714455585e6
0.2665	6.738587173169982e6
0.267	6.751229626871296e6
0.2675	6.763872075646705e6
0.268	6.776514519580833e6
0.2685	6.789156958787756e6
0.269	6.801799393430754e6
0.2695	6.814441823589951e6
0.27	6.827084249337507e6
0.2705	6.839726670741989e6
0.271	6.852369087868388e6
0.2715	6.865011500778127e6
0.272	6.877653909529064e6
0.2725	6.890296314175454e6
0.273	6.902938714768001e6
0.2735	6.915581111353831e6
0.274	6.928223503976488e6
0.2745	6.9408658926759465e6
0.275	6.9535082774886135e6
0.2755	6.966150658207426e6
0.276	6.978793034565835e6
0.2765	6.991435406595315e6
0.277	7.00407777432925e6
0.2775	7.016720137802029e6
0.278	7.029362497049098e6
0.2785	7.042004852106905e6
0.279	7.054647203012956e6
0.2795	7.067289549805772e6
0.28	7.079931892524911e6
0.2805	7.092574231210968e6
0.281	7.105216565905555e6
0.28150000000000003	7.117858896652784e6
0.28200000000000003	7.130501223526359e6
0.28250000000000003	7.14314354658263e6
0.28300000000000003	7.155785865866698e6
0.28350000000000003	7.168428181424312e6
0.28400000000000003	7.181070493301887e6
0.28450000000000003	7.193712801546492e6
0.28500000000000003	7.206355106205868e6
0.28550000000000003	7.218997407328409e6
0.28600000000000003	7.231639704963172e6
0.28650000000000003	7.244281999159877e6
0.28700000000000003	7.256924289968908e6
0.28750000000000003	7.269566577441305e6
0.28800000000000003	7.282208861628778e6
0.2885	7.294851142628078e6
0.289	7.307493420839845e6
0.2895	7.320135696388307e6
0.29	7.332777969320108e6
0.2905	7.345420239678573e6
0.291	7.358062507503706e6
0.2915	7.370704772832179e6
0.292	7.383347035697338e6
0.2925	7.395989296129213e6
0.293	7.408631554154505e6
0.2935	7.421273809796577e6
0.294	7.433916063075483e6
0.2945	7.446558314007941e6
0.295	7.459200562748358e6
0.2955	7.471842809617017e6
0.296	7.484485054626832e6
0.2965	7.4971272977721775e6
0.297	7.50976953904012e6
0.2975	7.522411778410451e6
0.298	7.535054015855654e6
0.2985	7.547696251340927e6
0.299	7.560338484824165e6
0.2995	7.572980716255982e6
0.3	7.585622945579679e6
0.3005	7.598265172731271e6
0.301	7.61090739763947e6
0.3015	7.623549620225706e6
0.302	7.636191840197932e6
0.3025	7.648834057200402e6
0.303	7.661476271137442e6
0.3035	7.674118481911091e6
0.304	7.686760689420107e6
0.3045	7.699402893559995e6
0.305	7.712045094222958e6
0.3055	7.724687291297949e6
0.306	7.737329484670618e6
0.3065	7.749971674223343e6
0.307	7.762613859835216e6
0.3075	7.775256041382039e6
0.308	7.787898218729792e6
0.3085	7.800540391644103e6
0.309	7.813182559956034e6
0.3095	7.825824723530466e6
0.31	7.838466882230227e6
0.3105	7.851109035916104e6
0.311	7.863751184446833e6
0.3115	7.876393327679108e6
0.312	7.889035465467558e6
0.3125	7.901677597664773e6
0.313	7.914319724121272e6
0.3135	7.926961844685526e6
0.314	7.93960395920395e6
0.3145	7.952246067520891e6
0.315	7.964888169478632e6
0.3155	7.977530264917389e6
0.316	7.990172353675302e6
0.3165	8.002814435588454e6
0.317	8.015456510490858e6
0.3175	8.028098578214433e6
0.318	8.040740638589036e6
0.3185	8.053382691442431e6
0.319	8.066024736600314e6
0.3195	8.078666773886283e6
0.32	8.091308803121861e6
0.3205	8.103950824126464e6
0.321	8.1165928367174305e6
0.3215	8.129234841027233e6
0.322	8.14187683742039e6
0.3225	8.154518825708068e6
0.323	8.1671608056816235e6
0.3235	8.179802777122707e6
0.324	8.192444739803287e6
0.3245	8.205086693485604e6
0.325	8.217728637922195e6
0.3255	8.230370572855855e6
0.326	8.243012498019643e6
0.3265	8.255654413136851e6
0.327	8.268296317921008e6
0.3275	8.2809382120758705e6
0.328	8.293580095294454e6
0.3285	8.306221952454134e6
0.329	8.318863761496019e6
0.3295	8.331505518148864e6
0.33	8.34414721809096e6
0.3305	8.356788856870212e6
0.331	8.369430429905759e6
0.3315	8.382071932489611e6
0.332	8.394713359788274e6
0.3325	8.407354706844479e6
0.333	8.419995968578838e6
0.3335	8.432637139791641e6
0.334	8.445278215164607e6
0.3345	8.457919188941607e6
0.335	8.470560053209305e6
0.3355	8.48320080185054e6
0.336	8.49584142914268e6
0.3365	8.508481929281171e6
0.337	8.521122296381459e6
0.3375	8.533762524480922e6
0.338	8.546402607540831e6
0.3385	8.559042539448304e6
0.339	8.571682314018248e6
0.3395	8.584321924995366e6
0.34	8.596961366056114e6
0.3405	8.609600630810674e6
0.341	8.62223971280493e6
0.3415	8.634878605522493e6
0.342	8.647517302386597e6
0.3425	8.660155796762183e6
0.343	8.672794081957763e6
0.3435	8.685432151227467e6
0.34400000000000003	8.698069997772962e6
0.34450000000000003	8.710707614745421e6
0.34500000000000003	8.72334499524747e6
0.34550000000000003	8.735982132335113e6
0.34600000000000003	8.748619019019654e6
0.34650000000000003	8.76125564826962e6
0.34700000000000003	8.773892013012644e6
0.34750000000000003	8.78652810604369e6
0.34800000000000003	8.799163920959268e6
0.34850000000000003	8.811799450662682e6
0.34900000000000003	8.824434687930627e6
0.34950000000000003	8.83706962550076e6
0.35000000000000003	8.849704256073447e6
0.35050000000000003	8.86233857231354e6
0.35100000000000003	8.874972566852039e6
0.35150000000000003	8.887606232287882e6
0.352	8.90023956118961e6
0.3525	8.912872546097038e6
0.353	8.925505179522937e6
0.3535	8.938137453954676e6
0.354	8.950769361855825e6
0.3545	8.963400895667808e6
0.355	8.976032047811458e6
0.3555	8.988662810917117e6
0.356	9.001293177036855e6
0.3565	9.013923138688048e6
0.357	9.026552688234402e6
0.3575	9.039181818027586e6
0.358	9.051810520408638e6
0.3585	9.064438787709428e6
0.359	9.077066612253996e6
0.3595	9.089693986359952e6
0.36	9.102320902339801e6
0.3605	9.114947352502257e6
0.361	9.127573329457583e6
0.3615	9.140198825911473e6
0.362	9.152823834161937e6
0.3625	9.16544834650009e6
0.363	9.178072355213242e6
0.3635	9.190695852586059e6
0.364	9.203318830901742e6
0.3645	9.215941282443104e6
0.365	9.22856319949368e6
0.3655	9.24118457433877e6
0.366	9.253805399266485e6
0.3665	9.266425666568786e6
0.367	9.279045368542435e6
0.3675	9.291664497489981e6
0.368	9.30428304572072e6
0.3685	9.316901005551593e6
0.369	9.329518369308084e6
0.3695	9.342135129325109e6
0.37	9.354751277947843e6
0.3705	9.367366807532571e6
0.371	9.379981710447501e6
0.3715	9.392595979073506e6
0.372	9.405209605804944e6
0.3725	9.417822583050366e6
0.373	9.430434903233232e6
0.3735	9.443046558792638e6
0.374	9.455657542345079e6
0.3745	9.468267846900553e6
0.375	9.480877464984916e6
0.3755	9.493486389092283e6
0.376	9.506094611729156e6
0.3765	9.518702125414973e6
0.377	9.531308922682712e6
0.3775	9.543914996079424e6
0.378	9.556520338166775e6
0.3785	9.569124941521544e6
0.379	9.581728798736138e6
0.3795	9.59433190241906e6
0.38	9.606934245195376e6
0.3805	9.619535819707172e6
0.381	9.632136618613953e6
0.3815	9.644736634593118e6
0.382	9.657335860340297e6
0.3825	9.669934288569784e6
0.383	9.682531912014872e6
0.3835	9.695128723428251e6
0.384	9.7077247155823e6
0.3845	9.720319881269462e6
0.385	9.732914213302536e6
0.3855	9.745507704514962e6
0.386	9.75810034776117e6
0.3865	9.770692135916779e6
0.387	9.78328306165878e6
0.3875	9.795873115327666e6
0.388	9.808462289147235e6
0.3885	9.821050576137885e6
0.389	9.833637969373254e6
0.3895	9.846224461980363e6
0.39	9.858810047139827e6
0.3905	9.871394718086034e6
0.391	9.883978468107268e6
0.3915	9.896561290545853e6
0.392	9.909143178798322e6
0.3925	9.921724126315482e6
0.393	9.93430412660257e6
0.3935	9.946883173219318e6
0.394	9.959461259780036e6
0.3945	9.972038379953705e6
0.395	9.984614527464041e6
0.3955	9.997189696089532e6
0.396	1.0009763879663488e7
0.3965	1.002233707207409e7
0.397	1.0034909267264385e7
0.3975	1.0047480459232328e7
0.398	1.0060050642030783e7
0.3985	1.00726198097675e7
0.399	1.0085187956605135e7
0.3995	1.00977550767612e7
0.4	1.011032116451082e7
0.4005	1.0122886217827896e7
0.401	1.013545023432292e7
0.4015	1.0148013208336655e7
0.402	1.01605751342053e7
0.4025	1.017313600626061e7
0.403	1.0185695818829944e7
0.4035	1.019825456623634e7
0.404	1.0210812242798561e7
0.4045	1.0223368842831133e7
0.405	1.0235924360644389e7
0.4055	1.0248478790544493e7
0.406	1.0261032126833474e7
0.40650000000000003	1.0273584363809204e7
0.40700000000000003	1.0286135495765448e7
0.40750000000000003	1.0298685516991837e7
0.40800000000000003	1.0311234421773858e7
0.40850000000000003	1.0323782204392847e7
0.40900000000000003	1.033632885912598e7
0.40950000000000003	1.034887438024621e7
0.41000000000000003	1.0361418762022264e7
0.41050000000000003	1.037396199871859e7
0.41100000000000003	1.0386504084595297e7
0.41150000000000003	1.0399045013908124e7
0.41200000000000003	1.041158478090837e7
0.41250000000000003	1.0424123379842829e7
0.41300000000000003	1.0436660804953692e7
0.41350000000000003	1.0449197049852287e7
0.41400000000000003	1.0461732105445161e7
0.41450000000000004	1.0474265965508608e7
0.41500000000000004	1.0486798624342475e7
0.41550000000000004	1.0499330076279579e7
0.41600000000000004	1.0511860315685606e7
0.4165	1.0524389336959025e7
0.417	1.0536917134531004e7
0.4175	1.054944370286531e7
0.418	1.0561969036458213e7
0.4185	1.0574493129838398e7
0.419	1.0587015977566862e7
0.4195	1.0599537574236805e7
0.42	1.061205791447355e7
0.4205	1.0624576992934428e7
0.421	1.0637094804308664e7
0.4215	1.06496113433173e7
0.422	1.0662126604713054e7
0.4225	1.0674640583280247e7
0.423	1.0687153273834659e7
0.4235	1.0699664671223447e7
0.424	1.0712174770325014e7
0.4245	1.0724683566048926e7
0.425	1.0737191053335762e7
0.4255	1.0749697227157025e7
0.426	1.0762202082515007e7
0.4265	1.0774705614444798e7
0.427	1.078720781899207e7
0.4275	1.0799708692057734e7
0.428	1.0812208228742167e7
0.4285	1.082470642416059e7
0.429	1.0837203273442943e7
0.4295	1.0849698771733774e7
0.43	1.086219291419211e7
0.4305	1.0874685695991356e7
0.431	1.0887177112319151e7
0.4315	1.0899667158377303e7
0.432	1.0912155829381607e7
0.4325	1.092464312056176e7
0.433	1.0937129027161237e7
0.4335	1.0949613544437168e7
0.434	1.0962096667660214e7
0.4345	1.097457839211446e7
0.435	1.0987058713097272e7
0.4355	1.0999537625919184e7
0.436	1.1012015125903798e7
0.4365	1.1024491208387617e7
0.437	1.1036965868719956e7
0.4375	1.1049439102262821e7
0.438	1.1061910904390754e7
0.4385	1.1074381270490749e7
0.439	1.10868501959621e7
0.4395	1.1099317676216284e7
0.44	1.1111783706891555e7
0.4405	1.1124248284493817e7
0.441	1.1136711404604973e7
0.4415	1.1149173062659185e7
0.442	1.1161633254089896e7
0.4425	1.1174091974329775e7
0.443	1.1186549218810493e7
0.4435	1.1199004982962651e7
0.444	1.1211459262215586e7
0.4445	1.1223912051997289e7
0.445	1.1236363347734228e7
0.4455	1.12488131448512e7
0.446	1.1261261438771218e7
0.4465	1.1273708224915352e7
0.447	1.1286153498702563e7
0.4475	1.1298597255549595e7
0.448	1.1311039490870805e7
0.4485	1.1323480200078016e7
0.449	1.1335919378580369e7
0.4495	1.1348357021784158e7
0.45	1.1360793125092706e7
0.4505	1.1373227683906183e7
0.451	1.138566069362148e7
0.4515	1.139809214963202e7
0.452	1.1410522047327617e7
0.4525	1.1422950382094333e7
0.453	1.1435377149321515e7
0.4535	1.1447802345578086e7
0.454	1.1460225967095817e7
0.4545	1.147264800921748e7
0.455	1.1485068467263488e7
0.4555	1.1497487336531641e7
0.456	1.1509904612296985e7
0.4565	1.1522320289811496e7
0.457	1.1534734364303898e7
0.4575	1.1547146830979412e7
0.458	1.1559557685019549e7
0.4585	1.1571966921581792e7
0.459	1.158437453579942e7
0.4595	1.15967805227812e7
0.46	1.1609184877611144e7
0.4605	1.1621587595348252e7
0.461	1.1633988671026215e7
0.4615	1.1646388099653162e7
0.462	1.165878587621135e7
0.4625	1.1671181995656915e7
0.463	1.168357645291953e7
0.4635	1.1695969242902143e7
0.464	1.170836036048064e7
0.4645	1.1720749800503558e7
0.465	1.1733137557791779e7
0.4655	1.1745523627138155e7
0.466	1.1757908003307223e7
0.4665	1.1770290677337278e7
0.467	1.178267163596286e7
0.4675	1.1795050873703064e7
0.468	1.1807428385427857e7
0.4685	1.1819804166084457e7
0.46900000000000003	1.1832178210697586e7
0.46950000000000003	1.1844550514369652e7
0.47000000000000003	1.1856921072281e7
0.47050000000000003	1.1869289879690073e7
0.47100000000000003	1.1881656931933684e7
0.47150000000000003	1.1894022224427095e7
0.47200000000000003	1.1906385752664283e7
0.47250000000000003	1.1918747512218028e7
0.47300000000000003	1.1931107498740103e7
0.47350000000000003	1.1943465707961395e7
0.47400000000000003	1.195582213569202e7
0.47450000000000003	1.196817677782144e7
0.47500000000000003	1.1980529630318586e7
0.47550000000000003	1.1992880689231904e7
0.47600000000000003	1.200522995068946e7
0.47650000000000003	1.2017577410898983e7
0.47700000000000004	1.2029923066147935e7
0.47750000000000004	1.2042266912803527e7
0.47800000000000004	1.2054608947312761e7
0.47850000000000004	1.2066949166202411e7
0.47900000000000004	1.2079287566079075e7
0.47950000000000004	1.2091624144691678e7
0.48	1.2103958900427263e7
0.4805	1.211629183011598e7
0.481	1.2128622930625234e7
0.4815	1.214095219887741e7
0.482	1.2153279631849855e7
0.4825	1.2165605226574758e7
0.483	1.2177928980139116e7
0.4835	1.2190250889684593e7
0.484	1.2202570952407481e7
0.4845	1.2214889165558599e7
0.485	1.2227205526443187e7
0.4855	1.223952003242079e7
0.486	1.2251832680905176e7
0.4865	1.2264143469364211e7
0.487	1.2276452395319741e7
0.4875	1.2288759456347477e7
0.488	1.2301064650076853e7
0.4885	1.2313367974190924e7
0.489	1.2325669426426198e7
0.4895	1.233796900457251e7
0.49	1.2350266706472887e7
0.4905	1.2362562530023366e7
0.491	1.2374856473172873e7
0.4915	1.2387148533923056e7
0.492	1.2399438710329061e7
0.4925	1.2411727001560643e7
0.493	1.2424013406707946e7
0.4935	1.2436297923952682e7
0.494	1.2448580551510502e7
0.4945	1.2460861287630847e7
0.495	1.2473140130596835e7
0.4955	1.248541707872512e7
0.496	1.2497692130365746e7
0.4965	1.2509965283902047e7
0.497	1.2522236537750464e7
0.4975	1.253450589036044e7
0.498	1.254677334021427e7
0.4985	1.2559038885826975e7
0.499	1.257130252574616e7
0.4995	1.2583564258551849e7
0.5	1.2595824082856359e7
0.5005000000000001	1.2608081997304182e7
0.501	1.2620338000571804e7
0.5015000000000001	1.2632592091367586e7
0.502	1.2644844268431596e7
0.5025000000000001	1.2657094530535493e7
0.503	1.266934287648235e7
0.5035000000000001	1.268158930510653e7
0.504	1.2693833815273527e7
0.5045000000000001	1.2706076405879809e7
0.505	1.2718317075111741e7
0.5055000000000001	1.2730555824102653e7
0.506	1.2742792651290255e7
0.5065000000000001	1.2755027555688772e7
0.507	1.2767260536333751e7
0.5075000000000001	1.277949159228189e7
0.508	1.2791720722610898e7
0.5085000000000001	1.2803947926419307e7
0.509	1.2816173202826357e7
0.5095000000000001	1.2828396550971806e7
0.51	1.2840617970015766e7
0.5105000000000001	1.2852837459138596e7
0.511	1.2865055017540678e7
0.5115000000000001	1.2877270644442288e7
0.512	1.2889484339083439e7
0.5125	1.2901696100723729e7
0.513	1.2913905928642154e7
0.5135	1.2926113822136955e7
0.514	1.29383197805255e7
0.5145	1.295052380314405e7
0.515	1.2962725889347656e7
0.5155	1.297492603850998e7
0.516	1.2987124250023136e7
0.5165	1.2999320523297507e7
0.517	1.301151485900389e7
0.5175	1.3023707254565353e7
0.518	1.3035897710347466e7
0.5185	1.3048086225994091e7
0.519	1.3060272801478002e7
0.5195	1.3072457436366329e7
0.52	1.3084640130205963e7
0.5205	1.309682088255739e7
0.521	1.3108999692994675e7
0.5215	1.3121176561105343e7
0.522	1.3133351486490287e7
0.5225	1.3145524468763703e7
0.523	1.3157695507553035e7
0.5235	1.3169864602498833e7
0.524	1.318203175325471e7
0.5245	1.3194196959487274e7
0.525	1.3206360220876018e7
0.5255	1.3218521537113238e7
0.526	1.3230680907904e7
0.5265	1.3242838332965994e7
0.527	1.3254993812029516e7
0.5275	1.3267147344837336e7
0.528	1.327929893114468e7
0.5285	1.329144857071909e7
0.529	1.3303596263340386e7
0.5295	1.3315742008800572e7
0.53	1.332788580690377e7
0.5305	1.334002765746614e7
0.531	1.3352167560315805e7
0.5315	1.3364305515292749e7
0.532	1.337644152261054e7
0.5325	1.3388575582547845e7
0.533	1.3400707694969617e7
0.5335	1.3412837859745424e7
0.534	1.3424966076749977e7
0.5345	1.3437092345863083e7
0.535	1.3449216666969642e7
0.5355	1.346133903995975e7
0.536	1.347345946472802e7
0.5365	1.3485577941174483e7
0.537	1.349769446920396e7
0.5375	1.3509809048726171e7
0.538	1.3521921679655699e7
0.5385	1.3534032361911934e7
0.539	1.3546141095419094e7
0.5395	1.3558247880106127e7
0.54	1.3570352715906722e7
0.5405	1.3582455602759257e7
0.541	1.3594556540606795e7
0.5415	1.3606655529396968e7
0.542	1.361875256908207e7
0.5425	1.3630847659618914e7
0.543	1.3642940800968872e7
0.5435	1.3655031993097793e7
0.544	1.3667121235976014e7
0.5445	1.3679208529578293e7
0.545	1.3691293873883804e7
0.5455	1.3703377269050352e7
0.546	1.3715458715392368e7
0.5465	1.3727538212903462e7
0.547	1.3739615760811197e7
0.5475	1.375169136090234e7
0.548	1.3763765012034187e7
0.5485	1.3775836714213496e7
0.549	1.3787906467444776e7
0.5495	1.3799974271730233e7
0.55	1.3812040127069643e7
0.5505	1.3824104033460341e7
0.551	1.3836165990897132e7
0.5515	1.3848226019579832e7
0.552	1.3860284691933563e7
0.5525	1.3872342270923872e7
0.553	1.3884398758571818e7
0.5535	1.389645415689263e7
0.554	1.3908508467895834e7
0.5545	1.3920561693585185e7
0.555	1.3932613835958764e7
0.5555	1.394466489700897e7
0.556	1.3956714878722535e7
0.5565	1.3968763783080565e7
0.557	1.398081161205856e7
0.5575	1.3992858367626406e7
0.558	1.400490405174847e7
0.5585	1.4016948666383537e7
0.559	1.4028992213494888e7
0.5595	1.404103469523952e7
0.56	1.4053076113641385e7
0.5605	1.4065116470632708e7
0.561	1.4077155768137995e7
0.5615	1.4089194008074015e7
0.562	1.4101231192349846e7
0.5625	1.4113267322866905e7
0.5630000000000001	1.412530240151899e7
0.5635	1.4137336430192307e7
0.5640000000000001	1.4149369410765504e7
0.5645	1.41614013451097e7
0.5650000000000001	1.4173432235088523e7
0.5655	1.4185462082558148e7
0.5660000000000001	1.4197490889367301e7
0.5665	1.420951865735732e7
0.5670000000000001	1.422154538836219e7
0.5675	1.4233571084208539e7
0.5680000000000001	1.4245595746715693e7
0.5685	1.4257619377695717e7
0.5690000000000001	1.4269641978953416e7
0.5695	1.4281663552286392e7
0.5700000000000001	1.4293684099485062e7
0.5705	1.4305703622332674e7
0.5710000000000001	1.4317722122605368e7
0.5715	1.4329739602072185e7
0.5720000000000001	1.4341756062495088e7
0.5725	1.4353771505629022e7
0.5730000000000001	1.4365785933197415e7
0.5735	1.4377799346484546e7
0.5740000000000001	1.4389811747056285e7
0.5745	1.4401823136649378e7
0.5750000000000001	1.4413833516998537e7
0.5755	1.4425842889836472e7
0.5760000000000001	1.4437851256893916e7
0.5765	1.4449858619899591e7
0.577	1.4461864980580242e7
0.5775	1.4473870340660624e7
0.578	1.4485874701863525e7
0.5785	1.4497878065909749e7
0.579	1.4509880434518127e7
0.5795	1.4521881809405547e7
0.58	1.4533882192286907e7
0.5805	1.4545881584875172e7
0.581	1.455787998888133e7
0.5815	1.4569877406014457e7
0.582	1.4581873837981654e7
0.5825	1.4593869286488105e7
0.583	1.4605863753237037e7
0.5835	1.4617857239929767e7
0.584	1.4629849748265684e7
0.5845	1.4641841279942237e7
0.585	1.465383183665498e7
0.5855	1.4665821420097545e7
0.586	1.4677810031961646e7
0.5865	1.4689797673937107e7
0.587	1.4701784347711843e7
0.5875	1.471377005536712e7
0.588	1.472575479913066e7
0.5885	1.4737738580677083e7
0.589	1.4749721401668726e7
0.5895	1.4761703263759177e7
0.59	1.4773684168593299e7
0.5905	1.4785664117807282e7
0.591	1.4797643113028672e7
0.5915	1.4809621155876398e7
0.592	1.482159824796082e7
0.5925	1.4833574390883755e7
0.593	1.484554958623849e7
0.5935	1.4857523835609857e7
0.594	1.4869497140574235e7
0.5945	1.4881469502699587e7
0.595	1.489344092354551e7
0.5955	1.4905411404663231e7
0.596	1.4917380947595669e7
0.5965	1.4929349553877467e7
0.597	1.4941317225035e7
0.5975	1.4953283962586416e7
0.598	1.4965249768041693e7
0.5985	1.4977214642902618e7
0.599	1.4989178588662853e7
0.5995	1.5001141606807962e7
0.6	1.5013103698815418e7
0.6005	1.5025064866154669e7
0.601	1.5037025110287122e7
0.6015	1.5048984432916714e7
0.602	1.5060942845666919e7
0.6025	1.5072900355203893e7
0.603	1.508485696275314e7
0.6035	1.5096812669421911e7
0.604	1.5108767476199476e7
0.6045	1.5120721383957433e7
0.605	1.513267439344988e7
0.6055	1.5144626505313663e7
0.606	1.5156577720068408e7
0.6065	1.5168528038116693e7
0.607	1.5180477459744018e7
0.6075	1.5192425985118816e7
0.608	1.520437361429236e7
0.6085	1.5216320347198706e7
0.609	1.5228266183654472e7
0.6095	1.524021112335867e7
0.61	1.5252155165892452e7
0.6105	1.5264098310718779e7
0.611	1.5276040557182083e7
0.6115	1.5287981904507898e7
0.612	1.5299922351802329e7
0.6125	1.5311861898051653e7
0.613	1.5323800542121675e7
0.6135	1.5335738282757195e7
0.614	1.5347675118581308e7
0.6145	1.5359611048094707e7
0.615	1.5371546069674928e7
0.6155	1.5383480181575555e7
0.616	1.539541338183082e7
0.6165	1.5407345660647511e7
0.617	1.5419277010971082e7
0.6175	1.5431207430667622e7
0.618	1.5443136917567383e7
0.6185	1.545506546946451e7
0.619	1.5466993084116755e7
0.6195	1.5478919759245189e7
0.62	1.54908454925339e7
0.6205	1.5502770281629698e7
0.621	1.5514694124141807e7
0.6215	1.5526617017641537e7
0.622	1.5538538959661981e7
0.6225	1.5550459947697686e7
0.623	1.5562379979204332e7
0.6235	1.5574299051598363e7
0.624	1.5586217162256652e7
0.6245	1.5598134308516195e7
0.625	1.5610050487673674e7
0.6255000000000001	1.5621965696985152e7
0.626	1.5633879933665685e7
0.6265000000000001	1.5645793194888927e7
0.627	1.565770547778675e7
0.6275000000000001	1.566961677944887e7
0.628	1.5681527096922413e7
0.6285000000000001	1.569343642721153e7
0.629	1.5705344767276956e7
0.6295000000000001	1.57172521140356e7
0.63	1.5729158464360114e7
0.6305000000000001	1.5741063813168865e7
0.631	1.5752968152482687e7
0.6315000000000001	1.5764871478854427e7
0.632	1.5776773789071113e7
0.6325000000000001	1.5788675079927793e7
0.633	1.5800575348227758e7
0.6335000000000001	1.581247459078267e7
0.634	1.5824372804412762e7
0.6345000000000001	1.5836269985946987e7
0.635	1.5848166132223204e7
0.6355000000000001	1.5860061240088338e7
0.636	1.5871955306398539e7
0.6365000000000001	1.5883848328019433e7
0.637	1.5895740301826155e7
0.6375000000000001	1.5907631224703679e7
0.638	1.5919521093546879e7
0.6385000000000001	1.5931409905260766e7
0.639	1.5943297656760644e7
0.6395000000000001	1.5955184344972296e7
0.64	1.5967069966832161e7
0.6405	1.5978954519287515e7
0.641	1.5990837999296647e7
0.6415	1.600272040382904e7
0.642	1.601460172986558e7
0.6425	1.6026481974398691e7
0.643	1.6038361134432562e7
0.6435	1.6050239206983296e7
0.644	1.6062116189003736e7
0.6445	1.6073992076225068e7
0.645	1.6085866865231061e7
0.6455	1.6097740553109111e7
0.646	1.6109613136975152e7
0.6465	1.6121484613974016e7
0.647	1.6133354981279746e7
0.6475	1.614522423609597e7
0.648	1.6157092375656234e7
0.6485	1.6168959397224346e7
0.649	1.6180825298094708e7
0.6495	1.619269007559268e7
0.65	1.6204553727074893e7
0.6505	1.621641624992958e7
0.651	1.6228277641576964e7
0.6515	1.62401378994695e7
0.652	1.6251997021092298e7
0.6525	1.6263855003963413e7
0.653	1.6275711845634159e7
0.6535	1.628756754368945e7
0.654	1.6299422095748128e7
0.6545	1.6311275499463288e7
0.655	1.6323127752522565e7
0.6555	1.6334978852648485e7
0.656	1.6346828797598766e7
0.6565	1.6358677585166616e7
0.657	1.637052521318108e7
0.6575	1.638237167946851e7
0.658	1.63942169817702e7
0.6585	1.6406061118008485e7
0.659	1.6417904086162137e7
0.6595	1.642974588424915e7
0.66	1.6441586510327023e7
0.6605	1.6453425962493083e7
0.661	1.6465264238884762e7
0.6615	1.647710133767991e7
0.662	1.6488937257097067e7
0.6625	1.6500771995395722e7
0.663	1.6512605550876644e7
0.6635	1.6524437921882104e7
0.664	1.6536269106796168e7
0.6645	1.6548099104044959e7
0.665	1.6559927912096912e7
0.6655	1.6571755529463021e7
0.666	1.6583581954697113e7
0.6665	1.6595407186396057e7
0.667	1.6607231223200027e7
0.6675	1.6619054063792728e7
0.668	1.6630875706901623e7
0.6685	1.6642696151298163e7
0.669	1.6654515395798005e7
0.6695	1.6666333439261185e7
0.67	1.6678150280592393e7
0.6705	1.6689965918809216e7
0.671	1.6701780353427745e7
0.6715	1.6713593583591776e7
0.672	1.672540560837508e7
0.6725	1.6737216426890627e7
0.673	1.6749026038290827e7
0.6735	1.676083444176759e7
0.674	1.6772641636552539e7
0.6745	1.6784447621917084e7
0.675	1.679625239717258e7
0.6755	1.6808055961670484e7
0.676	1.6819858314802427e7
0.6765	1.683165945600031e7
0.677	1.6843459384736534e7
0.6775	1.6855258100523956e7
0.678	1.6867055602916095e7
0.6785	1.687885189150717e7
0.679	1.689064696593226e7
0.6795	1.69024408258673e7
0.68	1.6914233471029233e7
0.6805	1.692602490117605e7
0.681	1.693781511610689e7
0.6815	1.694960411566208e7
0.682	1.6961391899723187e7
0.6825	1.6973178468213134e7
0.683	1.6984963821096186e7
0.6835	1.6996747958618294e7
0.684	1.7008530881964963e7
0.6845	1.7020312591358103e7
0.685	1.7032093086899694e7
0.6855	1.704387236871942e7
0.686	1.7055650436974697e7
0.6865	1.70674272918506e7
0.687	1.7079202933559988e7
0.6875	1.7090977362343438e7
0.6880000000000001	1.7102750578469295e7
0.6885	1.7114522582233615e7
0.6890000000000001	1.712629337396025e7
0.6895	1.713806295400078e7
0.6900000000000001	1.7149831322734535e7
0.6905	1.71615984805686e7
0.6910000000000001	1.7173364427937776e7
0.6915	1.718512916530462e7
0.6920000000000001	1.719689269315938e7
0.6925	1.720865501202e7
0.6930000000000001	1.722041612243213e7
0.6935	1.7232176024969056e7
0.6940000000000001	1.7243934720231727e7
0.6945	1.7255692208848674e7
0.6950000000000001	1.7267448491476055e7
0.6955	1.7279203568797573e7
0.6960000000000001	1.7290957441524453e7
0.6965	1.7302710110884696e7
0.6970000000000001	1.7314461578891657e7
0.6975	1.7326211846380867e7
0.6980000000000001	1.7337960914136298e7
0.6985	1.7349708782953076e7
0.6990000000000001	1.736145545363749e7
0.6995	1.7373200927006885e7
0.7000000000000001	1.738494520388978e7
0.7005	1.7396688285125747e7
0.7010000000000001	1.7408430171565417e7
0.7015	1.7420170864070475e7
0.7020000000000001	1.743191036351366e7
0.7025	1.744364867077869e7
0.7030000000000001	1.745538578676029e7
0.7035	1.746712171236413e7
0.704	1.747885644850687e7
0.7045	1.7490589996116072e7
0.705	1.75023223561302e7
0.7055	1.7514053529498637e7
0.706	1.752578351718159e7
0.7065	1.753751232015013e7
0.707	1.754923993938614e7
0.7075	1.7560966375882316e7
0.708	1.7572691630642097e7
0.7085	1.7584415704679705e7
0.709	1.7596138599020053e7
0.7095	1.7607860314924948e7
0.71	1.7619580853871733e7
0.7105	1.7631300216919728e7
0.711	1.7643018405122265e7
0.7115	1.765473541953733e7
0.712	1.766645126122758e7
0.7125	1.7678165931260314e7
0.713	1.7689879430707473e7
0.7135	1.7701591760645613e7
0.714	1.771330292215592e7
0.7145	1.7725012916324183e7
0.715	1.7736721744240746e7
0.7155	1.7748429407000575e7
0.716	1.7760135905703183e7
0.7165	1.777184124145262e7
0.717	1.77835454153575e7
0.7175	1.7795248428530965e7
0.718	1.780695028209066e7
0.7185	1.781865097715874e7
0.719	1.7830350514861856e7
0.7195	1.784204889633114e7
0.72	1.7853746122702174e7
0.7205	1.7865442195115026e7
0.721	1.787713711471416e7
0.7215	1.788883088264853e7
0.722	1.7900523500071444e7
0.7225	1.7912214968940575e7
0.723	1.7923905292331383e7
0.7235	1.793559447146163e7
0.724	1.7947282507444713e7
0.7245	1.7958969401373934e7
0.725	1.797065515432262e7
0.7255	1.7982339767344106e7
0.726	1.799402324147181e7
0.7265	1.800570557771927e7
0.727	1.801738677708019e7
0.7275	1.802906684052847e7
0.728	1.8040745769018266e7
0.7285	1.8052423563484013e7
0.729	1.8064100224840455e7
0.7295	1.8075775753982715e7
0.73	1.8087450151786286e7
0.7305	1.8099123419107106e7
0.731	1.811079555678155e7
0.7315	1.812246656562649e7
0.732	1.8134136446439337e7
0.7325	1.8145805199998025e7
0.733	1.815747282706106e7
0.7335	1.8169139328367583e7
0.734	1.8180804704637334e7
0.7345	1.819246895657071e7
0.735	1.820413208484879e7
0.7355	1.8215794089865595e7
0.736	1.822745497071437e7
0.7365	1.8239114727786995e7
0.737	1.82507733617241e7
0.7375	1.8262430873165023e7
0.738	1.827408726274777e7
0.7385	1.8285742531109028e7
0.739	1.8297396678884163e7
0.7395	1.8309049706707258e7
0.74	1.8320701615211047e7
0.7405	1.8332352405026972e7
0.741	1.8344002076785155e7
0.7415	1.8355650631114405e7
0.742	1.8367298068642244e7
0.7425	1.8378944389994856e7
0.743	1.8390589595797125e7
0.7435	1.8402233686672647e7
0.744	1.841387666324368e7
0.7445	1.842551852613122e7
0.745	1.843715927595491e7
0.7455	1.8448798913333133e7
0.746	1.8460437438882943e7
0.7465	1.84720748532201e7
0.747	1.848371115695907e7
0.7475	1.8495346350713022e7
0.748	1.8506980435093805e7
0.7485	1.8518613410722293e7
0.749	1.8530245278576855e7
0.7495	1.8541876039446767e7
0.75	1.8553505693930317e7
0.7505000000000001	1.856513424261962e7
0.751	1.8576761686100636e7
0.7515000000000001	1.85883880249532e7
0.752	1.860001325975097e7
0.7525000000000001	1.861163739106148e7
0.753	1.862326041944613e7
0.7535000000000001	1.8634882345460173e7
0.754	1.864650316965274e7
0.7545000000000001	1.8658122892566852e7
0.755	1.8669741514739398e7
0.7555000000000001	1.8681359036701158e7
0.756	1.8692975458976798e7
0.7565000000000001	1.8704590782084867e7
0.757	1.8716205006537836e7
0.7575000000000001	1.872781813284206e7
0.758	1.873943016149779e7
0.7585000000000001	1.875104109299919e7
0.759	1.876265092783435e7
0.7595000000000001	1.8774259666277338e7
0.76	1.8785867307122163e7
0.7605000000000001	1.8797473850470126e7
0.761	1.8809079296784118e7
0.7615000000000001	1.8820683646521054e7
0.762	1.883228689994571e7
0.7625000000000001	1.884388905713172e7
0.763	1.885549011851407e7
0.7635000000000001	1.886709008453711e7
0.764	1.887868895564414e7
0.7645000000000001	1.8890286732277337e7
0.765	1.890188341487784e7
0.7655000000000001	1.8913479003885675e7
0.766	1.892507349973981e7
0.7665000000000001	1.8936666902878135e7
0.767	1.894825921373744e7
0.7675000000000001	1.895985043275345e7
0.768	1.8971440560360823e7
0.7685	1.8983029596993122e7
0.769	1.899461754308283e7
0.7695	1.900620439906137e7
0.77	1.9017790165359095e7
0.7705	1.902937484240524e7
0.771	1.9040958430628005e7
0.7715	1.9052540930454493e7
0.772	1.906412234231074e7
0.7725	1.9075702666621707e7
0.773	1.9087281903811283e7
0.7735	1.909886005430226e7
0.774	1.911043711851639e7
0.7745	1.9122013096874326e7
0.775	1.9133587989792373e7
0.7755	1.9145161797658022e7
0.776	1.915673452088139e7
0.7765	1.916830615987953e7
0.777	1.9179876715068784e7
0.7775	1.919144618686477e7
0.778	1.9203014575682435e7
0.7785	1.9214581881935965e7
0.779	1.9226148106038865e7
0.7795	1.923771324840391e7
0.78	1.924927730944319e7
0.7805	1.9260840289568048e7
0.781	1.9272402189189155e7
0.7815	1.928396300871643e7
0.782	1.9295522748559125e7
0.7825	1.930708140912573e7
0.783	1.9318638990824092e7
0.7835	1.933019549406128e7
0.784	1.9341750919243686e7
0.7845	1.935330526677699e7
0.785	1.9364858537066165e7
0.7855	1.9376410730515465e7
0.786	1.938796184752843e7
0.7865	1.9399511888507903e7
0.787	1.9411060853856012e7
0.7875	1.942260874397417e7
0.788	1.9434155559263103e7
0.7885	1.9445701300127212e7
0.789	1.9457245966970947e7
0.7895	1.9468789560192782e7
0.79	1.9480332080190368e7
0.7905	1.9491873527360592e7
0.791	1.9503413902099542e7
0.7915	1.9514953204802513e7
0.792	1.952649143586399e7
0.7925	1.9538028595677704e7
0.793	1.954956468463657e7
0.7935	1.956109970313271e7
0.794	1.957263365155748e7
0.7945	1.9584166530301414e7
0.795	1.959569833975427e7
0.7955	1.960722908030502e7
0.796	1.9618758752341844e7
0.7965	1.9630287356252115e7
0.797	1.964181489242245e7
0.7975	1.9653341361238632e7
0.798	1.9664866763085697e7
0.7985	1.967639109834786e7
0.799	1.9687914367408562e7
0.7995	1.9699436570650443e7
0.8	1.9710957708455376e7
0.8005	1.972247778120441e7
0.801	1.9733996789277833e7
0.8015	1.974551473306197e7
0.802	1.9757031612976093e7
0.8025	1.9768547429404367e7
0.803	1.978006218272296e7
0.8035	1.9791575873306803e7
0.804	1.980308850152959e7
0.8045	1.9814600067763735e7
0.805	1.982611057238042e7
0.8055	1.983762001574956e7
0.806	1.984912839823983e7
0.8065	1.9860635720218636e7
0.807	1.9872141982052144e7
0.8075	1.988364718410527e7
0.808	1.9895151326741662e7
0.8085	1.9906654410323735e7
0.809	1.9918156435212635e7
0.8095	1.9929657401768267e7
0.81	1.9941157310349286e7
0.8105	1.9952656161313083e7
0.811	1.9964153955015805e7
0.8115	1.997565069181236e7
0.812	1.998714637205637e7
0.8125	1.9998640996100232e7
0.8130000000000001	2.00101345642951e7
0.8135	2.0021627076990847e7
0.8140000000000001	2.0033118534536123e7
0.8145	2.004460893727825e7
0.8150000000000001	2.0056098285502706e7
0.8155	2.0067586579501078e7
0.8160000000000001	2.0079073819618493e7
0.8165	2.009056000619981e7
0.8170000000000001	2.010204513958965e7
0.8175	2.0113529220132314e7
0.8180000000000001	2.012501224817188e7
0.8185	2.013649422405212e7
0.8190000000000001	2.0147975148116544e7
0.8195	2.0159455020708404e7
0.8200000000000001	2.017093384217067e7
0.8205	2.018241161284604e7
0.8210000000000001	2.0193888333076946e7
0.8215	2.0205364003205553e7
0.8220000000000001	2.0216838623573735e7
0.8225	2.0228312194523115e7
0.8230000000000001	2.0239784716395043e7
0.8235	2.025125618953058e7
0.8240000000000001	2.0262726614270534e7
0.8245	2.027419599095544e7
0.8250000000000001	2.0285664319925547e7
0.8255	2.0297131601520836e7
0.8260000000000001	2.0308597836081035e7
0.8265	2.0320063023945574e7
0.8270000000000001	2.033152716545363e7
0.8275	2.0342990260944087e7
0.8280000000000001	2.035445231071877e7
0.8285	2.0365913314934734e7
0.8290000000000001	2.037737327390768e7
0.8295	2.0388832187979683e7
0.8300000000000001	2.0400290057494637e7
0.8305	2.0411746882798232e7
0.8310000000000001	2.0423202664237957e7
0.8315	2.0434657402163144e7
0.8320000000000001	2.0446111096924886e7
0.8325	2.0457563748876095e7
0.833	2.046901535837152e7
0.8335	2.0480465925767675e7
0.834	2.049191545142289e7
0.8345	2.0503363935697306e7
0.835	2.0514811378952857e7
0.8355	2.0526257781553306e7
0.836	2.0537703143864173e7
0.8365	2.0549147466252826e7
0.837	2.0560590749088414e7
0.8375	2.0572032992741887e7
0.838	2.058347419758599e7
0.8385	2.059491436399529e7
0.839	2.0606353492346134e7
0.8395	2.061779158301668e7
0.84	2.062922863638686e7
0.8405	2.064066465283846e7
0.841	2.0652099632756002e7
0.8415	2.066353357679999e7
0.842	2.0674966485570833e7
0.8425	2.068639835945085e7
0.843	2.0697829198819973e7
0.8435	2.0709259004055686e7
0.844	2.0720687775533114e7
0.8445	2.0732115513624944e7
0.845	2.074354221870146e7
0.8455	2.075496789113056e7
0.846	2.076639253127769e7
0.8465	2.0777816139505953e7
0.847	2.078923871617598e7
0.8475	2.0800660261646055e7
0.848	2.0812080776272014e7
0.8485	2.0823500260407314e7
0.849	2.0834918714402992e7
0.8495	2.0846336138607696e7
0.85	2.0857752533367645e7
0.8505	2.0869167899026677e7
0.851	2.0880582235926226e7
0.8515	2.0891995544405304e7
0.852	2.090340782480053e7
0.8525	2.0914819077446118e7
0.853	2.0926229302673895e7
0.8535	2.093763850081324e7
0.854	2.094904667219118e7
0.8545	2.0960453871323604e7
0.855	2.09718603413269e7
0.8555	2.098326607896904e7
0.856	2.099467104933415e7
0.8565	2.100607520928843e7
0.857	2.101747852589202e7
0.8575	2.1028880963687193e7
0.858	2.1040282488347776e7
0.8585	2.1051683066883933e7
0.859	2.1063082667854413e7
0.8595	2.1074481261583507e7
0.86	2.1085878820379686e7
0.8605	2.1097275318752073e7
0.861	2.1108670733620886e7
0.8615	2.1120065044517692e7
0.862	2.1131458233770844e7
0.8625	2.1142850286672045e7
0.863	2.1154241191619787e7
0.8635	2.1165630940235924e7
0.864	2.1177019527452268e7
0.8645	2.1188406951564807e7
0.865	2.1199793214253932e7
0.8655	2.1211178320570137e7
0.866	2.1222562278885562e7
0.8665	2.123394510081278e7
0.867	2.124532680109308e7
0.8675	2.125670739734481e7
0.868	2.126808689226804e7
0.8685	2.127946532421143e7
0.869	2.129084274407506e7
0.8695	2.1302219171982132e7
0.87	2.1313594625996236e7
0.8705	2.132496908802352e7
0.871	2.133634251693639e7
0.8715	2.134771491386894e7
0.872	2.1359086349230103e7
0.8725	2.137045685694099e7
0.873	2.1381826407130573e7
0.8735	2.1393194917166844e7
0.874	2.1404562320799034e7
0.8745	2.141592865919665e7
0.875	2.1427293988921236e7
0.8755000000000001	2.1438658313039783e7
0.876	2.1450021632659584e7
0.8765000000000001	2.1461383936603323e7
0.877	2.14727452266537e7
0.8775000000000001	2.148410551402842e7
0.878	2.149546479991649e7
0.8785000000000001	2.1506823073797055e7
0.879	2.151818032096933e7
0.8795000000000001	2.1529536552363914e7
0.88	2.1540891821293112e7
0.8805000000000001	2.15522461484873e7
0.881	2.1563599505884368e7
0.8815000000000001	2.157495181262934e7
0.882	2.1586303025497016e7
0.8825000000000001	2.159765319552112e7
0.883	2.1609002376281817e7
0.8835000000000001	2.1620350566056307e7
0.884	2.1631697750065275e7
0.8845000000000001	2.1643043906733837e7
0.885	2.1654389041100446e7
0.8855000000000001	2.166573317061234e7
0.886	2.167707630214544e7
0.8865000000000001	2.1688418439213417e7
0.887	2.1699759581994973e7
0.8875000000000001	2.1711099729689848e7
0.888	2.172243888000255e7
0.8885000000000001	2.1733777028281875e7
0.889	2.1745114167777233e7
0.8895000000000001	2.1756450290044956e7
0.89	2.1767785381402172e7
0.8905000000000001	2.1779119406223115e7
0.891	2.1790452338564146e7
0.8915000000000001	2.1801784210341193e7
0.892	2.1813115128286414e7
0.8925000000000001	2.1824445109702203e7
0.893	2.1835774135160383e7
0.8935000000000001	2.1847102099945296e7
0.894	2.1858428976735342e7
0.8945000000000001	2.186975486712127e7
0.895	2.188107981607226e7
0.8955000000000001	2.1892403836106483e7
0.896	2.1903726879189853e7
0.8965	2.1915048916273676e7
0.897	2.1926369942247726e7
0.8975	2.193768995566502e7
0.898	2.1949008972987287e7
0.8985	2.196032705585756e7
0.899	2.197164423499361e7
0.8995	2.198296048784171e7
0.9	2.199427569447281e7
0.9005	2.2005589781793665e7
0.901	2.2016902800261274e7
0.9015	2.202821482087521e7
0.902	2.2039525851570506e7
0.9025	2.205083589426567e7
0.903	2.2062144932937346e7
0.9035	2.207345296815722e7
0.904	2.2084760003949728e7
0.9045	2.209606604505469e7
0.905	2.210737110003738e7
0.9055	2.2118675178429034e7
0.906	2.2129978280121397e7
0.9065	2.2141280394428458e7
0.907	2.2152581512479294e7
0.9075	2.216388162863755e7
0.908	2.2175180730856977e7
0.9085	2.218647883605671e7
0.909	2.2197776013932347e7
0.9095	2.2209072332119122e7
0.91	2.22203677776651e7
0.9105	2.223166220569279e7
0.911	2.2242955471903853e7
0.9115	2.225424761776858e7
0.912	2.2265538753432937e7
0.9125	2.227682890082353e7
0.913	2.228811808061898e7
0.9135	2.2299406271043792e7
0.914	2.231069347120574e7
0.9145	2.23219796858664e7
0.915	2.233326491089683e7
0.9155	2.2344549125356343e7
0.916	2.235583228742404e7
0.9165	2.236711440199909e7
0.917	2.237839552384494e7
0.9175	2.238967570294949e7
0.918	2.2400954958274495e7
0.9185	2.2412233284623023e7
0.919	2.2423510669408172e7
0.9195	2.243478708516172e7
0.92	2.2446062481942613e7
0.9205	2.2457336848273676e7
0.921	2.2468610209273726e7
0.9215	2.2479882591071144e7
0.922	2.2491153995765854e7
0.9225	2.2502424404147357e7
0.923	2.251369380762427e7
0.9235	2.2524962209199574e7
0.924	2.253622961765842e7
0.9245	2.254749603890469e7
0.925	2.2558761483061142e7
0.9255	2.2570025955517773e7
0.926	2.2581289450664792e7
0.9265	2.259255194659117e7
0.927	2.2603813438030906e7
0.9275	2.2615073937645175e7
0.928	2.2626333467855748e7
0.9285	2.2637592035462957e7
0.929	2.2648849636720013e7
0.9295	2.2660106267510183e7
0.93	2.267136192710041e7
0.9305	2.2682616615424044e7
0.931	2.2693870332521766e7
0.9315	2.2705123079864882e7
0.932	2.271637485920064e7
0.9325	2.272762566683966e7
0.933	2.273887549081988e7
0.9335	2.2750124322976414e7
0.934	2.276137216419191e7
0.9345	2.2772619023481846e7
0.935	2.2783864903790575e7
0.9355	2.2795109803425796e7
0.936	2.2806353718737315e7
0.9365	2.2817596649045113e7
0.937	2.2828838594453502e7
0.9375	2.2840079556170236e7
0.9380000000000001	2.2851319535105113e7
0.9385	2.2862558529876497e7
0.9390000000000001	2.287379655245389e7
0.9395	2.288503364194435e7
0.9400000000000001	2.2896269833641067e7
0.9405	2.2907505113336824e7
0.9410000000000001	2.2918739394205358e7
0.9415	2.292997262342512e7
0.9420000000000001	2.294120481172291e7
0.9425	2.2952436017248973e7
0.9430000000000001	2.2963666257949382e7
0.9435	2.2974895521760914e7
0.9440000000000001	2.2986123792868502e7
0.9445	2.2997351081695758e7
0.9450000000000001	2.3008577425291076e7
0.9455	2.3019802836570557e7
0.9460000000000001	2.3031027296812773e7
0.9465	2.3042250757949546e7
0.9470000000000001	2.305347321603558e7
0.9475	2.306469471029426e7
0.9480000000000001	2.3075915276822314e7
0.9485	2.308713491128009e7
0.9490000000000001	2.3098353569137964e7
0.9495	2.3109571229855172e7
0.9500000000000001	2.3120787900446337e7
0.9505	2.31320036057392e7
0.9510000000000001	2.3143218351372927e7
0.9515	2.315443212731901e7
0.9520000000000001	2.3165644926731996e7
0.9525	2.3176856759570178e7
0.9530000000000001	2.318806765747329e7
0.9535	2.319927762635087e7
0.9540000000000001	2.3210486639742006e7
0.9545	2.3221694646716397e7
0.9550000000000001	2.323290164850277e7
0.9555	2.3244107700899746e7
0.9560000000000001	2.3255312843395617e7
0.9565	2.3266517066198163e7
0.9570000000000001	2.327772030932088e7
0.9575	2.328892254792859e7
0.9580000000000001	2.330012378837564e7
0.9585	2.3311324054822605e7
0.9590000000000001	2.3322523359217048e7
0.9595	2.3333721719158765e7
0.96	2.3344919142189767e7
0.9605	2.3356115617845766e7
0.961	2.3367311111333728e7
0.9615	2.3378505613609765e7
0.962	2.338969914096698e7
0.9625	2.340089172041655e7
0.963	2.3412083358255673e7
0.9635	2.3423274064760774e7
0.964	2.3434463824856646e7
0.9645	2.3445652572258383e7
0.965	2.3456840151282724e7
0.9655	2.3468026570783027e7
0.966	2.347921202703233e7
0.9665	2.3490396686393846e7
0.967	2.3501580569462422e7
0.9675	2.3512763580997165e7
0.968	2.3523945651230164e7
0.9685	2.3535126746583432e7
0.969	2.3546306846685484e7
0.9695	2.3557485949091524e7
0.97	2.356866408215983e7
0.9705	2.35798412788145e7
0.971	2.359101754631247e7
0.9715	2.360219287702531e7
0.972	2.3613367262717858e7
0.9725	2.3624540691895623e7
0.973	2.3635713146768257e7
0.9735	2.3646884625327043e7
0.974	2.3658055142312117e7
0.9745	2.3669224713745113e7
0.975	2.368039334415009e7
0.9755	2.3691561032009464e7
0.976	2.370272777488159e7
0.9765	2.371389356744556e7
0.977	2.372505840116788e7
0.9775	2.3736222275589127e7
0.978	2.374738522094824e7
0.9785	2.3758547242411118e7
0.979	2.3769708264229327e7
0.9795	2.378086804235642e7
0.98	2.379202657421874e7
0.9805	2.3803184190196577e7
0.981	2.3814341194820087e7
0.9815	2.3825497611057788e7
0.982	2.3836653235057514e7
0.9825	2.3847807820799887e7
0.983	2.385896131420406e7
0.9835	2.3870113799550597e7
0.984	2.3881265316921093e7
0.9845	2.3892415890492927e7
0.985	2.3903565539932016e7
0.9855	2.3914714260038868e7
0.986	2.392586200189042e7
0.9865	2.3937008736824207e7
0.987	2.394815448664208e7
0.9875	2.3959299320823282e7
0.988	2.3970443256865084e7
0.9885	2.398158627179527e7
0.989	2.3992728321341824e7
0.9895	2.40038693830615e7
0.99	2.401500942473412e7
0.9905	2.4026148443888202e7
0.991	2.4037286485333987e7
0.9915	2.4048423636564497e7
0.992	2.4059559923212018e7
0.9925	2.4070695325734444e7
0.993	2.4081829808149055e7
0.9935	2.4092963361720983e7
0.994	2.410409599077478e7
0.9945	2.4115227696183752e7
0.995	2.4126358474284604e7
0.9955	2.4137488319847465e7
0.996	2.4148617223843705e7
0.9965	2.4159745165343657e7
0.997	2.4170872126139473e7
0.9975	2.418199820238599e7
0.998	2.419312007021317e7
0.9985	2.420424331151926e7
0.999	2.4215366540627595e7
0.9995	2.4226488889435027e7