0.	0.
0.001	50642.26771809354
0.002	101284.54804224838
0.003	151926.85357851553
0.004	202569.1969329486
0.005	253211.59071160376
0.006	303854.0475205679
0.007	354496.579965887
0.008	405139.2006536378
0.009000000000000001	455781.9221898661
0.01	506424.7571806923
0.011	557067.7182321778
0.012	607710.8179504196
0.013000000000000001	658354.0689415178
0.014	708997.4838115672
0.015	759641.075166693
0.016	810284.8556130208
0.017	860928.8377566687
0.018000000000000002	911573.0342037926
0.019	962217.4575605365
0.02	1.0128621204330642e6
0.021	1.0635070354275552e6
0.022	1.1141522151501917e6
0.023	1.164797672207189e6
0.024	1.215443419204757e6
0.025	1.266089468749125e6
0.026000000000000002	1.316735833446531e6
0.027	1.3673825259032291e6
0.028	1.4180295587255142e6
0.029	1.4686769445196711e6
0.03	1.519324695891998e6
0.031	1.5699728254488334e6
0.032	1.6206213457965131e6
0.033	1.6712702695414124e6
0.034	1.7219196092899006e6
0.035	1.7725693776483836e6
0.036000000000000004	1.8232195872232846e6
0.037	1.8738702506210455e6
0.038	1.9245213804481255e6
0.039	1.9751729893110155e6
0.04	2.0258250898162182e6
0.041	2.0764776945702801e6
0.042	2.127130816179724e6
0.043000000000000003	2.1777844672511336e6
0.044	2.2284386603911133e6
0.045	2.2790934082062943e6
0.046	2.329748723303324e6
0.047	2.3804046182888574e6
0.048	2.431061105769608e6
0.049	2.481718198352285e6
0.05	2.532375908643651e6
0.051000000000000004	2.583034249250468e6
0.052000000000000005	2.6336932327795634e6
0.053	2.6843528718377394e6
0.054	2.7350131790318624e6
0.055	2.785674166968825e6
0.056	2.8363358482555174e6
0.057	2.886998235498893e6
0.058	2.9376613413059306e6
0.059000000000000004	2.9883251782836057e6
0.06	3.038989759038953e6
0.061	3.0896550961790187e6
0.062	3.1403212023109016e6
0.063	3.190988090041704e6
0.064	3.24165577227178e6
0.065	3.2923242707048245e6
0.066	3.3429936022698767e6
0.067	3.393663779591409e6
0.068	3.4443348152915137e6
0.069	3.495006721989953e6
0.07	3.54567951230411e6
0.07100000000000001	3.596353198848939e6
0.07200000000000001	3.647027794237038e6
0.073	3.6977033110785587e6
0.074	3.7483797619812475e6
0.075	3.799057159550402e6
0.076	3.8497355163888554e6
0.077	3.9004148450969863e6
0.078	3.9510951582726925e6
0.079	4.0017764685113933e6
0.08	4.052458788405983e6
0.081	4.1031421305468376e6
0.082	4.153826507521819e6
0.083	4.204511931916233e6
0.084	4.255198416312808e6
0.085	4.305885973291747e6
0.08600000000000001	4.356574615430628e6
0.08700000000000001	4.407264355304447e6
0.088	4.457955205485599e6
0.089	4.508647178543811e6
0.09	4.559340287046222e6
0.091	4.610034543557295e6
0.092	4.660729960638803e6
0.093	4.711426550849889e6
0.094	4.762124326746954e6
0.095	4.812823300883701e6
0.096	4.863523485811132e6
0.097	4.914224894077483e6
0.098	4.964927538228256e6
0.099	5.015631430806172e6
0.1	5.066336584351193e6
0.101	5.11704301140047e6
0.10200000000000001	5.167750724488326e6
0.10300000000000001	5.2184597361462945e6
0.10400000000000001	5.269170058903064e6
0.105	5.319881705284454e6
0.106	5.370594687813399e6
0.107	5.421309019009989e6
0.108	5.472024711391402e6
0.109	5.522741777471885e6
0.11	5.573460229762774e6
0.111	5.6241800807724595e6
0.112	5.674901343006356e6
0.113	5.725624028966912e6
0.114	5.776348151153597e6
0.115	5.8270737220628755e6
0.116	5.877800754188161e6
0.117	5.9285292600198435e6
0.11800000000000001	5.979259252045284e6
0.11900000000000001	6.029990742748735e6
0.12	6.080723744611406e6
0.121	6.1314582701113755e6
0.122	6.182194331723601e6
0.123	6.232931941919951e6
0.124	6.283671113169075e6
0.125	6.3344118579365155e6
0.126	6.3851541886846125e6
0.127	6.435898117872521e6
0.128	6.486643657956145e6
0.129	6.537390821388196e6
0.13	6.588139620618105e6
0.131	6.638890068092076e6
0.132	6.689642167000758e6
0.133	6.740395890910223e6
0.134	6.791151248008263e6
0.135	6.841908250820848e6
0.136	6.892666911878022e6
0.137	6.943427243713796e6
0.138	6.99418925886607e6
0.139	7.044952969876651e6
0.14	7.095718389291099e6
0.14100000000000001	7.146485529658783e6
0.14200000000000002	7.197254403532731e6
0.14300000000000002	7.24802502346963e6
0.14400000000000002	7.298797402029786e6
0.145	7.349571551776998e6
0.146	7.4003474852785785e6
0.147	7.451125215105259e6
0.148	7.501904753831131e6
0.149	7.552686114033651e6
0.15	7.60346930829349e6
0.151	7.654254349194575e6
0.152	7.705041249323967e6
0.153	7.755830021271823e6
0.154	7.806620677631381e6
0.155	7.857413230998861e6
0.156	7.908207693973418e6
0.157	7.959004079157101e6
0.158	8.009802399154792e6
0.159	8.0606026665741475e6
0.16	8.111404894025576e6
0.161	8.16220909412214e6
0.162	8.213015279479515e6
0.163	8.263823462715947e6
0.164	8.314633656452196e6
0.165	8.365445873311472e6
0.166	8.416260125919398e6
0.167	8.467076426903946e6
0.168	8.51789478889537e6
0.169	8.568715224526176e6
0.17	8.619537746431056e6
0.171	8.670362367246825e6
0.17200000000000001	8.7211890996124e6
0.17300000000000001	8.77201795616872e6
0.17400000000000002	8.822848949558666e6
0.17500000000000002	8.873682092427073e6
0.176	8.92451739742062e6
0.177	8.975354877187828e6
0.178	9.02619454437891e6
0.179	9.077036411645865e6
0.18	9.127880491642276e6
0.181	9.178726797023352e6
0.182	9.229575340445854e6
0.183	9.280426134567987e6
0.184	9.331279192049453e6
0.185	9.382134525551287e6
0.186	9.432992147735875e6
0.187	9.483852071266871e6
0.188	9.534714308809135e6
0.189	9.58557887302871e6
0.19	9.63644577659276e6
0.191	9.687315032169495e6
0.192	9.738186652428119e6
0.193	9.789060650038822e6
0.194	9.839937037672665e6
0.195	9.89081582800156e6
0.196	9.941697033698196e6
0.197	9.992580667436048e6
0.198	1.0043466741889225e7
0.199	1.0094355269732477e7
0.2	1.014524626364115e7
0.201	1.0196139736291101e7
0.202	1.0247035700358665e7
0.203	1.0297934168520557e7
0.20400000000000001	1.0348835153453918e7
0.20500000000000002	1.0399738667836154e7
0.20600000000000002	1.0450644724344915e7
0.20700000000000002	1.0501553335658103e7
0.20800000000000002	1.055246451445373e7
0.209	1.0603378273409918e7
0.21	1.0654294625204816e7
0.211	1.0705213582516577e7
0.212	1.07561351580233e7
0.213	1.0807059364402927e7
0.214	1.0857986214333255e7
0.215	1.0908915720491853e7
0.216	1.0959847895556005e7
0.217	1.101078275220266e7
0.218	1.1061720303108385e7
0.219	1.1112660560949324e7
0.22	1.1163603538401082e7
0.221	1.1214549248138772e7
0.222	1.1265497702836854e7
0.223	1.1316448915169196e7
0.224	1.1367402897808887e7
0.225	1.1418359663428314e7
0.226	1.146931922469902e7
0.227	1.1520281594291674e7
0.228	1.1571246784876069e7
0.229	1.1622214809120975e7
0.23	1.1673185679694135e7
0.231	1.1724159409262251e7
0.232	1.1775136010490857e7
0.233	1.1826115496044293e7
0.234	1.187709787858569e7
0.23500000000000001	1.192808317077685e7
0.23600000000000002	1.1979071385278245e7
0.23700000000000002	1.203006253474894e7
0.23800000000000002	1.2081056631846534e7
0.23900000000000002	1.2132053689227143e7
0.24	1.2183053719545288e7
0.241	1.2234056735453881e7
0.242	1.2285062744106254e7
0.243	1.2336071749375401e7
0.244	1.2387083763779268e7
0.245	1.243809879995001e7
0.246	1.248911687052094e7
0.247	1.2540137988126475e7
0.248	1.2591162165402092e7
0.249	1.2642189414984265e7
0.25	1.2693219749510475e7
0.251	1.274425318161914e7
0.252	1.2795289723949585e7
0.253	1.284632938914201e7
0.254	1.2897372189837428e7
0.255	1.294841813867766e7
0.256	1.299946724830526e7
0.257	1.3050519531363491e7
0.258	1.310157500049633e7
0.259	1.3152633668348342e7
0.26	1.3203695547564723e7
0.261	1.3254760650791207e7
0.262	1.3305828990674054e7
0.263	1.3356900579859994e7
0.264	1.3407975430996247e7
0.265	1.345905355673039e7
0.266	1.351013496971038e7
0.267	1.3561219682584498e7
0.268	1.3612307708001342e7
0.269	1.3663399058609731e7
0.27	1.3714493747058712e7
0.271	1.3765591785997504e7
0.272	1.3816693188075462e7
0.273	1.386779796594205e7
0.274	1.3918906132246785e7
0.275	1.3970017699639203e7
0.276	1.4021132680768836e7
0.277	1.4072251088285143e7
0.278	1.412337293483752e7
0.279	1.4174498233075213e7
0.28	1.4225626995647307e7
0.281	1.4276759235202665e7
0.28200000000000003	1.4327894964389946e7
0.28300000000000003	1.437903419585748e7
0.28400000000000003	1.4430176942253321e7
0.28500000000000003	1.4481323216225123e7
0.28600000000000003	1.4532473030420186e7
0.28700000000000003	1.458362639748533e7
0.28800000000000003	1.4634783330066947e7
0.289	1.4685943840810897e7
0.29	1.473710794236249e7
0.291	1.478827564736648e7
0.292	1.4839446968466938e7
0.293	1.4890621918307355e7
0.294	1.4941800509530447e7
0.295	1.4992982754778227e7
0.296	1.504416866669195e7
0.297	1.5095358257912025e7
0.298	1.5146551541078025e7
0.299	1.5197748528828645e7
0.3	1.524894923380164e7
0.301	1.5300153668633798e7
0.302	1.5351361845960923e7
0.303	1.5402573778417768e7
0.304	1.5453789478637995e7
0.305	1.5505008959254187e7
0.306	1.5556232232897744e7
0.307	1.5607459312198889e7
0.308	1.565869020978661e7
0.309	1.5709924938288633e7
0.31	1.5761163510331368e7
0.311	1.5812405938539924e7
0.312	1.586365223553797e7
0.313	1.5914902413947806e7
0.314	1.5966156486390267e7
0.315	1.6017414465484666e7
0.316	1.6068676363848845e7
0.317	1.6119942194099015e7
0.318	1.6171211968849827e7
0.319	1.6222485700714262e7
0.32	1.6273763402303634e7
0.321	1.6325045086227523e7
0.322	1.6376330765093803e7
0.323	1.6427620451508483e7
0.324	1.6478914158075763e7
0.325	1.6530211897398023e7
0.326	1.658151368207566e7
0.327	1.6632819524707206e7
0.328	1.6684129437889112e7
0.329	1.6735443434215914e7
0.33	1.6786761526280023e7
0.331	1.683808372667178e7
0.332	1.6889410047979377e7
0.333	1.6940740502788853e7
0.334	1.6992075103684027e7
0.335	1.704341386324647e7
0.336	1.7094756794055488e7
0.337	1.7146103908688035e7
0.338	1.7197455219718736e7
0.339	1.724881073971981e7
0.34	1.730017048126103e7
0.341	1.735153445690968e7
0.342	1.7402902679230597e7
0.343	1.7454275160785995e7
0.34400000000000003	1.7505651914135568e7
0.34500000000000003	1.7557032951836333e7
0.34600000000000003	1.7608418286442697e7
0.34700000000000003	1.7659807930506308e7
0.34800000000000003	1.7711201883882083e7
0.34900000000000003	1.7762600133542955e7
0.35000000000000003	1.7814002691371445e7
0.35100000000000003	1.7865409569983084e7
0.352	1.7916820781994883e7
0.353	1.7968236340025295e7
0.354	1.801965625669415e7
0.355	1.807108054462256e7
0.356	1.8122509216432903e7
0.357	1.8173942284748744e7
0.358	1.822537976219474e7
0.359	1.8276821661396634e7
0.36	1.8328267994981132e7
0.361	1.83797187755759e7
0.362	1.8431174015809458e7
0.363	1.8482633728311136e7
0.364	1.8534097925711013e7
0.365	1.8585566620639835e7
0.366	1.8637039825728968e7
0.367	1.868851755361039e7
0.368	1.873999981691648e7
0.369	1.8791486628280118e7
0.37	1.8842978000334542e7
0.371	1.8894473945713308e7
0.372	1.894597447705019e7
0.373	1.8997479606979165e7
0.374	1.904898934813435e7
0.375	1.91005037131499e7
0.376	1.9152022714659978e7
0.377	1.920354636529869e7
0.378	1.925507467770004e7
0.379	1.930660766449782e7
0.38	1.935814533832556e7
0.381	1.9409687711816538e7
0.382	1.946123479760363e7
0.383	1.951278660831929e7
0.384	1.9564343156595476e7
0.385	1.961590445506361e7
0.386	1.966747051635447e7
0.387	1.9719041353098206e7
0.388	1.9770616977924205e7
0.389	1.982219740346107e7
0.39	1.987378264233652e7
0.391	1.992537270717742e7
0.392	1.9976967610609587e7
0.393	2.0028567365257837e7
0.394	2.008017198374589e7
0.395	2.0131781478696313e7
0.396	2.018339586273038e7
0.397	2.023501514846822e7
0.398	2.0286639348528482e7
0.399	2.033826847552852e7
0.4	2.0389902542084157e7
0.401	2.0441541560809728e7
0.402	2.049318554431799e7
0.403	2.054483450522003e7
0.404	2.0596488456125278e7
0.405	2.0648147408283852e7
0.406	2.0699811365993157e7
0.40700000000000003	2.075148034043489e7
0.40800000000000003	2.0803154344201565e7
0.40900000000000003	2.0854833389886368e7
0.41000000000000003	2.090651749008317e7
0.41100000000000003	2.0958206657386426e7
0.41200000000000003	2.1009900904391177e7
0.41300000000000003	2.106160024369298e7
0.41400000000000003	2.1113304687887803e7
0.41500000000000004	2.1165014249572136e7
0.41600000000000004	2.1216728941342726e7
0.417	2.1268448775796704e7
0.418	2.1320173765531503e7
0.419	2.1371903923144735e7
0.42	2.142363926123421e7
0.421	2.1475379792397905e7
0.422	2.152712552923386e7
0.423	2.1578876484340124e7
0.424	2.1630632670314834e7
0.425	2.1682394099755973e7
0.426	2.1734160785261493e7
0.427	2.178593273942922e7
0.428	2.1837709974856716e7
0.429	2.1889492504141346e7
0.43	2.194128033988022e7
0.431	2.1993073494670074e7
0.432	2.2044871981107324e7
0.433	2.2096675811787885e7
0.434	2.2148484999307275e7
0.435	2.220029955626047e7
0.436	2.2252119495241903e7
0.437	2.2303944828845378e7
0.438	2.2355775569664076e7
0.439	2.2407611730290465e7
0.44	2.245945332331627e7
0.441	2.2511300361332443e7
0.442	2.256315285692911e7
0.443	2.2615010822695483e7
0.444	2.2666874271219883e7
0.445	2.2718743215089638e7
0.446	2.2770617666891094e7
0.447	2.2822497639209528e7
0.448	2.2874383144629087e7
0.449	2.2926274195732784e7
0.45	2.2978170805102445e7
0.451	2.3030072985318676e7
0.452	2.3081980748960733e7
0.453	2.3133894108606618e7
0.454	2.3185813076832917e7
0.455	2.3237737666214816e7
0.456	2.328966788932599e7
0.457	2.334160375873869e7
0.458	2.339354528702356e7
0.459	2.344549248674963e7
0.46	2.3497445370484333e7
0.461	2.3549403950793408e7
0.462	2.360136824024083e7
0.463	2.365333825138885e7
0.464	2.3705313996797856e7
0.465	2.3757295489026394e7
0.466	2.3809282740631096e7
0.467	2.3861275764166642e7
0.468	2.391327457218575e7
0.46900000000000003	2.3965279177239053e7
0.47000000000000003	2.40172895918751e7
0.47100000000000003	2.406930582864036e7
0.47200000000000003	2.4121327900079083e7
0.47300000000000003	2.417335581873334e7
0.47400000000000003	2.4225389597142924e7
0.47500000000000003	2.4277429247845322e7
0.47600000000000003	2.4329474783375703e7
0.47700000000000004	2.4381526216266807e7
0.47800000000000004	2.443358355904897e7
0.47900000000000004	2.448564682425003e7
0.48	2.4537716024395358e7
0.481	2.4589791172007695e7
0.482	2.4641872279607207e7
0.483	2.4693959359711424e7
0.484	2.474605242483514e7
0.485	2.479815148749047e7
0.486	2.485025656018671e7
0.487	2.490236765543033e7
0.488	2.4954484785724975e7
0.489	2.5006607963571336e7
0.49	2.505873720146717e7
0.491	2.5110872511907253e7
0.492	2.5163013907383334e7
0.493	2.5215161400384016e7
0.494	2.526731500339486e7
0.495	2.53194747288982e7
0.496	2.537164058937322e7
0.497	2.5423812597295802e7
0.498	2.5475990765138555e7
0.499	2.5528175105370738e7
0.5	2.5580365630458284e7
0.503	2.5736974439460248e7
0.506	2.589363936059912e7
0.509	2.605036072988145e7
0.512	2.6207138883012675e7
0.515	2.6363974155386824e7
0.518	2.6520866882076345e7
0.521	2.667781739782185e7
0.524	2.6834826037022036e7
0.527	2.6991893133723427e7
0.53	2.7149019021610286e7
0.533	2.7306204033994578e7
0.536	2.7463448503805745e7
0.539	2.762075276358081e7
0.542	2.7778117145454187e7
0.545	2.7935541981147747e7
0.548	2.809302760196082e7
0.551	2.82505743387601e7
0.554	2.8408182521969806e7
0.557	2.8565852481383406e7
0.56	2.8723584502119467e7
0.563	2.888137887880408e7
0.5660000000000001	2.903923594001119e7
0.569	2.919715601402298e7
0.5720000000000001	2.9355139428822644e7
0.575	2.951318651208679e7
0.578	2.9671297591178168e7
0.581	2.9829472993138254e7
0.584	2.998771304467989e7
0.587	3.0146018072179947e7
0.59	3.0304388401672028e7
0.593	3.04628243277045e7
0.596	3.0621325868410945e7
0.599	3.077989327243027e7
0.602	3.093852686724509e7
0.605	3.1097226980264135e7
0.608	3.125599393880904e7
0.611	3.1414828070101246e7
0.614	3.1573729701249026e7
0.617	3.1732699159234494e7
0.62	3.1891736770900693e7
0.623	3.205084286293896e7
0.626	3.221001776187598e7
0.629	3.236926179406129e7
0.632	3.252857528565468e7
0.635	3.268795856261359e7
0.638	3.2847411950680777e7
0.641	3.3006935775371857e7
0.644	3.3166530361963082e7
0.647	3.332619603547906e7
0.65	3.348593312068059e7
0.653	3.364574194205254e7
0.656	3.380562282379188e7
0.659	3.396557608979564e7
0.662	3.412560206364906e7
0.665	3.428570106861371e7
0.668	3.4445873427615725e7
0.671	3.460611946323411e7
0.674	3.4766439497689046e7
0.677	3.492683385283029e7
0.6799999999999999	3.5087302850125715e7
0.683	3.524784681064978e7
0.6859999999999999	3.540846605507208e7
0.6890000000000001	3.5569160903646074e7
0.692	3.572993167619768e7
0.6950000000000001	3.589077869211412e7
0.698	3.605170227033268e7
0.7010000000000001	3.621270272692857e7
0.704	3.6373780334981956e7
0.7070000000000001	3.653493539499969e7
0.71	3.669616822411364e7
0.713	3.685747913913352e7
0.716	3.701886845653791e7
0.719	3.718033649246538e7
0.722	3.7341883562705934e7
0.725	3.7503509982692085e7
0.728	3.7665216067490384e7
0.731	3.782700213179267e7
0.734	3.798886848990766e7
0.737	3.815081545575232e7
0.74	3.831284334284353e7
0.743	3.847495246428955e7
0.746	3.863714313278183e7
0.749	3.8799415660586484e7
0.752	3.896177035953623e7
0.755	3.9124207541022025e7
0.758	3.928672751598494e7
0.761	3.9449330594908014e7
0.764	3.961201708780818e7
0.767	3.977478730422812e7
0.77	3.993764155322836e7
0.773	4.0100580143379204e7
0.776	4.026360338275287e7
0.779	4.042671157891549e7
0.782	4.058990503891933e7
0.785	4.0753184069294885e7
0.788	4.091654897604318e7
0.7909999999999999	4.108000006462784e7
0.794	4.124353763996758e7
0.7969999999999999	4.140716200642833e7
0.8	4.157087346781562e7
0.8029999999999999	4.1734672327366956e7
0.806	4.1898558887744255e7
0.8089999999999999	4.206253345102617e7
0.812	4.222659631870065e7
0.815	4.239074779165736e7
0.8180000000000001	4.2554988170180194e7
0.821	4.2719317753939845e7
0.8240000000000001	4.288373684198636e7
0.827	4.304824573274167e7
0.8300000000000001	4.321284472399233e7
0.833	4.337753411288204e7
0.8360000000000001	4.354231419590438e7
0.839	4.3707185247773856e7
0.8420000000000001	4.3872147531279795e7
0.845	4.4037201340640135e7
0.8480000000000001	4.420234696991122e7
0.851	4.436758471263199e7
0.854	4.453291486181856e7
0.857	4.469833770995848e7
0.86	4.486385354900543e7
0.863	4.502946267037363e7
0.866	4.519516536493244e7
0.869	4.536096192300082e7
0.872	4.552685263434203e7
0.875	4.569283778815808e7
0.878	4.585891767308448e7
0.881	4.602509240789506e7
0.884	4.619136185768828e7
0.887	4.6357726292976566e7
0.89	4.65241860043697e7
0.893	4.669074128218991e7
0.896	4.685739241646022e7
0.899	4.7024139696892746e7
0.902	4.7190983412877016e7
0.905	4.7357923853468776e7
0.908	4.7524961307378344e7
0.911	4.7692096062959574e7
0.914	4.785932840819842e7
0.917	4.8026658630702086e7
0.9199999999999999	4.819408701768785e7
0.923	4.836161385597219e7
0.9259999999999999	4.852923943195994e7
0.929	4.869696403163368e7
0.9319999999999999	4.886478794054281e7
0.935	4.903271144379325e7
0.938	4.9200734826036744e7
0.9410000000000001	4.936885837146068e7
0.944	4.953708236377752e7
0.9470000000000001	4.970540708621478e7
0.95	4.987383282150469e7
0.9530000000000001	5.004235985187435e7
0.956	5.0210988459035516e7
0.9590000000000001	5.0379718924174815e7
0.962	5.054855152794384e7
0.9650000000000001	5.0717486550449535e7
0.968	5.088652426644059e7
0.9710000000000001	5.105566492054078e7
0.974	5.122490878443976e7
0.9770000000000001	5.139425613614846e7
0.98	5.1563707253240876e7
0.983	5.173326241284614e7
0.986	5.1902921891640596e7
0.989	5.207268596584014e7
0.992	5.224255491119233e7
0.995	5.2412529002968796e7
0.998	5.258260851595757e7
1.001	5.275279372445567e7
1.004	5.2923084902261555e7
1.0070000000000001	5.309348232266771e7
1.01	5.3263986258453295e7
1.013	5.343459698187703e7
1.016	5.3605314764669836e7
1.0190000000000001	5.377613987802769e7
1.022	5.394707259260462e7
1.025	5.4118113178505614e7
1.028	5.428926190527976e7
1.0310000000000001	5.446051904191318e7
1.034	5.463188485682228e7
1.037	5.4803359617847055e7
1.04	5.497494359224415e7
1.0430000000000001	5.5146637046680324e7
1.046	5.531844024722578e7
1.049	5.549035345934763e7
1.052	5.566237694790336e7
1.0550000000000002	5.583451097713435e7
1.058	5.600675581065942e7
1.061	5.6179111711468704e7
1.064	5.635157894191698e7
1.0670000000000002	5.6524157763717726e7
1.07	5.669684843793665e7
1.073	5.6869651224985756e7
1.076	5.704256638461715e7
1.079	5.7215594175916865e7
1.0819999999999999	5.7388734857298926e7
1.085	5.756198868649946e7
1.088	5.773535592057057e7
1.091	5.790883681587461e7
1.0939999999999999	5.808243162024735e7
1.097	5.8256140559713654e7
1.1	5.842996388589825e7
1.103	5.860390185255548e7
1.1059999999999999	5.8777954712864205e7
1.109	5.895212271942316e7
1.112	5.9126406124246374e7
1.115	5.9300805178758845e7
1.1179999999999999	5.9475320133792005e7
1.121	5.964995123957932e7
1.124	5.9824698745752e7
1.127	5.999956290133447e7
1.13	6.0174543954740375e7
1.133	6.034964215376805e7
1.1360000000000001	6.05248577455964e7
1.139	6.070019097678065e7
1.142	6.087564209324829e7
1.145	6.105121134029482e7
1.1480000000000001	6.122689896257965e7
1.151	6.140270520412208e7
1.154	6.1578630308297195e7
1.157	6.1754674517831974e7
1.1600000000000001	6.1930838074801095e7
1.163	6.210712122062309e7
1.166	6.2283524196056455e7
1.169	6.246004724119568e7
1.1720000000000002	6.263669059546734e7
1.175	6.281345449762627e7
1.178	6.299033918575178e7
1.181	6.3167344897243805e7
1.1840000000000002	6.33444718688191e7
1.187	6.352172033650754e7
1.19	6.36990905356483e7
1.193	6.387658270088633e7
1.1960000000000002	6.405419706616847e7
1.199	6.423193386473983e7
1.202	6.440979332914028e7
1.205	6.458777569120067e7
1.208	6.476588118203933e7
1.2109999999999999	6.494411003205843e7
1.214	6.5122462470716186e7
1.217	6.530093870658822e7
1.22	6.547953895467451e7
1.2229999999999999	6.565826344261591e7
1.226	6.5837112397448875e7
1.229	6.601608604560307e7
1.232	6.619518430881509e7
1.2349999999999999	6.637440684497919e7
1.238	6.655375387119326e7
1.241	6.673322561741255e7
1.244	6.691282231324455e7
1.2469999999999999	6.709254418794047e7
1.25	6.727239147038655e7
1.2530000000000001	6.745236438909581e7
1.256	6.763246317219959e7
1.259	6.781268804743938e7
1.262	6.799303924215864e7
1.2650000000000001	6.817351698329473e7
1.268	6.835412149737097e7
1.271	6.853485301048885e7
1.274	6.871571174832018e7
1.2770000000000001	6.889669793609938e7
1.28	6.907781179861592e7
1.283	6.925905356020686e7
1.286	6.944042344474947e7
1.2890000000000001	6.96219216756537e7
1.292	6.980354847585522e7
1.295	6.998530406780803e7
1.298	7.01671886734776e7
1.3010000000000002	7.034920251433378e7
1.304	7.053134581134383e7
1.307	7.071361878496578e7
1.31	7.089602165514162e7
1.3130000000000002	7.107855464129059e7
1.316	7.126121796230274e7
1.319	7.14440118365323e7
1.322	7.162693648179145e7
1.3250000000000002	7.180999211534382e7
1.328	7.199317895389828e7
1.331	7.217649721360287e7
1.334	7.2359947103355e7
1.337	7.254352881750537e7
1.3399999999999999	7.272724256910299e7
1.343	7.291108857219149e7
1.346	7.309506704033975e7
1.349	7.327917818663663e7
1.3519999999999999	7.34634222236863e7
1.355	7.364779936360294e7
1.358	7.383230981800622e7
1.361	7.401695379801619e7
1.3639999999999999	7.42017315142488e7
1.367	7.438664317681111e7
1.37	7.457168899529669e7
1.373	7.4756869178781e7
1.376	7.494218393581721e7
1.379	7.512763347443132e7
1.3820000000000001	7.531321800211819e7
1.385	7.549893772583704e7
1.388	7.568479285200731e7
1.391	7.587078358650433e7
1.3940000000000001	7.605691013465536e7
1.397	7.624317270123537e7
1.4	7.642957149046317e7
1.403	7.661610670599727e7
1.4060000000000001	7.680277855093215e7
1.409	7.69895872277942e7
1.412	7.717653293853815e7
1.415	7.736361588454314e7
1.4180000000000001	7.755083626660903e7
1.421	7.773819428495282e7
1.424	7.792569013920505e7
1.427	7.811332402840613e7
1.4300000000000002	7.830109615100293e7
1.433	7.848900670484526e7
1.436	7.867705588718258e7
1.439	7.886524389466038e7
1.4420000000000002	7.905357092331718e7
1.445	7.924203716858095e7
1.448	7.943064282502383e7
1.451	7.961938807178645e7
1.4540000000000002	7.980827309354989e7
1.457	7.999729808339629e7
1.46	8.01864632338828e7
1.463	8.037576873703893e7
1.466	8.056521478436418e7
1.4689999999999999	8.075480156682554e7
1.472	8.094452927485517e7
1.475	8.113439809834775e7
1.478	8.132440822665855e7
1.4809999999999999	8.151455984860085e7
1.484	8.170485315244375e7
1.487	8.189528832590985e7
1.49	8.208586555617322e7
1.4929999999999999	8.22765850298571e7
1.496	8.246744693303181e7
1.499	8.265845145121261e7
1.502	8.284959876935762e7
1.5050000000000001	8.30408890718658e7
1.508	8.323232254257499e7
1.5110000000000001	8.342389936475979e7
1.514	8.36156197211297e7
1.5170000000000001	8.38074837938272e7
1.52	8.399949176442572e7
1.5230000000000001	8.419164381392795e7
1.526	8.438394012276381e7
1.529	8.457638087078878e7
1.532	8.476896623728207e7
1.535	8.496169640094468e7
1.538	8.51545715398979e7
1.541	8.53475918316815e7
1.544	8.554075745325194e7
1.547	8.573406858098078e7
1.55	8.592752539065304e7
1.553	8.612112805746554e7
1.556	8.631487675602537e7
1.559	8.65087716603481e7
1.562	8.670281294264935e7
1.565	8.689700076114193e7
1.568	8.709133528380789e7
1.571	8.728581668241474e7
1.574	8.748044512821817e7
1.577	8.767522079196079e7
1.58	8.787014384387118e7
1.583	8.806521445366268e7
1.586	8.826043279053251e7
1.589	8.84557990231608e7
1.592	8.865131331970942e7
1.595	8.88469758478211e7
1.598	8.904278677461855e7
1.601	8.923874626670334e7
1.604	8.943485449015512e7
1.607	8.963111161053061e7
1.61	8.982751779286274e7
1.613	9.002407320165984e7
1.616	9.022077800090459e7
1.619	9.04176323540532e7
1.622	9.061463642403476e7
1.625	9.08117903732502e7
1.6280000000000001	9.100909436357155e7
1.631	9.120654855634107e7
1.6340000000000001	9.140415311237057e7
1.637	9.16019081919405e7
1.6400000000000001	9.179981395479935e7
1.643	9.199787056016257e7
1.6460000000000001	9.219607816671225e7
1.649	9.239443693259603e7
1.6520000000000001	9.259294701542656e7
1.655	9.279160857228073e7
1.658	9.299042175969893e7
1.661	9.318938673368445e7
1.664	9.338850364970267e7
1.667	9.358777266268049e7
1.67	9.378719392700562e7
1.673	9.398676759627e7
1.676	9.418649381312601e7
1.679	9.438637272476561e7
1.682	9.458640448351668e7
1.685	9.478658881456399e7
1.688	9.49869249863567e7
1.691	9.518741313055329e7
1.694	9.538805340610377e7
1.697	9.558884597170527e7
1.7	9.578979098579629e7
1.703	9.599088860655144e7
1.706	9.619213899187595e7
1.709	9.639354229940028e7
1.712	9.659509868647484e7
1.715	9.679680831016509e7
1.718	9.699867132724608e7
1.721	9.72006878941977e7
1.724	9.740285816719963e7
1.727	9.76051823021265e7
1.73	9.78076604545431e7
1.733	9.80102927796997e7
1.736	9.82130794325274e7
1.739	9.841602056763351e7
1.742	9.861911633929704e7
1.745	9.882236690146461e7
1.748	9.902577240774556e7
1.7510000000000001	9.922933301140808e7
1.754	9.943304886537479e7
1.7570000000000001	9.963692012221883e7
1.76	9.984094693415955e7
1.7630000000000001	1.0004512945305857e8
1.766	1.0024946783041598e8
1.7690000000000001	1.0045396221736626e8
1.772	1.0065861276467474e8
1.7750000000000001	1.0086341962273358e8
1.778	1.010683829415582e8
1.781	1.012735028707838e8
1.784	1.0147877955774535e8
1.787	1.0168421314125746e8
1.79	1.0188980376838636e8
1.793	1.0209555158732145e8
1.796	1.0230145674591616e8
1.799	1.0250751939168474e8
1.802	1.0271373967179924e8
1.805	1.0292011773308674e8
1.808	1.031266537220263e8
1.811	1.0333334778474627e8
1.814	1.035402000670215e8
1.817	1.037472107142706e8
1.82	1.0395437987155321e8
1.823	1.041617076835675e8
1.826	1.0436919429464756e8
1.829	1.0457683984876096e8
1.832	1.0478464448950616e8
1.835	1.0499260836011021e8
1.838	1.0520073160342637e8
1.841	1.0540901436193167e8
1.844	1.0561745677772492e8
1.847	1.0582605899252415e8
1.85	1.0603482114766474e8
1.853	1.0624374338409704e8
1.856	1.064528258423845e8
1.859	1.0666206866270137e8
1.862	1.0687147198483102e8
1.865	1.0708103594816369e8
1.868	1.0729076069169472e8
1.871	1.0750064635402262e8
1.874	1.0771069307334733e8
1.877	1.0792090098746827e8
1.8800000000000001	1.0813127023378275e8
1.883	1.08341800949284e8
1.8860000000000001	1.0855249327055986e8
1.889	1.0876334733379073e8
1.8920000000000001	1.0897436327410837e8
1.895	1.0918554121901673e8
1.8980000000000001	1.0939688130116558e8
1.901	1.0960838365517363e8
1.9040000000000001	1.0982004841529554e8
1.907	1.1003187571542008e8
1.91	1.1024386568906935e8
1.913	1.1045601846939707e8
1.916	1.1066833418918784e8
1.919	1.1088081298085576e8
1.922	1.1109345497644326e8
1.925	1.1130626030762012e8
1.928	1.1151922910568221e8
1.931	1.1173236150155082e8
1.934	1.1194565762577125e8
1.937	1.1215911760851191e8
1.94	1.1237274157956353e8
1.943	1.1258652966833818e8
1.946	1.1280048200386815e8
1.949	1.1301459871480526e8
1.952	1.1322887992942002e8
1.955	1.1344332577560075e8
1.958	1.1365793638085261e8
1.961	1.1387271187229711e8
1.964	1.1408765237667115e8
1.967	1.143027580203263e8
1.97	1.1451802892922816e8
1.973	1.1473346522895561e8
1.976	1.149490670447001e8
1.979	1.151648345012651e8
1.982	1.1538076772306538e8
1.985	1.155968668341264e8
1.988	1.1581313195808378e8
1.991	1.1602956321818274e8
1.994	1.1624616073727746e8
1.997	1.1646292463783054e8
2.	1.1667985504063447e8
2.003	1.1689695206086728e8
2.0060000000000002	1.1711421581893909e8
2.0090000000000003	1.1733164643581867e8
2.012	1.1754924403212236e8
2.015	1.1776700872811368e8
2.018	1.1798494064370286e8
2.021	1.1820303989844687e8
2.024	1.184213066115488e8
2.027	1.186397409018579e8
2.0300000000000002	1.1885834288786912e8
2.0330000000000004	1.1907711268772304e8
2.036	1.1929605041920547e8
2.0389999999999997	1.1951515619974755e8
2.042	1.1973443014642514e8
2.045	1.1995387237595901e8
2.048	1.2017348300471444e8
2.051	1.2039326214870128e8
2.0540000000000003	1.2061320992357354e8
2.057	1.2083332644462958e8
2.06	1.2105361182681169e8
2.0629999999999997	1.212740661847062e8
2.066	1.2149468963254327e8
2.069	1.2171548228419687e8
2.072	1.2193644425318466e8
2.075	1.22157575652668e8
2.0780000000000003	1.2237887659545177e8
2.081	1.2260034719398443e8
2.084	1.2282198756035803e8
2.0869999999999997	1.23043797806308e8
2.09	1.232657780432134e8
2.093	1.2348792838209668e8
2.096	1.237102489336237e8
2.099	1.2393273980810404e8
2.1020000000000003	1.2415540111549053e8
2.105	1.2437823296535781e8
2.108	1.2460123546295887e8
2.1109999999999998	1.2482440871424365e8
2.114	1.2504775282778771e8
2.117	1.2527126791184382e8
2.12	1.2549495407434241e8
2.123	1.2571881142289156e8
2.1260000000000003	1.2594284006477736e8
2.129	1.2616704010696374e8
2.132	1.2639141165609297e8
2.135	1.2661595481848565e8
2.138	1.2684066970014098e8
2.141	1.2706555640673687e8
2.144	1.2729061504363011e8
2.1470000000000002	1.2751584571585684e8
2.1500000000000004	1.2774124852813223e8
2.153	1.2796682358485132e8
2.156	1.2819257099008867e8
2.159	1.2841849084759903e8
2.162	1.2864458326081716e8
2.165	1.2887084833285835e8
2.168	1.2909728616651857e8
2.1710000000000003	1.2932389686427468e8
2.174	1.2955068052828456e8
2.177	1.2977763726081291e8
2.1799999999999997	1.3000476716251715e8
2.183	1.3023207033503866e8
2.186	1.304595468792623e8
2.189	1.3068719689575548e8
2.192	1.309150204847682e8
2.1950000000000003	1.3114301774623334e8
2.198	1.3137118877976699e8
2.201	1.3159953368466869e8
2.2039999999999997	1.3182805255992164e8
2.207	1.3205674550419313e8
2.21	1.3228561261583453e8
2.213	1.3251465399055704e8
2.216	1.3274386972286867e8
2.2190000000000003	1.3297325991018972e8
2.222	1.332028246496739e8
2.225	1.3343256403818803e8
2.2279999999999998	1.3366247817231233e8
2.231	1.3389256714834099e8
2.234	1.3412283106228206e8
2.237	1.3435327000985828e8
2.24	1.3458388408650726e8
2.2430000000000003	1.3481467338738173e8
2.246	1.3504563800735003e8
2.249	1.3527677804099643e8
2.252	1.355080935826214e8
2.255	1.357395847262423e8
2.258	1.3597125156559324e8
2.261	1.3620309419412577e8
2.2640000000000002	1.3643511270500925e8
2.2670000000000003	1.3666730719113106e8
2.27	1.3689967774509704e8
2.273	1.371322244592319e8
2.276	1.3736494742557952e8
2.279	1.3759784673590338e8
2.282	1.378309224816869e8
2.285	1.3806417475413358e8
2.2880000000000003	1.3829760364416784e8
2.2910000000000004	1.3853120924243504e8
2.294	1.3876499163930187e8
2.2969999999999997	1.3899895092485684e8
2.3	1.392330871889107e8
2.303	1.394674005209965e8
2.306	1.3970189101037028e8
2.309	1.399365587460113e8
2.3120000000000003	1.401714038166224e8
2.315	1.4040642631057253e8
2.318	1.4064162525485736e8
2.3209999999999997	1.4087699937708366e8
2.324	1.4111254902712268e8
2.327	1.4134827422273025e8
2.33	1.4158417506455848e8
2.333	1.418202516531547e8
2.3360000000000003	1.420565040889573e8
2.339	1.4229293247229224e8
2.342	1.4252953690336916e8
2.3449999999999998	1.4276631748227733e8
2.348	1.430032743089829e8
2.351	1.4324040748332456e8
2.354	1.434777171050103e8
2.357	1.4371520327361408e8
2.3600000000000003	1.4395286608857232e8
2.363	1.4419070564918068e8
2.366	1.4442872205459064e8
2.3689999999999998	1.4466691540380657e8
2.372	1.449052857956825e8
2.375	1.4514383332828233e8
2.378	1.4538255810136807e8
2.3810000000000002	1.4562146021273938e8
2.3840000000000003	1.4586053976061833e8
2.387	1.4609979684306154e8
2.39	1.4633923155795792e8
2.393	1.4657884400302517e8
2.396	1.4681863427580786e8
2.399	1.4705860247367418e8
2.402	1.4729874869381365e8
2.4050000000000002	1.4753907303323457e8
2.4080000000000004	1.4777957558876154e8
2.411	1.4802025645703277e8
2.414	1.4826111573449814e8
2.417	1.4850215351741636e8
2.42	1.4874336990163866e8
2.423	1.489847649804289e8
2.426	1.4922633884870428e8
2.4290000000000003	1.4946809160196912e8
2.432	1.497100233355438e8
2.435	1.4995213414456323e8
2.4379999999999997	1.5019442412397408e8
2.441	1.504368933685338e8
2.444	1.506795419728079e8
2.447	1.509223700311688e8
2.45	1.5116537763779333e8
2.4530000000000003	1.5140856488666162e8
2.456	1.5165193187155473e8
2.459	1.51895478686054e8
2.4619999999999997	1.521392054235378e8
2.465	1.5238311217718175e8
2.468	1.5262719903995582e8
2.471	1.528714661046233e8
2.474	1.5311591346373934e8
2.4770000000000003	1.5336054120964938e8
2.48	1.5360534943448794e8
2.483	1.538503382301772e8
2.4859999999999998	1.540955076884252e8
2.489	1.543408579007253e8
2.492	1.5458638895835435e8
2.495	1.548321009523717e8
2.498	1.5507799397361782e8
2.501	1.5532406811271334e8
2.504	1.5557032346005794e8
2.507	1.5581676010582906e8
2.5100000000000002	1.560633781399806e8
2.513	1.563101776522427e8
2.516	1.5655715873211983e8
2.519	1.5680432146889055e8
2.5220000000000002	1.5705166595160568e8
2.525	1.5729919226793462e8
2.528	1.575469005047429e8
2.531	1.577947907503966e8
2.5340000000000003	1.580428630930631e8
2.537	1.5829111762069276e8
2.54	1.58539554421019e8
2.543	1.5878817358155677e8
2.5460000000000003	1.5903697518960202e8
2.549	1.5928595933223113e8
2.552	1.5953512609630054e8
2.555	1.5978447556844553e8
2.558	1.6003400783507982e8
2.561	1.6028372298239535e8
2.564	1.605336210963612e8
2.567	1.607837022627233e8
2.57	1.6103396656700367e8
2.573	1.612844140945007e8
2.576	1.6153504493028742e8
2.579	1.617858591592122e8
2.582	1.620368568658975e8
2.585	1.6228803813474e8
2.588	1.6253940304990998e8
2.591	1.6279095169535068e8
2.594	1.6304268415477848e8
2.597	1.6329460051168227e8
2.6	1.6354670084932306e8
2.603	1.6379898525073376e8
2.606	1.6405145379871884e8
2.609	1.6430410657585418e8
2.612	1.6455694366448689e8
2.615	1.6480996514673465e8
2.618	1.6506317110448584e8
2.621	1.6531656161939943e8
2.624	1.655701367729045e8
2.6270000000000002	1.6582389664573205e8
2.63	1.6607784131711867e8
2.633	1.6633197086765298e8
2.636	1.6658628537786832e8
2.6390000000000002	1.6684078492807958e8
2.642	1.670954695983833e8
2.645	1.673503394686577e8
2.648	1.676053946185624e8
2.6510000000000002	1.6786063512753844e8
2.654	1.6811606107480818e8
2.657	1.683716725393756e8
2.66	1.6862746960002577e8
2.6630000000000003	1.688834523353253e8
2.666	1.6913962082362208e8
2.669	1.6939597514304549e8
2.672	1.6965251537150624e8
2.6750000000000003	1.699092415866966e8
2.678	1.7016615386609018e8
2.681	1.704232522869425e8
2.684	1.7068053692629057e8
2.687	1.7093800786095297e8
2.69	1.7119566516753045e8
2.693	1.7145350892240545e8
2.696	1.7171153920174256e8
2.699	1.7196975608148837e8
2.702	1.7222815963737214e8
2.705	1.7248674994490516e8
2.708	1.7274552707938153e8
2.711	1.7300449111587802e8
2.714	1.7326364212925416e8
2.717	1.7352298019415265e8
2.72	1.7378250538499945e8
2.723	1.7404221777600378e8
2.726	1.7430211744115856e8
2.729	1.745622044539555e8
2.732	1.7482247888650367e8
2.735	1.7508294081195363e8
2.738	1.7534359030345452e8
2.741	1.7560442743395004e8
2.744	1.7586545227617905e8
2.747	1.7612666490267542e8
2.75	1.7638806538576877e8
2.753	1.7664965379758424e8
2.7560000000000002	1.769114302100429e8
2.759	1.7717339469486234e8
2.762	1.774355473235565e8
2.765	1.7769788816743615e8
2.7680000000000002	1.7796041729760903e8
2.771	1.7822313478498042e8
2.774	1.784860407002532e8
2.777	1.7874913511392817e8
2.7800000000000002	1.7901241809630436e8
2.783	1.7927588971747935e8
2.786	1.7953955004734972e8
2.789	1.7980339915561086e8
2.7920000000000003	1.8006743711175796e8
2.795	1.8033166398508576e8
2.798	1.8059607984468934e8
2.801	1.8086068475946403e8
2.8040000000000003	1.8112547879810593e8
2.807	1.8139046202911216e8
2.81	1.816556345207815e8
2.813	1.8192099634121424e8
2.816	1.8218654755831257e8
2.819	1.8245228823978156e8
2.822	1.827182184531288e8
2.825	1.8298433826566494e8
2.828	1.8325064774450397e8
2.831	1.8351714695626017e8
2.834	1.8378383596647215e8
2.837	1.840507148415559e8
2.84	1.8431778364785993e8
2.843	1.8458504245154676e8
2.846	1.8485249131859258e8
2.849	1.8512013031478813e8
2.852	1.8538795950573882e8
2.855	1.856559789568655e8
2.858	1.859241887334041e8
2.861	1.8619258890040675e8
2.864	1.864611795227416e8
2.867	1.8672996066509375e8
2.87	1.8699893239196515e8
2.873	1.8726809476767522e8
2.876	1.8753744785636097e8
2.879	1.878069917219779e8
2.882	1.880767264282999e8
2.8850000000000002	1.8834665203891963e8
2.888	1.886167686172493e8
2.891	1.8888707622652087e8
2.894	1.891575749297863e8
2.8970000000000002	1.8942826478991792e8
2.9	1.8969914586960903e8
2.903	1.899702182313742e8
2.906	1.9024148193754965e8
2.9090000000000003	1.9051293705029362e8
2.912	1.907845836315866e8
2.915	1.9105642174323225e8
2.918	1.9132845144685712e8
2.9210000000000003	1.916006728039114e8
2.924	1.9187308587566924e8
2.927	1.9214569072322938e8
2.93	1.9241848740751508e8
2.933	1.9269147598880574e8
2.936	1.9296465652682108e8
2.939	1.9323802908195153e8
2.942	1.9351159371443942e8
2.945	1.9378535048436093e8
2.948	1.9405929945162657e8
2.951	1.9433344067598116e8
2.954	1.9460777421700484e8
2.957	1.9488230013411275e8
2.96	1.951570184865563e8
2.963	1.9543192933342278e8
2.966	1.957070327336362e8
2.969	1.959823287459575e8
2.972	1.9625781742898494e8
2.975	1.965334988411548e8
2.978	1.9680937304074126e8
2.981	1.970854400858569e8
2.984	1.973617000344538e8
2.987	1.9763815294432288e8
2.99	1.9791479887309498e8
2.993	1.9819163787824097e8
2.996	1.984686700170723e8
2.999	1.9874589534674123e8
3.0020000000000002	1.9902331392424145e8
3.005	1.9930092580640796e8
3.008	1.995787310499182e8
3.011	1.998567297112918e8
3.0140000000000002	2.001349218468912e8
3.017	2.004133075129221e8
3.02	2.0069188676543382e8
3.023	2.009706596603195e8
3.0260000000000002	2.0124962625331685e8
3.029	2.015287866000077e8
3.032	2.0180814075579882e8
3.035	2.0208768877522025e8
3.0380000000000003	2.0236743071302417e8
3.041	2.026473666241853e8
3.044	2.0292749656353095e8
3.047	2.032078205857414e8
3.0500000000000003	2.0348833874535036e8
3.053	2.037690510967452e8
3.056	2.0404995769416764e8
3.059	2.0433105859171373e8
3.062	2.046123538433345e8
3.065	2.0489384350283614e8
3.068	2.0517552762388068e8
3.071	2.0545740625998586e8
3.074	2.0573947946452594e8
3.077	2.0602174729073197e8
3.08	2.0630420979169193e8
3.083	2.0658686702035132e8
3.086	2.068697190295135e8
3.089	2.071527658718401e8
3.092	2.0743600759985104e8
3.095	2.0771944426592544e8
3.098	2.080030759223015e8
3.101	2.0828690262266803e8
3.104	2.0857092441573757e8
3.107	2.0885514135498425e8
3.11	2.0913955349208692e8
3.113	2.094241608785854e8
3.116	2.097089635658809e8
3.119	2.0999396160523644e8
3.122	2.1027915504777682e8
3.125	2.1056454394448966e8
3.128	2.1085012834622505e8
3.1310000000000002	2.1113590830369633e8
3.134	2.114218838672602e8
3.137	2.117080550866636e8
3.14	2.1199442201216602e8
3.1430000000000002	2.1228098469394758e8
3.146	2.125677431820582e8
3.149	2.128546975264183e8
3.152	2.1314184777681905e8
3.1550000000000002	2.1342919398292255e8
3.158	2.137167361942621e8
3.161	2.1400447446024305e8
3.164	2.142924088301423e8
3.1670000000000003	2.1458053935310948e8
3.17	2.1486886607816657e8
3.173	2.1515738905420876e8
3.176	2.1544610833000463e8
3.1790000000000003	2.1573502395419624e8
3.182	2.1602413597529957e8
3.185	2.1631344444170517e8
3.188	2.1660294940167806e8
3.191	2.1689265090335807e8
3.194	2.1718254899476066e8
3.197	2.1747264372377652e8
3.2	2.1776293513817224e8
3.203	2.1805342328559086e8
3.206	2.1834410821355182e8
3.209	2.1863498996945143e8
3.212	2.1892606860056308e8
3.215	2.1921734415403756e8
3.218	2.195088166769036e8
3.221	2.1980048621606788e8
3.224	2.2009235281831542e8
3.227	2.2038441653031003e8
3.23	2.2067667739859447e8
3.233	2.2096913546955916e8
3.236	2.2126179078892544e8
3.239	2.2155464340265998e8
3.242	2.21847693356832e8
3.245	2.2214094069739598e8
3.248	2.2243438547019118e8
3.251	2.227280277209429e8
3.254	2.2302186749526212e8
3.257	2.2331590483864582e8
3.2600000000000002	2.2361013979647753e8
3.263	2.239045724140274e8
3.266	2.2419920273645276e8
3.269	2.244940308087982e8
3.2720000000000002	2.2478905667599565e8
3.275	2.2508428038286516e8
3.278	2.2537970197411495e8
3.281	2.2567532149434152e8
3.2840000000000003	2.2597113898803023e8
3.287	2.262671544995553e8
3.29	2.265633680731803e8
3.293	2.2685977975305837e8
3.2960000000000003	2.271563895832324e8
3.299	2.2745319760763532e8
3.302	2.2775020387009084e8
3.305	2.2804740841431278e8
3.3080000000000003	2.2834481151371995e8
3.311	2.2864241392257705e8
3.314	2.2894021577750406e8
3.317	2.2923821708239874e8
3.32	2.2953641785707211e8
3.323	2.2983481812141937e8
3.326	2.301334178954189e8
3.329	2.3043221719913298e8
3.332	2.3073121605270714e8
3.335	2.3103041447602162e8
3.338	2.3132981248902017e8
3.341	2.3162941011210424e8
3.344	2.3192920736576223e8
3.347	2.3222920427057013e8
3.35	2.3252940084719044e8
3.353	2.3282979711637264e8
3.356	2.3313039309895292e8
3.359	2.334311888158542e8
3.362	2.3373218428808546e8
3.365	2.3403337953674248e8
3.368	2.3433477458300683e8
3.371	2.346363694481461e8
3.374	2.3493816415351364e8
3.3770000000000002	2.3524015872054857e8
3.38	2.3554235317077523e8
3.383	2.3584474752580312e8
3.386	2.3614734180732685e8
3.3890000000000002	2.3645013603712553e8
3.392	2.36753130237063e8
3.395	2.3705632442908734e8
3.398	2.3735971863523054e8
3.4010000000000002	2.3766331287760824e8
3.404	2.3796710717841986e8
3.407	2.3827110155994752e8
3.41	2.385752960445567e8
3.4130000000000003	2.3887969065469518e8
3.416	2.391842854128931e8
3.419	2.3948908034176266e8
3.422	2.3979407546399745e8
3.4250000000000003	2.400992708023727e8
3.428	2.4040466637974435e8
3.431	2.4071026221904895e8
3.434	2.4101605834310383e8
3.4370000000000003	2.413220547745903e8
3.44	2.4162825153667608e8
3.443	2.4193464865262404e8
3.446	2.4224124614577958e8
3.449	2.4254804403956965e8
3.452	2.428550423575026e8
3.455	2.431622411231679e8
3.458	2.434696403602352e8
3.461	2.4377724009245458e8
3.464	2.4408504034365568e8
3.467	2.4439304113774732e8
3.47	2.4470124249871695e8
3.473	2.4500964445063064e8
3.476	2.45318247017632e8
3.479	2.456270502239422e8
3.482	2.4593605409385896e8
3.485	2.462452586517568e8
3.488	2.4655466392208597e8
3.491	2.4686426992937204e8
3.494	2.4717407669821545e8
3.497	2.474840842532912e8
3.5	2.4779429261934784e8
3.503	2.4810470182120746e8
3.5060000000000002	2.4841531188376486e8
3.509	2.4872612283198702e8
3.512	2.4903713469091278e8
3.515	2.493483474856519e8
3.5180000000000002	2.4965976124138477e8
3.521	2.49971375983362e8
3.524	2.5028319173690325e8
3.527	2.505952085273974e8
3.5300000000000002	2.5090742638030136e8
3.533	2.5121984532100275e8
3.536	2.515324653747017e8
3.539	2.518452865670358e8
3.5420000000000003	2.521583089237357e8
3.545	2.5247153247060075e8
3.548	2.5278495723349765e8
3.551	2.5309858323836046e8
3.5540000000000003	2.534124105111896e8
3.557	2.5372643907805133e8
3.56	2.5404066896507752e8
3.563	2.5435510019846413e8
3.5660000000000003	2.5466973280447134e8
3.569	2.549845668094228e8
3.572	2.552996022397045e8
3.575	2.5561483912176478e8
3.578	2.5593027748211315e8
3.581	2.5624591734732005e8
3.584	2.565617587440158e8
3.587	2.5687780169889018e8
3.59	2.5719404623869172e8
3.593	2.5751049239022708e8
3.596	2.5782714018036017e8
3.599	2.5814398963601163e8
3.602	2.5846104078415808e8
3.605	2.587782936518319e8
3.608	2.5909574826611957e8
3.611	2.5941340465416196e8
3.614	2.5973126284315297e8
3.617	2.6004932286033937e8
3.62	2.6036758473301947e8
3.623	2.6068604848854303e8
3.626	2.6100471415431023e8
3.629	2.6132358175777125e8
3.632	2.6164265132630444e8
3.6350000000000002	2.6196192288710964e8
3.638	2.622813964677632e8
3.641	2.626010720959131e8
3.644	2.6292094979925638e8
3.6470000000000002	2.6324102960553867e8
3.65	2.6356131154255244e8
3.653	2.6388179563813797e8
3.656	2.642024819201809e8
3.6590000000000003	2.6452337041661274e8
3.662	2.6484446115540954e8
3.665	2.6516575416459167e8
3.668	2.6548724947222236e8
3.6710000000000003	2.6580894710640785e8
3.674	2.6613084709529582e8
3.677	2.664529494670755e8
3.68	2.667752542499764e8
3.6830000000000003	2.6709776147226772e8
3.686	2.6742047116225776e8
3.689	2.67743383348293e8
3.692	2.6806649805875766e8
3.6950000000000003	2.6838981532207265e8
3.698	2.6871333516669494e8
3.701	2.6903705762111735e8
3.704	2.69360982713867e8
3.707	2.6968511047350514e8
3.71	2.700094409286264e8
3.713	2.7033397410785794e8
3.716	2.706587100398586e8
3.719	2.709836487533185e8
3.722	2.7130879027695847e8
3.725	2.716341346395285e8
3.728	2.719596818698081e8
3.731	2.722854319964708e8
3.734	2.726113850480591e8
3.737	2.729375410534277e8
3.74	2.7326390004147017e8
3.743	2.735904620411085e8
3.746	2.7391722708129144e8
3.749	2.742441951909947e8
3.7520000000000002	2.7457136639921963e8
3.755	2.7489874073499256e8
3.758	2.752263182273646e8
3.761	2.755540989054105e8
3.7640000000000002	2.7588208279822797e8
3.767	2.7621026993493724e8
3.77	2.765386603446803e8
3.773	2.7686725405662e8
3.7760000000000002	2.771960510999398e8
3.779	2.775250515038424e8
3.782	2.7785425529754996e8
3.785	2.7818366251030296e8
3.7880000000000003	2.78513273171359e8
3.791	2.7884308730999297e8
3.794	2.791731049554965e8
3.797	2.795033261371762e8
3.8000000000000003	2.798337508843541e8
3.803	2.801643792263662e8
3.806	2.8049521119256276e8
3.809	2.808262468123067e8
3.8120000000000003	2.811574861149731e8
3.815	2.814889291299491e8
3.818	2.81820575886633e8
3.821	2.821524264144334e8
3.8240000000000003	2.824844807427686e8
3.827	2.828167389010663e8
3.83	2.8314920091858816e8
3.833	2.834818668245616e8
3.836	2.8381473664844006e8
3.839	2.84147810419687e8
3.842	2.844810881677739e8
3.845	2.8481456992218e8
3.848	2.851482557123913e8
3.851	2.854821455679006e8
3.854	2.858162395182063e8
3.857	2.86150537592812e8
3.86	2.864850398212256e8
3.863	2.868197462329597e8
3.866	2.871546568575298e8
3.869	2.874897717244542e8
3.872	2.8782509086325383e8
3.875	2.88160614303451e8
3.878	2.884963420745693e8
3.8810000000000002	2.888322742061325e8
3.884	2.891684107276645e8
3.887	2.8950475166868865e8
3.89	2.898412970587272e8
3.8930000000000002	2.901780469273004e8
3.896	2.905150013039261e8
3.899	2.9085216021811986e8
3.902	2.9118952369939333e8
3.9050000000000002	2.915270917772542e8
3.908	2.9186486448120594e8
3.911	2.9220284184074694e8
3.914	2.925410238853698e8
3.9170000000000003	2.928794106445613e8
3.92	2.932180021478013e8
3.923	2.9355679842456293e8
3.926	2.938957995043057e8
3.9290000000000003	2.942350054162585e8
3.932	2.9457441618975043e8
3.935	2.949140318542243e8
3.938	2.952538524391147e8
3.9410000000000003	2.9559387797384816e8
3.944	2.9593410848784244e8
3.947	2.962745440105062e8
3.95	2.966151845712384e8
3.9530000000000003	2.9695603019942766e8
3.956	2.9729708092445207e8
3.959	2.976383367756787e8
3.962	2.9797979778246266e8
3.965	2.9832146397414756e8
3.968	2.986633353800641e8
3.971	2.9900541202952987e8
3.974	2.9934769395184934e8
3.977	2.996901811763129e8
3.98	3.0003287373219675e8
3.983	3.003757716487618e8
3.986	3.007188749552545e8
3.989	3.0106218368090487e8
3.992	3.014056978549275e8
3.995	3.0174941750651973e8
3.998	3.020933426648626e8
4.0009999999999994	3.024374733591191e8
4.004	3.027818096184351e8
4.007	3.031263514719379e8
4.01	3.0347109894873583e8
4.013	3.038160520779189e8
4.016	3.0416121088855696e8
4.019	3.0450657540970045e8
4.022	3.0485214567037964e8
4.025	3.051979216995665e8
4.0280000000000005	3.0554390352600944e8
4.031000000000001	3.0589009117863417e8
4.034000000000001	3.062364846863894e8
4.037	3.0658308407820314e8
4.04	3.069298893829836e8
4.043	3.072769006296169e8
4.046	3.076241178469681e8
4.0489999999999995	3.079715410638803e8
4.052	3.0831917030917466e8
4.055	3.086670056116495e8
4.058	3.0901504700008017e8
4.061	3.0936329450321907e8
4.064	3.0971174814979494e8
4.067	3.1006040796851224e8
4.07	3.104092739880515e8
4.073	3.1075834623706865e8
4.0760000000000005	3.1110762474419427e8
4.079000000000001	3.1145710953803426e8
4.082000000000001	3.1180680064716846e8
4.085	3.1215669810015076e8
4.088	3.1250680192550933e8
4.091	3.128571121517454e8
4.093999999999999	3.132076288073332e8
4.0969999999999995	3.135583519207201e8
4.1	3.139092815203261e8
4.103	3.14260417634543e8
4.106	3.146117602917349e8
4.109	3.1496330952023727e8
4.112	3.15315065348357e8
4.115	3.156670278043725e8
4.118	3.1601919691653216e8
4.121	3.1637157271305555e8
4.1240000000000006	3.1672415522202593e8
4.127000000000001	3.1707694447142136e8
4.13	3.1742994048937005e8
4.133	3.1778314330397445e8
4.136	3.181365529433075e8
4.139	3.184901694354132e8
4.1419999999999995	3.188439928083052e8
4.145	3.1919802308996767e8
4.148	3.195522603083543e8
4.151	3.199067044913884e8
4.154	3.202613556669623e8
4.157	3.2061621386293775e8
4.16	3.209712791071451e8
4.163	3.213265514273831e8
4.166	3.216820308514191e8
4.1690000000000005	3.2203771740698826e8
4.172000000000001	3.2239361112179404e8
4.175000000000001	3.2274971202350694e8
4.178	3.2310602013976526e8
4.181	3.234625354981744e8
4.184	3.238192581263069e8
4.187	3.2417618805170166e8
4.1899999999999995	3.2453332530186445e8
4.193	3.2489066990426755e8
4.196	3.2524822188634884e8
4.199	3.256059812755125e8
4.202	3.259639480991285e8
4.205	3.2632212238453203e8
4.208	3.266805041590241e8
4.211	3.2703909344987035e8
4.214	3.2739789028430164e8
4.2170000000000005	3.277568946895136e8
4.220000000000001	3.281161066926557e8
4.223	3.28475526320665e8
4.226	3.288351536005645e8
4.229	3.291949885594096e8
4.232	3.295550312242212e8
4.234999999999999	3.2991528162198555e8
4.2379999999999995	3.3027573977965355e8
4.241	3.306364057241416e8
4.244	3.3099727948233026e8
4.247	3.3135836108106464e8
4.25	3.3171965054715484e8
4.253	3.3208114790737456e8
4.256	3.324428531884617e8
4.259	3.3280476641711855e8
4.2620000000000005	3.331668876200105e8
4.265000000000001	3.335292168237672e8
4.268000000000001	3.338917540549812e8
4.271	3.3425449934020865e8
4.274	3.346174527059693e8
4.277	3.349806141787453e8
4.28	3.3534398378498214e8
4.2829999999999995	3.3570756155108774e8
4.286	3.360713475034333e8
4.289	3.3643534166835177e8
4.292	3.367995440721392e8
4.295	3.3716395474105346e8
4.298	3.375285737013146e8
4.301	3.37893400979105e8
4.304	3.3825843660056865e8
4.307	3.386236805918114e8
4.3100000000000005	3.3898913297890085e8
4.313000000000001	3.393547937878661e8
4.316000000000001	3.397206630446978e8
4.319	3.400867407752736e8
4.322	3.404530270053443e8
4.325	3.408195217607798e8
4.328	3.411862250674189e8
4.3309999999999995	3.415531369510617e8
4.334	3.419202574374715e8
4.337	3.4228758655237305e8
4.34	3.426551243214533e8
4.343	3.430228707703611e8
4.346	3.433908259247072e8
4.349	3.4375898981006354e8
4.352	3.4412736245196474e8
4.355	3.444959438759059e8
4.3580000000000005	3.448647341073442e8
4.361000000000001	3.452337331716978e8
4.364	3.4560294109434664e8
4.367	3.4597235790063125e8
4.37	3.463419836158539e8
4.373	3.4671181826527745e8
4.3759999999999994	3.470818618741257e8
4.379	3.4745211446758384e8
4.382	3.478225760707975e8
4.385	3.481932467088731e8
4.388	3.485641264068776e8
4.391	3.48935215189839e8
4.394	3.4930651308274525e8
4.397	3.496780201105454e8
4.4	3.5004973629814833e8
4.4030000000000005	3.504216616704237e8
4.406000000000001	3.507937962522013e8
4.409000000000001	3.51166140068271e8
4.412	3.515386931433829e8
4.415	3.519114555022354e8
4.418	3.522844271693383e8
4.421	3.5265760816927284e8
4.4239999999999995	3.530309985266317e8
4.427	3.534045982659686e8
4.43	3.537784074117985e8
4.433	3.5415242598859704e8
4.436	3.545266540208012e8
4.439	3.549010915328088e8
4.442	3.5527573854897845e8
4.445	3.556505950936301e8
4.448	3.5602566119104385e8
4.4510000000000005	3.5640093686546135e8
4.454000000000001	3.567764221410843e8
4.457000000000001	3.571521170420756e8
4.46	3.5752802159255856e8
4.463	3.579041358166171e8
4.466	3.5828045973829615e8
4.468999999999999	3.586569933816004e8
4.4719999999999995	3.5903373677049595e8
4.475	3.5941068992890906e8
4.478	3.597878528807261e8
4.481	3.601652256497944e8
4.484	3.6054280825992125e8
4.487	3.609206007348748e8
4.49	3.612986030983832e8
4.493	3.6167681537413484e8
4.496	3.620552375857787e8
4.4990000000000006	3.6243386975692385e8
4.502	3.6281271191113955e8
4.505	3.631917640719557e8
4.508	3.635710262628618e8
4.511	3.6395049850730795e8
4.514	3.6433018082861525e8
4.517	3.6471007325003946e8
4.5200000000000005	3.650901757949121e8
4.523	3.6547048848652667e8
4.526	3.658510113481377e8
4.529	3.6623174440296113e8
4.532	3.66612687674174e8
4.535	3.669938411849145e8
4.538	3.673752049582823e8
4.541	3.677567790173379e8
4.5440000000000005	3.6813856338510346e8
4.547	3.685205580845618e8
4.55	3.689027631386575e8
4.553	3.692851785702958e8
4.556	3.696678044023432e8
4.559	3.7005064065762746e8
4.562	3.7043368735893756e8
4.565	3.7081694452902323e8
4.5680000000000005	3.7120041219059575e8
4.571	3.7158409036632746e8
4.574	3.7196797907885164e8
4.577	3.723520783507628e8
4.58	3.727363882046165e8
4.583	3.731209086629297e8
4.586	3.7350563974818e8
4.589	3.7389058148280644e8
4.5920000000000005	3.7427573388920915e8
4.595	3.746610969897494e8
4.598	3.750466708067496e8
4.601	3.754324553624929e8
4.604	3.758184506792244e8
4.607	3.762046567791495e8
4.61	3.765910736844027e8
4.613	3.769777014169725e8
4.616	3.7736453999893326e8
4.619	3.777515894523375e8
4.622	3.781388497992e8
4.625	3.78526321061498e8
4.628	3.789140032611706e8
4.631	3.7930189642011976e8
4.634	3.79690000560209e8
4.6370000000000005	3.800783157032649e8
4.64	3.804668418710756e8
4.643	3.8085557908539224e8
4.646	3.812445273679279e8
4.649	3.8163368674035794e8
4.652	3.820230572243205e8
4.655	3.8241263884141564e8
4.658	3.828024316132061e8
4.6610000000000005	3.831924355612166e8
4.664	3.8358265070693475e8
4.667	3.8397307707181054e8
4.67	3.843637146772561e8
4.673	3.8475456354464626e8
4.676	3.8514562369531816e8
4.679	3.8553689515057176e8
4.682	3.85928377931669e8
4.6850000000000005	3.863200720598349e8
4.688	3.867119775562565e8
4.691	3.871040944420839e8
4.694	3.8749642273842955e8
4.697	3.878889624663684e8
4.7	3.8828171364693844e8
4.703	3.8867467630113965e8
4.706	3.890678504499281e8
4.7090000000000005	3.8946123611410683e8
4.712	3.898548333145213e8
4.715	3.9024864207202435e8
4.718	3.9064266240743244e8
4.721	3.910368943415263e8
4.724	3.914313378950499e8
4.727	3.918259930887116e8
4.73	3.9222085994318295e8
4.733	3.9261593847909987e8
4.736	3.9301122871706223e8
4.739	3.934067306776334e8
4.742	3.938024443813409e8
4.745	3.941983698486765e8
4.748	3.9459450710009545e8
4.751	3.949908561560174e8
4.7540000000000004	3.9538741703682595e8
4.757	3.957841897628687e8
4.76	3.961811743544576e8
4.763	3.965783708318683e8
4.766	3.9697577921534103e8
4.769	3.9737339952507997e8
4.772	3.977712317812536e8
4.775	3.981692760039946e8
4.7780000000000005	3.9856753221339995e8
4.781	3.9896600042953086e8
4.784	3.9936468067241305e8
4.787	3.9976357296203643e8
4.79	4.001626773183554e8
4.793	4.005619937612885e8
4.796	4.0096152231071913e8
4.799	4.0136126298649496e8
4.8020000000000005	4.017612158084281e8
4.805	4.021613807962094e8
4.808	4.025617579695063e8
4.811	4.029623473480257e8
4.814	4.033631489514408e8
4.817	4.037641627993899e8
4.82	4.04165388911477e8
4.823	4.045668273072719e8
4.8260000000000005	4.0496847800631e8
4.829	4.053703410280922e8
4.832	4.057724163920857e8
4.835	4.0617470411772305e8
4.838	4.065772042244025e8
4.841	4.069799167314886e8
4.844	4.073828416583115e8
4.847	4.077859790241672e8
4.8500000000000005	4.0818932884831774e8
4.853	4.085928911499913e8
4.856	4.0899666594838184e8
4.859	4.094006532626494e8
4.862	4.098048531119204e8
4.865	4.102092655152869e8
4.868	4.1061389049180746e8
4.871	4.110187280605066e8
4.874	4.114237782403753e8
4.877	4.1182904105037063e8
4.88	4.122345165094159e8
4.883	4.12640204636401e8
4.886	4.13046105450182e8
4.889	4.134522189695813e8
4.892	4.1385854521338785e8
4.8950000000000005	4.1426508420035696e8
4.898	4.146718359492105e8
4.901	4.150788004785864e8
4.904	4.1548597780704427e8
4.907	4.1589336795320445e8
4.91	4.1630097093565726e8
4.913	4.1670878677296066e8
4.916	4.171168154836396e8
4.9190000000000005	4.1752505708618724e8
4.922	4.1793351159906393e8
4.925	4.1834217904069835e8
4.928	4.187510594294862e8
4.931	4.191601527837914e8
4.934	4.195694591219454e8
4.937	4.199789784622477e8
4.94	4.2038871082296544e8
4.9430000000000005	4.2079865622233385e8
4.946	4.212088146785559e8
4.949	4.216191862098029e8
4.952	4.220297708342138e8
4.955	4.224405685698958e8
4.958	4.2285157943492407e8
4.961	4.232628034473422e8
4.964	4.2367424062516147e8
4.9670000000000005	4.240858909863618e8
4.97	4.24497754548891e8
4.973	4.2490983133066547e8
4.976	4.253221213495698e8
4.979	4.257346246234568e8
4.982	4.261473411701478e8
4.985	4.265602710074326e8
4.988	4.269734141530695e8
4.991	4.273867706247849e8
4.994	4.2780034044027436e8
4.997	4.282141236171718e8