0.	0.
0.0005	12269.640425302967
0.001	24539.279610060592
0.0015	36808.91741182299
0.002	49078.553958790566
0.0025	61348.1893926835
0.003	73617.82386874051
0.0035	85887.45755575223
0.004	98157.09063605602
0.0045000000000000005	110426.72330553351
0.005	122696.35577364003
0.0055	134965.9882634034
0.006	147235.6210114406
0.006500000000000001	159505.25426797193
0.007	171774.88829683512
0.0075	184044.5233754917
0.008	196314.15979506433
0.0085	208583.79786032403
0.009000000000000001	220853.43788974002
0.0095	233123.08021547488
0.01	245392.72518340746
0.0105	257662.37315316
0.011	269932.0244981378
0.0115	282201.6796055038
0.012	294471.33887624746
0.0125	306741.0027251919
0.013000000000000001	319010.6715809737
0.0135	331280.3484860946
0.014	343550.0364507695
0.0145	355819.73401627893
0.015	368089.44150952075
0.0155	380359.15930906724
0.016	392628.8877795161
0.0165	404898.6272714687
0.017	417168.37812147586
0.0175	429438.1406520241
0.018000000000000002	441707.9151714918
0.0185	453977.70197411673
0.019	466247.5013399852
0.0195	478517.3135349787
0.02	490787.13881078723
0.0205	503056.9774048551
0.021	515326.8295403887
0.021500000000000002	527596.695426327
0.022	539866.5752573374
0.0225	552136.469213788
0.023	564406.3774617744
0.0235	576676.3001530702
0.024	588946.2374251616
0.0245	601216.1894012273
0.025	613486.1561901373
0.025500000000000002	625756.1378864734
0.026000000000000002	638026.1345705221
0.0265	650296.145923632
0.027	662566.1685580903
0.0275	674836.2064823756
0.028	687106.262511745
0.0285	699376.3366657101
0.029	711646.4289260824
0.029500000000000002	723916.5392370397
0.03	736186.6675051523
0.0305	748456.8135993946
0.031	760726.9773511895
0.0315	772997.1585544111
0.032	785267.3569654017
0.0325	797537.5723029597
0.033	809807.8042483487
0.0335	822078.0524452995
0.034	834348.3164999508
0.0345	846618.5959808887
0.035	858888.8904190733
0.035500000000000004	871159.1993078155
0.036000000000000004	883429.5221027434
0.0365	895699.8582217591
0.037	907970.2070449727
0.0375	920240.567914656
0.038	932510.9401351844
0.0385	944781.3229729214
0.039	957051.7156562046
0.0395	969322.1173752283
0.04	981592.5275439421
0.0405	993862.9449347719
0.041	1.0061333608461437e6
0.0415	1.0184037725620341e6
0.042	1.0306741792196437e6
0.0425	1.0429445799995465e6
0.043000000000000003	1.0552149741257313e6
0.043500000000000004	1.0674853608657268e6
0.044	1.0797557395306448e6
0.0445	1.092026109475278e6
0.045	1.1042964700981302e6
0.0455	1.1165668208414863e6
0.046	1.1288371611914684e6
0.0465	1.1411074906780836e6
0.047	1.1533778088752402e6
0.0475	1.1656481154007905e6
0.048	1.177918409916574e6
0.0485	1.1901886921283964e6
0.049	1.2024589617860871e6
0.0495	1.2147292186834775e6
0.05	1.2269994626584055e6
0.0505	1.2392696935927158e6
0.051000000000000004	1.2515399114122498e6
0.051500000000000004	1.2638101160868187e6
0.052000000000000005	1.2760803076301948e6
0.0525	1.2883504861000436e6
0.053	1.3006206515724459e6
0.0535	1.3128908025153799e6
0.054	1.32516094060723e6
0.0545	1.3374310705147656e6
0.055	1.349701192578841e6
0.0555	1.3619713070613581e6
0.056	1.3742414142313676e6
0.0565	1.3865115143650789e6
0.057	1.39878160774586e6
0.0575	1.4110516946642583e6
0.058	1.4233217754180112e6
0.0585	1.4355918503120684e6
0.059000000000000004	1.4478619196585885e6
0.059500000000000004	1.460131983776971e6
0.06	1.472402042993875e6
0.0605	1.4846720976432222e6
0.061	1.4969421480662248e6
0.0615	1.5092121946113969e6
0.062	1.5214822376345992e6
0.0625	1.5337522774990227e6
0.063	1.5460223145752451e6
0.0635	1.5582923492412213e6
0.064	1.5705623818822543e6
0.0645	1.582832412891318e6
0.065	1.5951024426686415e6
0.0655	1.6073724716220105e6
0.066	1.619642500166742e6
0.0665	1.6319125291297212e6
0.067	1.644182562054435e6
0.0675	1.6564525977148763e6
0.068	1.6687226353434604e6
0.0685	1.6809926752853158e6
0.069	1.6932627179630566e6
0.0695	1.7055327637800225e6
0.07	1.7178028131412715e6
0.07050000000000001	1.730072866453541e6
0.07100000000000001	1.7423429241252446e6
0.07150000000000001	1.754612986566453e6
0.07200000000000001	1.7668830541888804e6
0.0725	1.7791531274058495e6
0.073	1.7914232066322893e6
0.0735	1.803693292284701e6
0.074	1.8159633847811637e6
0.0745	1.8282334845412986e6
0.075	1.840503591986239e6
0.0755	1.852773707538643e6
0.076	1.8650438316226394e6
0.0765	1.877313964663832e6
0.077	1.8895841070892843e6
0.0775	1.901854259327466e6
0.078	1.9141244218082689e6
0.0785	1.9263945949629724e6
0.079	1.9386647792239112e6
0.0795	1.9509349750260194e6
0.08	1.9632051823649684e6
0.0805	1.9754754017509911e6
0.081	1.9877456387810488e6
0.0815	2.0000158946843438e6
0.082	2.0122861698187764e6
0.0825	2.0245564644967457e6
0.083	2.0368267789852002e6
0.0835	2.0490971135056517e6
0.084	2.061367468234199e6
0.0845	2.073637843301563e6
0.085	2.0859082387930956e6
0.0855	2.0981786547487807e6
0.08600000000000001	2.1104490911632506e6
0.08650000000000001	2.1227195479857796e6
0.08700000000000001	2.1349900251202625e6
0.08750000000000001	2.147260522425217e6
0.088	2.1595310397137604e6
0.0885	2.1718015767535735e6
0.089	2.184072133266886e6
0.0895	2.1963427089304226e6
0.09	2.2086133033753536e6
0.0905	2.2208839161872775e6
0.091	2.233154546906131e6
0.0915	2.245425195026154e6
0.092	2.25769585999579e6
0.0925	2.269966541217655e6
0.093	2.2822372376920944e6
0.0935	2.294507939069054e6
0.094	2.3067786374569507e6
0.0945	2.3190493252048492e6
0.095	2.331320001588811e6
0.0955	2.3435906663718508e6
0.096	2.3558613194787144e6
0.0965	2.368131960996125e6
0.097	2.380402591173164e6
0.0975	2.3926732104215883e6
0.098	2.404943819316251e6
0.0985	2.4172144185955217e6
0.099	2.4294850091618e6
0.0995	2.4417555920819957e6
0.1	2.4540261685881284e6
0.1005	2.466296740077912e6
0.101	2.4785673081153785e6
0.1015	2.490837874431611e6
0.10200000000000001	2.503108440925434e6
0.10250000000000001	2.515379009664218e6
0.10300000000000001	2.5276495828846754e6
0.10350000000000001	2.539920162993728e6
0.10400000000000001	2.552190752569445e6
0.1045	2.5644613543619644e6
0.105	2.5767319712945377e6
0.1055	2.5890026064645667e6
0.106	2.601273263144712e6
0.1065	2.6135439555950304e6
0.107	2.625814729530188e6
0.1075	2.638085594225594e6
0.108	2.650356553661236e6
0.1085	2.6626276105324375e6
0.109	2.6748987671689973e6
0.1095	2.6871700255329707e6
0.11	2.6994413872168628e6
0.1105	2.7117128534422903e6
0.111	2.7239844250591565e6
0.1115	2.7362561025452465e6
0.112	2.7485278860063343e6
0.1125	2.7607997751767486e6
0.113	2.7730717694203993e6
0.1135	2.785343867732301e6
0.114	2.7976160687405355e6
0.1145	2.809888370708676e6
0.115	2.8221607715386515e6
0.1155	2.834433268774096e6
0.116	2.8467058596040397e6
0.1165	2.8589785408671317e6
0.117	2.8712513090560776e6
0.11750000000000001	2.883524160322704e6
0.11800000000000001	2.8957970904832296e6
0.11850000000000001	2.908070095023907e6
0.11900000000000001	2.920343169107064e6
0.11950000000000001	2.9326162862571273e6
0.12	2.944889386299885e6
0.1205	2.9571624614828182e6
0.121	2.969435519762501e6
0.1215	2.981708559424101e6
0.122	2.9939815768050067e6
0.1225	3.006254568466498e6
0.123	3.018527531189782e6
0.1235	3.0308004619722846e6
0.124	3.043073358024297e6
0.1245	3.0553462167659183e6
0.125	3.067619035824293e6
0.1255	3.0798918130311663e6
0.126	3.0921645464206976e6
0.1265	3.1044372342275484e6
0.127	3.1167098748852657e6
0.1275	3.1289824670249308e6
0.128	3.14125500947405e6
0.1285	3.1535275012557297e6
0.129	3.1657999415881126e6
0.1295	3.17807232988404e6
0.13	3.190344665751042e6
0.1305	3.2026169489914933e6
0.131	3.214889179603129e6
0.1315	3.227161357779728e6
0.132	3.239433483912127e6
0.1325	3.251705558589485e6
0.133	3.2639775877471482e6
0.1335	3.27624960970637e6
0.134	3.2885216288676765e6
0.1345	3.3007936266047815e6
0.135	3.313065601055303e6
0.1355	3.325337552957106e6
0.136	3.3376094830643088e6
0.1365	3.3498813921471224e6
0.137	3.362153280991697e6
0.1375	3.374425150399902e6
0.138	3.386697001189172e6
0.1385	3.398968834192296e6
0.139	3.4112406502571856e6
0.1395	3.423512450246655e6
0.14	3.435784235038211e6
0.1405	3.4480560055237645e6
0.14100000000000001	3.4603277626094166e6
0.14150000000000001	3.472599507215147e6
0.14200000000000002	3.4848712402745844e6
0.14250000000000002	3.497142962734677e6
0.14300000000000002	3.5094146755554345e6
0.14350000000000002	3.5216863797095856e6
0.14400000000000002	3.5339580761823035e6
0.1445	3.5462297659708504e6
0.145	3.558501450084261e6
0.1455	3.570773129543013e6
0.146	3.583044805378663e6
0.1465	3.59531647485359e6
0.147	3.6075881322782547e6
0.1475	3.619859788594194e6
0.148	3.6321314524904443e6
0.1485	3.6444031251036483e6
0.149	3.6566748075233605e6
0.1495	3.6689465007921434e6
0.15	3.6812182059056787e6
0.1505	3.693489923812827e6
0.151	3.7057616554157557e6
0.1515	3.718033401570016e6
0.152	3.7303051630845945e6
0.1525	3.742576940722023e6
0.153	3.754848735198428e6
0.1535	3.7671205471836175e6
0.154	3.779392377301136e6
0.1545	3.7916642261283263e6
0.155	3.8039360941963894e6
0.1555	3.8162079819904226e6
0.156	3.828479889949497e6
0.1565	3.8407518184666657e6
0.157	3.853023767889045e6
0.1575	3.8652957385178185e6
0.158	3.8775677306082845e6
0.1585	3.8898397443698826e6
0.159	3.9021117799662296e6
0.1595	3.9143838374741892e6
0.16	3.9266559161972306e6
0.1605	3.938928015534511e6
0.161	3.9512001317057824e6
0.1615	3.9634722636678168e6
0.162	3.97574441142537e6
0.1625	3.9880165749906814e6
0.163	4.0002887543829363e6
0.1635	4.012560949628237e6
0.164	4.0248331607596283e6
0.1645	4.0371053878170657e6
0.165	4.0493776308474396e6
0.1655	4.061649889904566e6
0.166	4.073922165049164e6
0.1665	4.086194456348897e6
0.167	4.098466763878319e6
0.1675	4.1107390877189133e6
0.168	4.123011427959059e6
0.1685	4.135283784694053e6
0.169	4.1475561580260857e6
0.1695	4.1598285480642533e6
0.17	4.172100954924545e6
0.1705	4.1843733787298417e6
0.171	4.196645819609903e6
0.1715	4.208918277701389e6
0.17200000000000001	4.221190753147823e6
0.17250000000000001	4.233463246099609e6
0.17300000000000001	4.245735756589942e6
0.17350000000000002	4.258008284420249e6
0.17400000000000002	4.27028083046574e6
0.17450000000000002	4.282553397411404e6
0.17500000000000002	4.294825985635222e6
0.17550000000000002	4.307098595284323e6
0.176	4.319371226488243e6
0.1765	4.331643879358938e6
0.177	4.343916553990779e6
0.1775	4.356189250460567e6
0.178	4.368461968827527e6
0.1785	4.380734709133329e6
0.179	4.393007471402078e6
0.1795	4.405280255640349e6
0.18	4.417553061837129e6
0.1805	4.429825889963874e6
0.181	4.442098739974472e6
0.1815	4.454371611805257e6
0.182	4.466644505375e6
0.1825	4.4789174205849e6
0.183	4.491190357318583e6
0.1835	4.503463315442066e6
0.184	4.515736294803795e6
0.1845	4.528009295234601e6
0.185	4.540282316547686e6
0.1855	4.552555358538612e6
0.186	4.564828420986265e6
0.1865	4.577101503749545e6
0.187	4.5893746066361405e6
0.1875	4.60164772724738e6
0.188	4.613920861966395e6
0.1885	4.626194010498569e6
0.189	4.63846717261728e6
0.1895	4.650740348123068e6
0.19	4.663013536843634e6
0.1905	4.675286738633868e6
0.191	4.687559953375873e6
0.1915	4.699833180978968e6
0.192	4.712106421379715e6
0.1925	4.724379674541912e6
0.193	4.736652940456633e6
0.1935	4.748926219142187e6
0.194	4.761199510644183e6
0.1945	4.773472815035458e6
0.195	4.785746132416175e6
0.1955	4.798019462913733e6
0.196	4.810292806682831e6
0.1965	4.822566163905398e6
0.197	4.834839534790656e6
0.1975	4.8471129195750775e6
0.198	4.859386318522352e6
0.1985	4.8716597319234265e6
0.199	4.883933160096451e6
0.1995	4.896206603517377e6
0.2	4.908480063255399e6
0.2005	4.9207535398641145e6
0.201	4.933027035960621e6
0.2015	4.945300553076849e6
0.202	4.957574091612875e6
0.2025	4.969847651959443e6
0.203	4.9821212344979355e6
0.20350000000000001	4.994394839600389e6
0.20400000000000001	5.006668467629505e6
0.20450000000000002	5.018942118938644e6
0.20500000000000002	5.031215793871828e6
0.20550000000000002	5.043489492763748e6
0.20600000000000002	5.055763215939754e6
0.20650000000000002	5.068036963715874e6
0.20700000000000002	5.080310736398803e6
0.20750000000000002	5.092584534285929e6
0.20800000000000002	5.104858357665295e6
0.2085	5.117132206815638e6
0.209	5.129406082006375e6
0.2095	5.1416799834976215e6
0.21	5.15395391154016e6
0.2105	5.166227866375495e6
0.211	5.1785018482358e6
0.2115	5.190775857343954e6
0.212	5.203049893913561e6
0.2125	5.2153239581488995e6
0.213	5.227598049787404e6
0.2135	5.239872168515746e6
0.214	5.252146314879916e6
0.2145	5.264420492050914e6
0.215	5.276694700854594e6
0.2155	5.288968941411143e6
0.216	5.301243213806235e6
0.2165	5.313517518091094e6
0.217	5.325791854282436e6
0.2175	5.338066222362542e6
0.218	5.35034062227919e6
0.2185	5.362615053945707e6
0.219	5.374889517240921e6
0.2195	5.387164012009156e6
0.22	5.399438538060231e6
0.2205	5.41171309516942e6
0.221	5.42398768307742e6
0.2215	5.436262301490327e6
0.222	5.448536950079623e6
0.2225	5.460811628482076e6
0.223	5.473086336299756e6
0.2235	5.485361073099961e6
0.224	5.497635838415142e6
0.2245	5.509910631742898e6
0.225	5.522185452545851e6
0.2255	5.53446030025161e6
0.226	5.546735174282027e6
0.2265	5.559010074246799e6
0.227	5.571284999523625e6
0.2275	5.583559947433005e6
0.228	5.595834909428663e6
0.2285	5.608109883997167e6
0.229	5.620384870484714e6
0.2295	5.632659868288453e6
0.23	5.644934876856603e6
0.2305	5.657209895688535e6
0.231	5.669484924334863e6
0.2315	5.681759962397515e6
0.232	5.694035009529829e6
0.2325	5.706310065436583e6
0.233	5.718585129874091e6
0.2335	5.730860202650196e6
0.234	5.743135283624356e6
0.23450000000000001	5.755410372707641e6
0.23500000000000001	5.767685469862767e6
0.23550000000000001	5.779960575104112e6
0.23600000000000002	5.792235688497707e6
0.23650000000000002	5.8045108101612395e6
0.23700000000000002	5.816785940264038e6
0.23750000000000002	5.829061079027047e6
0.23800000000000002	5.841336226722805e6
0.23850000000000002	5.853611383675387e6
0.23900000000000002	5.865886550260385e6
0.23950000000000002	5.878161726946045e6
0.24	5.890436914278928e6
0.2405	5.902712112788511e6
0.241	5.914987325525495e6
0.2415	5.927262555809906e6
0.242	5.939537804254519e6
0.2425	5.9518130714768395e6
0.243	5.964088358100519e6
0.2435	5.976363664755346e6
0.244	5.988638992077236e6
0.2445	6.000914340708216e6
0.245	6.013189711296413e6
0.2455	6.025465104496031e6
0.246	6.037740520967358e6
0.2465	6.050015961376701e6
0.247	6.062291426396436e6
0.2475	6.074566916704937e6
0.248	6.0868424329866e6
0.2485	6.099117975931809e6
0.249	6.111393546236913e6
0.2495	6.12366914460422e6
0.25	6.135944771741996e6
0.2505	6.148220428364409e6
0.251	6.160496115191554e6
0.2515	6.172771832949416e6
0.252	6.18504758236985e6
0.2525	6.197323364177663e6
0.253	6.20959917893352e6
0.2535	6.221875027329158e6
0.254	6.234150910347038e6
0.2545	6.246426835228785e6
0.255	6.2587028056831425e6
0.2555	6.270978822348221e6
0.256	6.283254885790987e6
0.2565	6.29553099650667e6
0.257	6.307807154918905e6
0.2575	6.320083361379804e6
0.258	6.332359616170035e6
0.2585	6.344635919498914e6
0.259	6.356912271504397e6
0.2595	6.369188672253157e6
0.26	6.381465121740579e6
0.2605	6.39374161989074e6
0.261	6.4060181665564105e6
0.2615	6.418294761519001e6
0.262	6.430571404488517e6
0.2625	6.44284809510347e6
0.263	6.455124832930803e6
0.2635	6.467401617465781e6
0.264	6.479678448131863e6
0.2645	6.491955324280562e6
0.265	6.504232245191299e6
0.2655	6.516509210071206e6
0.266	6.528786218090592e6
0.2665	6.541063268391435e6
0.267	6.5533403599645635e6
0.2675	6.565617491122625e6
0.268	6.577894649714378e6
0.2685	6.590171830479834e6
0.269	6.602449032323717e6
0.2695	6.61472625420758e6
0.27	6.627003495150008e6
0.2705	6.639280754226803e6
0.271	6.65155803057114e6
0.2715	6.663835323373748e6
0.272	6.676112631883072e6
0.2725	6.688389955405401e6
0.273	6.700667293304997e6
0.2735	6.7129446450042445e6
0.274	6.72522200998375e6
0.2745	6.737499387782431e6
0.275	6.749776777997622e6
0.2755	6.762054180285168e6
0.276	6.774331594359448e6
0.2765	6.786609019993485e6
0.277	6.798886457018977e6
0.2775	6.811163905326306e6
0.278	6.823441364864629e6
0.2785	6.835718835641811e6
0.279	6.847996317721855e6
0.2795	6.860273811165936e6
0.28	6.872551316131292e6
0.2805	6.884828832862132e6
0.281	6.897106363009688e6
0.28150000000000003	6.909383912110405e6
0.28200000000000003	6.921661481031556e6
0.28250000000000003	6.933939070126314e6
0.28300000000000003	6.946216679747483e6
0.28350000000000003	6.958494310247503e6
0.28400000000000003	6.970771961978474e6
0.28450000000000003	6.983049635292095e6
0.28500000000000003	6.995327330539759e6
0.28550000000000003	7.0076050480724685e6
0.28600000000000003	7.019882788240874e6
0.28650000000000003	7.03216055139529e6
0.28700000000000003	7.044438337885652e6
0.28750000000000003	7.056716148061567e6
0.28800000000000003	7.068993982272277e6
0.2885	7.081271840866689e6
0.289	7.093549724193341e6
0.2895	7.105827632600455e6
0.29	7.118105566435878e6
0.2905	7.130383526047126e6
0.291	7.142661511781376e6
0.2915	7.154939523985452e6
0.292	7.167217563005851e6
0.2925	7.1794956292335065e6
0.293	7.191773723140478e6
0.2935	7.204051845078095e6
0.294	7.216329995388133e6
0.2945	7.228608173511687e6
0.295	7.240886378427668e6
0.2955	7.253164610485092e6
0.296	7.265442870064584e6
0.2965	7.277721157564017e6
0.297	7.289999473398473e6
0.2975	7.302277818000226e6
0.298	7.31455619181874e6
0.2985	7.326834595320617e6
0.299	7.339113028989587e6
0.2995	7.351391493326493e6
0.3	7.363669988849234e6
0.3005	7.375948516092775e6
0.301	7.388227075609102e6
0.3015	7.400505667967182e6
0.302	7.412784293752952e6
0.3025	7.425062953569271e6
0.303	7.437341648035917e6
0.3035	7.449620377789514e6
0.304	7.461899143483518e6
0.3045	7.474177945788199e6
0.305	7.486456785390582e6
0.3055	7.4987356629877305e6
0.306	7.511014579056827e6
0.3065	7.523293534214743e6
0.307	7.535572529220547e6
0.3075	7.5478515649028355e6
0.308	7.560130648933044e6
0.3085	7.5724097869239915e6
0.309	7.584688979550508e6
0.3095	7.59696822741028e6
0.31	7.609247531023969e6
0.3105	7.621526890835346e6
0.311	7.633806307211356e6
0.3115	7.646085780442247e6
0.312	7.658365310741591e6
0.3125	7.6706448982463265e6
0.313	7.682924543016799e6
0.3135	7.695204245036729e6
0.314	7.70748400421321e6
0.3145	7.719763820376661e6
0.315	7.732043693280764e6
0.3155	7.744323622602372e6
0.316	7.756603607941437e6
0.3165	7.768883648820839e6
0.317	7.781163744686292e6
0.3175	7.793443894906134e6
0.318	7.805724098771184e6
0.3185	7.818004355494521e6
0.319	7.830284664090532e6
0.3195	7.8425650232422985e6
0.32	7.854845431906622e6
0.3205	7.867125888992787e6
0.321	7.87940639319314e6
0.3215	7.891686931400215e6
0.322	7.903967494805065e6
0.3225	7.916248082255909e6
0.323	7.928528692689972e6
0.3235	7.94080932513378e6
0.324	7.953089978703514e6
0.3245	7.965370652605178e6
0.325	7.977651346135144e6
0.3255	7.989932058679981e6
0.326	8.002212789716948e6
0.3265	8.014493538814133e6
0.327	8.026774305630603e6
0.3275	8.03905508991658e6
0.328	8.051335891513548e6
0.3285	8.063616710354369e6
0.329	8.075897546463368e6
0.3295	8.088178399956392e6
0.33	8.100459271040858e6
0.3305	8.112740160015756e6
0.331	8.125021067251264e6
0.3315	8.137301993287522e6
0.332	8.149582938522193e6
0.3325	8.1618638992500715e6
0.333	8.174144874089634e6
0.3335	8.186425863982518e6
0.334	8.198706870019255e6
0.3345	8.210987894946338e6
0.335	8.223268950188115e6
0.3355	8.235550039016596e6
0.336	8.247831162880232e6
0.3365	8.260112323262508e6
0.337	8.272393521682141e6
0.3375	8.28467475969331e6
0.338	8.296956038885931e6
0.3385	8.309237360885863e6
0.339	8.321518727355223e6
0.3395	8.333800139992577e6
0.34	8.346081600533549e6
0.3405	8.358363110750582e6
0.341	8.370644672453655e6
0.3415	8.382926287490497e6
0.342	8.395207957746947e6
0.3425	8.407489685147254e6
0.343	8.419771471654398e6
0.3435	8.432053319270391e6
0.34400000000000003	8.444335230036445e6
0.34450000000000003	8.456617206033155e6
0.34500000000000003	8.468899249392916e6
0.34550000000000003	8.481181271048328e6
0.34600000000000003	8.493463064685205e6
0.34650000000000003	8.505744626304189e6
0.34700000000000003	8.51802596215336e6
0.34750000000000003	8.530307080564605e6
0.34800000000000003	8.542587990165068e6
0.34850000000000003	8.554868697234742e6
0.34900000000000003	8.567149216314336e6
0.34950000000000003	8.579429564983027e6
0.35000000000000003	8.591709763413822e6
0.35050000000000003	8.603989834489714e6
0.35100000000000003	8.616269805737887e6
0.35150000000000003	8.62854970469233e6
0.352	8.640829564897327e6
0.3525	8.653109423088206e6
0.353	8.665389320258243e6
0.3535	8.67766930213322e6
0.354	8.689949419741748e6
0.3545	8.702229730101075e6
0.355	8.714510297038957e6
0.3555	8.726791188850004e6
0.356	8.739072496609885e6
0.3565	8.751354301819263e6
0.357	8.76363671136998e6
0.3575	8.775919847653765e6
0.358	8.788203850640528e6
0.3585	8.800490029743621e6
0.359	8.812781650260475e6
0.3595	8.825080237842632e6
0.36	8.837387215554664e6
0.3605	8.849703303759644e6
0.361	8.862028011055984e6
0.3615	8.874359978696331e6
0.362	8.886697771800475e6
0.3625	8.899039838517653e6
0.363	8.911383335153526e6
0.3635	8.923727565597862e6
0.364	8.936072394025316e6
0.3645	8.948417702095937e6
0.365	8.960763385761328e6
0.3655	8.973109352810184e6
0.366	8.985455520953922e6
0.3665	8.997801816313053e6
0.367	9.010148172205325e6
0.3675	9.022494528164268e6
0.368	9.034840829135824e6
0.3685	9.04718702481453e6
0.369	9.059533069090053e6
0.3695	9.071878919582073e6
0.37	9.084224537246635e6
0.3705	9.096569886040652e6
0.371	9.108914932634408e6
0.3715	9.121259646163777e6
0.372	9.133603998015748e6
0.3725	9.145947961641945e6
0.373	9.158291512395898e6
0.3735	9.170634627390666e6
0.374	9.182977285373889e6
0.3745	9.195319466632998e6
0.375	9.207661144321332e6
0.3755	9.220002278023912e6
0.376	9.232342849651154e6
0.3765	9.244682872627193e6
0.377	9.257022462619763e6
0.3775	9.26936162756054e6
0.378	9.281700353662813e6
0.3785	9.294038627680058e6
0.379	9.30637643689338e6
0.3795	9.31871376909959e6
0.38	9.331050612599837e6
0.3805	9.34338695618888e6
0.381	9.355722789144736e6
0.3815	9.36805810121891e6
0.382	9.380392882627195e6
0.3825	9.392727124039864e6
0.383	9.405060816574419e6
0.3835	9.417393951786345e6
0.384	9.429726521661531e6
0.3845	9.442058518608555e6
0.385	9.454389935451413e6
0.3855	9.4667207654224e6
0.386	9.479051002155323e6
0.3865	9.491380639678854e6
0.387	9.503709672410188e6
0.3875	9.516038095148806e6
0.388	9.52836590327577e6
0.3885	9.54069311096856e6
0.389	9.553019726063924e6
0.3895	9.565345744358933e6
0.39	9.577671161747925e6
0.3905	9.589995974218965e6
0.391	9.60232017785037e6
0.3915	9.614643768807465e6
0.392	9.626966743339444e6
0.3925	9.639289097954797e6
0.393	9.651610840729704e6
0.3935	9.663931975031e6
0.394	9.676252497157209e6
0.3945	9.688572403384453e6
0.395	9.700891689965444e6
0.3955	9.713210353128508e6
0.396	9.725528389076576e6
0.3965	9.737845793986209e6
0.397	9.750162564006576e6
0.3975	9.76247869525848e6
0.398	9.774794183833312e6
0.3985	9.78710902579207e6
0.399	9.79942321716434e6
0.3995	9.81173675394722e6
0.4	9.824049632104348e6
0.4005	9.836361847564824e6
0.401	9.848673396222131e6
0.4015	9.860984273868393e6
0.402	9.873294466476193e6
0.4025	9.88560396283046e6
0.403	9.897912758877555e6
0.4035	9.91022085066378e6
0.404	9.922528234334221e6
0.4045	9.934834906132247e6
0.405	9.947140862398835e6
0.4055	9.959446099572033e6
0.406	9.971750614186374e6
0.40650000000000003	9.984054402872358e6
0.40700000000000003	9.996357462355861e6
0.40750000000000003	1.0008659789457677e7
0.40800000000000003	1.0020961381092956e7
0.40850000000000003	1.0033262234270725e7
0.40900000000000003	1.0045562346093422e7
0.40950000000000003	1.0057861713756366e7
0.41000000000000003	1.0070160335811425e7
0.41050000000000003	1.0082458213211652e7
0.41100000000000003	1.0094755343603972e7
0.41150000000000003	1.010705172448329e7
0.41200000000000003	1.0119347353411501e7
0.41250000000000003	1.0131642228017256e7
0.41300000000000003	1.0143936345995769e7
0.41350000000000003	1.0156229705108577e7
0.41400000000000003	1.0168522303183356e7
0.41450000000000004	1.0180814138113663e7
0.41500000000000004	1.0193105207968699e7
0.41550000000000004	1.02053955126895e7
0.41600000000000004	1.0217685051047439e7
0.4165	1.0229973821156658e7
0.417	1.02422618211732e7
0.4175	1.0254549049294837e7
0.418	1.0266835503760863e7
0.4185	1.0279121182851909e7
0.419	1.0291406084889691e7
0.4195	1.030369020823691e7
0.42	1.031597355129697e7
0.4205	1.0328256112513842e7
0.421	1.0340537890371894e7
0.4215	1.0352818883395657e7
0.422	1.0365099090149675e7
0.4225	1.0377378509238357e7
0.423	1.038965713928615e7
0.4235	1.0401934979020104e7
0.424	1.0414212027138403e7
0.4245	1.0426488282403195e7
0.425	1.043876374361562e7
0.4255	1.0451038409615638e7
0.426	1.0463312279281875e7
0.4265	1.0475585351533974e7
0.427	1.0487857625321383e7
0.4275	1.050012909965057e7
0.428	1.0512399774694605e7
0.4285	1.052466965065788e7
0.429	1.0536938729015853e7
0.4295	1.0549207009300003e7
0.43	1.0561474490603914e7
0.4305	1.057374117202376e7
0.431	1.0586007052657828e7
0.4315	1.0598272131606497e7
0.432	1.0610536407972164e7
0.4325	1.0622799880859174e7
0.433	1.0635062549373778e7
0.4335	1.064732441262408e7
0.434	1.0659585469719961e7
0.4345	1.0671845719773054e7
0.435	1.0684105161896659e7
0.4355	1.069636379520571e7
0.436	1.0708621618816707e7
0.4365	1.072087863184768e7
0.437	1.0733134833418116e7
0.4375	1.0745390222648911e7
0.438	1.075764479866234e7
0.4385	1.0769898560581967e7
0.439	1.0782151507532632e7
0.4395	1.0794403638640378e7
0.44	1.0806654953032399e7
0.4405	1.0818905449837007e7
0.441	1.0831155128183568e7
0.4415	1.0843403987202452e7
0.442	1.0855652025780046e7
0.4425	1.0867899241948636e7
0.443	1.0880145634729773e7
0.4435	1.0892391203266574e7
0.444	1.090463594673909e7
0.4445	1.0916879864332793e7
0.445	1.0929122955246076e7
0.4455	1.0941365218690217e7
0.446	1.0953606654158896e7
0.4465	1.096584726154442e7
0.447	1.09780870401198e7
0.4475	1.0990325989136782e7
0.448	1.1002564107855527e7
0.4485	1.1014801395544635e7
0.449	1.1027037851481067e7
0.4495	1.1039273474950142e7
0.45	1.1051508265245512e7
0.4505	1.106374222166912e7
0.451	1.107597534353118e7
0.4515	1.1088207630150167e7
0.452	1.110043908085277e7
0.4525	1.1112669694973866e7
0.453	1.1124899471856518e7
0.4535	1.1137128410851933e7
0.454	1.1149356511319425e7
0.4545	1.1161583772626434e7
0.455	1.1173810194148444e7
0.4555	1.1186035775312386e7
0.456	1.1198260515654748e7
0.4565	1.1210484414584925e7
0.457	1.1222707471506877e7
0.4575	1.1234929685830891e7
0.458	1.1247151056973506e7
0.4585	1.1259371584357545e7
0.459	1.1271591267412057e7
0.4595	1.1283810105572307e7
0.46	1.1296028098279761e7
0.4605	1.1308245244982064e7
0.461	1.1320461545133004e7
0.4615	1.133267699819253e7
0.462	1.1344891603626689e7
0.4625	1.135710536090764e7
0.463	1.1369318269513616e7
0.4635	1.1381530328928906e7
0.464	1.1393741538643857e7
0.4645	1.1405951898382062e7
0.465	1.1418161407962995e7
0.4655	1.143037006689343e7
0.466	1.1442577874681566e7
0.4665	1.1454784830839168e7
0.467	1.146699093488158e7
0.4675	1.1479196186327705e7
0.468	1.1491400584699979e7
0.4685	1.1503604129524395e7
0.46900000000000003	1.151580682023038e7
0.46950000000000003	1.1528008656084202e7
0.47000000000000003	1.154020963661165e7
0.47050000000000003	1.1552409761359774e7
0.47100000000000003	1.1564609029882278e7
0.47150000000000003	1.1576807441739509e7
0.47200000000000003	1.1589004996498425e7
0.47250000000000003	1.1601201693732612e7
0.47300000000000003	1.1613397533022236e7
0.47350000000000003	1.1625592513954077e7
0.47400000000000003	1.1637786636121493e7
0.47450000000000003	1.164997989912441e7
0.47500000000000003	1.1662172302569317e7
0.47550000000000003	1.1674363846069256e7
0.47600000000000003	1.1686554529243825e7
0.47650000000000003	1.1698744351719141e7
0.47700000000000004	1.1710933313127844e7
0.47750000000000004	1.1723121413109107e7
0.47800000000000004	1.1735308651308592e7
0.47850000000000004	1.1747495027378468e7
0.47900000000000004	1.1759680540977387e7
0.47950000000000004	1.1771865191770488e7
0.48	1.178404897942937e7
0.4805	1.1796231903632095e7
0.481	1.1808413964063197e7
0.4815	1.1820595160413621e7
0.482	1.1832775492380789e7
0.4825	1.1844954959647728e7
0.483	1.1857133561950633e7
0.4835	1.1869311299184551e7
0.484	1.1881488171081021e7
0.4845	1.189366417736874e7
0.485	1.1905839317782216e7
0.4855	1.1918013592061821e7
0.486	1.1930186999953698e7
0.4865	1.1942359541209856e7
0.487	1.1954531215588093e7
0.4875	1.1966702022852033e7
0.488	1.197887196277107e7
0.4885	1.1991041035120409e7
0.489	1.2003209239681048e7
0.4895	1.2015376576239761e7
0.49	1.2027543044589097e7
0.4905	1.203970864452738e7
0.491	1.205187337585869e7
0.4915	1.2064037238392888e7
0.492	1.2076200231945574e7
0.4925	1.2088362356338093e7
0.493	1.210052361139754e7
0.4935	1.2112683996956758e7
0.494	1.21248435128543e7
0.4945	1.2137002158934472e7
0.495	1.2149159935047278e7
0.4955	1.2161316841048453e7
0.496	1.2173472877180366e7
0.4965	1.218562804403306e7
0.497	1.2197782341484599e7
0.4975	1.220993576939188e7
0.498	1.2222088327608176e7
0.4985	1.2234240015983216e7
0.499	1.2246390834363151e7
0.4995	1.2258540782590538e7
0.5	1.227068986050437e7
0.5005000000000001	1.2282838067940056e7
0.501	1.2294985404729402e7
0.5015000000000001	1.2307131870716618e7
0.502	1.231927746591712e7
0.5025000000000001	1.2331422190206686e7
0.503	1.2343566043400612e7
0.5035000000000001	1.2355709025309505e7
0.504	1.2367851135739245e7
0.5045000000000001	1.2379992374490995e7
0.505	1.2392132741361195e7
0.5055000000000001	1.2404272236141577e7
0.506	1.2416410858619142e7
0.5065000000000001	1.2428548608576145e7
0.507	1.2440685485790152e7
0.5075000000000001	1.2452821490033962e7
0.508	1.2464956621075666e7
0.5085000000000001	1.2477090878678592e7
0.509	1.2489224262601363e7
0.5095000000000001	1.2501356771972781e7
0.51	1.2513488405397115e7
0.5105000000000001	1.2525619162613397e7
0.511	1.2537749043395765e7
0.5115000000000001	1.254987804752848e7
0.512	1.2562006174805876e7
0.5125	1.2574133425032388e7
0.513	1.2586259798022557e7
0.5135	1.2598385293600997e7
0.514	1.2610509911602417e7
0.5145	1.2622633651871616e7
0.515	1.2634756514263477e7
0.5155	1.2646878498642966e7
0.516	1.2658999604885139e7
0.5165	1.2671119832875112e7
0.517	1.2683239182508089e7
0.5175	1.269535765368935e7
0.518	1.2707475246334236e7
0.5185	1.2719591960368158e7
0.519	1.2731707795726597e7
0.5195	1.2743822752355078e7
0.52	1.2755936830209201e7
0.5205	1.2768050029291078e7
0.521	1.2780162349647803e7
0.5215	1.279227379126637e7
0.522	1.2804384354141455e7
0.5225	1.2816494038277293e7
0.523	1.2828602844013728e7
0.5235	1.2840710771922441e7
0.524	1.2852817822035283e7
0.5245	1.286492399437738e7
0.525	1.2877029288976114e7
0.5255	1.2889133705861093e7
0.526	1.2901237245064199e7
0.5265	1.2913339906619534e7
0.527	1.2925441690563453e7
0.5275	1.293754259693455e7
0.528	1.2949642625773655e7
0.5285	1.296174177712385e7
0.529	1.2973840051030442e7
0.5295	1.2985937447540976e7
0.53	1.2998033966705242e7
0.5305	1.3010129608575262e7
0.531	1.3022224373205286e7
0.5315	1.3034318260651795e7
0.532	1.3046411270973524e7
0.5325	1.3058503404231403e7
0.533	1.3070594660488622e7
0.5335	1.3082685039810594e7
0.534	1.309477454226495e7
0.5345	1.310686316792155e7
0.535	1.3118950916852487e7
0.5355	1.3131037789132083e7
0.536	1.3143123784836868e7
0.5365	1.3155208904489486e7
0.537	1.316729314894407e7
0.5375	1.31793765182843e7
0.538	1.3191459012571624e7
0.5385	1.3203540631859584e7
0.539	1.321562137619654e7
0.5395	1.322770124571499e7
0.54	1.3239780240491223e7
0.5405	1.325185836054615e7
0.541	1.3263935605892165e7
0.5415	1.3276011976533156e7
0.542	1.3288087472464524e7
0.5425	1.3300162093673168e7
0.543	1.3312235840137487e7
0.5435	1.3324308711827377e7
0.544	1.3336380708704261e7
0.5445	1.334845183072104e7
0.545	1.3360522077822141e7
0.5455	1.3372591449943475e7
0.546	1.338465994701248e7
0.5465	1.3396727568948077e7
0.547	1.3408794315660708e7
0.5475	1.3420860187052283e7
0.548	1.3432925183016246e7
0.5485	1.344498930343751e7
0.549	1.345705254819251e7
0.5495	1.3469114917149136e7
0.55	1.34811764093572e7
0.5505	1.3493237023008464e7
0.551	1.3505296757921798e7
0.5515	1.3517355613978542e7
0.552	1.3529413591072273e7
0.5525	1.3541470689108796e7
0.553	1.3553526908006199e7
0.5535	1.356558224769477e7
0.554	1.3577636708117101e7
0.5545	1.358969028922796e7
0.555	1.3601742990994446e7
0.5555	1.361379481339583e7
0.556	1.3625845756423684e7
0.5565	1.363789582008181e7
0.557	1.364994500438626e7
0.5575	1.3661993309365321e7
0.558	1.3674040735062368e7
0.5585	1.3686087281545255e7
0.559	1.369813294888113e7
0.5595	1.3710177737147052e7
0.56	1.3722221646432277e7
0.5605	1.3734264676838133e7
0.561	1.374630682847815e7
0.5615	1.3758348101477947e7
0.562	1.3770388495975297e7
0.5625	1.3782428012120085e7
0.5630000000000001	1.3794466650074318e7
0.5635	1.3806504410587732e7
0.5640000000000001	1.3818541295119004e7
0.5645	1.3830577303892823e7
0.5650000000000001	1.3842612437083727e7
0.5655	1.3854646694862729e7
0.5660000000000001	1.3866680077397382e7
0.5665	1.3878712584851723e7
0.5670000000000001	1.3890744217386318e7
0.5675	1.3902774975158233e7
0.5680000000000001	1.3914804858321054e7
0.5685	1.3926833867024884e7
0.5690000000000001	1.3938862001416367e7
0.5695	1.3950889261638628e7
0.5700000000000001	1.3962915647831365e7
0.5705	1.3974941160130775e7
0.5710000000000001	1.3986965798669586e7
0.5715	1.3998989563577065e7
0.5720000000000001	1.4011012454979008e7
0.5725	1.4023034472997745e7
0.5730000000000001	1.4035055617752144e7
0.5735	1.404707588935761e7
0.5740000000000001	1.4059095287926078e7
0.5745	1.4071113813566044e7
0.5750000000000001	1.4083131466382537e7
0.5755	1.4095148246477118e7
0.5760000000000001	1.4107164153947925e7
0.5765	1.4119179188889602e7
0.577	1.4131193351190137e7
0.5775	1.4143206640409911e7
0.578	1.4155219056611644e7
0.5785	1.416723059988921e7
0.579	1.4179241270338893e7
0.5795	1.4191251068059385e7
0.58	1.4203259993151756e7
0.5805	1.4215268045719491e7
0.581	1.4227275225868449e7
0.5815	1.4239281533706915e7
0.582	1.4251286969345542e7
0.5825	1.426329153289741e7
0.583	1.4275295224477973e7
0.5835	1.4287298044205086e7
0.584	1.4299299992199022e7
0.5845	1.4311301068582421e7
0.585	1.4323301273480337e7
0.5855	1.4335300607020225e7
0.586	1.4347299069331922e7
0.5865	1.435929666054769e7
0.587	1.4371293380802168e7
0.5875	1.4383289230232388e7
0.588	1.4395284208977798e7
0.5885	1.4407278317180237e7
0.589	1.4419271554983942e7
0.5895	1.4431263922535548e7
0.59	1.4443255419984085e7
0.5905	1.445524604748061e7
0.591	1.4467235805177517e7
0.5915	1.4479224693230918e7
0.592	1.449121271179949e7
0.5925	1.4503199861044306e7
0.593	1.4515186141128872e7
0.5935	1.4527171552219097e7
0.594	1.4539156094483314e7
0.5945	1.4551139768092286e7
0.595	1.4563122573219152e7
0.5955	1.4575104510051753e7
0.596	1.4587085579204554e7
0.5965	1.4599065781073945e7
0.597	1.461104511583807e7
0.5975	1.4623023583674643e7
0.598	1.463500118476098e7
0.5985	1.4646977919273984e7
0.599	1.4658953787390152e7
0.5995	1.4670928789285565e7
0.6	1.4682902925135897e7
0.6005	1.4694876195116406e7
0.601	1.4706848599401942e7
0.6015	1.471882013816694e7
0.602	1.4730790811585404e7
0.6025	1.4742760619830957e7
0.603	1.4754729563076783e7
0.6035	1.4766697641495652e7
0.604	1.4778664855294334e7
0.6045	1.4790631204832548e7
0.605	1.4802596690308174e7
0.6055	1.4814561311888136e7
0.606	1.4826525069736902e7
0.6065	1.4838487964016477e7
0.607	1.4850449994886363e7
0.6075	1.4862411162503641e7
0.608	1.4874371467022905e7
0.6085	1.4886330908596292e7
0.609	1.4898289487373456e7
0.6095	1.4910247203501591e7
0.61	1.4922204057125447e7
0.6105	1.493416004838728e7
0.611	1.4946115177426888e7
0.6115	1.4958069444381623e7
0.612	1.4970022849386334e7
0.6125	1.4981975392573453e7
0.613	1.4993927074072894e7
0.6135	1.5005877894012155e7
0.614	1.501782785251623e7
0.6145	1.5029776949558603e7
0.615	1.5041725184599927e7
0.6155	1.505367255768335e7
0.616	1.5065619068931838e7
0.6165	1.5077564718469629e7
0.617	1.508950950642229e7
0.6175	1.5101453432894684e7
0.618	1.51133964978042e7
0.6185	1.5125338701229684e7
0.619	1.5137280043306336e7
0.6195	1.5149220524173014e7
0.62	1.5161160143972201e7
0.6205	1.5173098902850026e7
0.621	1.5185036800956246e7
0.6215	1.5196973838444259e7
0.622	1.5208910015471116e7
0.6225	1.5220845332197478e7
0.623	1.5232779788787663e7
0.6235	1.5244713385409627e7
0.624	1.5256646122234967e7
0.6245	1.5268577999438914e7
0.625	1.5280509017200343e7
0.6255000000000001	1.5292439175701767e7
0.626	1.5304368475129347e7
0.6265000000000001	1.5316296915672887e7
0.627	1.532822449752583e7
0.6275000000000001	1.5340151220885266e7
0.628	1.535207708595192e7
0.6285000000000001	1.5364002092930183e7
0.629	1.5375926242028056e7
0.6295000000000001	1.5387849533457238e7
0.63	1.5399771967433034e7
0.6305000000000001	1.5411693544174401e7
0.631	1.542361426390721e7
0.6315000000000001	1.5435534126933394e7
0.632	1.5447453133514006e7
0.6325000000000001	1.5459371283881031e7
0.633	1.5471288578269219e7
0.6335000000000001	1.5483205017237803e7
0.634	1.5495120601363514e7
0.6345000000000001	1.5507035330885345e7
0.635	1.551894920604217e7
0.6355000000000001	1.5530862227072846e7
0.636	1.5542774394216133e7
0.6365000000000001	1.5554685707710776e7
0.637	1.556659616779545e7
0.6375000000000001	1.5578505774708785e7
0.638	1.5590414528689355e7
0.6385000000000001	1.5602322429975672e7
0.639	1.5614229478806214e7
0.6395000000000001	1.5626135675419396e7
0.64	1.5638041020053571e7
0.6405	1.5649945512947045e7
0.641	1.566184915433808e7
0.6415	1.567375194446486e7
0.642	1.5685653883565547e7
0.6425	1.5697554971878214e7
0.643	1.5709455209640888e7
0.6435	1.5721354597091567e7
0.644	1.5733253134468155e7
0.6445	1.5745150822008703e7
0.645	1.575704766000135e7
0.6455	1.5768943648722671e7
0.646	1.5780838788409224e7
0.6465	1.5792733079296755e7
0.647	1.5804626521620242e7
0.6475	1.5816519115613872e7
0.648	1.5828410861511057e7
0.6485	1.5840301759544402e7
0.649	1.5852191809945757e7
0.6495	1.5864081012946155e7
0.65	1.5875969368775861e7
0.6505	1.5887856877664357e7
0.651	1.5899743539840339e7
0.6515	1.59116293555317e7
0.652	1.5923514324944427e7
0.6525	1.5935398448164718e7
0.653	1.5947281725393135e7
0.6535	1.5959164156855976e7
0.654	1.5971045742779596e7
0.6545	1.598292648339033e7
0.655	1.599480637891455e7
0.6555	1.6006685429578634e7
0.656	1.6018563635608992e7
0.6565	1.603044099723203e7
0.657	1.6042317514674194e7
0.6575	1.605419318816193e7
0.658	1.6066068017921723e7
0.6585	1.6077942004107988e7
0.659	1.6089815146826658e7
0.6595	1.6101687446304526e7
0.66	1.6113558902771879e7
0.6605	1.6125429516460622e7
0.661	1.6137299287604276e7
0.6615	1.6149168216437941e7
0.662	1.6161036303198332e7
0.6625	1.6172903548123756e7
0.663	1.6184769951454131e7
0.6635	1.6196635513430966e7
0.664	1.6208500234297376e7
0.6645	1.6220364114298075e7
0.665	1.623222715367938e7
0.6655	1.6244089352689203e7
0.666	1.6255950711577063e7
0.6665	1.6267811230594072e7
0.667	1.627967090999296e7
0.6675	1.6291529750028023e7
0.668	1.6303387750955189e7
0.6685	1.6315244913031964e7
0.669	1.6327101236517472e7
0.6695	1.6338956721672416e7
0.67	1.635081136875912e7
0.6705	1.636266517804152e7
0.671	1.637451814982009e7
0.6715	1.638637028439225e7
0.672	1.639822158205165e7
0.6725	1.6410072043161757e7
0.673	1.6421921668001164e7
0.6735	1.6433770456839884e7
0.674	1.64456184099482e7
0.6745	1.645746552759669e7
0.675	1.646931181005621e7
0.6755	1.6481157257597888e7
0.676	1.6493001870493133e7
0.6765	1.6504845649013637e7
0.677	1.6516688593431383e7
0.6775	1.6528530704018613e7
0.678	1.6540371981047861e7
0.6785	1.6552212424791943e7
0.679	1.6564052035523955e7
0.6795	1.6575890813517261e7
0.68	1.6587728759045532e7
0.6805	1.6599565872382702e7
0.681	1.6611402153802987e7
0.6815	1.662323760358088e7
0.682	1.6635072221991176e7
0.6825	1.664690600930892e7
0.683	1.6658738965809468e7
0.6835	1.6670571091768445e7
0.684	1.6682402387461757e7
0.6845	1.6694232853165595e7
0.685	1.6706062489156429e7
0.6855	1.6717891295700142e7
0.686	1.6729719272954857e7
0.6865	1.6741546421166297e7
0.687	1.6753372740614537e7
0.6875	1.6765198231581246e7
0.6880000000000001	1.677702289434968e7
0.6885	1.6788846729204684e7
0.6890000000000001	1.68006697364327e7
0.6895	1.681249191632048e7
0.6900000000000001	1.6824313269153655e7
0.6905	1.6836133795223154e7
0.6910000000000001	1.684795349482186e7
0.6915	1.6859772368244242e7
0.6920000000000001	1.687159041578638e7
0.6925	1.6883407637745965e7
0.6930000000000001	1.6895224034422312e7
0.6935	1.6907039606116343e7
0.6940000000000001	1.691885435313059e7
0.6945	1.693066827576918e7
0.6950000000000001	1.6942481374337897e7
0.6955	1.695429364914408e7
0.6960000000000001	1.6966105100496713e7
0.6965	1.6977915728706364e7
0.6970000000000001	1.6989725534085236e7
0.6975	1.7001534516947113e7
0.6980000000000001	1.7013342677607402e7
0.6985	1.702515001638312e7
0.6990000000000001	1.7036956533588987e7
0.6995	1.7048762228643797e7
0.7000000000000001	1.706056710118621e7
0.7005	1.707237115156008e7
0.7010000000000001	1.708417438012376e7
0.7015	1.7095976787250027e7
0.7020000000000001	1.7107778373326097e7
0.7025	1.711957913875361e7
0.7030000000000001	1.713137908394862e7
0.7035	1.714317820934157e7
0.704	1.715497651537731e7
0.7045	1.7166774002515048e7
0.705	1.7178570671228345e7
0.7055	1.719036652200514e7
0.706	1.7202161555347666e7
0.7065	1.7213955771772485e7
0.707	1.722574917181046e7
0.7075	1.7237541756006725e7
0.708	1.7249333524921007e7
0.7085	1.726112447912976e7
0.709	1.727291461922151e7
0.7095	1.7284703945798293e7
0.71	1.7296492459476326e7
0.7105	1.730828016088597e7
0.711	1.732006705067172e7
0.7115	1.733185312949215e7
0.712	1.7343638398019947e7
0.7125	1.7355422856941838e7
0.713	1.736720650897758e7
0.7135	1.7378989360067412e7
0.714	1.7390771411132872e7
0.7145	1.740255266277899e7
0.715	1.741433311556498e7
0.7155	1.742611277000433e7
0.716	1.7437891626564864e7
0.7165	1.744966968566881e7
0.717	1.746144694769277e7
0.7175	1.7473223412967812e7
0.718	1.748499908177951e7
0.7185	1.749677395436788e7
0.719	1.750854803092747e7
0.7195	1.7520321311607365e7
0.72	1.7532093796511117e7
0.7205	1.754386548569681e7
0.721	1.755563637917701e7
0.7215	1.756740647691876e7
0.722	1.757917577884352e7
0.7225	1.759094428482717e7
0.723	1.760271199469993e7
0.7235	1.761447890824636e7
0.724	1.762624502520525e7
0.7245	1.7638010345269583e7
0.725	1.764977486808648e7
0.7255	1.7661538593257084e7
0.726	1.767330152033651e7
0.7265	1.76850636484418e7
0.727	1.7696824968927607e7
0.7275	1.770858547804955e7
0.728	1.772034517533501e7
0.7285	1.773210406035928e7
0.729	1.7743862132745665e7
0.7295	1.7755619392165568e7
0.73	1.7767375838338558e7
0.7305	1.7779131471032433e7
0.731	1.7790886290063303e7
0.7315	1.7802640295295633e7
0.732	1.7814393486642297e7
0.7325	1.7826145864064593e7
0.733	1.7837897427572306e7
0.7335	1.7849648177223723e7
0.734	1.7861398113125637e7
0.7345	1.787314723543338e7
0.735	1.7884895544350784e7
0.7355	1.7896643040130228e7
0.736	1.790838972307259e7
0.7365	1.792013559352722e7
0.737	1.793188065189194e7
0.7375	1.794362489861299e7
0.738	1.7955368334184974e7
0.7385	1.796711095915084e7
0.739	1.7978852774101786e7
0.7395	1.7990593779677205e7
0.74	1.8002333976564635e7
0.7405	1.801407336901332e7
0.741	1.8025811961885415e7
0.7415	1.8037549755924605e7
0.742	1.804928675185492e7
0.7425	1.8061022950387035e7
0.743	1.807275835221825e7
0.7435	1.808449295803253e7
0.744	1.8096226768500518e7
0.7445	1.810795978427957e7
0.745	1.8119692006013326e7
0.7455	1.8131423434311662e7
0.746	1.8143154069780678e7
0.7465	1.8154883913025007e7
0.747	1.816661296463619e7
0.7475	1.8178341225192767e7
0.748	1.819006869526027e7
0.7485	1.8201795375391226e7
0.749	1.8213521266125154e7
0.7495	1.8225246367988665e7
0.75	1.823697068149538e7
0.7505000000000001	1.824869420714601e7
0.751	1.8260416945428334e7
0.7515000000000001	1.8272138896817245e7
0.752	1.8283860061774712e7
0.7525000000000001	1.8295580440749876e7
0.753	1.8307300034178954e7
0.7535000000000001	1.831901884248536e7
0.754	1.83307368658686e7
0.7545000000000001	1.8342454103542868e7
0.755	1.8354170555721268e7
0.7555000000000001	1.8365886222801525e7
0.756	1.837760110518111e7
0.7565000000000001	1.838931520325722e7
0.757	1.8401028517426796e7
0.7575000000000001	1.8412741048086513e7
0.758	1.842445279563276e7
0.7585000000000001	1.843616376046171e7
0.759	1.8447873942969203e7
0.7595000000000001	1.8459583343550876e7
0.76	1.847129196260207e7
0.7605000000000001	1.8482999800517887e7
0.761	1.8494706857693136e7
0.7615000000000001	1.85064131345224e7
0.762	1.8518118631399967e7
0.7625000000000001	1.8529823348719902e7
0.763	1.8541527286875978e7
0.7635000000000001	1.8553230446262795e7
0.764	1.8564932827312857e7
0.7645000000000001	1.857663443043879e7
0.765	1.858833525603291e7
0.7655000000000001	1.860003530448703e7
0.766	1.861173457619241e7
0.7665000000000001	1.8623433071539834e7
0.767	1.8635130790919516e7
0.7675000000000001	1.864682773472115e7
0.768	1.8658523903223358e7
0.7685	1.867021929671253e7
0.769	1.8681913915579434e7
0.7695	1.869360776021603e7
0.77	1.870530083101543e7
0.7705	1.8716993128371928e7
0.771	1.872868465268097e7
0.7715	1.87403754043392e7
0.772	1.875206538374442e7
0.7725	1.8763754591295585e7
0.773	1.8775443027392846e7
0.7735	1.878713069243749e7
0.774	1.879881758683199e7
0.7745	1.881050371097998e7
0.775	1.8822189065286253e7
0.7755	1.8833873650156766e7
0.776	1.884555746599865e7
0.7765	1.885724051322016e7
0.777	1.8868922792230774e7
0.7775	1.8880604303441055e7
0.778	1.8892285047262795e7
0.7785	1.8903965024108887e7
0.779	1.8915644234393418e7
0.7795	1.892732267853161e7
0.78	1.8939000356939852e7
0.7805	1.895067727003567e7
0.781	1.896235341823777e7
0.7815	1.897402880019667e7
0.782	1.898570340415289e7
0.7825	1.899737722830704e7
0.783	1.900905027333398e7
0.7835	1.9020722540049158e7
0.784	1.9032394029399272e7
0.7845	1.904406474246196e7
0.785	1.905573468044539e7
0.7855	1.906740384468786e7
0.786	1.9079072236657254e7
0.7865	1.909073985795052e7
0.787	1.910240671029309e7
0.7875	1.9114072795538187e7
0.788	1.912573811566613e7
0.7885	1.9137402672783595e7
0.789	1.9149066469122797e7
0.7895	1.9160729507040646e7
0.79	1.91723917890178e7
0.7905	1.9184053317657776e7
0.791	1.9195714095685937e7
0.7915	1.9207374125948377e7
0.792	1.921903341141097e7
0.7925	1.9230691955158126e7
0.793	1.9242349760391682e7
0.7935	1.9254006830429655e7
0.794	1.9265663168705054e7
0.7945	1.9277318778764512e7
0.795	1.928897366426704e7
0.7955	1.9300627851563312e7
0.796	1.931228138295302e7
0.7965	1.9323934262253687e7
0.797	1.933558649227796e7
0.7975	1.9347238075500935e7
0.798	1.9358889014062725e7
0.7985	1.9370539309770707e7
0.799	1.938218896410134e7
0.7995	1.9393837978201628e7
0.8	1.9405486352890175e7
0.8005	1.9417134088661853e7
0.801	1.942878118569896e7
0.8015	1.9440427643840082e7
0.802	1.9452073462593533e7
0.8025	1.946371864113902e7
0.803	1.947536317832652e7
0.8035	1.948700707267489e7
0.804	1.949865032236955e7
0.8045	1.9510292925260805e7
0.805	1.9521934878860872e7
0.8055	1.9533576180340827e7
0.806	1.95452168265272e7
0.8065	1.9556856813898075e7
0.807	1.9568496138578758e7
0.8075	1.958013479633698e7
0.808	1.95917727825777e7
0.8085	1.960341009233739e7
0.809	1.9615046721163116e7
0.8095	1.9626682656550705e7
0.81	1.963831782636864e7
0.8105	1.9649952198895726e7
0.811	1.9661585767957527e7
0.8115	1.9673218527757265e7
0.812	1.9684850472883515e7
0.8125	1.9696481598317463e7
0.8130000000000001	1.970811189943979e7
0.8135	1.9719741372037023e7
0.8140000000000001	1.973137001230747e7
0.8145	1.9742997816866525e7
0.8150000000000001	1.9754624782751616e7
0.8155	1.9766250907426484e7
0.8160000000000001	1.9777876188784912e7
0.8165	1.9789500625153944e7
0.8170000000000001	1.980112421529636e7
0.8175	1.981274695841279e7
0.8180000000000001	1.9824368854143057e7
0.8185	1.9835989902566906e7
0.8190000000000001	1.9847610104202423e7
0.8195	1.9859229460006576e7
0.8200000000000001	1.9870847971377406e7
0.8205	1.988246564014985e7
0.8210000000000001	1.9894082468593445e7
0.8215	1.990569845940939e7
0.8220000000000001	1.991731361572714e7
0.8225	1.9928927941100307e7
0.8230000000000001	1.99405414456571e7
0.8235	1.995215418427842e7
0.8240000000000001	1.996376616758628e7
0.8245	1.9975377404338952e7
0.8250000000000001	1.998698789660444e7
0.8255	1.9998597648002014e7
0.8260000000000001	2.0010206662018143e7
0.8265	2.002181494200786e7
0.8270000000000001	2.0033422491196077e7
0.8275	2.004502931267886e7
0.8280000000000001	2.0056635409424588e7
0.8285	2.00682407842751e7
0.8290000000000001	2.007984543994677e7
0.8295	2.009144937903052e7
0.8300000000000001	2.0103052603997145e7
0.8305	2.0114655117191125e7
0.8310000000000001	2.0126256920836665e7
0.8315	2.0137858017037027e7
0.8320000000000001	2.0149458407775376e7
0.8325	2.016105809491541e7
0.833	2.0172657080202047e7
0.8335	2.0184255365262054e7
0.834	2.019585295160455e7
0.8345	2.020744984062159e7
0.835	2.0219046033588577e7
0.8355	2.0230641531664696e7
0.836	2.024223633589329e7
0.8365	2.025383044720867e7
0.837	2.0265423863875017e7
0.8375	2.027701657517419e7
0.838	2.028860858041376e7
0.8385	2.030019988031178e7
0.839	2.0311790475588195e7
0.8395	2.03233803669649e7
0.84	2.0334969555165708e7
0.8405	2.034655804091638e7
0.841	2.0358145824944563e7
0.8415	2.036973290797986e7
0.842	2.038131929075375e7
0.8425	2.03929049739996e7
0.843	2.040448995845283e7
0.8435	2.0416074244850587e7
0.844	2.0427657833931997e7
0.8445	2.0439240726438083e7
0.845	2.0450822923111722e7
0.8455	2.0462404424697727e7
0.846	2.0473985231942758e7
0.8465	2.048556534559539e7
0.847	2.0497144766406037e7
0.8475	2.050872349512702e7
0.848	2.05203015325125e7
0.8485	2.0531878879318535e7
0.849	2.054345553630301e7
0.8495	2.0555031504225716e7
0.85	2.056660678384825e7
0.8505	2.057818137593407e7
0.851	2.058975528217318e7
0.8515	2.060132850730288e7
0.852	2.0612901052501775e7
0.8525	2.0624472918452885e7
0.853	2.063604410580059e7
0.8535	2.0647614615150668e7
0.854	2.0659184447070327e7
0.8545	2.067075360208832e7
0.855	2.068232208069492e7
0.8555	2.0693889883339323e7
0.856	2.070545701043147e7
0.8565	2.0717023462346535e7
0.857	2.072858923942139e7
0.8575	2.0740154341954615e7
0.858	2.0751718770206552e7
0.8585	2.076328252439928e7
0.859	2.077484560471659e7
0.8595	2.0786408011304047e7
0.86	2.0797969744268958e7
0.8605	2.080953080368033e7
0.861	2.0821091189568903e7
0.8615	2.0832650901927106e7
0.862	2.0844209940709025e7
0.8625	2.085576830583039e7
0.863	2.08673259971685e7
0.8635	2.087888301456226e7
0.864	2.089043935781205e7
0.8645	2.0901995026679736e7
0.865	2.0913550019490056e7
0.8655	2.0925104325628135e7
0.866	2.0936657942748286e7
0.8665	2.0948210870656528e7
0.867	2.095976310922588e7
0.8675	2.0971314658396445e7
0.868	2.098286551817547e7
0.8685	2.0994415688637372e7
0.869	2.1005965169923767e7
0.8695	2.101751396224351e7
0.87	2.102906206587264e7
0.8705	2.1040609481154412e7
0.871	2.1052156208499234e7
0.8715	2.1063702248384625e7
0.872	2.1075247601355173e7
0.8725	2.108679226802241e7
0.873	2.1098336249064766e7
0.8735	2.110987954522823e7
0.874	2.1121422157327928e7
0.8745	2.113296408624251e7
0.875	2.114450533291667e7
0.8755000000000001	2.1156045898361247e7
0.876	2.1167585783653077e7
0.8765000000000001	2.117912498993481e7
0.877	2.1190663518414646e7
0.8775000000000001	2.12022013703662e7
0.878	2.1213738547128167e7
0.8785000000000001	2.1225275050104164e7
0.879	2.1236810882393565e7
0.8795000000000001	2.124834605763314e7
0.88	2.12598805797533e7
0.8805000000000001	2.1271414450154535e7
0.881	2.1282947670179307e7
0.8815000000000001	2.1294480241112255e7
0.882	2.130601216418043e7
0.8825000000000001	2.131754344055351e7
0.883	2.1329074071343936e7
0.8835000000000001	2.134060405760714e7
0.884	2.1352133400341667e7
0.8845000000000001	2.1363662100489367e7
0.885	2.1375190158935495e7
0.8855000000000001	2.13867175765089e7
0.886	2.1398244353982057e7
0.8865000000000001	2.140977049207128e7
0.887	2.142129599143673e7
0.8875000000000001	2.1432820852682583e7
0.888	2.144434507635703e7
0.8885000000000001	2.14558686629524e7
0.889	2.1467391612905197e7
0.8895000000000001	2.147891392659613e7
0.89	2.149043560435018e7
0.8905000000000001	2.15019566464366e7
0.891	2.1513477053068925e7
0.8915000000000001	2.1524996824404523e7
0.892	2.153651596054083e7
0.8925000000000001	2.154803446152308e7
0.893	2.155955232728334e7
0.8935000000000001	2.157106954972346e7
0.894	2.158258612310991e7
0.8945000000000001	2.1594102047425944e7
0.895	2.1605617322701983e7
0.8955000000000001	2.1617131949015647e7
0.896	2.162864592649178e7
0.8965	2.1640159255302437e7
0.897	2.1651671935666922e7
0.8975	2.1663183967851758e7
0.898	2.1674695352170706e7
0.8985	2.168620608898469e7
0.899	2.169771617870185e7
0.8995	2.1709225621777434e7
0.9	2.1720734418713808e7
0.9005	2.1732242570060372e7
0.901	2.1743750076413546e7
0.9015	2.1755256938416656e7
0.902	2.1766763156759914e7
0.9025	2.177826873218031e7
0.903	2.178977366546151e7
0.9035	2.180127795743382e7
0.904	2.181278160897405e7
0.9045	2.1824284621005382e7
0.905	2.1835786994497333e7
0.9055	2.1847288730465535e7
0.906	2.1858789829971697e7
0.9065	2.187029029412343e7
0.907	2.1881790124074087e7
0.9075	2.1893289323295303e7
0.908	2.1904787897483304e7
0.9085	2.191628584797274e7
0.909	2.1927783175973088e7
0.9095	2.1939279882689252e7
0.91	2.195077596934007e7
0.9105	2.196227143712503e7
0.911	2.197376628723015e7
0.9115	2.1985260520835534e7
0.912	2.19967541391154e7
0.9125	2.2008247143238105e7
0.913	2.2019739534366168e7
0.9135	2.203123131365624e7
0.914	2.20427224822592e7
0.9145	2.205421304132009e7
0.915	2.2065702991978206e7
0.9155	2.2077192335367065e7
0.916	2.2088681072614416e7
0.9165	2.210016920484231e7
0.917	2.211165673316707e7
0.9175	2.2123143658699315e7
0.918	2.2134629982543986e7
0.9185	2.2146115705800362e7
0.919	2.215760082956206e7
0.9195	2.2169085354917075e7
0.92	2.2180569282947775e7
0.9205	2.2192052614730917e7
0.921	2.22035353513377e7
0.9215	2.22150174937182e7
0.922	2.2226499040482786e7
0.9225	2.2237979991721686e7
0.923	2.2249460348532513e7
0.9235	2.2260940112033166e7
0.924	2.2272419283361807e7
0.9245	2.228389786367675e7
0.925	2.2295375854156427e7
0.9255	2.23068532559993e7
0.926	2.231833007042381e7
0.9265	2.2329806298668265e7
0.927	2.2341281941990823e7
0.9275	2.235275700166785e7
0.928	2.2364231478972282e7
0.9285	2.2375705375212736e7
0.929	2.238717869172618e7
0.9295	2.2398651429869168e7
0.93	2.241012359101777e7
0.9305	2.2421595176567495e7
0.931	2.243306618793322e7
0.9315	2.2444536626549084e7
0.932	2.245600649386841e7
0.9325	2.2467475791363645e7
0.933	2.247894452052623e7
0.9335	2.249041268286653e7
0.934	2.2501880279913772e7
0.9345	2.2513347313215915e7
0.935	2.25248137843396e7
0.9355	2.2536279694869988e7
0.936	2.254774504659585e7
0.9365	2.2559209842478525e7
0.937	2.2570674084410995e7
0.9375	2.258213777402416e7
0.9380000000000001	2.2593600912954327e7
0.9385	2.2605063502843164e7
0.9390000000000001	2.2616525545337684e7
0.9395	2.2627987042090207e7
0.9400000000000001	2.2639447994758334e7
0.9405	2.26509084050049e7
0.9410000000000001	2.266236827449797e7
0.9415	2.267382760491078e7
0.9420000000000001	2.2685286397921722e7
0.9425	2.26967446552143e7
0.9430000000000001	2.270820237847711e7
0.9435	2.2719659569403805e7
0.9440000000000001	2.2731116229693063e7
0.9445	2.2742572361048546e7
0.9450000000000001	2.275402796517888e7
0.9455	2.2765483043800045e7
0.9460000000000001	2.277693759865167e7
0.9465	2.2788391631461896e7
0.9470000000000001	2.279984514395864e7
0.9475	2.2811298137874465e7
0.9480000000000001	2.2822750614946596e7
0.9485	2.2834202576916844e7
0.9490000000000001	2.2845654025531605e7
0.9495	2.2857104962541807e7
0.9500000000000001	2.28685553897029e7
0.9505	2.2880005308484882e7
0.9510000000000001	2.2891454713830337e7
0.9515	2.290290360469092e7
0.9520000000000001	2.291435198297766e7
0.9525	2.2925799850675084e7
0.9530000000000001	2.2937247209840745e7
0.9535	2.294869406260479e7
0.9540000000000001	2.296014041116937e7
0.9545	2.29715862578082e7
0.9550000000000001	2.2983031604865983e7
0.9555	2.299447645475785e7
0.9560000000000001	2.3005920809968833e7
0.9565	2.301736467305326e7
0.9570000000000001	2.3028808046634156e7
0.9575	2.3040250933402643e7
0.9580000000000001	2.30516933361173e7
0.9585	2.3063135257603552e7
0.9590000000000001	2.307457670075298e7
0.9595	2.3086017668522697e7
0.96	2.3097458163934648e7
0.9605	2.3108898190074943e7
0.961	2.3120337750093117e7
0.9615	2.3131776847201493e7
0.962	2.314321548467438e7
0.9625	2.3154653665847402e7
0.963	2.316609139411673e7
0.9635	2.3177528672937028e7
0.964	2.3188965505818564e7
0.9645	2.3200401896334272e7
0.965	2.321183784811502e7
0.9655	2.3223273336370558e7
0.966	2.323470823477081e7
0.9665	2.3246142550866276e7
0.967	2.325757631023567e7
0.9675	2.326900953694882e7
0.968	2.328044225366273e7
0.9685	2.329187448170801e7
0.969	2.3303306241166867e7
0.9695	2.3314737550943553e7
0.97	2.3326168428828187e7
0.9705	2.3337598891554665e7
0.971	2.3349028954853095e7
0.9715	2.336045863349762e7
0.972	2.3371887941349804e7
0.9725	2.338331689139816e7
0.973	2.339474549579419e7
0.9735	2.340617376588501e7
0.974	2.341760171224839e7
0.9745	2.342902934469745e7
0.975	2.3440456672342137e7
0.9755	2.3451883703584064e7
0.976	2.3463310446144495e7
0.9765	2.3474736907082517e7
0.977	2.3486163092811286e7
0.9775	2.349758900911259e7
0.978	2.350901466114971e7
0.9785	2.3520440053478792e7
0.979	2.3531865190058615e7
0.9795	2.3543290074259102e7
0.98	2.355471470886823e7
0.9805	2.356613909610839e7
0.981	2.3577563242739633e7
0.9815	2.358898715497422e7
0.982	2.3600410819342874e7
0.9825	2.361183422800967e7
0.983	2.3623257380184967e7
0.9835	2.3634680282151908e7
0.984	2.3646102947830215e7
0.9845	2.365752541085279e7
0.985	2.366894769350194e7
0.9855	2.3680369806303855e7
0.986	2.3691791744349994e7
0.9865	2.37032135008267e7
0.987	2.3714635087999843e7
0.9875	2.3726056526102748e7
0.988	2.373747784397601e7
0.9885	2.3748899069236267e7
0.989	2.376032023158784e7
0.9895	2.3771741372168053e7
0.99	2.378316252314284e7
0.9905	2.379458370612373e7
0.991	2.3806004928658642e7
0.9915	2.381742617293116e7
0.992	2.38288474680703e7
0.9925	2.3840268862140592e7
0.993	2.385169041572294e7
0.9935	2.386311219800429e7
0.994	2.387453428304106e7
0.9945	2.3885956748167206e7
0.995	2.3897378686393335e7
0.9955	2.3908800889037568e7
0.996	2.39202240393202e7
0.9965	2.3931648301699046e7
0.997	2.394307362763235e7
0.9975	2.3954500001791228e7
0.998	2.396592691186159e7
0.9985	2.3977355028890967e7
0.999	2.3988784853415187e7
0.9995	2.4000214181319397e7