0.	0.000011166531167684841
0.001	0.000011171875412823025
0.002	0.000011177222435747242
0.003	0.000011182572241686828
0.004	0.000011187924835887077
0.005	0.000011193280223609299
0.006	0.000011198638410130884
0.007	0.000011203999400745382
0.008	0.00001120936320076257
0.009000000000000001	0.000011214729815508513
0.01	0.000011220099250325646
0.011	0.000011225471510572836
0.012	0.000011230846601625458
0.013000000000000001	0.000011236224528875461
0.014	0.000011241605297731445
0.015	0.00001124698891361873
0.016	0.000011252375381979434
0.017	0.000011257764708272536
0.018000000000000002	0.000011263156897973955
0.019	0.000011268551956576627
0.02	0.000011273949889590574
0.021	0.000011279350702542978
0.022	0.000011284754400978262
0.023	0.000011290160990458161
0.024	0.000011295570476561799
0.025	0.000011300982864885759
0.026000000000000002	0.000011306398161044172
0.027	0.000011311816370668786
0.028	0.000011317237499409044
0.029	0.000011322661552932162
0.03	0.000011328088536923212
0.031	0.000011333518457085196
0.032	0.000011338951319139125
0.033	0.0000113443871288241
0.034	0.000011349825891897397
0.035	0.000011355267614134541
0.036000000000000004	0.000011360712301329388
0.037	0.000011366159959294212
0.038	0.000011371610593859782
0.039	0.00001137706421087544
0.04	0.000011382520816209201
0.041	0.000011387980415747818
0.042	0.000011393443015396875
0.043000000000000003	0.000011398908621080866
0.044	0.000011404377027941163
0.045	0.000011409848669960593
0.046	0.000011415323335941192
0.047	0.00001142080103188206
0.048	0.000011426281763801642
0.049	0.000011431765537737827
0.05	0.000011437252359748024
0.051000000000000004	0.000011442742235909255
0.052000000000000005	0.000011448235172318249
0.053	0.000011453731175091527
0.054	0.000011459230250365505
0.055	0.000011464732404296559
0.056	0.000011470237643061147
0.057	0.000011475745972855887
0.058	0.000011481257399897646
0.059000000000000004	0.000011486771930423645
0.06	0.000011492289570691538
0.061	0.000011497810326979527
0.062	0.000011503334205586438
0.063	0.00001150886121283183
0.064	0.000011514391355056076
0.065	0.000011519924638620482
0.066	0.000011525461069907364
0.067	0.000011531000655320157
0.068	0.000011536543401283508
0.069	0.000011542089314243385
0.07	0.00001154763840066716
0.07100000000000001	0.000011553190667043724
0.07200000000000001	0.000011558746119883583
0.073	0.000011564304765718955
0.074	0.000011569866611103881
0.075	0.00001157543166261432
0.076	0.000011580999926848259
0.077	0.000011586571410425807
0.078	0.000011592165246521085
0.079	0.000011597770713879013
0.08	0.000011603379460871755
0.081	0.000011608991489628072
0.082	0.000011614606802272318
0.083	0.000011620225400924409
0.084	0.000011625847287699774
0.085	0.00001163147246470933
0.08600000000000001	0.00001163710093405943
0.08700000000000001	0.000011642732697851838
0.088	0.000011648367758183675
0.089	0.000011654006117147391
0.09	0.00001165964777683072
0.091	0.000011665292739316651
0.092	0.000011670941006683369
0.093	0.000011676592581004231
0.094	0.000011682247464347724
0.095	0.000011687905658777416
0.096	0.000011693567166351925
0.097	0.000011699231989124882
0.098	0.000011704900129144874
0.099	0.000011710571588455415
0.1	0.000011716246369094906
0.101	0.000011721924473096588
0.10200000000000001	0.000011727605902488506
0.10300000000000001	0.000011733290659293459
0.10400000000000001	0.000011738978745528973
0.105	0.000011744670163207243
0.106	0.000011750364914335099
0.107	0.000011756063000913967
0.108	0.000011761764424939817
0.109	0.00001176746918840313
0.11	0.00001177317729328885
0.111	0.000011778888741576341
0.112	0.000011784603535239346
0.113	0.00001179032167624594
0.114	0.000011796043166558493
0.115	0.000011801768008133622
0.116	0.000011807496202922146
0.117	0.000011813227752869046
0.11800000000000001	0.000011818962659913412
0.11900000000000001	0.000011824700925988414
0.12	0.000011830442553021244
0.121	0.000011836187542933077
0.122	0.000011841935897639022
0.123	0.000011847687619048083
0.124	0.000011853442709063105
0.125	0.000011859201169580745
0.126	0.000011864963002491406
0.127	0.0000118707282096792
0.128	0.00001187649679302191
0.129	0.000011882268754390928
0.13	0.000011888044095651222
0.131	0.000011893822818661284
0.132	0.00001189960492527308
0.133	0.000011905390417332012
0.134	0.00001191117929667686
0.135	0.000011916971565139744
0.136	0.000011922767224546075
0.137	0.000011928566276714493
0.138	0.00001193436872345685
0.139	0.000011940174566578126
0.14	0.000011945983807876409
0.14100000000000001	0.000011951796449142829
0.14200000000000002	0.000011957612492161521
0.14300000000000002	0.000011963431938709566
0.14400000000000002	0.000011969254790556951
0.145	0.000011975081049466514
0.146	0.000011980910717193899
0.147	0.0000119867437954875
0.148	0.000011992580286088423
0.149	0.00001199842019073042
0.15	0.00001200426351113985
0.151	0.000012010110249035633
0.152	0.00001201596040612918
0.153	0.000012021813984124364
0.154	0.000012027670984717463
0.155	0.000012033531409597097
0.156	0.000012039395260444193
0.157	0.000012045262538931922
0.158	0.000012051133246725655
0.159	0.000012057007385482908
0.16	0.000012062884956853287
0.161	0.000012068765962478447
0.162	0.000012074650403992022
0.163	0.000012080538283019587
0.164	0.000012086429601178601
0.165	0.000012092324360078354
0.166	0.000012098222561319912
0.167	0.000012104124206496067
0.168	0.000012110029297191278
0.169	0.000012115937834981622
0.17	0.000012121849821434745
0.171	0.000012127765258109794
0.17200000000000001	0.00001213368414655738
0.17300000000000001	0.000012139606488319503
0.17400000000000002	0.00001214553228492952
0.17500000000000002	0.000012151461537912073
0.176	0.000012157394248783043
0.177	0.00001216333041904949
0.178	0.0000121692700502096
0.179	0.00001217521314375263
0.18	0.000012181159701158853
0.181	0.000012187109723899495
0.182	0.000012193063213436687
0.183	0.000012199020171223413
0.184	0.000012204980598703434
0.185	0.000012210944497311252
0.186	0.000012216911868472042
0.187	0.000012222882713601602
0.188	0.000012228857034106285
0.189	0.000012234834831382956
0.19	0.000012240816106818919
0.191	0.00001224680086179187
0.192	0.000012252789097669838
0.193	0.000012258780815811124
0.194	0.000012264776017564237
0.195	0.00001227077470426785
0.196	0.00001227677687725073
0.197	0.000012282782537831682
0.198	0.000012288791687319488
0.199	0.000012294804327012852
0.2	0.000012300820458200335
0.201	0.000012306840082160304
0.202	0.000012312863200160859
0.203	0.000012318889813459792
0.20400000000000001	0.0000123249199233045
0.20500000000000002	0.000012330953530931953
0.20600000000000002	0.000012336990637568611
0.20700000000000002	0.000012343031244430381
0.20800000000000002	0.000012349075352722539
0.209	0.000012355122963639685
0.21	0.000012361174078365666
0.211	0.000012367228698073532
0.212	0.000012373286823925454
0.213	0.000012379348457072685
0.214	0.000012385413598655474
0.215	0.000012391482249803022
0.216	0.000012397554411633413
0.217	0.00001240363008525355
0.218	0.000012409709311762521
0.219	0.00001241579201125091
0.22	0.000012421878225769834
0.221	0.000012427967956381018
0.222	0.000012434061204134691
0.223	0.000012440157970069539
0.224	0.000012446258255212606
0.225	0.000012452362060579277
0.226	0.000012458469387173173
0.227	0.000012464580235986106
0.228	0.000012470694607998013
0.229	0.000012476812504176887
0.23	0.000012482933925478716
0.231	0.000012489058872847415
0.232	0.000012495187347214765
0.233	0.000012501319349500338
0.234	0.000012507454880611442
0.23500000000000001	0.000012513593941443054
0.23600000000000002	0.000012519736532877744
0.23700000000000002	0.000012525882655785624
0.23800000000000002	0.000012532032311024266
0.23900000000000002	0.000012538185499438648
0.24	0.00001254434222186108
0.241	0.000012550502479111139
0.242	0.000012556666271995605
0.243	0.000012562833601308392
0.244	0.000012569004467830476
0.245	0.000012575178872329835
0.246	0.000012581356815561378
0.247	0.000012587538298266872
0.248	0.000012593723321174887
0.249	0.000012599911885000712
0.25	0.000012606103990446302
0.251	0.000012612299638200193
0.252	0.000012618498828937453
0.253	0.000012624701563319593
0.254	0.000012630907841994511
0.255	0.000012637117665596424
0.256	0.000012643331034745786
0.257	0.000012649542266134624
0.258	0.000012655758192108226
0.259	0.00001266197765979519
0.26	0.000012668200670711459
0.261	0.000012674427226364345
0.262	0.000012680657328252477
0.263	0.000012686890977865739
0.264	0.000012693128176685242
0.265	0.000012699368926183236
0.266	0.00001270561322782308
0.267	0.000012711861083059186
0.268	0.000012718112493336955
0.269	0.000012724367460092728
0.27	0.00001273062598475374
0.271	0.00001273688806873805
0.272	0.000012743153713454501
0.273	0.000012749422920302655
0.274	0.000012755695690672736
0.275	0.000012761972025945589
0.276	0.000012768251927492617
0.277	0.000012774535396675714
0.278	0.00001278082243484723
0.279	0.000012787113043349898
0.28	0.00001279340722351679
0.281	0.00001279970497667125
0.28200000000000003	0.000012806006304126848
0.28300000000000003	0.000012812311207187314
0.28400000000000003	0.000012818619687146491
0.28500000000000003	0.000012824931745288267
0.28600000000000003	0.000012831247382886531
0.28700000000000003	0.0000128375666012051
0.28800000000000003	0.000012843889401497675
0.289	0.000012850215785007776
0.29	0.00001285654575296869
0.291	0.000012862879306603409
0.292	0.000012869216447124565
0.293	0.00001287555717573439
0.294	0.00001288190149362464
0.295	0.000012888249401976546
0.296	0.000012894600901960749
0.297	0.000012900955994737246
0.298	0.000012907314681455325
0.299	0.000012913676963253522
0.3	0.000012920042841259535
0.301	0.000012926412316590184
0.302	0.000012932785390351347
0.303	0.000012939162063637898
0.304	0.000012945542337533644
0.305	0.00001295192621311127
0.306	0.000012958313691432283
0.307	0.000012964704773546934
0.308	0.000012971099460494174
0.309	0.000012977497753301583
0.31	0.000012983899652985324
0.311	0.000012990305160550054
0.312	0.000012996714276988892
0.313	0.000013003127003283335
0.314	0.000013009543340403213
0.315	0.000013015963289306615
0.316	0.00001302238685093983
0.317	0.000013028814026237294
0.318	0.000013035244816121507
0.319	0.00001304167922150299
0.32	0.000013048117243280218
0.321	0.000013054558882339546
0.322	0.000013061004139555158
0.323	0.000013067453015789
0.324	0.000013073905511890713
0.325	0.000013080361628697579
0.326	0.000013086821367034437
0.327	0.000013093284727713647
0.328	0.000013099751711535007
0.329	0.000013106222319285688
0.33	0.000013112696551740182
0.331	0.000013119174409660226
0.332	0.00001312565589379474
0.333	0.000013132141004879772
0.334	0.000013138629743638413
0.335	0.000013145122110780753
0.336	0.0000131516181070038
0.337	0.000013158117732991428
0.338	0.000013164620989414294
0.339	0.00001317112787692979
0.34	0.000013177638396181968
0.341	0.00001318415254780147
0.342	0.000013190670332405475
0.343	0.000013197191750597616
0.34400000000000003	0.000013203716802967931
0.34500000000000003	0.000013210245490092781
0.34600000000000003	0.000013216777812534794
0.34700000000000003	0.000013223313770842787
0.34800000000000003	0.000013229853365551715
0.34900000000000003	0.000013236396597182587
0.35000000000000003	0.000013242943466242405
0.35100000000000003	0.000013249493973224105
0.352	0.000013256048118606477
0.353	0.000013262605902854102
0.354	0.000013269167326417282
0.355	0.000013275732389731978
0.356	0.000013282301093219736
0.357	0.000013288873437287624
0.358	0.00001329544942232815
0.359	0.000013302029048719214
0.36	0.000013308612316824022
0.361	0.000013315199226991026
0.362	0.000013321789779553857
0.363	0.000013328383974831242
0.364	0.000013334981813126954
0.365	0.000013341583294729725
0.366	0.00001334818841991319
0.367	0.000013354797188935806
0.368	0.000013361409602040797
0.369	0.000013368025659456068
0.37	0.000013374645361394143
0.371	0.000013381268708052096
0.372	0.000013387895699611476
0.373	0.000013394526336238246
0.374	0.000013401160618082695
0.375	0.000013407798545279388
0.376	0.000013414440117947082
0.377	0.000013421085336188657
0.378	0.000013427734200091054
0.379	0.000013434386709725188
0.38	0.000013441042899467106
0.381	0.000013447702699802297
0.382	0.000013454366145976996
0.383	0.000013461033237997568
0.384	0.000013467703975854009
0.385	0.000013474378359519864
0.386	0.000013481056388952168
0.387	0.000013487738064091363
0.388	0.000013494423384861238
0.389	0.000013501112351168843
0.39	0.000013507804962904424
0.391	0.00001351450121994136
0.392	0.000013521201122136067
0.393	0.000013527904669327953
0.394	0.000013534611861339323
0.395	0.00001354132269797532
0.396	0.000013548037179023847
0.397	0.000013554755304255493
0.398	0.000013561477073423465
0.399	0.000013568202486263514
0.4	0.000013574931542493855
0.401	0.0000135816642418151
0.402	0.00001358840058391019
0.403	0.000013595140568444306
0.404	0.000013601884195064814
0.405	0.000013608631463401175
0.406	0.000013615382373064883
0.40700000000000003	0.00001362213692364939
0.40800000000000003	0.000013628895114730027
0.40900000000000003	0.00001363565694586393
0.41000000000000003	0.000013642422416589979
0.41100000000000003	0.000013649191526428703
0.41200000000000003	0.000013655964274882228
0.41300000000000003	0.000013662740661434188
0.41400000000000003	0.000013669520685549651
0.41500000000000004	0.00001367630434667506
0.41600000000000004	0.000013683091644238142
0.417	0.000013689882577647837
0.418	0.00001369667714629424
0.419	0.000013703470114224775
0.42	0.00001371026763188101
0.421	0.000013717068778305428
0.422	0.000013723873553899439
0.423	0.000013730681959051064
0.424	0.000013737493994134883
0.425	0.000013744309659511961
0.426	0.000013751128955529798
0.427	0.000013757951882522258
0.428	0.000013764778440809517
0.429	0.000013771608630697996
0.43	0.0000137784424524803
0.431	0.000013785279906435157
0.432	0.000013792120992827354
0.433	0.000013798965711907687
0.434	0.000013805814063912879
0.435	0.000013812666049065531
0.436	0.000013819521667574058
0.437	0.00001382638091963263
0.438	0.000013833243805421096
0.439	0.000013840110325104939
0.44	0.000013846980478835203
0.441	0.00001385385426674843
0.442	0.000013860731688966605
0.443	0.000013867612745597086
0.444	0.000013874497436732535
0.445	0.00001388138576245088
0.446	0.000013888277722815216
0.447	0.000013895173317873772
0.448	0.000013902072547659835
0.449	0.000013908975412191686
0.45	0.000013915881911472534
0.451	0.000013922792045490465
0.452	0.000013929705814218359
0.453	0.00001393662321761385
0.454	0.000013943544255619236
0.455	0.00001395046892816144
0.456	0.00001395739723515192
0.457	0.000013964329176486632
0.458	0.000013971264752045945
0.459	0.00001397820396169459
0.46	0.000013985146805281584
0.461	0.000013992093282640173
0.462	0.00001399904339358777
0.463	0.000014005997137925881
0.464	0.000014012954515440047
0.465	0.00001401991552589978
0.466	0.0000140268801690585
0.467	0.000014033848444653451
0.468	0.000014040820352405672
0.46900000000000003	0.000014047795892019891
0.47000000000000003	0.000014054775063184495
0.47100000000000003	0.000014061757865571443
0.47200000000000003	0.000014068744298836207
0.47300000000000003	0.000014075734362617716
0.47400000000000003	0.000014082728056538268
0.47500000000000003	0.000014089725380203491
0.47600000000000003	0.00001409672633320226
0.47700000000000004	0.000014103730915106636
0.47800000000000004	0.000014110739125471804
0.47900000000000004	0.000014117750963836001
0.48	0.000014124766429720456
0.481	0.000014131785522629323
0.482	0.000014138808242049613
0.483	0.000014145834587451131
0.484	0.000014152864558286403
0.485	0.000014159898153990626
0.486	0.000014166935373981583
0.487	0.000014173976217659584
0.488	0.000014181020684407416
0.489	0.000014188068773590245
0.49	0.00001419512048455558
0.491	0.00001420217581663319
0.492	0.000014209234769135041
0.493	0.000014216297341355235
0.494	0.000014223363532569933
0.495	0.000014230433342037305
0.496	0.000014237506768997445
0.497	0.000014244583812672323
0.498	0.000014251664472265699
0.499	0.00001425874874696308
0.5	0.00001426583663593163
0.503	0.000014287121979859602
0.506	0.000014308439820472332
0.509	0.000014329790132274107
0.512	0.000014351172888241274
0.515	0.000014372588059806065
0.518	0.000014394035616840472
0.521	0.000014415515527640091
0.524	0.000014437027758907991
0.527	0.000014458572275738592
0.53	0.000014480149041601575
0.533	0.000014501758041762477
0.536	0.000014523399187297534
0.539	0.000014545072462335383
0.542	0.000014566777823692178
0.545	0.000014588515226479285
0.548	0.000014610284624087375
0.551	0.000014632085968170616
0.554	0.000014653919208630897
0.557	0.000014675784293602115
0.56	0.00001469768116943455
0.563	0.000014719609780679295
0.5660000000000001	0.000014741570070072785
0.569	0.00001476355234503365
0.5720000000000001	0.000014785561523350773
0.575	0.000014807602198751393
0.578	0.000014829674344959653
0.581	0.000014851777934354181
0.584	0.000014873912937955002
0.587	0.000014896079325410421
0.59	0.000014918277064983966
0.593	0.000014940506123541289
0.596	0.000014962766466537125
0.599	0.000014985058058002263
0.602	0.000015007380860530529
0.605	0.000015029734835265805
0.608	0.000015052119941889094
0.611	0.0000150745361386056
0.614	0.000015096983382131845
0.617	0.000015119461627682857
0.62	0.00001514197082895937
0.623	0.000015164510938135096
0.626	0.000015187081905844051
0.629	0.000015209683681167922
0.632	0.000015232316211623525
0.635	0.000015254979443150297
0.638	0.000015277673320097885
0.641	0.0000153003977852138
0.644	0.000015323152779631156
0.647	0.000015345938242856468
0.65	0.000015368754112757583
0.653	0.000015391600325551662
0.656	0.00001541447681579329
0.659	0.000015437383516362654
0.662	0.00001546032035845387
0.665	0.000015483287271563387
0.668	0.00001550628418347852
0.671	0.000015529311020266104
0.674	0.000015552367706261272
0.677	0.000015575454175814734
0.6799999999999999	0.00001559857032492107
0.683	0.000015621716085736557
0.6859999999999999	0.000015644891375563576
0.6890000000000001	0.000015668096109918695
0.692	0.000015691330202522314
0.6950000000000001	0.000015714593565288472
0.698	0.000015737886108314808
0.7010000000000001	0.000015761207739872705
0.704	0.000015784558366397606
0.7070000000000001	0.00001580793412105899
0.71	0.000015831327102468323
0.713	0.000015854748787461578
0.716	0.000015878199121416688
0.719	0.00001590167804839368
0.722	0.00001592518551112601
0.725	0.000015948721451011993
0.728	0.00001597228580810626
0.731	0.00001599587852111134
0.734	0.000016019499527369278
0.737	0.000016043148762853373
0.74	0.000016066826162159966
0.743	0.000016090531658500333
0.746	0.000016114265183692674
0.749	0.000016138026668154176
0.752	0.000016161816040893194
0.755	0.000016185633229501514
0.758	0.00001620947816014674
0.761	0.00001623335075756476
0.764	0.000016257250945052343
0.767	0.000016281178644459837
0.77	0.000016305133776183992
0.773	0.000016329116259160894
0.776	0.00001635312601085903
0.779	0.000016377162947272455
0.782	0.000016401226982914135
0.785	0.000016425318030809366
0.788	0.000016449436002489373
0.7909999999999999	0.00001647358080798502
0.794	0.00001649775235582068
0.7969999999999999	0.000016521950553008243
0.8	0.00001654617530504127
0.8029999999999999	0.0000165704265158893
0.806	0.00001659470408799233
0.8089999999999999	0.00001661900792225543
0.812	0.000016643337918043522
0.815	0.00001666769397708886
0.8180000000000001	0.000016692075987277362
0.821	0.000016716483847798748
0.8240000000000001	0.000016740917451809957
0.827	0.000016765376690904268
0.8300000000000001	0.000016789861455107147
0.833	0.00001681437163287225
0.8360000000000001	0.00001683890711107768
0.839	0.000016863463015378748
0.8420000000000001	0.000016888033757376995
0.845	0.0000169126294701137
0.8480000000000001	0.000016937250084037237
0.851	0.000016961895528504206
0.854	0.000016986565731775147
0.857	0.00001701126062101033
0.86	0.00001703598012226564
0.863	0.000017060724160488518
0.866	0.000017085492659514004
0.869	0.000017110285542060893
0.872	0.00001713510272972792
0.875	0.000017159944142990104
0.878	0.000017184809701195134
0.881	0.00001720969932255988
0.884	0.000017234612924166975
0.887	0.00001725955042196153
0.89	0.000017284511730747918
0.893	0.000017309496764186674
0.896	0.00001733450543479149
0.899	0.00001735953765392634
0.902	0.00001738459333180267
0.905	0.000017409672377476747
0.908	0.000017434774698847078
0.911	0.00001745990020265196
0.914	0.00001748504879446715
0.917	0.00001751022037870363
0.9199999999999999	0.00001753541485860552
0.923	0.000017560632136248082
0.9259999999999999	0.000017585872112535863
0.929	0.000017611134687200962
0.9319999999999999	0.000017636419758801403
0.935	0.00001766172722471966
0.938	0.000017687056981161297
0.9410000000000001	0.000017712408923153733
0.944	0.00001773778294454515
0.9470000000000001	0.000017763178938900117
0.95	0.00001778859679574674
0.9530000000000001	0.000017814036406453785
0.956	0.000017839497660144485
0.9590000000000001	0.000017864980444759428
0.962	0.00001789048464705625
0.9650000000000001	0.000017916006593372884
0.968	0.000017941540053798576
0.9710000000000001	0.000017967094611783983
0.974	0.000017992670196778208
0.9770000000000001	0.000018018266737433467
0.98	0.00001804388416160348
0.983	0.000018069522396341994
0.986	0.000018095181367901328
0.989	0.000018120861001730998
0.992	0.00001814656122247637
0.995	0.000018172281953977447
0.998	0.000018198023119267623
1.001	0.000018223784640572596
1.004	0.000018249566439309273
1.0070000000000001	0.000018275368436084796
1.01	0.000018301190550695587
1.013	0.00001832703270212651
1.016	0.00001835289480855006
1.0190000000000001	0.00001837877678732564
1.022	0.000018404678554998904
1.025	0.00001843060002730119
1.028	0.000018456541119148978
1.0310000000000001	0.000018482501744643477
1.034	0.000018508481817070243
1.037	0.0000185344812488989
1.04	0.000018560499951782903
1.0430000000000001	0.000018586537836559416
1.046	0.00001861259481324922
1.049	0.000018638670791056758
1.052	0.0000186647656783702
1.0550000000000002	0.000018690879382761605
1.058	0.00001871701181098718
1.061	0.000018743162868987607
1.064	0.000018769332461888436
1.0670000000000002	0.00001879552049400058
1.07	0.00001882172686882087
1.073	0.000018847951489032733
1.076	0.00001887419425662022
1.079	0.00001890045507238188
1.0819999999999999	0.00001892673383671201
1.085	0.000018953030449048535
1.088	0.000018979337990845577
1.091	0.000019005659275386066
1.0939999999999999	0.00001903199814594722
1.097	0.00001905835453954821
1.1	0.00001908472839267129
1.103	0.000019111119641261467
1.1059999999999999	0.00001913752822072619
1.109	0.000019163954065935073
1.112	0.00001919039711121968
1.115	0.000019216857290373297
1.1179999999999999	0.0000192433345366508
1.121	0.000019269828782768513
1.124	0.000019296339960904123
1.127	0.00001932286800269663
1.13	0.000019349412839246347
1.133	0.000019375974401114906
1.1360000000000001	0.000019402552618325335
1.139	0.000019429147420362155
1.142	0.000019455758736171533
1.145	0.000019482386494161458
1.1480000000000001	0.00001950903062220195
1.151	0.000019535691047625348
1.154	0.000019562367697226582
1.157	0.000019589060497263535
1.1600000000000001	0.000019615769373457427
1.163	0.000019642494250993217
1.166	0.000019669235054520086
1.169	0.000019695991708151953
1.1720000000000002	0.000019722764135467994
1.175	0.00001974955225951325
1.178	0.000019776356002799267
1.181	0.00001980317528730475
1.1840000000000002	0.0000198300100344763
1.187	0.000019856860165229162
1.19	0.000019883725599948035
1.193	0.00001991060625848792
1.1960000000000002	0.000019937502060175
1.199	0.000019964412923815238
1.202	0.000019991338767661136
1.205	0.000020018278850173075
1.208	0.000020045226265948017
1.2109999999999999	0.000020072188434905575
1.214	0.000020099165305517513
1.217	0.000020126156825908227
1.22	0.000020153162943854768
1.2229999999999999	0.000020180183606786886
1.226	0.00002020721876178709
1.229	0.000020234268355590726
1.232	0.000020261332334586067
1.2349999999999999	0.00002028841064481445
1.238	0.000020315503231970388
1.241	0.000020342610041401735
1.244	0.000020369731018109856
1.2469999999999999	0.000020396866106749822
1.25	0.00002042401525163063
1.2530000000000001	0.000020451178396715418
1.256	0.000020478355485621716
1.259	0.000020505546461621743
1.262	0.000020532751267642672
1.2650000000000001	0.000020559969846266943
1.268	0.000020587202139732607
1.271	0.000020614448089933664
1.274	0.000020641707638420443
1.2770000000000001	0.000020668980726399982
1.28	0.000020696267294736454
1.283	0.000020723567283951586
1.286	0.00002075088063422513
1.2890000000000001	0.000020778207285395306
1.292	0.000020805547176959323
1.295	0.000020832900248073892
1.298	0.00002086026643755575
1.3010000000000002	0.00002088764568388222
1.304	0.000020915037925191794
1.307	0.000020942443099284732
1.31	0.00002096986114362368
1.3130000000000002	0.000020997291995334313
1.316	0.000021024735591205996
1.319	0.000021052190960351204
1.322	0.000021079657872914147
1.3250000000000002	0.000021107133589574017
1.328	0.000021134621798415465
1.331	0.00002116212245919006
1.334	0.00002118963553142555
1.337	0.000021217160974425928
1.3399999999999999	0.000021244698747271566
1.343	0.0000212722488088193
1.346	0.000021299811117702545
1.349	0.000021327385632331417
1.3519999999999999	0.000021354972310892884
1.355	0.00002138257111135088
1.358	0.00002141018199144647
1.361	0.000021437804908698004
1.3639999999999999	0.000021465439820401292
1.367	0.000021493086683629762
1.37	0.000021520745455234664
1.373	0.00002154841609184525
1.376	0.00002157609854986898
1.379	0.000021603793672504145
1.3820000000000001	0.000021631499815503096
1.385	0.000021659217661923523
1.388	0.000021686947166947283
1.391	0.000021714688285536363
1.3940000000000001	0.000021742440972433173
1.397	0.000021770205182160802
1.4	0.00002179798086902334
1.403	0.000021825767987106145
1.4060000000000001	0.000021853566490276176
1.409	0.000021881376332182305
1.412	0.000021909197466255668
1.415	0.000021937029845709973
1.4180000000000001	0.000021964873423541874
1.421	0.00002199272815253133
1.424	0.000022020593985241976
1.427	0.000022048470874021503
1.4300000000000002	0.00002207635877100205
1.433	0.0000221042576281006
1.436	0.00002213216604850848
1.439	0.0000221600825532448
1.4420000000000002	0.0000221880098909
1.445	0.00002221594803007277
1.448	0.000022243896939215958
1.451	0.00002227185658663655
1.4540000000000002	0.00002229982694049574
1.457	0.000022327807968808996
1.46	0.000022355799639446176
1.463	0.000022383801920131586
1.466	0.000022411814778444084
1.4689999999999999	0.00002243983818181718
1.472	0.000022467872097539143
1.475	0.00002249591649275309
1.478	0.000022523971334457102
1.4809999999999999	0.000022552036589504376
1.484	0.000022580112224603302
1.487	0.000022608198206317594
1.49	0.000022636294501066442
1.4929999999999999	0.000022664401075124635
1.496	0.000022692517894622714
1.499	0.000022720644925547085
1.502	0.000022748782133740203
1.5050000000000001	0.00002277692948490071
1.508	0.000022805086944583602
1.5110000000000001	0.00002283325447820038
1.514	0.000022861432051019236
1.5170000000000001	0.000022889619628165218
1.52	0.000022917817174620415
1.5230000000000001	0.000022946024655224124
1.526	0.000022974242034673063
1.529	0.000023002469277521547
1.532	0.000023030706348181705
1.535	0.000023058953210923647
1.538	0.000023087209829875722
1.541	0.000023115476169024693
1.544	0.000023143752192215983
1.547	0.00002317203786315386
1.55	0.00002320033075569054
1.553	0.000023228632778964994
1.556	0.00002325694436008895
1.559	0.000023285265474611473
1.562	0.000023313596097977774
1.565	0.000023341936205535844
1.568	0.000023370285772535076
1.571	0.000023398644774126284
1.574	0.000023427013185361773
1.577	0.00002345539098119538
1.58	0.000023483778136482554
1.583	0.000023512174625980374
1.586	0.000023540580424347655
1.589	0.000023568995506144982
1.592	0.000023597419845834793
1.595	0.000023625853417781422
1.598	0.000023654296196251212
1.601	0.000023682748155412545
1.604	0.000023711209269335958
1.607	0.000023739679511994173
1.61	0.000023768158857262228
1.613	0.000023796647278917528
1.616	0.00002382514475063995
1.619	0.000023853651246011905
1.622	0.000023882166738518462
1.625	0.000023910691201547414
1.6280000000000001	0.000023939224608389402
1.631	0.000023967766932237965
1.6340000000000001	0.000023996318146189703
1.637	0.00002402487822324433
1.6400000000000001	0.000024053447136304814
1.643	0.000024082024858177454
1.6460000000000001	0.00002411061136157202
1.649	0.000024139206619101843
1.6520000000000001	0.000024167810603283963
1.655	0.000024196423286539195
1.658	0.00002422504464119231
1.661	0.000024253673034958497
1.664	0.00002428230971294352
1.667	0.000024310954992735254
1.67	0.000024339608854939934
1.673	0.000024368271280103884
1.676	0.00002439694224869478
1.679	0.000024425621741113276
1.682	0.00002445430973769036
1.685	0.0000244830062186874
1.688	0.000024511711164296153
1.691	0.000024540424554638816
1.694	0.00002456914636976805
1.697	0.00002459787658966703
1.7	0.000024626615194249453
1.703	0.00002465536216335961
1.706	0.000024684117476772403
1.709	0.000024712881114193397
1.712	0.00002474165305525885
1.715	0.000024770433279535766
1.718	0.000024799221766521943
1.721	0.000024828018495646018
1.724	0.000024856823446267496
1.727	0.00002488563659767683
1.73	0.00002491445792909544
1.733	0.000024943287419675792
1.736	0.000024972125048501438
1.739	0.000025000970794587067
1.742	0.00002502982463687856
1.745	0.00002505868655425307
1.748	0.00002508755652551905
1.7510000000000001	0.000025116434529416326
1.754	0.00002514532054461616
1.7570000000000001	0.00002517421454972132
1.76	0.000025203116523266123
1.7630000000000001	0.000025232026443716525
1.766	0.000025260944289470167
1.7690000000000001	0.000025289869744968626
1.772	0.00002531880204456632
1.7750000000000001	0.000025347742210537082
1.778	0.0000253766902270665
1.781	0.000025405646078288547
1.784	0.000025434609748281177
1.787	0.000025463581221083154
1.79	0.000025492560480670094
1.793	0.00002552154751096963
1.796	0.000025550542295857845
1.799	0.000025579544819159317
1.802	0.000025608555064647117
1.805	0.000025637573016042837
1.808	0.000025666598657016617
1.811	0.000025695631971187157
1.814	0.00002572467294212176
1.817	0.000025753721553336336
1.82	0.00002578277778829543
1.823	0.000025811841630412268
1.826	0.00002584091306304876
1.829	0.00002586999206951554
1.832	0.00002589907863307199
1.835	0.000025928172736926278
1.838	0.000025957274364235377
1.841	0.000025986383498105103
1.844	0.000026015500121590138
1.847	0.00002604462421769407
1.85	0.000026073755769369446
1.853	0.00002610289475951776
1.856	0.000026132041170989527
1.859	0.0000261611949865843
1.862	0.00002619035618905072
1.865	0.000026219524761086545
1.868	0.000026248700685338686
1.871	0.000026277883944403252
1.874	0.000026307074520825597
1.877	0.00002633627239710034
1.8800000000000001	0.00002636547664954904
1.883	0.000026394688147999912
1.8860000000000001	0.00002642390690127349
1.889	0.000026453132895971086
1.8920000000000001	0.00002648236611865071
1.895	0.000026511606555839956
1.8980000000000001	0.00002654085419401771
1.901	0.000026570109019625675
1.9040000000000001	0.000026599371019065684
1.907	0.0000266286401786997
1.91	0.000026657916484849863
1.913	0.000026687199923798467
1.916	0.000026716490481787987
1.919	0.000026745788145021112
1.922	0.000026775092899660743
1.925	0.000026804404731830003
1.928	0.000026833723627612277
1.931	0.00002686304957305122
1.934	0.00002689238255415077
1.937	0.000026921722556875167
1.94	0.000026951069567148974
1.943	0.000026980423570857112
1.946	0.00002700978455384485
1.949	0.000027039152501917852
1.952	0.00002706852740084218
1.955	0.000027097909236344345
1.958	0.00002712729799411129
1.961	0.000027156693659790434
1.964	0.000027186096218989702
1.967	0.000027215505657277537
1.97	0.000027244921960182927
1.973	0.000027274345113195437
1.976	0.000027303775101765218
1.979	0.000027333211911303064
1.982	0.0000273626555271804
1.985	0.000027392105897403745
1.988	0.000027421562418930666
1.991	0.000027451025705509392
1.994	0.000027480495745477436
1.997	0.000027509972527140217
2.	0.000027539456038771082
2.003	0.00002756894626860818
2.0060000000000002	0.0000275984432048665
2.0090000000000003	0.00002762794683572059
2.012	0.000027657457149315588
2.015	0.00002768697413376461
2.018	0.00002771649777714874
2.021	0.000027746028067517076
2.024	0.000027775564992886715
2.027	0.000027805108541242772
2.0300000000000002	0.000027834658700538397
2.0330000000000004	0.000027864215458694786
2.036	0.000027893778803601198
2.0389999999999997	0.00002792334872311496
2.042	0.00002795292520506149
2.045	0.000027982508237234305
2.048	0.000028012097807395035
2.051	0.00002804169390327345
2.0540000000000003	0.00002807129651256746
2.057	0.000028100905622943135
2.06	0.000028130521222034737
2.0629999999999997	0.000028160143297444712
2.066	0.000028189771836743726
2.069	0.00002821940682747067
2.072	0.000028249048257132685
2.075	0.00002827869611320518
2.0780000000000003	0.000028308350383131845
2.081	0.000028338011054324674
2.084	0.00002836767811416399
2.0869999999999997	0.000028397351549998448
2.09	0.000028427031349145076
2.093	0.000028456717287953775
2.096	0.000028486409286743743
2.099	0.000028516107613637757
2.1020000000000003	0.000028545812258169584
2.105	0.000028575523209846406
2.108	0.000028605240458148837
2.1109999999999998	0.000028634963992528442
2.114	0.000028664693802417338
2.117	0.000028694429877214375
2.12	0.000028724172206293982
2.123	0.00002875392077900407
2.1260000000000003	0.000028783675584666025
2.129	0.00002881343661257474
2.132	0.000028843203851998617
2.135	0.00002887297729217957
2.138	0.000028902756922333045
2.141	0.00002893254273164803
2.144	0.00002896233470928707
2.1470000000000002	0.00002899213284438626
2.1500000000000004	0.00002902193712605529
2.153	0.00002905174754337742
2.156	0.000029081564085409535
2.159	0.000029111386741182112
2.162	0.000029141215499699273
2.165	0.00002917105034993877
2.168	0.00002920089128085202
2.1710000000000003	0.000029230738281364096
2.174	0.00002926059134037377
2.177	0.0000292904504467535
2.1799999999999997	0.000029320315589349457
2.183	0.000029350186756981562
2.186	0.000029380063938443448
2.189	0.00002940994712250252
2.192	0.000029439836297899967
2.1950000000000003	0.000029469731453350754
2.198	0.000029499632549605516
2.201	0.000029529539256196464
2.2039999999999997	0.000029559451910556366
2.207	0.000029589370503115822
2.21	0.000029619295024282885
2.213	0.0000296492254644431
2.216	0.0000296791618139595
2.2190000000000003	0.00002970910406317057
2.222	0.00002973905220239817
2.225	0.000029769006221936095
2.2279999999999998	0.000029798966112057418
2.231	0.000029828931863012772
2.234	0.0000298589034650303
2.237	0.00002988888090831573
2.24	0.000029918864183052328
2.2430000000000003	0.000029948853279400955
2.246	0.000029978848187500043
2.249	0.000030008848897465632
2.252	0.000030038855399391354
2.255	0.000030068867683348478
2.258	0.00003009888573938588
2.261	0.000030128909557530086
2.2640000000000002	0.000030158939127785278
2.2670000000000003	0.000030188974440133296
2.27	0.000030219015484533648
2.273	0.000030249062250923554
2.276	0.000030279114729217906
2.279	0.000030309172909309335
2.282	0.000030339236781068177
2.285	0.000030369306334342516
2.2880000000000003	0.00003039938155895819
2.2910000000000004	0.000030429462444718806
2.294	0.000030459548981405732
2.2969999999999997	0.000030489641158778155
2.3	0.00003051973896657306
2.303	0.000030549842394505255
2.306	0.000030579951143849255
2.309	0.00003061006548359077
2.3120000000000003	0.00003064018541519889
2.315	0.00003067031092977165
2.318	0.00003070044201838769
2.3209999999999997	0.00003073057867210624
2.324	0.000030760720881965656
2.327	0.0000307908686389893
2.33	0.000030821021934177
2.333	0.00003085118075851055
2.3360000000000003	0.000030881345102952404
2.339	0.00003091151495844569
2.342	0.00003094169031591422
2.3449999999999998	0.00003097187116626247
2.348	0.00003100205750037564
2.351	0.00003103224930911963
2.354	0.000031062446583341035
2.357	0.00003109264931386721
2.3600000000000003	0.00003112285749150622
2.363	0.00003115307110704691
2.366	0.000031183290151258864
2.3689999999999998	0.000031213514614892435
2.372	0.00003124374448867878
2.375	0.00003127397976332983
2.378	0.000031304220429538314
2.3810000000000002	0.00003133446647797781
2.3840000000000003	0.00003136471789930268
2.387	0.00003139497468414816
2.39	0.00003142523682313033
2.393	0.00003145550430684614
2.396	0.00003148577712587339
2.399	0.00003151605527077081
2.402	0.000031546338732078003
2.4050000000000002	0.00003157662750031549
2.4080000000000004	0.00003160692154515014
2.411	0.00003163722065213688
2.414	0.000031667525038701575
2.417	0.00003169783469651678
2.42	0.000031728149617238146
2.423	0.00003175846979250446
2.426	0.00003178879521393762
2.4290000000000003	0.00003181912587314146
2.432	0.000031849461761706406
2.435	0.00003187980287120277
2.4379999999999997	0.00003191014919318503
2.441	0.00003194050071919088
2.444	0.00003197085744074115
2.447	0.00003200121934933988
2.45	0.0000320315864364743
2.4530000000000003	0.00003206195869361486
2.456	0.00003209233611221521
2.459	0.00003212271868371226
2.4619999999999997	0.000032153106399526114
2.465	0.000032183499251060164
2.468	0.00003221389722970104
2.471	0.00003224430032681864
2.474	0.000032274708533766146
2.4770000000000003	0.000032305121841880027
2.48	0.000032335540242480046
2.483	0.00003236596372686931
2.4859999999999998	0.0000323963922863342
2.489	0.000032426825912144466
2.492	0.000032457264595553195
2.495	0.00003248770832779683
2.498	0.00003251815710009517
2.501	0.0000325486109036514
2.504	0.000032579069729652114
2.507	0.00003260953356926729
2.5100000000000002	0.00003264000241365034
2.513	0.00003267047616686839
2.516	0.00003270095478453082
2.519	0.00003273143838171263
2.5220000000000002	0.00003276192695055907
2.525	0.00003279242048320058
2.528	0.00003282291897175282
2.531	0.00003285342240831664
2.5340000000000003	0.000032883930784977146
2.537	0.00003291444409380749
2.54	0.000032944962326863373
2.543	0.00003297548547618659
2.5460000000000003	0.00003300601353380418
2.549	0.00003303654649172847
2.552	0.00003306708434195705
2.555	0.0000330976270764728
2.558	0.00003312817468724387
2.561	0.000033158727166223736
2.564	0.00003318928450535119
2.567	0.000033219846696550316
2.57	0.00003325041373173055
2.573	0.000033280985602786675
2.576	0.00003331156230159881
2.579	0.00003334214382003244
2.582	0.00003337273014993842
2.585	0.00003340332128315301
2.588	0.000033433917211497817
2.591	0.00003346451792677989
2.594	0.00003349512342079168
2.597	0.000033525733685311054
2.6	0.000033556348712101324
2.603	0.000033586968492911255
2.606	0.000033617593019475045
2.609	0.00003364822228351239
2.612	0.00003367885627672845
2.615	0.00003370949499081387
2.618	0.00003374013824533125
2.621	0.0000337707861939314
2.624	0.000033801438840108204
2.6270000000000002	0.000033832096176427564
2.63	0.00003386275819544231
2.633	0.000033893424889692314
2.636	0.000033924096251704384
2.6390000000000002	0.000033954772273991495
2.642	0.000033985452949056044
2.645	0.000034016138269385146
2.648	0.000034046828227453626
2.6510000000000002	0.00003407752281572339
2.654	0.00003410822202664333
2.657	0.000034138925852649434
2.66	0.00003416963428616471
2.6630000000000003	0.00003420034731959925
2.666	0.0000342310649453502
2.669	0.00003426178715580182
2.672	0.000034292513943325434
2.6750000000000003	0.00003432324530027949
2.678	0.000034353981219009515
2.681	0.000034384721691848204
2.684	0.00003441546671111535
2.687	0.00003444621626911789
2.69	0.000034476970358149925
2.693	0.00003450772897049272
2.696	0.00003453849209841468
2.699	0.00003456925973417142
2.702	0.00003460003187000575
2.705	0.000034630808498147655
2.708	0.00003466158961081436
2.711	0.0000346923752002103
2.714	0.000034723165258527145
2.717	0.00003475395977794381
2.72	0.00003478475864533013
2.723	0.000034815561901408376
2.726	0.00003484636959635181
2.729	0.00003487718172312461
2.732	0.000034907998274679435
2.735	0.000034938819243957466
2.738	0.000034969644623888384
2.741	0.000035000474407389746
2.744	0.00003503130858736951
2.747	0.000035062147156722365
2.75	0.00003509299010833215
2.753	0.00003512383743507121
2.7560000000000002	0.00003515468912980049
2.759	0.00003518554518536948
2.762	0.000035216405594616266
2.765	0.00003524727035036751
2.7680000000000002	0.000035278139445438476
2.771	0.000035309012872633024
2.774	0.00003533989062474364
2.777	0.00003537077269455144
2.7800000000000002	0.00003540165907482614
2.783	0.00003543254975832614
2.786	0.00003546344473779846
2.789	0.00003549434400597878
2.7920000000000003	0.000035525247555591474
2.795	0.00003555615537934957
2.798	0.00003558706746995479
2.801	0.000035617983820097574
2.8040000000000003	0.00003564890442245704
2.807	0.00003567982926970103
2.81	0.000035710758354486143
2.813	0.00003574169166945768
2.816	0.00003577262920724969
2.819	0.00003580357096048501
2.822	0.000035834516845133595
2.825	0.00003586546686136087
2.828	0.00003589642107192764
2.831	0.00003592737947017039
2.834	0.00003595834204941544
2.837	0.00003598930880297891
2.84	0.0000360202797241668
2.843	0.00003605125480627444
2.846	0.000036082234042588496
2.849	0.0000361132174263841
2.852	0.00003614420495092668
2.855	0.00003617519660947158
2.858	0.00003620619239526403
2.861	0.000036237192301539146
2.864	0.00003626819632152196
2.867	0.00003629920444842743
2.87	0.00003633021667546043
2.873	0.00003636123299581577
2.876	0.00003639225340267819
2.879	0.0000364232778892224
2.882	0.00003645430644861309
2.8850000000000002	0.00003648533907400484
2.888	0.000036516375758542283
2.891	0.00003654741649536002
2.894	0.00003657846127758262
2.8970000000000002	0.00003660951009832467
2.9	0.000036640562950690785
2.903	0.00003667161982777559
2.906	0.000036702680722663725
2.9090000000000003	0.00003673374562842989
2.912	0.00003676481453813881
2.915	0.0000367958874448453
2.918	0.000036826964341594225
2.9210000000000003	0.000036858045221420526
2.924	0.00003688913000334524
2.927	0.00003692021869631114
2.93	0.000036951311352428844
2.933	0.000036982407965387444
2.936	0.000037013508528867093
2.939	0.00003704461303653893
2.942	0.00003707572148206511
2.945	0.00003710683385909839
2.948	0.00003713795016128377
2.951	0.000037169070382256144
2.954	0.00003720019451564181
2.957	0.0000372313225550581
2.96	0.00003726245449411346
2.963	0.00003729359032640736
2.966	0.000037324730045530366
2.969	0.000037355873645064126
2.972	0.000037387021118581384
2.975	0.000037418172459645977
2.978	0.00003744932766181287
2.981	0.00003748048671862811
2.984	0.000037511649623628904
2.987	0.00003754281637034358
2.99	0.000037573986952291595
2.993	0.00003760516136298357
2.996	0.00003763633959592129
2.999	0.000037667521644597686
3.0020000000000002	0.00003769870750249688
3.005	0.00003772989716309415
3.008	0.000037761090619856006
3.011	0.00003779228786624013
3.0140000000000002	0.00003782348889569541
3.017	0.00003785469370166197
3.02	0.000037885902277571146
3.023	0.000037917114616845504
3.0260000000000002	0.00003794833062359231
3.029	0.000037979550349532904
3.032	0.00003801077382011845
3.035	0.000038042001029374475
3.0380000000000003	0.000038073231971318544
3.041	0.00003810446663996026
3.044	0.000038135705029301304
3.047	0.00003816694713333505
3.0500000000000003	0.00003819819294604795
3.053	0.000038229442461417524
3.056	0.000038260695673413755
3.059	0.000038291952575998654
3.062	0.00003832321316312634
3.065	0.00003835447742874305
3.068	0.00003838574536678711
3.071	0.00003841701697118896
3.074	0.000038448292235871185
3.077	0.00003847957115474847
3.08	0.00003851085372172766
3.083	0.00003854213993070774
3.086	0.000038573429775579835
3.089	0.00003860472325022726
3.092	0.00003863602034852546
3.095	0.00003866732106434208
3.098	0.00003869862539153694
3.101	0.000038729933323962056
3.104	0.00003876124485546163
3.107	0.00003879255997987208
3.11	0.00003882387869102204
3.113	0.00003885520098273236
3.116	0.00003888652684881613
3.119	0.00003891785628307865
3.122	0.000038949189279317496
3.125	0.00003898052582493833
3.128	0.000039011865816080225
3.1310000000000002	0.00003904320935112826
3.134	0.00003907455642443689
3.137	0.00003910590703035354
3.14	0.00003913726116321856
3.1430000000000002	0.000039168618817365265
3.146	0.000039199979987119945
3.149	0.00003923134466680157
3.152	0.00003926271285072292
3.1550000000000002	0.00003929408453318896
3.158	0.00003932545970849791
3.161	0.000039356838370940996
3.164	0.00003938822051480242
3.1670000000000003	0.00003941960613435942
3.17	0.00003945099522388226
3.173	0.0000394823877776342
3.176	0.000039513783789871553
3.1790000000000003	0.000039545183254843675
3.182	0.00003957658616679294
3.185	0.00003960799251995482
3.188	0.00003963940230855782
3.191	0.00003967081552682349
3.194	0.0000397022321689665
3.197	0.00003973365222919458
3.2	0.00003976507570170852
3.203	0.00003979650258070225
3.206	0.00003982793286036279
3.209	0.00003985936653487025
3.212	0.00003989080359839787
3.215	0.00003992224404511202
3.218	0.000039953687869172194
3.221	0.00003998513506473101
3.224	0.00004001658562593425
3.227	0.0000400480394958706
3.23	0.000040079496669681
3.233	0.00004011095719231568
3.236	0.0000401424210584364
3.239	0.00004017388826269869
3.242	0.00004020535879975185
3.245	0.00004023683266423894
3.248	0.00004026830985079659
3.251	0.000040299790354055824
3.254	0.00004033127416864086
3.257	0.0000403627612891699
3.2600000000000002	0.00004039425171025495
3.263	0.000040425745426501795
3.266	0.00004045724243251008
3.269	0.00004048874272287322
3.2720000000000002	0.00004052024629217848
3.275	0.00004055175313500693
3.278	0.00004058326324593353
3.281	0.00004061477661952702
3.2840000000000003	0.00004064629325035003
3.287	0.00004067781313295902
3.29	0.00004070933626190433
3.293	0.000040740862631730146
3.2960000000000003	0.00004077239223697456
3.299	0.00004080392507216951
3.302	0.00004083546113184085
3.305	0.00004086700041050832
3.3080000000000003	0.00004089854290268555
3.311	0.000040930088602880074
3.314	0.00004096163750559336
3.317	0.00004099318960532079
3.32	0.00004102474489655164
3.323	0.000041056303373769175
3.326	0.000041087865024985264
3.329	0.000041119429764596
3.332	0.00004115099767411528
3.335	0.00004118256874850439
3.338	0.000041214142982719044
3.341	0.000041245720371709464
3.344	0.00004127730091042033
3.347	0.00004130888459379083
3.35	0.000041340471416754436
3.353	0.000041372061374239664
3.356	0.000041403654461169005
3.359	0.000041435250672459636
3.362	0.000041466850003023234
3.365	0.000041498452447766
3.368	0.00004153005800158866
3.371	0.000041561666659386465
3.374	0.000041593278416049214
3.3770000000000002	0.00004162489326646123
3.38	0.00004165651120550139
3.383	0.00004168813222804312
3.386	0.00004171975632895441
3.3890000000000002	0.00004175138350309781
3.392	0.00004178301374533044
3.395	0.000041814647050503994
3.398	0.00004184628341346476
3.4010000000000002	0.00004187792282905359
3.404	0.00004190956529210595
3.407	0.0000419412107974519
3.41	0.00004197285933991609
3.4130000000000003	0.00004200451091431781
3.416	0.000042036165515470926
3.419	0.00004206782313818398
3.422	0.000042099483777260105
3.4250000000000003	0.00004213114742749707
3.428	0.0000421628140197687
3.431	0.00004219448359147359
3.434	0.00004222615615948752
3.4370000000000003	0.00004225783171905184
3.44	0.000042289510265402944
3.443	0.00004232119179377241
3.446	0.000042352876299386865
3.449	0.00004238456377746795
3.452	0.00004241625422323281
3.455	0.000042447947631893354
3.458	0.000042479643998656734
3.461	0.00004251134331872523
3.464	0.00004254304558729629
3.467	0.00004257475079956249
3.47	0.00004260645895071157
3.473	0.00004263817003592642
3.476	0.000042669884050385103
3.479	0.00004270160098926084
3.482	0.00004273332084772204
3.485	0.00004276504362093228
3.488	0.00004279676930405032
3.491	0.000042828497892230134
3.494	0.00004286022938062085
3.497	0.000042891963764366835
3.5	0.00004292370103860763
3.503	0.000042955441198478025
3.5060000000000002	0.00004298718423910799
3.509	0.00004301893015562273
3.512	0.0000430506789431427
3.515	0.00004308243059678354
3.5180000000000002	0.000043114185111656175
3.521	0.00004314594248286675
3.524	0.00004317770270551666
3.527	0.00004320946573299367
3.5300000000000002	0.00004324123156532296
3.533	0.00004327300023500359
3.536	0.000043304771737548125
3.539	0.000043336546068464806
3.5420000000000003	0.00004336832322325752
3.545	0.00004340010319742585
3.548	0.00004343188598646491
3.551	0.00004346367158586584
3.5540000000000003	0.00004349545999111512
3.557	0.00004352725119769504
3.56	0.00004355904520108359
3.563	0.00004359084199675443
3.5660000000000003	0.000043622641580176935
3.569	0.00004365444394681617
3.572	0.00004368624909213293
3.575	0.000043718057011583704
3.578	0.0000437498677006207
3.581	0.00004378168115469189
3.584	0.00004381349736924092
3.587	0.0000438453163397072
3.59	0.000043877138061525855
3.593	0.00004390896253012779
3.596	0.000043940789740939625
3.599	0.00004397261968938374
3.602	0.000044004452370878266
3.605	0.00004403628778083712
3.608	0.000044068125914669966
3.611	0.000044099966767782236
3.614	0.000044131810335575145
3.617	0.000044163656613445714
3.62	0.0000441955055967867
3.623	0.00004422735728098669
3.626	0.00004425921163164668
3.629	0.00004429106863145984
3.632	0.00004432292831881526
3.6350000000000002	0.00004435479068948268
3.638	0.000044386655739228005
3.641	0.00004441852346381329
3.644	0.000044450393858996744
3.6470000000000002	0.00004448226692053264
3.65	0.00004451414264417169
3.653	0.000044546021025660546
3.656	0.00004457790206074207
3.6590000000000003	0.00004460978574515534
3.662	0.000044641672074635597
3.665	0.000044673561044914287
3.668	0.00004470545265171903
3.6710000000000003	0.00004473734689077365
3.674	0.000044769243757798164
3.677	0.00004480114324850881
3.68	0.00004483304535861803
3.6830000000000003	0.00004486495008383446
3.686	0.000044896857419862966
3.689	0.00004492876736240466
3.692	0.00004496067990715683
3.6950000000000003	0.00004499259504981303
3.698	0.000045024512786063036
3.701	0.00004505643311159287
3.704	0.000045088356022084805
3.707	0.00004512028151321733
3.71	0.00004515220958066522
3.713	0.000045184140220099495
3.716	0.00004521607342718742
3.719	0.00004524800919759255
3.722	0.000045279947526974706
3.725	0.00004531188838532618
3.728	0.00004534383175312177
3.731	0.00004537577766734505
3.734	0.000045407726124009174
3.737	0.00004543967711912389
3.74	0.000045471630648695496
3.743	0.000045503586708726905
3.746	0.00004553554529521757
3.749	0.00004556750640416373
3.7520000000000002	0.00004559947003155803
3.755	0.000045631436173389775
3.758	0.000045663404825644916
3.761	0.00004569537598430598
3.7640000000000002	0.00004572734964535213
3.767	0.000045759325804759135
3.77	0.000045791304458499416
3.773	0.00004582328560254201
3.7760000000000002	0.00004585526923285258
3.779	0.000045887255345393426
3.782	0.00004591924393612351
3.785	0.000045951235000998425
3.7880000000000003	0.0000459832285359704
3.791	0.000046015224536988326
3.794	0.00004604722299999777
3.797	0.00004607922392094093
3.8000000000000003	0.00004611122729575668
3.803	0.000046143233120380566
3.806	0.000046175241390744806
3.809	0.000046207252102778296
3.8120000000000003	0.000046239265252406596
3.815	0.00004627128083555196
3.818	0.000046303298848133354
3.821	0.00004633531928606639
3.8240000000000003	0.00004636734211791526
3.827	0.00004639936733308034
3.83	0.000046431394961802416
3.833	0.00004646342500032463
3.836	0.00004649545744488707
3.839	0.000046527492291726844
3.842	0.000046559529537078
3.845	0.0000465915691771715
3.848	0.00004662361120823547
3.851	0.00004665565562649487
3.854	0.00004668770242817169
3.857	0.000046719751609484894
3.86	0.00004675180316665045
3.863	0.000046783857095881345
3.866	0.00004681591339338754
3.869	0.00004684797205537601
3.872	0.00004688003307805074
3.875	0.00004691209645761274
3.878	0.00004694416219026
3.8810000000000002	0.000046976230272187574
3.884	0.00004700830069958749
3.887	0.000047040373468648846
3.89	0.00004707244857555774
3.8930000000000002	0.000047104526016497316
3.896	0.00004713660578764774
3.899	0.000047168687885186244
3.902	0.00004720077230528708
3.9050000000000002	0.000047232859044121554
3.908	0.00004726494809785802
3.911	0.00004729703946266189
3.914	0.00004732913313469564
3.9170000000000003	0.000047361229110118785
3.92	0.00004739332738508793
3.923	0.00004742542792253015
3.926	0.00004745753072873375
3.9290000000000003	0.000047489635823423695
3.932	0.00004752174320306011
3.935	0.00004755385286410047
3.938	0.00004758596480299953
3.9410000000000003	0.00004761807901620935
3.944	0.000047650195500179284
3.947	0.00004768231425135612
3.95	0.00004771443526618385
3.9530000000000003	0.00004774655854110383
3.956	0.00004777868407255472
3.959	0.00004781081185697254
3.962	0.00004784294189079064
3.965	0.000047875074170439686
3.968	0.00004790720869234771
3.971	0.00004793934545294007
3.974	0.00004797148444863947
3.977	0.00004800362567586597
3.98	0.00004803576913103698
3.983	0.000048067914810567257
3.986	0.00004810006271086894
3.989	0.000048132212828351486
3.992	0.00004816436515942177
3.995	0.000048196519700484006
3.998	0.00004822867644793977
4.0009999999999994	0.000048260835398188026
4.004	0.00004829299654762512
4.007	0.00004832515989264477
4.01	0.000048357325429638076
4.013	0.00004838949315499353
4.016	0.00004842166306509702
4.019	0.00004845383515633181
4.022	0.00004848600938306605
4.025	0.00004851818577390304
4.0280000000000005	0.00004855036433552187
4.031000000000001	0.000048582545064587164
4.034000000000001	0.000048614727957761154
4.037	0.00004864691301170367
4.04	0.00004867910022307215
4.043	0.0000487112895885217
4.046	0.00004874348110470499
4.0489999999999995	0.00004877567476827229
4.052	0.00004880787057587154
4.055	0.000048840068524148276
4.058	0.00004887226860974567
4.061	0.00004890447082930452
4.064	0.000048936675179463256
4.067	0.000048968881656857956
4.07	0.00004900109025812231
4.073	0.00004903330097988769
4.0760000000000005	0.00004906551381878306
4.079000000000001	0.00004909772877143506
4.082000000000001	0.00004912994583446799
4.085	0.00004916216500450376
4.088	0.000049194386278162
4.091	0.00004922660965205995
4.093999999999999	0.0000492588351228125
4.0969999999999995	0.00004929106268703225
4.1	0.00004932329234132942
4.103	0.00004935552408231194
4.106	0.00004938775790658538
4.109	0.00004941999381075299
4.112	0.000049452231791415726
4.115	0.00004948447184517218
4.118	0.00004951671396384282
4.121	0.00004954895810566597
4.1240000000000006	0.000049581204310652135
4.127000000000001	0.00004961345257566053
4.13	0.00004964570289754823
4.133	0.000049677955273170224
4.136	0.00004971020969937934
4.139	0.00004974246617302624
4.1419999999999995	0.000049774724690959566
4.145	0.00004980698525002576
4.148	0.000049839247847069164
4.151	0.000049871512478932
4.154	0.000049903779142454385
4.157	0.00004993604783447433
4.16	0.000049968318551827704
4.163	0.00005000059129134832
4.166	0.000050032866049867845
4.1690000000000005	0.000050065142824215876
4.172000000000001	0.000050097421611219886
4.175000000000001	0.00005012970240770526
4.178	0.00005016198521049529
4.181	0.00005019427001641119
4.184	0.00005022655682227207
4.187	0.000050258845624894956
4.1899999999999995	0.00005029113642109479
4.193	0.000050323429207684435
4.196	0.00005035572398147468
4.199	0.00005038802073927423
4.202	0.00005042031947788972
4.205	0.00005045262019412572
4.208	0.00005048492288478472
4.211	0.00005051722754666714
4.214	0.000050549534176571364
4.2170000000000005	0.00005058184275096004
4.220000000000001	0.00005061415326319728
4.223	0.000050646465734195475
4.226	0.00005067878016099463
4.229	0.000050711096540632804
4.232	0.00005074341487014618
4.234999999999999	0.000050775735146569
4.2379999999999995	0.00005080805736693372
4.241	0.00005084038152827081
4.244	0.00005087270762760887
4.247	0.00005090503566197463
4.25	0.00005093736562839293
4.253	0.000050969697523886726
4.256	0.00005100203134547709
4.259	0.00005103436709018322
4.2620000000000005	0.00005106670475502245
4.265000000000001	0.00005109904433701022
4.268000000000001	0.000051131385833160115
4.271	0.000051163729240483827
4.274	0.000051196074555991225
4.277	0.00005122842177669028
4.28	0.000051260770899587113
4.2829999999999995	0.00005129312192168597
4.286	0.00005132547483998926
4.289	0.00005135782965149753
4.292	0.000051390186353209476
4.295	0.00005142254494212193
4.298	0.00005145490541522989
4.301	0.0000514872677695265
4.304	0.00005151963200200307
4.307	0.00005155199810964906
4.3100000000000005	0.00005158436608945209
4.313000000000001	0.000051616735938397945
4.316000000000001	0.000051649107617406455
4.319	0.00005168148115502872
4.322	0.000051713856553168886
4.325	0.00005174623380903675
4.328	0.00005177861291984045
4.3309999999999995	0.00005181099388278641
4.334	0.00005184337669507938
4.337	0.00005187576135392243
4.34	0.00005190814785651694
4.343	0.00005194053620006259
4.346	0.0000519729263817574
4.349	0.000052005318398797685
4.352	0.00005203771224837811
4.355	0.00005207010792769165
4.3580000000000005	0.000052102505433929604
4.361000000000001	0.00005213490476428161
4.364	0.00005216730591593562
4.367	0.00005219970888607795
4.37	0.00005223211367189322
4.373	0.00005226452027056439
4.3759999999999994	0.00005229692867927277
4.379	0.000052329338895198
4.382	0.00005236175091551809
4.385	0.00005239416473740934
4.388	0.00005242658035804646
4.391	0.000052458997774602454
4.394	0.000052491416984248714
4.397	0.00005252383798415497
4.4	0.000052556260771489305
4.4030000000000005	0.00005258868534341816
4.406000000000001	0.000052621111697106334
4.409000000000001	0.000052653539829717
4.412	0.000052685969724453224
4.415	0.00005271840136884372
4.418	0.000052750834783923676
4.421	0.00005278326996706394
4.4239999999999995	0.00005281570691563383
4.427	0.000052848145627001146
4.43	0.00005288058609853219
4.433	0.00005291302832759177
4.436	0.00005294547231154316
4.439	0.000052977918047748164
4.442	0.00005301036553356704
4.445	0.000053042814766358586
4.448	0.00005307526574348009
4.4510000000000005	0.00005310771846228732
4.454000000000001	0.00005314017292013459
4.457000000000001	0.00005317262911437468
4.46	0.00005320508704235891
4.463	0.000053237546701437103
4.466	0.00005327000808895759
4.468999999999999	0.0000533024712022672
4.4719999999999995	0.00005333493603871132
4.475	0.00005336740259563382
4.478	0.00005339987087037708
4.481	0.00005343234086028205
4.484	0.00005346481256268816
4.487	0.00005349728597493337
4.49	0.00005352976109435419
4.493	0.00005356223791828564
4.496	0.000053594716444061265
4.4990000000000006	0.00005362719666901316
4.502	0.000053659678590471936
4.505	0.00005369216220576677
4.508	0.00005372464751222534
4.511	0.00005375713447541325
4.514	0.00005378962312162807
4.517	0.000053822113451355367
4.5200000000000005	0.000053854605462115506
4.523	0.000053887099151427514
4.526	0.00005391959451680908
4.529	0.00005395209155577651
4.532	0.00005398459026584482
4.535	0.00005401709064452764
4.538	0.00005404959268933725
4.541	0.000054082096397784627
4.5440000000000005	0.00005411460176737937
4.547	0.00005414710879562976
4.55	0.00005417961748004275
4.553	0.00005421212781812393
4.556	0.00005424463980737759
4.559	0.00005427715344530665
4.562	0.00005430966872941274
4.565	0.00005434218565719612
4.5680000000000005	0.000054374704226155775
4.571	0.000054407224433789305
4.574	0.00005443974627759304
4.577	0.000054472269755061946
4.58	0.000054504794863689705
4.583	0.000054537321600968644
4.586	0.000054569849964389804
4.589	0.00005460237995144289
4.5920000000000005	0.0000546349115596163
4.595	0.000054667444786397116
4.598	0.00005469997962927113
4.601	0.000054732516085722786
4.604	0.00005476505415323526
4.607	0.00005479759381282167
4.61	0.00005483013506289429
4.613	0.000054862677916742786
4.616	0.00005489522237202908
4.619	0.00005492776842641386
4.622	0.000054960316077556614
4.625	0.00005499286532311562
4.628	0.00005502541616074797
4.631	0.00005505796858810953
4.634	0.00005509052260285497
4.6370000000000005	0.00005512307820263776
4.64	0.00005515563538511017
4.643	0.00005518819414792328
4.646	0.00005522075448872697
4.649	0.00005525331640516992
4.652	0.00005528587989489962
4.655	0.00005531844495556236
4.658	0.000055351011584803266
4.6610000000000005	0.00005538357978026624
4.664	0.000055416149539594005
4.667	0.00005544872086042813
4.67	0.000055481293740408956
4.673	0.00005551386817717567
4.676	0.00005554644416836625
4.679	0.00005557902171161753
4.682	0.00005561160080456512
4.6850000000000005	0.0000556441814448435
4.688	0.00005567676363008594
4.691	0.000055709347357924554
4.694	0.000055741932625990264
4.697	0.00005577451943191283
4.7	0.00005580710777332086
4.703	0.00005583969764299574
4.706	0.000055872289018619045
4.7090000000000005	0.000055904881922800704
4.712	0.0000559374763533352
4.715	0.00005597007230801594
4.718	0.00005600266978463524
4.721	0.00005603526878098434
4.724	0.00005606786929485341
4.727	0.00005610047132403152
4.73	0.00005613307486630669
4.733	0.00005616567991946582
4.736	0.000056198286481294795
4.739	0.00005623089454957838
4.742	0.0000562635041221003
4.745	0.00005629611519664318
4.748	0.00005632872777098859
4.751	0.00005636134184291703
4.7540000000000004	0.000056393957410207944
4.757	0.000056426574470639696
4.76	0.000056459193021989596
4.763	0.000056491813062033877
4.766	0.000056524434588547735
4.769	0.00005655705759930527
4.772	0.00005658968209207956
4.775	0.000056622308064642604
4.7780000000000005	0.00005665493551476534
4.781	0.000056687564440217664
4.784	0.000056720194838768416
4.787	0.00005675282670818539
4.79	0.000056785460046235305
4.793	0.00005681809485068386
4.796	0.00005685073111929567
4.799	0.00005688336884983435
4.8020000000000005	0.00005691600801639597
4.805	0.00005694864863676769
4.808	0.000056981290712641726
4.811	0.0000570139342419358
4.814	0.00005704657922256664
4.817	0.000057079225652450013
4.82	0.00005711187352950072
4.823	0.0000571445228516326
4.8260000000000005	0.00005717717361675853
4.829	0.00005720982582279038
4.832	0.00005724247946763912
4.835	0.000057275134549214716
4.838	0.00005730779106542618
4.841	0.00005734044901418157
4.844	0.000057373108393387976
4.847	0.00005740576920095154
4.8500000000000005	0.00005743843143477744
4.853	0.00005747109509276989
4.856	0.00005750376017283217
4.859	0.0000575364266728666
4.862	0.000057569094590774535
4.865	0.000057601763924456394
4.868	0.00005763443467181164
4.871	0.000057667106830738776
4.874	0.000057699780399135374
4.877	0.000057732455374898057
4.88	0.0000577651317559225
4.883	0.000057797809540103426
4.886	0.00005783048872533463
4.889	0.00005786316930950895
4.892	0.000057895851290518296
4.8950000000000005	0.00005792853466625363
4.898	0.000057961219419146124
4.901	0.00005799390555267844
4.904	0.00005802659307483697
4.907	0.00005805928198365586
4.91	0.00005809197227716839
4.913	0.00005812466395340698
4.916	0.00005815735701040314
4.9190000000000005	0.00005819005144618756
4.922	0.000058222747258790035
4.925	0.00005825544444623951
4.928	0.00005828814300656405
4.931	0.00005832084293779087
4.934	0.000058353544237946297
4.937	0.00005838624690505582
4.94	0.00005841895093714407
4.9430000000000005	0.000058451656332234777
4.946	0.00005848436308835086
4.949	0.00005851707120351436
4.952	0.00005854978067574645
4.955	0.000058582491503067476
4.958	0.000058615203683496895
4.961	0.000058647917215053335
4.964	0.00005868063209575456
4.9670000000000005	0.000058713348323617466
4.97	0.00005874606589665813
4.973	0.00005877878481289177
4.976	0.000058811505070332735
4.979	0.000058844226666994555
4.982	0.00005887694960088989
4.985	0.00005890967387003056
4.988	0.00005894239947242755
4.991	0.00005897512640609098
4.994	0.0000590078546596483
4.997	0.00005904058422638358