0.	-6.345939961860563e-6
0.0005	-6.342261526233667e-6
0.001	-6.338583287178777e-6
0.0015	-6.3349052461027306e-6
0.002	-6.331227404411516e-6
0.0025	-6.3275497635106365e-6
0.003	-6.323872324804498e-6
0.0035	-6.320195245097313e-6
0.004	-6.3165190564683034e-6
0.0045000000000000005	-6.312843066807727e-6
0.005	-6.309167271361137e-6
0.0055	-6.305491665376594e-6
0.006	-6.3018162441046e-6
0.006500000000000001	-6.298141002798036e-6
0.007	-6.294465936712099e-6
0.0075	-6.2907910411042435e-6
0.008	-6.287116311234117e-6
0.0085	-6.283441742363499e-6
0.009000000000000001	-6.279767329756242e-6
0.0095	-6.276093068678205e-6
0.01	-6.272418954397198e-6
0.0105	-6.268744982182915e-6
0.011	-6.265071147306877e-6
0.0115	-6.26139744504237e-6
0.012	-6.257723870664383e-6
0.0125	-6.2540504194495464e-6
0.013000000000000001	-6.250377086676071e-6
0.0135	-6.246703867623693e-6
0.014	-6.2430307575736e-6
0.0145	-6.239357751808386e-6
0.015	-6.235684845611978e-6
0.0155	-6.232012034269583e-6
0.016	-6.228339313067569e-6
0.0165	-6.22466667729365e-6
0.017	-6.220994122236406e-6
0.0175	-6.217321643185545e-6
0.018000000000000002	-6.213648557527763e-6
0.0185	-6.209974894058663e-6
0.019	-6.206301307174088e-6
0.0195	-6.2026278018480935e-6
0.02	-6.19895438305363e-6
0.0205	-6.195281055762483e-6
0.021	-6.19160782494519e-6
0.021500000000000002	-6.187934695570986e-6
0.022	-6.184261672607733e-6
0.0225	-6.180588761021851e-6
0.023	-6.176915965778255e-6
0.0235	-6.1732432918402855e-6
0.024	-6.1695707441696395e-6
0.0245	-6.165898327726308e-6
0.025	-6.1622260474685085e-6
0.025500000000000002	-6.158553908352615e-6
0.026000000000000002	-6.1548819153330956e-6
0.0265	-6.151210073362442e-6
0.027	-6.147538387391107e-6
0.0275	-6.143866862367438e-6
0.028	-6.140195503237605e-6
0.0285	-6.1365243149455415e-6
0.029	-6.132853302432874e-6
0.029500000000000002	-6.129182470638858e-6
0.03	-6.125511824500312e-6
0.0305	-6.121841368951561e-6
0.031	-6.1181711089243255e-6
0.0315	-6.114501049347728e-6
0.032	-6.110831195148179e-6
0.0325	-6.107161323309462e-6
0.033	-6.10349161891012e-6
0.0335	-6.0998221383819255e-6
0.034	-6.0961528886602355e-6
0.0345	-6.0924838766760315e-6
0.035	-6.0888151093557925e-6
0.035500000000000004	-6.0851465936213625e-6
0.036000000000000004	-6.081478336389821e-6
0.0365	-6.077810344573358e-6
0.037	-6.074142625079143e-6
0.0375	-6.070475184809197e-6
0.038	-6.066808030660261e-6
0.0385	-6.063141169523673e-6
0.039	-6.0594746082852404e-6
0.0395	-6.055808353825109e-6
0.04	-6.052142413017638e-6
0.0405	-6.048476792731275e-6
0.041	-6.044811499828423e-6
0.0415	-6.041146541165329e-6
0.042	-6.037481923591939e-6
0.0425	-6.033817653951787e-6
0.043000000000000003	-6.030153739081864e-6
0.043500000000000004	-6.0264901858124944e-6
0.044	-6.022827000967214e-6
0.0445	-6.019164191362641e-6
0.045	-6.0155017638051234e-6
0.0455	-6.011839725105162e-6
0.046	-6.008178082052545e-6
0.0465	-6.004517205867916e-6
0.047	-6.000860639579449e-6
0.0475	-5.997204454355542e-6
0.048	-5.993548626130333e-6
0.0485	-5.989893130861394e-6
0.049	-5.9862379445281445e-6
0.0495	-5.982583043130261e-6
0.05	-5.9789284026861e-6
0.0505	-5.975273999231115e-6
0.051000000000000004	-5.97161980881628e-6
0.051500000000000004	-5.967965807506515e-6
0.052000000000000005	-5.964311971379117e-6
0.0525	-5.96065827652219e-6
0.053	-5.9570046990330784e-6
0.0535	-5.953351215016803e-6
0.054	-5.9496978005844955e-6
0.0545	-5.946044431851837e-6
0.055	-5.942391084937494e-6
0.0555	-5.9387377359615634e-6
0.056	-5.935084361044004e-6
0.0565	-5.931430936303079e-6
0.057	-5.927777437853797e-6
0.0575	-5.924123841806344e-6
0.058	-5.920470124264529e-6
0.0585	-5.916816261324212e-6
0.059000000000000004	-5.913162229076781e-6
0.059500000000000004	-5.909508003585602e-6
0.06	-5.905853560920354e-6
0.0605	-5.902198877129719e-6
0.061	-5.898542242236228e-6
0.0615	-5.894880443821838e-6
0.062	-5.891218390597035e-6
0.0625	-5.887556106172155e-6
0.063	-5.883893614172461e-6
0.0635	-5.8802309382366155e-6
0.064	-5.876568102015166e-6
0.0645	-5.872905129169015e-6
0.065	-5.869242043367896e-6
0.0655	-5.865578868288843e-6
0.066	-5.861915627614662e-6
0.0665	-5.858252345032399e-6
0.067	-5.854589044231814e-6
0.0675	-5.850925748903841e-6
0.068	-5.847262482739063e-6
0.0685	-5.843599269426177e-6
0.069	-5.839936132650458e-6
0.0695	-5.836273096092238e-6
0.07	-5.832610183425368e-6
0.07050000000000001	-5.828947418315691e-6
0.07100000000000001	-5.825284824419513e-6
0.07150000000000001	-5.821622425382083e-6
0.07200000000000001	-5.8179602448360616e-6
0.0725	-5.814298306400004e-6
0.073	-5.810636633676838e-6
0.0735	-5.806975250249556e-6
0.074	-5.80331417969195e-6
0.0745	-5.79965344554697e-6
0.075	-5.795993071339822e-6
0.0755	-5.79233491153116e-6
0.076	-5.788679035726607e-6
0.0765	-5.785023548870541e-6
0.077	-5.781368447468089e-6
0.0775	-5.777713728027995e-6
0.078	-5.7740593870625895e-6
0.0785	-5.770405421087751e-6
0.079	-5.766751826622874e-6
0.0795	-5.763098600190829e-6
0.08	-5.7594457383179355e-6
0.0805	-5.755793237533921e-6
0.081	-5.752141094371888e-6
0.0815	-5.748489305368286e-6
0.082	-5.744837867062867e-6
0.0825	-5.741186775998656e-6
0.083	-5.737536028721919e-6
0.0835	-5.733885621782125e-6
0.084	-5.7302355517319175e-6
0.0845	-5.726585815127074e-6
0.085	-5.722936408526475e-6
0.0855	-5.719287328492072e-6
0.08600000000000001	-5.715638571588854e-6
0.08650000000000001	-5.711990134384811e-6
0.08700000000000001	-5.708342013450901e-6
0.08750000000000001	-5.70469420536102e-6
0.088	-5.7010467066917175e-6
0.0885	-5.697399514023253e-6
0.089	-5.693752623937765e-6
0.0895	-5.690106033020556e-6
0.09	-5.686460288698437e-6
0.0905	-5.682815145450115e-6
0.091	-5.6791702807799e-6
0.0915	-5.675525685090759e-6
0.092	-5.671881348792715e-6
0.0925	-5.668237262302595e-6
0.093	-5.6645934160437795e-6
0.0935	-5.6609498004459405e-6
0.094	-5.6573064059447935e-6
0.0945	-5.6536632229818446e-6
0.095	-5.6500202420041365e-6
0.0955	-5.646377453463998e-6
0.096	-5.642734847818795e-6
0.0965	-5.6390924155306704e-6
0.097	-5.635450147066305e-6
0.0975	-5.631808032896659e-6
0.098	-5.628166063496726e-6
0.0985	-5.624524229345279e-6
0.099	-5.620882520924626e-6
0.0995	-5.617240928720356e-6
0.1	-5.613599443221096e-6
0.1005	-5.609958054918252e-6
0.101	-5.606316754305772e-6
0.1015	-5.602675531879889e-6
0.10200000000000001	-5.59903437813888e-6
0.10250000000000001	-5.595393283582698e-6
0.10300000000000001	-5.5917522387132426e-6
0.10350000000000001	-5.588111234033206e-6
0.10400000000000001	-5.5844702600465535e-6
0.1045	-5.5808275924583915e-6
0.105	-5.577184269652248e-6
0.1055	-5.5735409785691344e-6
0.106	-5.569897726887929e-6
0.1065	-5.5662545222866795e-6
0.107	-5.562611372442443e-6
0.1075	-5.558968285031121e-6
0.108	-5.5553252677273026e-6
0.1085	-5.551682328204094e-6
0.109	-5.548039474132967e-6
0.1095	-5.544396713183593e-6
0.11	-5.540754053023682e-6
0.1105	-5.537111501318819e-6
0.111	-5.53346906573231e-6
0.1115	-5.5298267539250124e-6
0.112	-5.526184573555182e-6
0.1125	-5.522542532278306e-6
0.113	-5.518900637746949e-6
0.1135	-5.5152588976105835e-6
0.114	-5.511617319515442e-6
0.1145	-5.507975911104347e-6
0.115	-5.504334680016556e-6
0.1155	-5.500693633887598e-6
0.116	-5.497052780349124e-6
0.1165	-5.493412127028735e-6
0.117	-5.4897716815496156e-6
0.11750000000000001	-5.486131451531322e-6
0.11800000000000001	-5.48249144458806e-6
0.11850000000000001	-5.4788516683296675e-6
0.11900000000000001	-5.475213025279165e-6
0.11950000000000001	-5.4715748586205816e-6
0.12	-5.467936930701715e-6
0.1205	-5.464299241010269e-6
0.121	-5.460661789034262e-6
0.1215	-5.4570245742620364e-6
0.122	-5.453387596182249e-6
0.1225	-5.449750854283876e-6
0.123	-5.446114348056213e-6
0.1235	-5.442478076988866e-6
0.124	-5.438842040571763e-6
0.1245	-5.435206238295139e-6
0.125	-5.431570669649549e-6
0.1255	-5.427935334125857e-6
0.126	-5.424300231215241e-6
0.1265	-5.420665360409189e-6
0.127	-5.4170307211995e-6
0.1275	-5.413396313078282e-6
0.128	-5.409762135537952e-6
0.1285	-5.406128188071236e-6
0.129	-5.402494470171166e-6
0.1295	-5.398860981331082e-6
0.13	-5.395227721044626e-6
0.1305	-5.39159468880575e-6
0.131	-5.387961884108706e-6
0.1315	-5.384329306448069e-6
0.132	-5.380696955318673e-6
0.1325	-5.377064830215671e-6
0.133	-5.373432930634525e-6
0.1335	-5.369800530591758e-6
0.134	-5.366168189774311e-6
0.1345	-5.362536084706219e-6
0.135	-5.358904221273292e-6
0.1355	-5.355272605357416e-6
0.136	-5.351641242836448e-6
0.1365	-5.3480101395841265e-6
0.137	-5.3443793014699815e-6
0.1375	-5.340748734359235e-6
0.138	-5.337118444112708e-6
0.1385	-5.333488436586734e-6
0.139	-5.329858717633056e-6
0.1395	-5.3262292930987465e-6
0.14	-5.322600168826101e-6
0.1405	-5.3189713506525574e-6
0.14100000000000001	-5.315342844410597e-6
0.14150000000000001	-5.311714655927656e-6
0.14200000000000002	-5.308086791026032e-6
0.14250000000000002	-5.304459255522794e-6
0.14300000000000002	-5.300832055229689e-6
0.14350000000000002	-5.297205195953057e-6
0.14400000000000002	-5.293578683493731e-6
0.1445	-5.289952523646955e-6
0.145	-5.286326722202292e-6
0.1455	-5.282701284943529e-6
0.146	-5.2790762176456615e-6
0.1465	-5.275451526087839e-6
0.147	-5.2718272160285235e-6
0.1475	-5.268203293234408e-6
0.148	-5.2645825050815e-6
0.1485	-5.2609628841620244e-6
0.149	-5.25734362216931e-6
0.1495	-5.253724699867807e-6
0.15	-5.250106098039975e-6
0.1505	-5.246487797485243e-6
0.151	-5.242869779018994e-6
0.1515	-5.239252023471538e-6
0.152	-5.235634511687088e-6
0.1525	-5.232017224522746e-6
0.153	-5.228400142847481e-6
0.1535	-5.224783247541116e-6
0.154	-5.221166519493318e-6
0.1545	-5.217549939602582e-6
0.155	-5.213933488775221e-6
0.1555	-5.210316965152256e-6
0.156	-5.206700821306596e-6
0.1565	-5.203084699730103e-6
0.157	-5.199468593782615e-6
0.1575	-5.195852498286715e-6
0.158	-5.192236409274346e-6
0.1585	-5.188620323712347e-6
0.159	-5.185004239209689e-6
0.1595	-5.181388091295668e-6
0.16	-5.177771881956044e-6
0.1605	-5.174155591872375e-6
0.161	-5.170539201970867e-6
0.1615	-5.166922693167602e-6
0.162	-5.163306046372418e-6
0.1625	-5.159685725768875e-6
0.163	-5.156063372556653e-6
0.1635	-5.152440886486985e-6
0.164	-5.1488182867124125e-6
0.1645	-5.145195592391307e-6
0.165	-5.141572822686869e-6
0.1655	-5.1379499967661575e-6
0.166	-5.134327133799127e-6
0.1665	-5.130704252957695e-6
0.167	-5.1270813734148036e-6
0.1675	-5.123458514343497e-6
0.168	-5.119835694915975e-6
0.1685	-5.116212934302635e-6
0.169	-5.112590251671078e-6
0.1695	-5.108967666185085e-6
0.17	-5.105345197003526e-6
0.1705	-5.1017228632792475e-6
0.171	-5.098100684223952e-6
0.1715	-5.094478678845328e-6
0.17200000000000001	-5.090856866330282e-6
0.17250000000000001	-5.087235265796036e-6
0.17300000000000001	-5.0836138962908494e-6
0.17350000000000002	-5.079992777004101e-6
0.17400000000000002	-5.076371926974688e-6
0.17450000000000002	-5.072751365269334e-6
0.17500000000000002	-5.069131110939817e-6
0.17550000000000002	-5.0655111830219064e-6
0.176	-5.061891600534306e-6
0.1765	-5.058272382684302e-6
0.177	-5.054655495620747e-6
0.1775	-5.051040495824305e-6
0.178	-5.047425878030577e-6
0.1785	-5.043811636794437e-6
0.179	-5.040197766677095e-6
0.1795	-5.036584262246019e-6
0.18	-5.032971118074784e-6
0.1805	-5.029358328742823e-6
0.181	-5.02574588883513e-6
0.1815	-5.022133792941937e-6
0.182	-5.01852203565837e-6
0.1825	-5.014910611584134e-6
0.183	-5.011299515323248e-6
0.1835	-5.007688741483824e-6
0.184	-5.004078284677925e-6
0.1845	-5.0004681395215025e-6
0.185	-4.996858300634388e-6
0.1855	-4.993248762640356e-6
0.186	-4.989639520536927e-6
0.1865	-4.9860305681658805e-6
0.187	-4.982421900583199e-6
0.1875	-4.978813512432003e-6
0.188	-4.975205398359521e-6
0.1885	-4.971597553017019e-6
0.189	-4.967989971059722e-6
0.1895	-4.96438264714673e-6
0.19	-4.960775575940949e-6
0.1905	-4.957168752109001e-6
0.191	-4.953562170321157e-6
0.1915	-4.949954768042661e-6
0.192	-4.946345928623614e-6
0.1925	-4.942737342499364e-6
0.193	-4.9391278137526225e-6
0.1935	-4.9355201050230605e-6
0.194	-4.931912623268132e-6
0.1945	-4.9283053909551865e-6
0.195	-4.924698430394652e-6
0.1955	-4.92109176368301e-6
0.196	-4.9174854126213215e-6
0.1965	-4.913879398609523e-6
0.197	-4.910273742516479e-6
0.1975	-4.906668464525659e-6
0.198	-4.903063583956062e-6
0.1985	-4.899459119057957e-6
0.199	-4.895855086782727e-6
0.1995	-4.892251503761711e-6
0.2	-4.8886483800623e-6
0.2005	-4.8850457307562356e-6
0.201	-4.881443569529818e-6
0.2015	-4.877841910050678e-6
0.202	-4.874240765967278e-6
0.2025	-4.8706401509084045e-6
0.203	-4.867040078482664e-6
0.20350000000000001	-4.863440562277981e-6
0.20400000000000001	-4.859841615831925e-6
0.20450000000000002	-4.856243252759329e-6
0.20500000000000002	-4.852645486540161e-6
0.20550000000000002	-4.84904833067426e-6
0.20600000000000002	-4.845453018358761e-6
0.20650000000000002	-4.8418650731453636e-6
0.20700000000000002	-4.838277710565093e-6
0.20750000000000002	-4.834690888725847e-6
0.20800000000000002	-4.831104565798439e-6
0.2085	-4.8275187000116895e-6
0.209	-4.823933249647521e-6
0.2095	-4.820348173036076e-6
0.21	-4.816763428550858e-6
0.2105	-4.8131789746038745e-6
0.211	-4.809594769640797e-6
0.2115	-4.806010772136137e-6
0.212	-4.802426940588424e-6
0.2125	-4.7988432335153985e-6
0.213	-4.7952596094492e-6
0.2135	-4.791676026931576e-6
0.214	-4.788092444509076e-6
0.2145	-4.784508820728263e-6
0.215	-4.780925114130916e-6
0.2155	-4.777341283249233e-6
0.216	-4.773757286601027e-6
0.2165	-4.770173082684929e-6
0.217	-4.7665886299755714e-6
0.2175	-4.76300388691877e-6
0.218	-4.759418811926698e-6
0.2185	-4.755833363426544e-6
0.219	-4.75224749962447e-6
0.2195	-4.748661178874653e-6
0.22	-4.745074359408063e-6
0.2205	-4.741486999397661e-6
0.221	-4.73788947393486e-6
0.2215	-4.734288488582941e-6
0.222	-4.730686985003936e-6
0.2225	-4.7270850086157505e-6
0.223	-4.7234826048960674e-6
0.2235	-4.719879819376646e-6
0.224	-4.716276697637587e-6
0.2245	-4.712673285301584e-6
0.225	-4.709069628028176e-6
0.2255	-4.7054657715079535e-6
0.226	-4.701861761456794e-6
0.2265	-4.6982576436100545e-6
0.227	-4.694653463716772e-6
0.2275	-4.691049267533863e-6
0.228	-4.687445100820307e-6
0.2285	-4.683841009331352e-6
0.229	-4.680237038812687e-6
0.2295	-4.676633234994652e-6
0.23	-4.673029643586432e-6
0.2305	-4.66942631027027e-6
0.231	-4.66582328069568e-6
0.2315	-4.66222060047368e-6
0.232	-4.658618315171033e-6
0.2325	-4.655016470304507e-6
0.233	-4.6514151112852345e-6
0.2335	-4.647814283627202e-6
0.234	-4.644214032597701e-6
0.23450000000000001	-4.6406144034552615e-6
0.23500000000000001	-4.637015441380043e-6
0.23550000000000001	-4.633422195606534e-6
0.23600000000000002	-4.629834192823068e-6
0.23650000000000002	-4.626246884789524e-6
0.23700000000000002	-4.622660249922684e-6
0.23750000000000002	-4.619074266679445e-6
0.23800000000000002	-4.615488913555492e-6
0.23850000000000002	-4.61190416908395e-6
0.23900000000000002	-4.60832001183416e-6
0.23950000000000002	-4.604736420410246e-6
0.24	-4.601153373449892e-6
0.2405	-4.597570849623031e-6
0.241	-4.593988827630551e-6
0.2415	-4.5904072862030055e-6
0.242	-4.586826204099343e-6
0.2425	-4.5832455601056205e-6
0.243	-4.579665333033732e-6
0.2435	-4.576085501720154e-6
0.244	-4.572506045024665e-6
0.2445	-4.5689269418291e-6
0.245	-4.565348171036086e-6
0.2455	-4.561769711567793e-6
0.246	-4.558191542364686e-6
0.2465	-4.554613642384278e-6
0.247	-4.551035990599884e-6
0.2475	-4.547458565999382e-6
0.248	-4.543881347582416e-6
0.2485	-4.54030431436624e-6
0.249	-4.536727445372268e-6
0.2495	-4.5331507196343384e-6
0.25	-4.529573673997806e-6
0.2505	-4.525993067351083e-6
0.251	-4.522412572951168e-6
0.2515	-4.518832198279467e-6
0.252	-4.515251950814886e-6
0.2525	-4.511671838033657e-6
0.253	-4.508091867409214e-6
0.2535	-4.504512046412012e-6
0.254	-4.500932382509385e-6
0.2545	-4.4973528831653804e-6
0.255	-4.4937735558406175e-6
0.2555	-4.4901944079921165e-6
0.256	-4.48661544707316e-6
0.2565	-4.483036680533126e-6
0.257	-4.4794581158173434e-6
0.2575	-4.475879760366929e-6
0.258	-4.472301621618643e-6
0.2585	-4.468723707004729e-6
0.259	-4.465146023952762e-6
0.2595	-4.4615685798854995e-6
0.26	-4.457991382220725e-6
0.2605	-4.454414438371097e-6
0.261	-4.450837755743997e-6
0.2615	-4.4472613417413775e-6
0.262	-4.4436852037596125e-6
0.2625	-4.4401093491893415e-6
0.263	-4.436533785414869e-6
0.2635	-4.432958519816006e-6
0.264	-4.429383559764649e-6
0.2645	-4.425808912627007e-6
0.265	-4.422235427574928e-6
0.2655	-4.4186626885686944e-6
0.266	-4.415090269633264e-6
0.2665	-4.4115181693734765e-6
0.267	-4.407946386395376e-6
0.2675	-4.404374919306204e-6
0.268	-4.400803766714403e-6
0.2685	-4.397232927229598e-6
0.269	-4.393662399462599e-6
0.2695	-4.390092182025392e-6
0.27	-4.386522273531133e-6
0.2705	-4.382952672594143e-6
0.271	-4.379383377829906e-6
0.2715	-4.375814387855053e-6
0.272	-4.372245701287367e-6
0.2725	-4.3686773167457715e-6
0.273	-4.365109232850325e-6
0.2735	-4.361541448222217e-6
0.274	-4.357973961483763e-6
0.2745	-4.354406771258394e-6
0.275	-4.350839876170654e-6
0.2755	-4.3472732748462e-6
0.276	-4.343706965911783e-6
0.2765	-4.340140947995255e-6
0.277	-4.336575219725554e-6
0.2775	-4.3330097797327105e-6
0.278	-4.32944462664788e-6
0.2785	-4.325879759103129e-6
0.279	-4.32231517573176e-6
0.2795	-4.318750876114209e-6
0.28	-4.315186863565568e-6
0.2805	-4.3116231310431535e-6
0.281	-4.3080596771392705e-6
0.28150000000000003	-4.304496500447306e-6
0.28200000000000003	-4.300933599561709e-6
0.28250000000000003	-4.297370973077994e-6
0.28300000000000003	-4.2938086195927345e-6
0.28350000000000003	-4.290246537703552e-6
0.28400000000000003	-4.286684726009113e-6
0.28450000000000003	-4.2831231831091246e-6
0.28500000000000003	-4.279561907604329e-6
0.28550000000000003	-4.276000898096492e-6
0.28600000000000003	-4.272440153188405e-6
0.28650000000000003	-4.268879671483873e-6
0.28700000000000003	-4.26531945158771e-6
0.28750000000000003	-4.261759492105738e-6
0.28800000000000003	-4.258199791644776e-6
0.2885	-4.254640348812634e-6
0.289	-4.251081162218111e-6
0.2895	-4.2475222304709875e-6
0.29	-4.243963552182017e-6
0.2905	-4.240405125962926e-6
0.291	-4.236846950426407e-6
0.2915	-4.233289024186098e-6
0.292	-4.229731345856605e-6
0.2925	-4.226173914053522e-6
0.293	-4.222616727393232e-6
0.2935	-4.2190597844932135e-6
0.294	-4.215503083971819e-6
0.2945	-4.211946375606432e-6
0.295	-4.208389707888983e-6
0.2955	-4.204833283277705e-6
0.296	-4.20127710346621e-6
0.2965	-4.1977211701469306e-6
0.297	-4.194165485011105e-6
0.2975	-4.1906100497487785e-6
0.298	-4.1870548660487845e-6
0.2985	-4.183499935598746e-6
0.299	-4.179945260085066e-6
0.2995	-4.176390841192917e-6
0.3	-4.172836680606236e-6
0.3005	-4.169282780007719e-6
0.301	-4.165729141078804e-6
0.3015	-4.162175765499675e-6
0.302	-4.158622654949249e-6
0.3025	-4.155069811105168e-6
0.303	-4.151517235643794e-6
0.3035	-4.1479649302402e-6
0.304	-4.14441289656816e-6
0.3045	-4.140861136300123e-6
0.305	-4.1373096511072985e-6
0.3055	-4.133758442659506e-6
0.306	-4.130207512625261e-6
0.3065	-4.126656862671748e-6
0.307	-4.123106494464739e-6
0.3075	-4.119556409668886e-6
0.308	-4.116006609947242e-6
0.3085	-4.1124570969615825e-6
0.309	-4.108907872372315e-6
0.3095	-4.105359110121559e-6
0.31	-4.10181065666968e-6
0.3105	-4.0982624940686045e-6
0.311	-4.094714622676551e-6
0.3115	-4.091167042851414e-6
0.312	-4.08761975495077e-6
0.3125	-4.0840727593318645e-6
0.313	-4.080526056351624e-6
0.3135	-4.07697964636665e-6
0.314	-4.073433529733218e-6
0.3145	-4.069887706807277e-6
0.315	-4.066342177944459e-6
0.3155	-4.062796943500063e-6
0.316	-4.059252003829064e-6
0.3165	-4.055707359286114e-6
0.317	-4.052163010225537e-6
0.3175	-4.04861895700135e-6
0.318	-4.0450751999671905e-6
0.3185	-4.041531739476421e-6
0.319	-4.03798857588206e-6
0.3195	-4.034445709536802e-6
0.32	-4.030903140793011e-6
0.3205	-4.027360870002724e-6
0.321	-4.023818897517653e-6
0.3215	-4.020277223689125e-6
0.322	-4.016735848868315e-6
0.3225	-4.013194773405884e-6
0.323	-4.0096539976522296e-6
0.3235	-4.006113521957419e-6
0.324	-4.002573368218665e-6
0.3245	-3.99903361152392e-6
0.325	-3.995494154960763e-6
0.3255	-3.9919549980791456e-6
0.326	-3.98841614042937e-6
0.3265	-3.984877581562083e-6
0.327	-3.981339321028281e-6
0.3275	-3.977801358379305e-6
0.328	-3.974263693166845e-6
0.3285	-3.970726324942936e-6
0.329	-3.967189253259951e-6
0.3295	-3.9636524776706165e-6
0.33	-3.960115997727995e-6
0.3305	-3.9565798129854834e-6
0.331	-3.953043922996854e-6
0.3315	-3.949508327316188e-6
0.332	-3.945973025497914e-6
0.3325	-3.942438017096803e-6
0.333	-3.938903301667966e-6
0.3335	-3.935368878766848e-6
0.334	-3.931834747949238e-6
0.3345	-3.928300908771258e-6
0.335	-3.924767360789367e-6
0.3355	-3.921234103560359e-6
0.336	-3.917701136641367e-6
0.3365	-3.9141684595899176e-6
0.337	-3.910636071963666e-6
0.3375	-3.907103973320824e-6
0.338	-3.903572163219851e-6
0.3385	-3.900040641219544e-6
0.339	-3.896509335457618e-6
0.3395	-3.8929782037276365e-6
0.34	-3.88944736055099e-6
0.3405	-3.885916806734404e-6
0.341	-3.882386543083914e-6
0.3415	-3.878856570404862e-6
0.342	-3.875326889501899e-6
0.3425	-3.8717975011789764e-6
0.343	-3.868268406239358e-6
0.3435	-3.8647396054856404e-6
0.34400000000000003	-3.861211099719609e-6
0.34450000000000003	-3.8576828897424595e-6
0.34500000000000003	-3.854154976354652e-6
0.34550000000000003	-3.850627360355941e-6
0.34600000000000003	-3.847100042545375e-6
0.34650000000000003	-3.843573023721293e-6
0.34700000000000003	-3.840046304681329e-6
0.34750000000000003	-3.836519886222406e-6
0.34800000000000003	-3.832993769140735e-6
0.34850000000000003	-3.829467954231811e-6
0.34900000000000003	-3.825942442290419e-6
0.34950000000000003	-3.822417234110624e-6
0.35000000000000003	-3.818892330485776e-6
0.35050000000000003	-3.815367732208504e-6
0.35100000000000003	-3.8118434400707163e-6
0.35150000000000003	-3.808319454863601e-6
0.352	-3.8047957773775944e-6
0.3525	-3.8012724084024946e-6
0.353	-3.797749348727276e-6
0.3535	-3.7942265991402255e-6
0.354	-3.7907042092727237e-6
0.3545	-3.7871821764356765e-6
0.355	-3.783660455060559e-6
0.3555	-3.7801390452993212e-6
0.356	-3.7766179473037367e-6
0.3565	-3.7730971612254112e-6
0.357	-3.7695766872156822e-6
0.3575	-3.7660565254260055e-6
0.358	-3.7625366760073785e-6
0.3585	-3.759017139110724e-6
0.359	-3.755497914886793e-6
0.3595	-3.7519790034861626e-6
0.36	-3.748460405059244e-6
0.3605	-3.7449421197562746e-6
0.361	-3.741424147727322e-6
0.3615	-3.7379064891222823e-6
0.362	-3.734389144090882e-6
0.3625	-3.7308721127826743e-6
0.363	-3.7273553953470452e-6
0.3635	-3.723838991933206e-6
0.364	-3.720322902690202e-6
0.3645	-3.716807127766902e-6
0.365	-3.71329166731201e-6
0.3655	-3.7097765214740554e-6
0.366	-3.706261690401448e-6
0.3665	-3.7027471742422683e-6
0.367	-3.699232973144592e-6
0.3675	-3.695719087256269e-6
0.368	-3.6922055167249764e-6
0.3685	-3.688692261698221e-6
0.369	-3.6851792823473148e-6
0.3695	-3.681666588708538e-6
0.37	-3.678154211770696e-6
0.3705	-3.6746421521491015e-6
0.371	-3.671130410458739e-6
0.3715	-3.667618987313908e-6
0.372	-3.6641078833283135e-6
0.3725	-3.660597099115062e-6
0.373	-3.6570866352866626e-6
0.3735	-3.6535764924550256e-6
0.374	-3.6500666712314622e-6
0.3745	-3.646557172226682e-6
0.375	-3.643047996050794e-6
0.3755	-3.639539143313308e-6
0.376	-3.6360306146231264e-6
0.3765	-3.6325224105885504e-6
0.377	-3.6290145318172777e-6
0.3775	-3.625506978916399e-6
0.378	-3.6219997524923995e-6
0.3785	-3.61849285315116e-6
0.379	-3.614986281497952e-6
0.3795	-3.611480038137436e-6
0.38	-3.6079741236736693e-6
0.3805	-3.6044685387100956e-6
0.381	-3.6009632838495484e-6
0.3815	-3.5974583596942194e-6
0.382	-3.5939537668457895e-6
0.3825	-3.590449505905217e-6
0.383	-3.586945577472818e-6
0.3835	-3.583441982148502e-6
0.384	-3.5799387515027e-6
0.3845	-3.576435881406894e-6
0.385	-3.5729333456119206e-6
0.3855	-3.5694311443345937e-6
0.386	-3.5659292777914712e-6
0.3865	-3.5624277461988626e-6
0.387	-3.5589265497728206e-6
0.3875	-3.5554256887291483e-6
0.388	-3.5519251632833945e-6
0.3885	-3.5484249736508534e-6
0.389	-3.544925120046572e-6
0.3895	-3.5414256026853377e-6
0.39	-3.5379264217816903e-6
0.3905	-3.5344275775499137e-6
0.391	-3.5309290702040394e-6
0.3915	-3.5274308999578476e-6
0.392	-3.523933067024866e-6
0.3925	-3.520435571618366e-6
0.393	-3.5169384139513693e-6
0.3935	-3.513441594236646e-6
0.394	-3.509945112686708e-6
0.3945	-3.506448969513819e-6
0.395	-3.5029531649299885e-6
0.3955	-3.4994576991469734e-6
0.396	-3.495962572376277e-6
0.3965	-3.492467784829271e-6
0.397	-3.4889733367167256e-6
0.3975	-3.485479228249468e-6
0.398	-3.4819854596380167e-6
0.3985	-3.478492031092609e-6
0.399	-3.474998913321048e-6
0.3995	-3.471506096174911e-6
0.4	-3.468013620397687e-6
0.4005	-3.464521486656876e-6
0.401	-3.461029695619273e-6
0.4015	-3.45753824795097e-6
0.402	-3.4540471443173568e-6
0.4025	-3.450556385383113e-6
0.403	-3.447065971812219e-6
0.4035	-3.4435759042679387e-6
0.404	-3.4400861834128374e-6
0.4045	-3.436596809908764e-6
0.405	-3.4331077844168597e-6
0.4055	-3.4296191075975565e-6
0.406	-3.4261307801105712e-6
0.40650000000000003	-3.4226428026149105e-6
0.40700000000000003	-3.419155175768865e-6
0.40750000000000003	-3.4156679002300133e-6
0.40800000000000003	-3.4121809766552166e-6
0.40850000000000003	-3.4086944057006208e-6
0.40900000000000003	-3.4052081880216502e-6
0.40950000000000003	-3.4017223242726075e-6
0.41000000000000003	-3.398236815108281e-6
0.41050000000000003	-3.394751661181557e-6
0.41100000000000003	-3.391266863144909e-6
0.41150000000000003	-3.3877824216503304e-6
0.41200000000000003	-3.384298337348841e-6
0.41250000000000003	-3.3808146108908213e-6
0.41300000000000003	-3.377331242925933e-6
0.41350000000000003	-3.373848234103106e-6
0.41400000000000003	-3.3703655982346763e-6
0.41450000000000004	-3.366883369319168e-6
0.41500000000000004	-3.363401500991417e-6
0.41550000000000004	-3.3599199935059554e-6
0.41600000000000004	-3.356438847116995e-6
0.4165	-3.3529580620784247e-6
0.417	-3.3494776386438105e-6
0.4175	-3.3459975770663996e-6
0.418	-3.342517877599114e-6
0.4185	-3.3390385404945573e-6
0.419	-3.3355595660050068e-6
0.4195	-3.332080954382423e-6
0.42	-3.328602705878439e-6
0.4205	-3.3251248207443725e-6
0.421	-3.321647299231213e-6
0.4215	-3.3181701415896305e-6
0.422	-3.314693348069976e-6
0.4225	-3.3112169189227784e-6
0.423	-3.307740854396718e-6
0.4235	-3.3042651547416933e-6
0.424	-3.3007898202067655e-6
0.4245	-3.2973148510406728e-6
0.425	-3.293840247491833e-6
0.4255	-3.290366009808341e-6
0.426	-3.2868921382379696e-6
0.4265	-3.283418633028275e-6
0.427	-3.2799454944261565e-6
0.4275	-3.276472722678547e-6
0.428	-3.2730003180319305e-6
0.4285	-3.2695282807324708e-6
0.429	-3.2660566110260113e-6
0.4295	-3.2625851839989966e-6
0.43	-3.2591141152482763e-6
0.4305	-3.255643416569916e-6
0.431	-3.2521730890921166e-6
0.4315	-3.248703133941813e-6
0.432	-3.2452335522446655e-6
0.4325	-3.2417643451250582e-6
0.433	-3.238295513706097e-6
0.4335	-3.2348270591096077e-6
0.434	-3.231358982456128e-6
0.4345	-3.22789128486491e-6
0.435	-3.224423967453915e-6
0.4355	-3.220957031339636e-6
0.436	-3.217490477637791e-6
0.4365	-3.2140243074622803e-6
0.437	-3.2105585219258735e-6
0.4375	-3.207093122140034e-6
0.438	-3.203628109214919e-6
0.4385	-3.2001634842593725e-6
0.439	-3.1966992483809273e-6
0.4395	-3.1932354026857956e-6
0.44	-3.1897719482788744e-6
0.4405	-3.1863088862637344e-6
0.441	-3.182846217742624e-6
0.4415	-3.1793839438159023e-6
0.442	-3.175922065584393e-6
0.4425	-3.172460584145674e-6
0.443	-3.1689995005966656e-6
0.4435	-3.1655388160329456e-6
0.444	-3.162078531548753e-6
0.4445	-3.1586188515144336e-6
0.445	-3.1551597559673363e-6
0.4455	-3.151701059822735e-6
0.446	-3.148242761670751e-6
0.4465	-3.1447848601030467e-6
0.447	-3.1413273537128213e-6
0.4475	-3.137870241094805e-6
0.448	-3.1344135208452456e-6
0.4485	-3.130957191561916e-6
0.449	-3.127501251844155e-6
0.4495	-3.1240457002926163e-6
0.45	-3.1205905355096452e-6
0.4505	-3.117135756099011e-6
0.451	-3.1136813606659687e-6
0.4515	-3.110227347817252e-6
0.452	-3.1067737161610675e-6
0.4525	-3.1033204643070856e-6
0.453	-3.0998675908664356e-6
0.4535	-3.0964150944517024e-6
0.454	-3.0929629736769145e-6
0.4545	-3.089511227157544e-6
0.455	-3.0860598535104953e-6
0.4555	-3.0826088513541033e-6
0.456	-3.0791582193081204e-6
0.4565	-3.0757079559937198e-6
0.457	-3.0722580600339035e-6
0.4575	-3.0688085300517423e-6
0.458	-3.065359364673095e-6
0.4585	-3.0619105625247334e-6
0.459	-3.058462122234815e-6
0.4595	-3.0550140289978663e-6
0.46	-3.051565687008691e-6
0.4605	-3.0481177070485173e-6
0.461	-3.0446700917441602e-6
0.4615	-3.0412228437195966e-6
0.462	-3.0377759655959448e-6
0.4625	-3.0343294599914497e-6
0.463	-3.0308833295214628e-6
0.4635	-3.0274375767984246e-6
0.464	-3.0239922044318435e-6
0.4645	-3.020547215028279e-6
0.465	-3.017102611191326e-6
0.4655	-3.013658395521593e-6
0.466	-3.0102145706166867e-6
0.4665	-3.00677113907119e-6
0.467	-3.00332810347665e-6
0.4675	-2.9998854664215555e-6
0.468	-2.9964432304913216e-6
0.4685	-2.9930013982682686e-6
0.46900000000000003	-2.9895599723316085e-6
0.46950000000000003	-2.986118955257425e-6
0.47000000000000003	-2.9826783496186567e-6
0.47050000000000003	-2.9792381579850777e-6
0.47100000000000003	-2.975798382923284e-6
0.47150000000000003	-2.972359026996672e-6
0.47200000000000003	-2.968920092764697e-6
0.47250000000000003	-2.965481582785904e-6
0.47300000000000003	-2.962043499613126e-6
0.47350000000000003	-2.9586058457967953e-6
0.47400000000000003	-2.9551686238840605e-6
0.47450000000000003	-2.9517318364187688e-6
0.47500000000000003	-2.948295663896075e-6
0.47550000000000003	-2.9448601747892747e-6
0.47600000000000003	-2.9414251237446085e-6
0.47650000000000003	-2.937990510596983e-6
0.47700000000000004	-2.934556335181413e-6
0.47750000000000004	-2.9311225973330126e-6
0.47800000000000004	-2.9276892968870037e-6
0.47850000000000004	-2.9242564336787063e-6
0.47900000000000004	-2.920824007543547e-6
0.47950000000000004	-2.917392018317056e-6
0.48	-2.9139604658348666e-6
0.4805	-2.910529349932713e-6
0.481	-2.9070986704464314e-6
0.4815	-2.903668427211966e-6
0.482	-2.90023862006536e-6
0.4825	-2.89680924884276e-6
0.483	-2.8933803133804137e-6
0.4835	-2.889951813514673e-6
0.484	-2.8865237490819944e-6
0.4845	-2.8830961199189316e-6
0.485	-2.879668925862145e-6
0.4855	-2.8762421667483917e-6
0.486	-2.8728158424145374e-6
0.4865	-2.8693899526975456e-6
0.487	-2.8659644974344826e-6
0.4875	-2.8625394764626635e-6
0.488	-2.859114889619051e-6
0.4885	-2.855690736741161e-6
0.489	-2.8522670176664814e-6
0.4895	-2.8488437322325855e-6
0.49	-2.8454208802771494e-6
0.4905	-2.8419983936832554e-6
0.491	-2.8385763115141155e-6
0.4915	-2.8351546634189746e-6
0.492	-2.8317334498497435e-6
0.4925	-2.828312671257654e-6
0.493	-2.8248923280932613e-6
0.4935	-2.8214724208064367e-6
0.494	-2.8180529498463766e-6
0.4945	-2.8146339156615975e-6
0.495	-2.811215318699936e-6
0.4955	-2.807797159408548e-6
0.496	-2.804379438233913e-6
0.4965	-2.8009621556218255e-6
0.497	-2.797545312017405e-6
0.4975	-2.7941289078650883e-6
0.498	-2.7907129436086324e-6
0.4985	-2.7872974196911133e-6
0.499	-2.7838823365549277e-6
0.4995	-2.780467694641793e-6
0.5	-2.77705349439274e-6
0.5005000000000001	-2.7736397362481258e-6
0.501	-2.770226420647623e-6
0.5015000000000001	-2.7668135480302322e-6
0.502	-2.7634011188342437e-6
0.5025000000000001	-2.759989133497296e-6
0.503	-2.756577592456603e-6
0.5035000000000001	-2.753166496147849e-6
0.504	-2.749755845006933e-6
0.5045000000000001	-2.7463456394687556e-6
0.505	-2.7429358799675397e-6
0.5055000000000001	-2.7395265669368216e-6
0.506	-2.7361175549976497e-6
0.5065000000000001	-2.7327089673609975e-6
0.507	-2.7293008295409866e-6
0.5075000000000001	-2.7258931430332196e-6
0.508	-2.7224859093312058e-6
0.5085000000000001	-2.7190791299263457e-6
0.509	-2.7156728063079362e-6
0.5095000000000001	-2.712266939963158e-6
0.51	-2.708861532377074e-6
0.5105000000000001	-2.7054565850326223e-6
0.511	-2.7020520994106135e-6
0.5115000000000001	-2.6986480769897218e-6
0.512	-2.695244519246486e-6
0.5125	-2.6918414276552963e-6
0.513	-2.6884388036883957e-6
0.5135	-2.6850366488158758e-6
0.514	-2.6816349645056626e-6
0.5145	-2.6782337522235033e-6
0.515	-2.6748330134330363e-6
0.5155	-2.671432749595665e-6
0.516	-2.6680329621706323e-6
0.5165	-2.6646336526149992e-6
0.517	-2.6612348223836398e-6
0.5175	-2.6578364729292328e-6
0.518	-2.6544386057016915e-6
0.5185	-2.6510412221505295e-6
0.519	-2.6476443237211565e-6
0.5195	-2.644247911857431e-6
0.52	-2.6408519880009964e-6
0.5205	-2.6374565535912764e-6
0.521	-2.6340616100654653e-6
0.5215	-2.6306673513759512e-6
0.522	-2.6272736083351707e-6
0.5225	-2.6238803578403187e-6
0.523	-2.6204875999791423e-6
0.5235	-2.6170953348391133e-6
0.524	-2.613703562507412e-6
0.5245	-2.610312283070941e-6
0.525	-2.606921496616321e-6
0.5255	-2.6035312032298885e-6
0.526	-2.600141402997698e-6
0.5265	-2.5967520960055258e-6
0.527	-2.5933632823388623e-6
0.5275	-2.5899749620829353e-6
0.528	-2.5865871353226467e-6
0.5285	-2.5831998021426624e-6
0.529	-2.57981296262735e-6
0.5295	-2.5764266168608027e-6
0.53	-2.5730407649268275e-6
0.5305	-2.5696554069089578e-6
0.531	-2.5662705428904434e-6
0.5315	-2.5628861729542575e-6
0.532	-2.5595022971830917e-6
0.5325	-2.5561189156593623e-6
0.533	-2.552736028465206e-6
0.5335	-2.549353635682822e-6
0.534	-2.5459717373930535e-6
0.5345	-2.5425903336775963e-6
0.535	-2.539209424617476e-6
0.5355	-2.5358290102934418e-6
0.536	-2.5324490907859636e-6
0.5365	-2.5290696661752388e-6
0.537	-2.5256906337815904e-6
0.5375	-2.5223120692622584e-6
0.538	-2.518934001375998e-6
0.5385	-2.515556431006204e-6
0.539	-2.5121793590348025e-6
0.5395	-2.508802786342264e-6
0.54	-2.5054267138075875e-6
0.5405	-2.5020511423083002e-6
0.541	-2.498676072720492e-6
0.5415	-2.495301505918755e-6
0.542	-2.4919274427762215e-6
0.5425	-2.4885538841645524e-6
0.543	-2.485180830953938e-6
0.5435	-2.481808284013096e-6
0.544	-2.478436244209268e-6
0.5445	-2.475064712408224e-6
0.545	-2.471693689474255e-6
0.5455	-2.4683231762701763e-6
0.546	-2.4649531736573225e-6
0.5465	-2.461583682495552e-6
0.547	-2.458214703643238e-6
0.5475	-2.4548462379572786e-6
0.548	-2.451478286293081e-6
0.5485	-2.4481108495045743e-6
0.549	-2.4447439284445006e-6
0.5495	-2.4413775239631717e-6
0.55	-2.4380116369103983e-6
0.5505	-2.4346462681341646e-6
0.551	-2.4312814184809615e-6
0.5515	-2.4279170887957915e-6
0.552	-2.424553279922166e-6
0.5525	-2.421189942316502e-6
0.553	-2.417827084370894e-6
0.5535	-2.414464750681735e-6
0.554	-2.411102942657283e-6
0.5545	-2.407741661703375e-6
0.555	-2.40438090922348e-6
0.5555	-2.4010206866186566e-6
0.556	-2.3976609952875596e-6
0.5565	-2.394301836626433e-6
0.557	-2.390943212029109e-6
0.5575	-2.387585122887004e-6
0.558	-2.3842275705891125e-6
0.5585	-2.3808705565220034e-6
0.559	-2.37751408206982e-6
0.5595	-2.3741581486142703e-6
0.56	-2.3708027575346285e-6
0.5605	-2.3674479102077276e-6
0.561	-2.364093608007956e-6
0.5615	-2.3607398523072593e-6
0.562	-2.3573866444751244e-6
0.5625	-2.3540339858785915e-6
0.5630000000000001	-2.3506818778822365e-6
0.5635	-2.3473303218481774e-6
0.5640000000000001	-2.343979319136064e-6
0.5645	-2.340628871103078e-6
0.5650000000000001	-2.337278979103392e-6
0.5655	-2.3339296444904073e-6
0.5660000000000001	-2.330580868613248e-6
0.5665	-2.3272326528191844e-6
0.5670000000000001	-2.32388499845298e-6
0.5675	-2.320537906856966e-6
0.5680000000000001	-2.317191398905146e-6
0.5685	-2.313845578115512e-6
0.5690000000000001	-2.310500323062266e-6
0.5695	-2.3071556342233256e-6
0.5700000000000001	-2.3038115120755546e-6
0.5705	-2.300467957094766e-6
0.5710000000000001	-2.297124969755718e-6
0.5715	-2.293782550532124e-6
0.5720000000000001	-2.290440699896643e-6
0.5725	-2.287099418320885e-6
0.5730000000000001	-2.2837587062754106e-6
0.5735	-2.2804185642297312e-6
0.5740000000000001	-2.2770789926523083e-6
0.5745	-2.2737399920105555e-6
0.5750000000000001	-2.2704015627708333e-6
0.5755	-2.267063705398462e-6
0.5760000000000001	-2.2637264203577064e-6
0.5765	-2.260389708111789e-6
0.577	-2.2570535691228803e-6
0.5775	-2.253718003852107e-6
0.578	-2.2503830127595496e-6
0.5785	-2.2470485963042372e-6
0.579	-2.243714754944159e-6
0.5795	-2.2403814891362553e-6
0.58	-2.2370487993364385e-6
0.5805	-2.2337166860012554e-6
0.581	-2.2303851495808207e-6
0.5815	-2.227054190529852e-6
0.582	-2.223723809300069e-6
0.5825	-2.220394006342145e-6
0.583	-2.2170647821057125e-6
0.5835	-2.2137361370393593e-6
0.584	-2.210407830680251e-6
0.5845	-2.207079924341322e-6
0.585	-2.203752602703727e-6
0.5855	-2.2004258687353232e-6
0.586	-2.1970997253984564e-6
0.5865	-2.193774175649935e-6
0.587	-2.1904492224410177e-6
0.5875	-2.187124868717378e-6
0.588	-2.1838011174190974e-6
0.5885	-2.1804779714806327e-6
0.589	-2.177155433830803e-6
0.5895	-2.1738335073927606e-6
0.59	-2.1705121950839805e-6
0.5905	-2.16719149981623e-6
0.591	-2.1638714244955526e-6
0.5915	-2.16055197202225e-6
0.592	-2.1572331452908556e-6
0.5925	-2.153914947190118e-6
0.593	-2.1505973806029274e-6
0.5935	-2.147280448406514e-6
0.594	-2.1439641534720985e-6
0.5945	-2.14064849866509e-6
0.595	-2.137333486845019e-6
0.5955	-2.134019120865506e-6
0.596	-2.1307054035742566e-6
0.5965	-2.1273923378053295e-6
0.597	-2.1240799264113653e-6
0.5975	-2.12076817221304e-6
0.598	-2.1174570780341655e-6
0.5985	-2.114146646692539e-6
0.599	-2.1108368809999246e-6
0.5995	-2.107527783762037e-6
0.6	-2.104220233277689e-6
0.6005	-2.100913533482547e-6
0.601	-2.0976074984526548e-6
0.6015	-2.094302124735255e-6
0.602	-2.0909974088840956e-6
0.6025	-2.0876933474593824e-6
0.603	-2.0843899370277472e-6
0.6035	-2.0810871741621997e-6
0.604	-2.0777850554420893e-6
0.6045	-2.0744835774530625e-6
0.605	-2.071182736787024e-6
0.6055	-2.0678825300420968e-6
0.606	-2.064582953822579e-6
0.6065	-2.0612840047390516e-6
0.607	-2.0579856794077594e-6
0.6075	-2.0546879744514374e-6
0.608	-2.0513908864986967e-6
0.6085	-2.048094412184125e-6
0.609	-2.044798548148252e-6
0.6095	-2.0415032910375054e-6
0.61	-2.0382086375041774e-6
0.6105	-2.0349145842063814e-6
0.611	-2.0316211278080176e-6
0.6115	-2.0283282649787302e-6
0.612	-2.0250359923994944e-6
0.6125	-2.0217443067396966e-6
0.613	-2.0184532046918496e-6
0.6135	-2.0151626829481934e-6
0.614	-2.0118727382065335e-6
0.6145	-2.0085833671701952e-6
0.615	-2.00529456654799e-6
0.6155	-2.002006333054181e-6
0.616	-1.9987171988668026e-6
0.6165	-1.995428433572185e-6
0.617	-1.9921402447333148e-6
0.6175	-1.9888526387967807e-6
0.618	-1.98556562219748e-6
0.6185	-1.9822792013584943e-6
0.619	-1.9789933826909857e-6
0.6195	-1.975708172593782e-6
0.62	-1.972423577454422e-6
0.6205	-1.9691396036473196e-6
0.621	-1.9658562575347905e-6
0.6215	-1.9625735454666543e-6
0.622	-1.9592914737801274e-6
0.6225	-1.956010048799704e-6
0.623	-1.9527292768370573e-6
0.6235	-1.9494491641909208e-6
0.624	-1.946169717146981e-6
0.6245	-1.9428909419777726e-6
0.625	-1.939612844942568e-6
0.6255000000000001	-1.936335432287271e-6
0.626	-1.9330587102443115e-6
0.6265000000000001	-1.9297826850325366e-6
0.627	-1.9265073628571143e-6
0.6275000000000001	-1.9232327499094167e-6
0.628	-1.9199588523536973e-6
0.6285000000000001	-1.91668567638186e-6
0.629	-1.9134132281281716e-6
0.6295000000000001	-1.910141513727809e-6
0.63	-1.906870539301652e-6
0.6305000000000001	-1.9036003109561883e-6
0.631	-1.9003308347834052e-6
0.6315000000000001	-1.897062116860701e-6
0.632	-1.8937949800548354e-6
0.6325000000000001	-1.8905288732228387e-6
0.633	-1.8872635310731797e-6
0.6335000000000001	-1.8839989534049182e-6
0.634	-1.8807351400165983e-6
0.6345000000000001	-1.877472090706601e-6
0.635	-1.8742098052731574e-6
0.6355000000000001	-1.870948283514339e-6
0.636	-1.8676875252280673e-6
0.6365000000000001	-1.8644275302121021e-6
0.637	-1.8611682982640562e-6
0.6375000000000001	-1.8579098291813853e-6
0.638	-1.8546521227613934e-6
0.6385000000000001	-1.8513951788012314e-6
0.639	-1.8481389970979012e-6
0.6395000000000001	-1.844883577448251e-6
0.64	-1.8416289196489787e-6
0.6405	-1.8383750234966342e-6
0.641	-1.835121888787614e-6
0.6415	-1.8318695153181715e-6
0.642	-1.8286179028844052e-6
0.6425	-1.8253670512822713e-6
0.643	-1.8221169603075746e-6
0.6435	-1.8188676297559763e-6
0.644	-1.815619059428131e-6
0.6445	-1.8123712491084905e-6
0.645	-1.8091241985980087e-6
0.6455	-1.8058779076916851e-6
0.646	-1.8026323761846136e-6
0.6465	-1.7993876038715119e-6
0.647	-1.7961435905470272e-6
0.6475	-1.7929003360056713e-6
0.648	-1.78965766204771e-6
0.6485	-1.786415466313326e-6
0.649	-1.7831740326862e-6
0.6495	-1.7799333635616943e-6
0.65	-1.7766934613288853e-6
0.6505	-1.773454328370563e-6
0.651	-1.7702159670632107e-6
0.6515	-1.7669783797770045e-6
0.652	-1.763741568875796e-6
0.6525	-1.7605055367171067e-6
0.653	-1.7572702856521156e-6
0.6535	-1.7540358180256543e-6
0.654	-1.7508021361761872e-6
0.6545	-1.7475692424358158e-6
0.655	-1.744337139130258e-6
0.6555	-1.741105828578848e-6
0.656	-1.737875313094515e-6
0.6565	-1.7346455949837935e-6
0.657	-1.7314166765467915e-6
0.6575	-1.7281885600772035e-6
0.658	-1.7249612478622852e-6
0.6585	-1.7217347421828575e-6
0.659	-1.7185090453130757e-6
0.6595	-1.7152841595212774e-6
0.66	-1.7120600870687023e-6
0.6605	-1.7088368302094378e-6
0.661	-1.7056143911938838e-6
0.6615	-1.7023927722630419e-6
0.662	-1.6991719756524236e-6
0.6625	-1.6959520035910437e-6
0.663	-1.6927328583013998e-6
0.6635	-1.6895145419994775e-6
0.664	-1.6862970568947374e-6
0.6645	-1.683080451120439e-6
0.665	-1.6798646941570408e-6
0.6655	-1.676649774344946e-6
0.666	-1.6734356935364875e-6
0.6665	-1.67022245357831e-6
0.667	-1.6670100563113756e-6
0.6675	-1.6637985035709538e-6
0.668	-1.6605877971866193e-6
0.6685	-1.6573779389822508e-6
0.669	-1.6541689307760278e-6
0.6695	-1.650960774380429e-6
0.67	-1.6477534716022243e-6
0.6705	-1.644547024242481e-6
0.671	-1.6413414340965546e-6
0.6715	-1.6381367029540905e-6
0.672	-1.6349328325993634e-6
0.6725	-1.6317298248098943e-6
0.673	-1.6285276813585208e-6
0.6735	-1.6253264040120173e-6
0.674	-1.6221259945314352e-6
0.6745	-1.6189264546721045e-6
0.675	-1.615727786183627e-6
0.6755	-1.6125299908098761e-6
0.676	-1.6093330702889978e-6
0.6765	-1.6061370263736078e-6
0.677	-1.6029418607479849e-6
0.6775	-1.5997475751550384e-6
0.678	-1.5965541713099778e-6
0.6785	-1.5933616509222839e-6
0.679	-1.5901700156956987e-6
0.6795	-1.5869792673282353e-6
0.68	-1.5837894075121667e-6
0.6805	-1.5806004379340357e-6
0.681	-1.5774113362809356e-6
0.6815	-1.5742229951951631e-6
0.682	-1.5710355623699972e-6
0.6825	-1.5678490458363914e-6
0.683	-1.5646634536011079e-6
0.6835	-1.5614787936465494e-6
0.684	-1.5582950739305906e-6
0.6845	-1.5551123023864165e-6
0.685	-1.5519304869220095e-6
0.6855	-1.5487496354213689e-6
0.686	-1.5455697557422947e-6
0.6865	-1.5423908557175917e-6
0.687	-1.5392129431545694e-6
0.6875	-1.536036025834898e-6
0.6880000000000001	-1.5328601115144425e-6
0.6885	-1.5296852079231253e-6
0.6890000000000001	-1.5265113227647646e-6
0.6895	-1.523338463716937e-6
0.6900000000000001	-1.520166638430824e-6
0.6905	-1.516995854531072e-6
0.6910000000000001	-1.5138261196156498e-6
0.6915	-1.510657441255707e-6
0.6920000000000001	-1.5074898269954368e-6
0.6925	-1.5043232843519385e-6
0.6930000000000001	-1.5011578206633475e-6
0.6935	-1.4979934437166398e-6
0.6940000000000001	-1.4948301607743526e-6
0.6945	-1.4916679792436446e-6
0.6950000000000001	-1.4885069065039332e-6
0.6955	-1.4853469499067767e-6
0.6960000000000001	-1.4821881167757505e-6
0.6965	-1.4790304144063257e-6
0.6970000000000001	-1.475873850065749e-6
0.6975	-1.4727205655854125e-6
0.6980000000000001	-1.469569414866895e-6
0.6985	-1.4664193921609508e-6
0.6990000000000001	-1.4632704879139047e-6
0.6995	-1.4601226926027774e-6
0.7000000000000001	-1.4569759967363655e-6
0.7005	-1.4538303908545585e-6
0.7010000000000001	-1.4506858655280016e-6
0.7015	-1.4475424113577752e-6
0.7020000000000001	-1.444400018975059e-6
0.7025	-1.4412586790408228e-6
0.7030000000000001	-1.4381183822454947e-6
0.7035	-1.4349791193086501e-6
0.704	-1.4318408809786914e-6
0.7045	-1.4287036580325406e-6
0.705	-1.4255674412753244e-6
0.7055	-1.4224322215400648e-6
0.706	-1.4192979896873782e-6
0.7065	-1.4161647366051655e-6
0.707	-1.4130324532083175e-6
0.7075	-1.4099011304384064e-6
0.708	-1.4067707592633977e-6
0.7085	-1.4036413306773466e-6
0.709	-1.4005128357001137e-6
0.7095	-1.397385265377066e-6
0.71	-1.3942586108293752e-6
0.7105	-1.3911328630528477e-6
0.711	-1.3880080132140012e-6
0.7115	-1.3848840524572634e-6
0.712	-1.3817609719510167e-6
0.7125	-1.3786387628876423e-6
0.713	-1.3755174164830903e-6
0.7135	-1.372396923976623e-6
0.714	-1.3692768565743032e-6
0.7145	-1.3661527092322387e-6
0.715	-1.3630294243211988e-6
0.7155	-1.3599070212490896e-6
0.716	-1.356785519368038e-6
0.7165	-1.3536649379732652e-6
0.717	-1.3505452963019723e-6
0.7175	-1.3474266135322282e-6
0.718	-1.3443089087818797e-6
0.7185	-1.3411922011074637e-6
0.719	-1.3380765095031341e-6
0.7195	-1.3349618528995922e-6
0.72	-1.331848250163042e-6
0.7205	-1.3287357200941372e-6
0.721	-1.32562428142696e-6
0.7215	-1.3225139528279921e-6
0.722	-1.3194047528951115e-6
0.7225	-1.3162967001565917e-6
0.723	-1.3131898130701214e-6
0.7235	-1.310084110021821e-6
0.724	-1.306979609325291e-6
0.7245	-1.3038763292169488e-6
0.725	-1.3007742878697621e-6
0.7255	-1.2976735033705826e-6
0.726	-1.2945739937335342e-6
0.7265	-1.2914757768620475e-6
0.727	-1.2883788706853814e-6
0.7275	-1.2852832929471179e-6
0.728	-1.2821890613474792e-6
0.7285	-1.2790961935060529e-6
0.729	-1.2760047069609566e-6
0.7295	-1.2729146191680125e-6
0.73	-1.2698259474999372e-6
0.7305	-1.2667387092455375e-6
0.731	-1.2636529956220366e-6
0.7315	-1.2605691125180538e-6
0.732	-1.2574867109236595e-6
0.7325	-1.254405805541038e-6
0.733	-1.2513264109958887e-6
0.7335	-1.2482485418369056e-6
0.734	-1.245172212535276e-6
0.7345	-1.2420974374841772e-6
0.735	-1.2390242309983005e-6
0.7355	-1.2359526073133637e-6
0.736	-1.2328825805856566e-6
0.7365	-1.2298141648915756e-6
0.737	-1.2267473742271886e-6
0.7375	-1.2236822225304384e-6
0.738	-1.220618723590725e-6
0.7385	-1.217556891182404e-6
0.739	-1.2144967389759473e-6
0.7395	-1.2114382805594124e-6
0.74	-1.2083815294380748e-6
0.7405	-1.2053264990340431e-6
0.741	-1.2022732026859011e-6
0.7415	-1.1992216536483516e-6
0.742	-1.1961718650918787e-6
0.7425	-1.1931238501024077e-6
0.743	-1.190077621680989e-6
0.7435	-1.1870331913770741e-6
0.744	-1.183990574923078e-6
0.7445	-1.180949783531553e-6
0.745	-1.1779108298593333e-6
0.7455	-1.1748737264769966e-6
0.746	-1.1718384858686205e-6
0.7465	-1.1688051204315411e-6
0.747	-1.1657736424761325e-6
0.7475	-1.162744064225574e-6
0.748	-1.1597163978156501e-6
0.7485	-1.1566951350609526e-6
0.749	-1.1536776417808146e-6
0.7495	-1.1506620309521167e-6
0.75	-1.1476482834523833e-6
0.7505000000000001	-1.144636380266325e-6
0.751	-1.141626302440686e-6
0.7515000000000001	-1.1386180312587864e-6
0.752	-1.1356115479735175e-6
0.7525000000000001	-1.1326068339837693e-6
0.753	-1.1296038707884443e-6
0.7535000000000001	-1.1266026399850668e-6
0.754	-1.123603123268422e-6
0.7545000000000001	-1.1206053024292067e-6
0.755	-1.1176091593526967e-6
0.7555000000000001	-1.114614676017427e-6
0.756	-1.1116218344938967e-6
0.7565000000000001	-1.108630616943277e-6
0.757	-1.105641005616147e-6
0.7575000000000001	-1.102652982851231e-6
0.758	-1.0996665310741673e-6
0.7585000000000001	-1.0966816327962672e-6
0.759	-1.09369827061332e-6
0.7595000000000001	-1.090716427204378e-6
0.76	-1.0877360853305829e-6
0.7605000000000001	-1.0847572274275705e-6
0.761	-1.0817798372820893e-6
0.7615000000000001	-1.0788038974352413e-6
0.762	-1.0758293909645107e-6
0.7625000000000001	-1.0728563010237693e-6
0.763	-1.069884610842178e-6
0.7635000000000001	-1.0669143037230775e-6
0.764	-1.0639453630571769e-6
0.7645000000000001	-1.0609777722631684e-6
0.765	-1.0580115148759544e-6
0.7655000000000001	-1.055046574484905e-6
0.766	-1.0520841152187049e-6
0.7665000000000001	-1.0491242578811623e-6
0.767	-1.046165648115519e-6
0.7675000000000001	-1.0432082580590807e-6
0.768	-1.0402520599607082e-6
0.7685	-1.0372970261780082e-6
0.769	-1.0343431291745638e-6
0.7695	-1.0313903415171858e-6
0.77	-1.0284386358731942e-6
0.7705	-1.0254879850077314e-6
0.771	-1.022538361781083e-6
0.7715	-1.0195897391460478e-6
0.772	-1.0166420901453076e-6
0.7725	-1.01369538790884e-6
0.773	-1.0107496056513389e-6
0.7735	-1.007804716669664e-6
0.774	-1.0048606943403108e-6
0.7745	-1.0019175121168966e-6
0.775	-9.98975143527672e-7
0.7755	-9.960335621730455e-7
0.776	-9.930927417231322e-7
0.7765	-9.901526559153118e-7
0.777	-9.872132785513519e-7
0.7775	-9.842745834969132e-7
0.778	-9.813365440535113e-7
0.7785	-9.783991355907506e-7
0.779	-9.75462331364989e-7
0.7795	-9.725261054655375e-7
0.78	-9.695904320329462e-7
0.7805	-9.666552852566767e-7
0.781	-9.637206393727557e-7
0.7815	-9.607864686614493e-7
0.782	-9.578527474449233e-7
0.7825	-9.549194500849263e-7
0.783	-9.519865509804581e-7
0.7835	-9.490540245654524e-7
0.784	-9.46111976909919e-7
0.7845	-9.431657660472187e-7
0.785	-9.40219969959143e-7
0.7855	-9.372746304788045e-7
0.786	-9.343297893743538e-7
0.7865	-9.313854883431116e-7
0.787	-9.284417690057164e-7
0.7875	-9.254986729003177e-7
0.788	-9.225562414767876e-7
0.7885	-9.196145160909777e-7
0.789	-9.166735379990068e-7
0.7895	-9.137333483515903e-7
0.79	-9.107939881891227e-7
0.7905	-9.078554984333241e-7
0.791	-9.049179198857246e-7
0.7915	-9.019812932195721e-7
0.792	-8.990456589750162e-7
0.7925	-8.961110575537146e-7
0.793	-8.931775292134992e-7
0.7935	-8.902451140630894e-7
0.794	-8.873138520568629e-7
0.7945	-8.843837829896974e-7
0.795	-8.814549464918521e-7
0.7955	-8.785273820239349e-7
0.796	-8.756011273762596e-7
0.7965	-8.726762247512499e-7
0.797	-8.697527114867044e-7
0.7975	-8.668306263148166e-7
0.798	-8.639100077737927e-7
0.7985	-8.609908942032408e-7
0.799	-8.58073323739617e-7
0.7995	-8.551573343117555e-7
0.8	-8.522429636364724e-7
0.8005	-8.493302492142495e-7
0.801	-8.464192283249813e-7
0.8015	-8.435099380238178e-7
0.802	-8.406065695420962e-7
0.8025	-8.377063621005877e-7
0.803	-8.348079405461814e-7
0.8035	-8.319113158045226e-7
0.804	-8.290164989425946e-7
0.8045	-8.261235007308422e-7
0.805	-8.232323319329915e-7
0.8055	-8.20343003233956e-7
0.806	-8.174555252396881e-7
0.8065	-8.145699084770399e-7
0.807	-8.116861633936353e-7
0.8075	-8.088043003577538e-7
0.808	-8.059243296582095e-7
0.8085	-8.030462615042527e-7
0.809	-8.001701060254656e-7
0.8095	-7.972958732716841e-7
0.81	-7.94423573212899e-7
0.8105	-7.915532157391994e-7
0.811	-7.886848106606913e-7
0.8115	-7.858183677074509e-7
0.812	-7.829538965294616e-7
0.8125	-7.800914066965787e-7
0.8130000000000001	-7.772309076984885e-7
0.8135	-7.743724089446784e-7
0.8140000000000001	-7.715159205623191e-7
0.8145	-7.686614501451988e-7
0.8150000000000001	-7.658090077142003e-7
0.8155	-7.629586023579954e-7
0.8160000000000001	-7.601102430850422e-7
0.8165	-7.572639391030105e-7
0.8170000000000001	-7.54419698707869e-7
0.8175	-7.515775309377858e-7
0.8180000000000001	-7.487374444803262e-7
0.8185	-7.45899447942974e-7
0.8190000000000001	-7.430635498531714e-7
0.8195	-7.402297586583807e-7
0.8200000000000001	-7.373980596816145e-7
0.8205	-7.345667511562261e-7
0.8210000000000001	-7.317375860729844e-7
0.8215	-7.289105801258658e-7
0.8220000000000001	-7.260857488706684e-7
0.8225	-7.232631077246894e-7
0.8230000000000001	-7.204426719664165e-7
0.8235	-7.176244567352414e-7
0.8240000000000001	-7.148084770311936e-7
0.8245	-7.119947477146993e-7
0.8250000000000001	-7.091832835063513e-7
0.8255	-7.063740989867105e-7
0.8260000000000001	-7.035672085961166e-7
0.8265	-7.007626266345288e-7
0.8270000000000001	-6.979603672613769e-7
0.8275	-6.95160444495441e-7
0.8280000000000001	-6.923628722147401e-7
0.8285	-6.895676641564546e-7
0.8290000000000001	-6.867748339168483e-7
0.8295	-6.839843939931799e-7
0.8300000000000001	-6.81196359593321e-7
0.8305	-6.784107429636575e-7
0.8310000000000001	-6.756275571372319e-7
0.8315	-6.728468150061447e-7
0.8320000000000001	-6.700685293215948e-7
0.8325	-6.672927159522282e-7
0.833	-6.645193806544799e-7
0.8335	-6.617485391855056e-7
0.834	-6.589802037336294e-7
0.8345	-6.562143863469177e-7
0.835	-6.534510989333353e-7
0.8355	-6.506903532609131e-7
0.836	-6.479321609579363e-7
0.8365	-6.451765335131396e-7
0.837	-6.424234822759241e-7
0.8375	-6.396730184565831e-7
0.838	-6.369251531265441e-7
0.8385	-6.341798972186233e-7
0.839	-6.314363474154315e-7
0.8395	-6.286924987372716e-7
0.84	-6.259513219773752e-7
0.8405	-6.232128430415419e-7
0.841	-6.204770875427041e-7
0.8415	-6.177440807999746e-7
0.842	-6.150138478377661e-7
0.8425	-6.122864135462089e-7
0.843	-6.095618020389033e-7
0.8435	-6.06840037607989e-7
0.844	-6.041211440917125e-7
0.8445	-6.01405145030352e-7
0.845	-5.986920636657877e-7
0.8455	-5.959819229411233e-7
0.846	-5.93274745500402e-7
0.8465	-5.905705536883758e-7
0.847	-5.87869369550346e-7
0.8475	-5.851712148320704e-7
0.848	-5.824761109797471e-7
0.8485	-5.797840791400469e-7
0.849	-5.770951401602255e-7
0.8495	-5.744093145882879e-7
0.85	-5.717266226732278e-7
0.8505	-5.690470843653176e-7
0.851	-5.663707193164624e-7
0.8515	-5.636975468806191e-7
0.852	-5.61027597894576e-7
0.8525	-5.583608668835665e-7
0.853	-5.556973846840441e-7
0.8535	-5.530371694628369e-7
0.854	-5.503802390923646e-7
0.8545	-5.477266111514223e-7
0.855	-5.450763029260215e-7
0.8555	-5.424293314102692e-7
0.856	-5.397857161377269e-7
0.8565	-5.371454679930883e-7
0.857	-5.345086057721997e-7
0.8575	-5.318751453065299e-7
0.858	-5.292451021405398e-7
0.8585	-5.266180917909417e-7
0.859	-5.239862744099422e-7
0.8595	-5.213579876596928e-7
0.86	-5.187332780732649e-7
0.8605	-5.16112191455323e-7
0.861	-5.134947728791207e-7
0.8615	-5.108810666838377e-7
0.862	-5.08271116472275e-7
0.8625	-5.056649651088788e-7
0.863	-5.030626547181118e-7
0.8635	-5.00464226683143e-7
0.864	-4.978697216448816e-7
0.8645	-4.95279179501316e-7
0.865	-4.926926394071731e-7
0.8655	-4.901101397738906e-7
0.866	-4.875317182698935e-7
0.8665	-4.84957411821157e-7
0.867	-4.823872566120786e-7
0.8675	-4.79821288086617e-7
0.868	-4.772595409497294e-7
0.8685	-4.747020491690556e-7
0.869	-4.7214884844319385e-7
0.8695	-4.6959996641260685e-7
0.87	-4.6705543721919955e-7
0.8705	-4.645152919012647e-7
0.871	-4.619795607718503e-7
0.8715	-4.594482734219109e-7
0.872	-4.5692145872369467e-7
0.8725	-4.5439914483433376e-7
0.873	-4.5188138929945024e-7
0.8735	-4.4936815756294635e-7
0.874	-4.468595065253983e-7
0.8745	-4.443554614919312e-7
0.875	-4.418560470733294e-7
0.8755000000000001	-4.3936128719088464e-7
0.876	-4.3687120508140754e-7
0.8765000000000001	-4.343858233023715e-7
0.877	-4.319051637371995e-7
0.8775000000000001	-4.2942924760066825e-7
0.878	-4.269580954444487e-7
0.8785000000000001	-4.2449172716274296e-7
0.879	-4.220301619980392e-7
0.8795000000000001	-4.195647500418321e-7
0.88	-4.171012245942289e-7
0.8805000000000001	-4.146426928345768e-7
0.881	-4.121892087873231e-7
0.8815000000000001	-4.0974082505214514e-7
0.882	-4.0729752801978397e-7
0.8825000000000001	-4.048594925419917e-7
0.883	-4.024267070827698e-7
0.8835000000000001	-3.99999218713978e-7
0.884	-3.975770731223322e-7
0.8845000000000001	-3.951603146174244e-7
0.885	-3.927489861404179e-7
0.8855000000000001	-3.90343129273367e-7
0.886	-3.879427842491404e-7
0.8865000000000001	-3.85547989961926e-7
0.887	-3.8315878397829084e-7
0.8875000000000001	-3.807752025487623e-7
0.888	-3.7839728061991216e-7
0.8885000000000001	-3.760250518469166e-7
0.889	-3.7365854860656723e-7
0.8895000000000001	-3.7129780201070254e-7
0.89	-3.689428419200445e-7
0.8905000000000001	-3.665936969584105e-7
0.891	-3.642503945272786e-7
0.8915000000000001	-3.619129608206777e-7
0.892	-3.595820146817935e-7
0.8925000000000001	-3.5725638486629873e-7
0.893	-3.5493669015370454e-7
0.8935000000000001	-3.5262295179487446e-7
0.894	-3.503151899490319e-7
0.8945000000000001	-3.4801342370246e-7
0.895	-3.4571774168133563e-7
0.8955000000000001	-3.4342802648099394e-7
0.896	-3.4114435743399763e-7
0.8965	-3.38866749312491e-7
0.897	-3.365952158903311e-7
0.8975	-3.3432976996138114e-7
0.898	-3.320704233576247e-7
0.8985	-3.298171869671168e-7
0.899	-3.27570070751741e-7
0.8995	-3.2532908376479475e-7
0.9	-3.2309423416836857e-7
0.9005	-3.2086552925054003e-7
0.901	-3.186429754423708e-7
0.9015	-3.164320729553908e-7
0.902	-3.1419013037017847e-7
0.9025	-3.1195469686258667e-7
0.903	-3.0972585929197567e-7
0.9035	-3.0750370113146195e-7
0.904	-3.0528830249083424e-7
0.9045	-3.0307974014277724e-7
0.905	-3.008780875522191e-7
0.9055	-2.986834149086459e-7
0.906	-2.9649578916119213e-7
0.9065	-2.943152740563662e-7
0.907	-2.9214193017820385e-7
0.9075	-2.8997581499071643e-7
0.908	-2.8781698288243893e-7
0.9085	-2.8566538031206066e-7
0.909	-2.835212621910783e-7
0.9095	-2.813845733093562e-7
0.91	-2.7925535634301903e-7
0.9105	-2.7713365114420254e-7
0.911	-2.7501949479486604e-7
0.9115	-2.7291292166165156e-7
0.912	-2.70813963451653e-7
0.9125	-2.687226492689632e-7
0.913	-2.666390056718685e-7
0.9135	-2.645630567305857e-7
0.914	-2.624948240853965e-7
0.9145	-2.604396602024014e-7
0.915	-2.5838669102706264e-7
0.9155	-2.5634142862873373e-7
0.916	-2.543038925995278e-7
0.9165	-2.522740999781801e-7
0.917	-2.502520653177411e-7
0.9175	-2.4823780075447646e-7
0.918	-2.4623131607761533e-7
0.9185	-2.442326187996329e-7
0.919	-2.422417142267776e-7
0.9195	-2.4025860552960426e-7
0.92	-2.3828329381327076e-7
0.9205	-2.3631577818742713e-7
0.921	-2.3435605583549747e-7
0.9215	-2.3240347318546767e-7
0.922	-2.3045930111872103e-7
0.9225	-2.2852291024072447e-7
0.923	-2.265942911982899e-7
0.9235	-2.2467343299192116e-7
0.924	-2.227603230416013e-7
0.9245	-2.208549472512486e-7
0.925	-2.189572900717485e-7
0.9255	-2.1706733456256603e-7
0.926	-2.1518506245186247e-7
0.9265	-2.133960046907413e-7
0.927	-2.1146145889778278e-7
0.9275	-2.0953874742079998e-7
0.928	-2.076276842497901e-7
0.9285	-2.0572808807496038e-7
0.929	-2.0383978212361872e-7
0.9295	-2.0196259400423477e-7
0.93	-2.0009635555728054e-7
0.9305	-1.982409027125145e-7
0.931	-1.963960753523535e-7
0.9315	-1.945617171810397e-7
0.932	-1.9273767559928952e-7
0.9325	-1.9092380158415282e-7
0.933	-1.8911994957382918e-7
0.9335	-1.8732597735718902e-7
0.934	-1.8554174596775344e-7
0.9345	-1.8376468593863758e-7
0.935	-1.8199955706744057e-7
0.9355	-1.802437916148498e-7
0.936	-1.784972619262192e-7
0.9365	-1.7675984310315354e-7
0.937	-1.7503141292243663e-7
0.9375	-1.7331185175815582e-7
0.9380000000000001	-1.7160104250686626e-7
0.9385	-1.6989887051565225e-7
0.9390000000000001	-1.6820522351291914e-7
0.9395	-1.6651999154180714e-7
0.9400000000000001	-1.6484306689607972e-7
0.9405	-1.6317434405836738e-7
0.9410000000000001	-1.6151544090726473e-7
0.9415	-1.5986190853598642e-7
0.9420000000000001	-1.5821646385123106e-7
0.9425	-1.565789997140223e-7
0.9430000000000001	-1.549494094311218e-7
0.9435	-1.5332758714429205e-7
0.9440000000000001	-1.5171342814320113e-7
0.9445	-1.501068291148573e-7
0.9450000000000001	-1.4850768834021484e-7
0.9455	-1.4691590584678018e-7
0.9460000000000001	-1.4533138352454496e-7
0.9465	-1.4375402521136565e-7
0.9470000000000001	-1.421837367528803e-7
0.9475	-1.406207844426273e-7
0.9480000000000001	-1.3906425799913538e-7
0.9485	-1.3751438753773243e-7
0.9490000000000001	-1.359711114829604e-7
0.9495	-1.3443436793620104e-7
0.9500000000000001	-1.3290409485568894e-7
0.9505	-1.313802302114238e-7
0.9510000000000001	-1.2986271211735251e-7
0.9515	-1.2835021381699254e-7
0.9520000000000001	-1.2684532586446998e-7
0.9525	-1.253466808465015e-7
0.9530000000000001	-1.2385420600056653e-7
0.9535	-1.2236783012430097e-7
0.9540000000000001	-1.2088748357148696e-7
0.9545	-1.1941309823912142e-7
0.9550000000000001	-1.1794460754715734e-7
0.9555	-1.1648194641230262e-7
0.9560000000000001	-1.1502505121704336e-7
0.9565	-1.1357393579939502e-7
0.9570000000000001	-1.1212837858711437e-7
0.9575	-1.1068840186998457e-7
0.9580000000000001	-1.0925394819138877e-7
0.9585	-1.0782496129816262e-7
0.9590000000000001	-1.0640314831011892e-7
0.9595	-1.0497979941953252e-7
0.96	-1.0356374220604017e-7
0.9605	-1.0215460643034104e-7
0.961	-1.0075064875241843e-7
0.9615	-9.935449670567289e-8
0.962	-9.796422767131008e-8
0.9625	-9.657952236863919e-8
0.963	-9.520007329087018e-8
0.9635	-9.382558370836012e-8
0.964	-9.245576675574741e-8
0.9645	-9.109034459485462e-8
0.965	-8.97290476458516e-8
0.9655	-8.837161387973374e-8
0.966	-8.701778816574512e-8
0.9665	-8.566732166786655e-8
0.967	-8.432000921262202e-8
0.9675	-8.297105824527519e-8
0.968	-8.162524292985596e-8
0.9685	-8.028273159007868e-8
0.969	-7.894371591176225e-8
0.9695	-7.760837338725374e-8
0.97	-7.627687657360125e-8
0.9705	-7.494939294181845e-8
0.971	-7.36264214891794e-8
0.9715	-7.231099971796011e-8
0.972	-7.09996530637687e-8
0.9725	-6.969220642413935e-8
0.973	-6.838848906381458e-8
0.9735	-6.708833436775768e-8
0.974	-6.579156306096806e-8
0.9745	-6.449805370503209e-8
0.975	-6.320762824227214e-8
0.9755	-6.191985479933131e-8
0.976	-6.06348916009946e-8
0.9765	-5.9352617025939487e-8
0.977	-5.807291169320485e-8
0.9775	-5.679565834165683e-8
0.978	-5.552074171594345e-8
0.9785	-5.42480484578424e-8
0.979	-5.297746700215095e-8
0.9795	-5.170913113805337e-8
0.98	-5.044274356463017e-8
0.9805	-4.917809264328874e-8
0.981	-4.791504581746925e-8
0.9815	-4.665347213396937e-8
0.982	-4.539324210594461e-8
0.9825	-4.4134227592536564e-8
0.983	-4.287630160664501e-8
0.9835	-4.1619277969613566e-8
0.984	-4.035927342779552e-8
0.9845	-3.910598159982319e-8
0.985	-3.785271193146141e-8
0.9855	-3.659944249019219e-8
0.986	-3.534614609713987e-8
0.9865	-3.4092790302815316e-8
0.987	-3.2839622385155655e-8
0.9875	-3.1585720877050325e-8
0.988	-3.033181719168421e-8
0.9885	-2.907781794021977e-8
0.989	-2.782363254351138e-8
0.9895	-2.6569414048547337e-8
0.99	-2.531447949747335e-8
0.9905	-2.4058891774835325e-8
0.991	-2.280246792912304e-8
0.9915	-2.180328054709638e-8
0.992	-1.9591875773771232e-8
0.9925	-1.8012252828620877e-8
0.993	-1.672359455719769e-8
0.9935	-1.5579122975099104e-8
0.994	-1.4506766272913943e-8
0.9945	-1.3463207457843625e-8
0.995	-1.2418755105192355e-8
0.9955	-1.1346904222680544e-8
0.996	-1.2456548151727478e-8
0.9965	-1.0917895861724966e-8
0.997	-1.0838644522278003e-8
0.9975	-1.0082598099667162e-8
0.998	-6.430646300161963e-9
0.9985	-4.965063440064387e-9
0.999	-8.023388938454374e-9
0.9995	-4.011694469227187e-9