0.	-7.801848734232624e-6
0.0005	-7.797869058618933e-6
0.001	-7.793890609462146e-6
0.0015	-7.789913498101786e-6
0.002	-7.785936789548185e-6
0.0025	-7.781960489313566e-6
0.003	-7.777984540139087e-6
0.0035	-7.77400895035127e-6
0.004	-7.770033705601503e-6
0.0045000000000000005	-7.766058791551425e-6
0.005	-7.762084193872283e-6
0.0055	-7.758109898244294e-6
0.006	-7.754135890356026e-6
0.006500000000000001	-7.750162155903793e-6
0.007	-7.746188680591062e-6
0.0075	-7.742215450127889e-6
0.008	-7.738242450230353e-6
0.0085	-7.734269666620027e-6
0.009000000000000001	-7.73029708502346e-6
0.0095	-7.726324691171666e-6
0.01	-7.722352470799656e-6
0.0105	-7.718380409645966e-6
0.011	-7.71440849345222e-6
0.0115	-7.710436707962704e-6
0.012	-7.706465038923967e-6
0.0125	-7.702493472084444e-6
0.013000000000000001	-7.698521993194093e-6
0.0135	-7.694550588004054e-6
0.014	-7.690579298448948e-6
0.0145	-7.686606785482038e-6
0.015	-7.682634313359349e-6
0.0155	-7.678661879092483e-6
0.016	-7.674689476856642e-6
0.0165	-7.67071710376064e-6
0.017	-7.66674475591021e-6
0.0175	-7.662772429411326e-6
0.018000000000000002	-7.658800120370179e-6
0.0185	-7.65482782489314e-6
0.019	-7.650855539086715e-6
0.0195	-7.646883259057517e-6
0.02	-7.64291098091222e-6
0.0205	-7.638938700757526e-6
0.021	-7.63496641470013e-6
0.021500000000000002	-7.630994118846673e-6
0.022	-7.627021809303722e-6
0.0225	-7.623049482177716e-6
0.023	-7.619077133574934e-6
0.0235	-7.6151047596014656e-6
0.024	-7.61113235636316e-6
0.0245	-7.607159919965606e-6
0.025	-7.603187446514074e-6
0.025500000000000002	-7.5992149321134994e-6
0.026000000000000002	-7.595242372868433e-6
0.0265	-7.591269764883006e-6
0.027	-7.587297104260898e-6
0.0275	-7.583323174391742e-6
0.028	-7.579347611136316e-6
0.0285	-7.5753720177073114e-6
0.029	-7.5713964141772475e-6
0.029500000000000002	-7.5674208205024586e-6
0.03	-7.5634452566909546e-6
0.0305	-7.55946974274935e-6
0.031	-7.5554942986818795e-6
0.0315	-7.5515189444893925e-6
0.032	-7.547543700168366e-6
0.0325	-7.543568585709901e-6
0.033	-7.539593621098734e-6
0.0335	-7.535618826312229e-6
0.034	-7.531644221319389e-6
0.0345	-7.5276698260798485e-6
0.035	-7.523695660542876e-6
0.035500000000000004	-7.519721744646375e-6
0.036000000000000004	-7.515748098315885e-6
0.0365	-7.5117747414635705e-6
0.037	-7.5078016939872335e-6
0.0375	-7.5038289757692895e-6
0.038	-7.4998566066757895e-6
0.0385	-7.495884606555396e-6
0.039	-7.491912995238391e-6
0.0395	-7.4879417925356635e-6
0.04	-7.483971018237716e-6
0.0405	-7.480000692113647e-6
0.041	-7.476038141808553e-6
0.0415	-7.4720766151464355e-6
0.042	-7.468115463859299e-6
0.0425	-7.4641546404396646e-6
0.043000000000000003	-7.460194097622301e-6
0.043500000000000004	-7.456233788101009e-6
0.044	-7.4522736645976105e-6
0.0445	-7.448313679856263e-6
0.045	-7.444353786637812e-6
0.0455	-7.440393937714114e-6
0.046	-7.436434085862386e-6
0.0465	-7.432474183859548e-6
0.047	-7.428514184476553e-6
0.0475	-7.424554040472728e-6
0.048	-7.420593704590106e-6
0.0485	-7.416633129547742e-6
0.049	-7.412672268036039e-6
0.0495	-7.408711072711055e-6
0.05	-7.404749496188788e-6
0.0505	-7.400787491039473e-6
0.051000000000000004	-7.396825009781849e-6
0.051500000000000004	-7.392862004877413e-6
0.052000000000000005	-7.388898428724658e-6
0.0525	-7.384934233653293e-6
0.053	-7.380969371918447e-6
0.0535	-7.3770037956948425e-6
0.054	-7.373033775947716e-6
0.0545	-7.369055546018569e-6
0.055	-7.365076579454062e-6
0.0555	-7.361096918556902e-6
0.056	-7.3571166126848625e-6
0.0565	-7.353135708917127e-6
0.057	-7.349154254403718e-6
0.0575	-7.345172296359826e-6
0.058	-7.341189882060127e-6
0.0585	-7.3372070588330796e-6
0.059000000000000004	-7.333223874055203e-6
0.059500000000000004	-7.32924037514538e-6
0.06	-7.325256609559109e-6
0.0605	-7.321272624782793e-6
0.061	-7.317288468327999e-6
0.0615	-7.313304187725725e-6
0.062	-7.309319830520679e-6
0.0625	-7.3053354442655325e-6
0.063	-7.301351076515212e-6
0.0635	-7.29736677482117e-6
0.064	-7.2933825867256875e-6
0.0645	-7.28939855975615e-6
0.065	-7.285414741419388e-6
0.0655	-7.281431179195973e-6
0.066	-7.277447920534579e-6
0.0665	-7.2734650128463185e-6
0.067	-7.26948250349913e-6
0.0675	-7.265507019391225e-6
0.068	-7.261532865687943e-6
0.0685	-7.257559132829202e-6
0.069	-7.253585800324549e-6
0.0695	-7.2496128513487854e-6
0.07	-7.245640269091324e-6
0.07050000000000001	-7.241668036755561e-6
0.07100000000000001	-7.237696137558224e-6
0.07150000000000001	-7.233724554728756e-6
0.07200000000000001	-7.2297532715086876e-6
0.0725	-7.2257822711510235e-6
0.073	-7.221811536919633e-6
0.0735	-7.217841052088649e-6
0.074	-7.213870799941864e-6
0.0745	-7.209900763772154e-6
0.075	-7.205930926880877e-6
0.0755	-7.201961272577315e-6
0.076	-7.197991784178089e-6
0.0765	-7.194022445006611e-6
0.077	-7.190053238392513e-6
0.0775	-7.186084147671106e-6
0.078	-7.182115156182843e-6
0.0785	-7.178146247272778e-6
0.079	-7.174177404290037e-6
0.0795	-7.170208610587307e-6
0.08	-7.166239849520317e-6
0.0805	-7.162269868582426e-6
0.081	-7.158297592384288e-6
0.0815	-7.154325339584109e-6
0.082	-7.150353123817486e-6
0.0825	-7.146380958628351e-6
0.083	-7.142408857559781e-6
0.0835	-7.138436834153516e-6
0.084	-7.134464901949472e-6
0.0845	-7.13049307448526e-6
0.085	-7.12652136529568e-6
0.0855	-7.122549787912235e-6
0.08600000000000001	-7.1185783558626246e-6
0.08650000000000001	-7.1146070826702475e-6
0.08700000000000001	-7.110635981853691e-6
0.08750000000000001	-7.106665066926213e-6
0.088	-7.102694351395242e-6
0.0885	-7.098723848761847e-6
0.089	-7.094753572520224e-6
0.0895	-7.090783536157168e-6
0.09	-7.086813753151541e-6
0.0905	-7.082844236973745e-6
0.091	-7.078875001085187e-6
0.0915	-7.074906058937735e-6
0.092	-7.070937423973189e-6
0.0925	-7.066969109622717e-6
0.093	-7.063001129306319e-6
0.0935	-7.059033496432274e-6
0.094	-7.0550711898762226e-6
0.0945	-7.051110329289869e-6
0.095	-7.047149757271449e-6
0.0955	-7.0431894392692185e-6
0.096	-7.039229337159451e-6
0.0965	-7.035269412838933e-6
0.097	-7.0313096282213235e-6
0.0975	-7.027349945233519e-6
0.098	-7.023390325812009e-6
0.0985	-7.019430731899238e-6
0.099	-7.015471125439988e-6
0.0995	-7.011511468377714e-6
0.1	-7.007551722650917e-6
0.1005	-7.0035918501894966e-6
0.101	-6.999631812911105e-6
0.1015	-6.995671572717489e-6
0.10200000000000001	-6.991711091490838e-6
0.10250000000000001	-6.987750331090114e-6
0.10300000000000001	-6.983789253347374e-6
0.10350000000000001	-6.9798278200640986e-6
0.10400000000000001	-6.975865993007489e-6
0.1045	-6.971903733906773e-6
0.105	-6.967941004449487e-6
0.1055	-6.963977766277752e-6
0.106	-6.960013980984532e-6
0.1065	-6.956049610109887e-6
0.107	-6.952082607993362e-6
0.1075	-6.948107880759446e-6
0.108	-6.944132540411842e-6
0.1085	-6.9401566278523485e-6
0.109	-6.9361801821068245e-6
0.1095	-6.932203242253453e-6
0.11	-6.928225847418881e-6
0.1105	-6.924248036774326e-6
0.111	-6.920269849531679e-6
0.1115	-6.916291324939621e-6
0.112	-6.912312502279702e-6
0.1125	-6.908333420862454e-6
0.113	-6.904354120023459e-6
0.1135	-6.900374639119449e-6
0.114	-6.8963950175243835e-6
0.1145	-6.892415294625542e-6
0.115	-6.888435509819603e-6
0.1155	-6.88445570250873e-6
0.116	-6.880475912096663e-6
0.1165	-6.87649617798481e-6
0.117	-6.872516539568338e-6
0.11750000000000001	-6.8685370362322866e-6
0.11800000000000001	-6.864557707347668e-6
0.11850000000000001	-6.860578592267585e-6
0.11900000000000001	-6.856599730323341e-6
0.11950000000000001	-6.852621160820598e-6
0.12	-6.848642923035502e-6
0.1205	-6.844665189631769e-6
0.121	-6.8406879147299116e-6
0.1215	-6.836711086341209e-6
0.122	-6.832734742029784e-6
0.1225	-6.8287589193161215e-6
0.123	-6.824783655673415e-6
0.1235	-6.8208089885238975e-6
0.124	-6.816834955235142e-6
0.1245	-6.812861593116379e-6
0.125	-6.808888939414772e-6
0.1255	-6.804917031311686e-6
0.126	-6.80094590591894e-6
0.1265	-6.796975600275063e-6
0.127	-6.793006151341511e-6
0.1275	-6.789037595998875e-6
0.128	-6.785069971043086e-6
0.1285	-6.781103313181592e-6
0.129	-6.77713765902953e-6
0.1295	-6.773173045105882e-6
0.13	-6.769209507829597e-6
0.1305	-6.765247083515735e-6
0.131	-6.76128580837156e-6
0.1315	-6.757325718492631e-6
0.132	-6.7533668498588956e-6
0.1325	-6.749409238330729e-6
0.133	-6.745452919644998e-6
0.1335	-6.7415022231271785e-6
0.134	-6.737570646510463e-6
0.1345	-6.733640226306587e-6
0.135	-6.72971081426827e-6
0.1355	-6.725782262524686e-6
0.136	-6.7218544235225985e-6
0.1365	-6.71792714996789e-6
0.137	-6.714000294767485e-6
0.1375	-6.710073710971594e-6
0.138	-6.706147251716246e-6
0.1385	-6.702220770166091e-6
0.139	-6.698294119457413e-6
0.1395	-6.694367152641318e-6
0.14	-6.69043972262708e-6
0.1405	-6.686511682125578e-6
0.14100000000000001	-6.682582883592814e-6
0.14150000000000001	-6.678653179173459e-6
0.14200000000000002	-6.67472242064439e-6
0.14250000000000002	-6.670790459358206e-6
0.14300000000000002	-6.666857146186642e-6
0.14350000000000002	-6.662922331463893e-6
0.14400000000000002	-6.658985864929772e-6
0.1445	-6.6550475956726956e-6
0.145	-6.651107372072426e-6
0.1455	-6.6471650417425915e-6
0.146	-6.6432204514728595e-6
0.1465	-6.639273447170817e-6
0.147	-6.635309291168021e-6
0.1475	-6.631320917757138e-6
0.148	-6.62733002345134e-6
0.1485	-6.6233367618308246e-6
0.149	-6.61934128737803e-6
0.1495	-6.615343755416935e-6
0.15	-6.6113443220517835e-6
0.1505	-6.607343144105313e-6
0.151	-6.603340379056514e-6
0.1515	-6.599336184978012e-6
0.152	-6.595330720473117e-6
0.1525	-6.5913241446125965e-6
0.153	-6.587316616871241e-6
0.1535	-6.58330829706426e-6
0.154	-6.5792993452836225e-6
0.1545	-6.5752899218343255e-6
0.155	-6.5712801871707105e-6
0.1555	-6.567270301832858e-6
0.156	-6.563260426383139e-6
0.1565	-6.559250721342953e-6
0.157	-6.555241347129738e-6
0.1575	-6.551232463994296e-6
0.158	-6.547224231958494e-6
0.1585	-6.543216810753393e-6
0.159	-6.539210359757863e-6
0.1595	-6.5352050379377376e-6
0.16	-6.531200867217859e-6
0.1605	-6.527224935527447e-6
0.161	-6.523248113060269e-6
0.1615	-6.519272588864024e-6
0.162	-6.515298309730194e-6
0.1625	-6.5113252225682406e-6
0.163	-6.507353274400808e-6
0.1635	-6.503382412359078e-6
0.164	-6.499412583678294e-6
0.1645	-6.4954437356934596e-6
0.165	-6.491475815835202e-6
0.1655	-6.487508771625817e-6
0.166	-6.483542550675502e-6
0.1665	-6.479577100678792e-6
0.167	-6.475612369411167e-6
0.1675	-6.471648304725901e-6
0.168	-6.4676848545510985e-6
0.1685	-6.463721966886985e-6
0.169	-6.4597595898034025e-6
0.1695	-6.4557976714375796e-6
0.17	-6.451836159992134e-6
0.1705	-6.447875003733374e-6
0.171	-6.44391415098985e-6
0.1715	-6.4399535501512365e-6
0.17200000000000001	-6.4359931496675055e-6
0.17250000000000001	-6.432032898048435e-6
0.17300000000000001	-6.428072750411416e-6
0.17350000000000002	-6.424108883077281e-6
0.17400000000000002	-6.420141745739471e-6
0.17450000000000002	-6.416174645057178e-6
0.17500000000000002	-6.412207589469076e-6
0.17550000000000002	-6.408240587418712e-6
0.176	-6.404273647354241e-6
0.1765	-6.400306777728122e-6
0.177	-6.396339986996787e-6
0.1775	-6.392373283620255e-6
0.178	-6.388406676061711e-6
0.1785	-6.384440172787045e-6
0.179	-6.3804737822643405e-6
0.1795	-6.376507512963341e-6
0.18	-6.372541373354843e-6
0.1805	-6.368575371910084e-6
0.181	-6.3646095171000606e-6
0.1815	-6.360643817394811e-6
0.182	-6.356678281262666e-6
0.1825	-6.352712917169446e-6
0.183	-6.348747733577637e-6
0.1835	-6.344782738945496e-6
0.184	-6.340817941726149e-6
0.1845	-6.3368533503666296e-6
0.185	-6.332888973306895e-6
0.1855	-6.328924818978792e-6
0.186	-6.324960921201819e-6
0.1865	-6.320997119893011e-6
0.187	-6.317037434193964e-6
0.1875	-6.313077972837412e-6
0.188	-6.309118712415474e-6
0.1885	-6.30515962953063e-6
0.189	-6.301200700794354e-6
0.1895	-6.297241902825768e-6
0.19	-6.293283212250291e-6
0.1905	-6.289324605698301e-6
0.191	-6.2853660598038e-6
0.1915	-6.2814075512030775e-6
0.192	-6.277449056533382e-6
0.1925	-6.273490552431603e-6
0.193	-6.269532015532946e-6
0.1935	-6.265573422469621e-6
0.194	-6.261614749869534e-6
0.1945	-6.257655974354973e-6
0.195	-6.25369707254131e-6
0.1955	-6.249738021035702e-6
0.196	-6.2457787964357884e-6
0.1965	-6.241819375328412e-6
0.197	-6.2378597342883155e-6
0.1975	-6.233899849876865e-6
0.198	-6.229939698640764e-6
0.1985	-6.2259792571107765e-6
0.199	-6.22201850180045e-6
0.1995	-6.2180574096760735e-6
0.2	-6.21409386371263e-6
0.2005	-6.210126242568661e-6
0.201	-6.206158278992807e-6
0.2015	-6.202189998787899e-6
0.202	-6.198221427777339e-6
0.2025	-6.194252591803409e-6
0.203	-6.190283516725575e-6
0.20350000000000001	-6.1863142284187976e-6
0.20400000000000001	-6.182344752771833e-6
0.20450000000000002	-6.17837511568554e-6
0.20500000000000002	-6.174405343071182e-6
0.20550000000000002	-6.17043546084873e-6
0.20600000000000002	-6.166465494945156e-6
0.20650000000000002	-6.1624954712927524e-6
0.20700000000000002	-6.158525415827412e-6
0.20750000000000002	-6.154555354486951e-6
0.20800000000000002	-6.15058531320939e-6
0.2085	-6.1466153179312874e-6
0.209	-6.142645394586009e-6
0.2095	-6.13867556910207e-6
0.21	-6.134705867401416e-6
0.2105	-6.1307363153977516e-6
0.211	-6.1267669389948415e-6
0.2115	-6.12279776408484e-6
0.212	-6.118828816546597e-6
0.2125	-6.114860121770242e-6
0.213	-6.110891706427931e-6
0.2135	-6.1069251905627535e-6
0.214	-6.1029593420070346e-6
0.2145	-6.098993819331979e-6
0.215	-6.09502863174009e-6
0.2155	-6.091063788426123e-6
0.216	-6.087099298576864e-6
0.2165	-6.083135171370886e-6
0.217	-6.079171415978321e-6
0.2175	-6.075208041560611e-6
0.218	-6.071245057270283e-6
0.2185	-6.0672824722507e-6
0.219	-6.063320295635812e-6
0.2195	-6.0593585365499254e-6
0.22	-6.055397204107449e-6
0.2205	-6.05143630741265e-6
0.221	-6.047475855559406e-6
0.2215	-6.043515857630946e-6
0.222	-6.039556322699608e-6
0.2225	-6.035597259826585e-6
0.223	-6.03163867806166e-6
0.2235	-6.027680586442955e-6
0.224	-6.02372299399667e-6
0.2245	-6.019765909736817e-6
0.225	-6.015809342664966e-6
0.2255	-6.011853302279769e-6
0.226	-6.007897796252537e-6
0.2265	-6.003944995167618e-6
0.227	-6.000000201922446e-6
0.2275	-5.9960558676090855e-6
0.228	-5.992111920321493e-6
0.2285	-5.988168288222515e-6
0.229	-5.984224899530463e-6
0.2295	-5.980281682505708e-6
0.23	-5.9763385654373645e-6
0.2305	-5.972395476629973e-6
0.231	-5.968452344390253e-6
0.2315	-5.964509097013862e-6
0.232	-5.9605656627722225e-6
0.2325	-5.956621969899331e-6
0.233	-5.952677946578623e-6
0.2335	-5.948733520929846e-6
0.234	-5.944788620995948e-6
0.23450000000000001	-5.940843174729976e-6
0.23500000000000001	-5.93689710998199e-6
0.23550000000000001	-5.932950354485978e-6
0.23600000000000002	-5.929002835846764e-6
0.23650000000000002	-5.925054481526935e-6
0.23700000000000002	-5.921105218833729e-6
0.23750000000000002	-5.917154974905954e-6
0.23800000000000002	-5.913203676700854e-6
0.23850000000000002	-5.909251245699788e-6
0.23900000000000002	-5.905297618647402e-6
0.23950000000000002	-5.901342717036975e-6
0.24	-5.897376740695317e-6
0.2405	-5.89340076516961e-6
0.241	-5.889423513263876e-6
0.2415	-5.885445067669971e-6
0.242	-5.8814655113251695e-6
0.2425	-5.877484927395029e-6
0.243	-5.873503399256149e-6
0.2435	-5.869521010478867e-6
0.244	-5.865537844809884e-6
0.2445	-5.861553986154827e-6
0.245	-5.8575695185607665e-6
0.2455	-5.853584526198682e-6
0.246	-5.849599093345897e-6
0.2465	-5.8456133043684995e-6
0.247	-5.841627243703715e-6
0.2475	-5.837640995842294e-6
0.248	-5.833654645310898e-6
0.2485	-5.829668276654456e-6
0.249	-5.825681974418598e-6
0.2495	-5.821695823132041e-6
0.25	-5.817709907289066e-6
0.2505	-5.813724311331983e-6
0.251	-5.809739119633688e-6
0.2515	-5.805754416480239e-6
0.252	-5.801770271197933e-6
0.2525	-5.7977867941439346e-6
0.253	-5.793804057674389e-6
0.2535	-5.789828587736919e-6
0.254	-5.785853474576827e-6
0.2545	-5.781879243161683e-6
0.255	-5.777905925753257e-6
0.2555	-5.773933554541129e-6
0.256	-5.7699621616393855e-6
0.2565	-5.765991779083297e-6
0.257	-5.762022438825919e-6
0.2575	-5.75805417273467e-6
0.258	-5.7540870125878294e-6
0.2585	-5.750120990071002e-6
0.259	-5.746156136773514e-6
0.2595	-5.742192484184767e-6
0.26	-5.738230063690501e-6
0.2605	-5.7342689065690435e-6
0.261	-5.730309043987451e-6
0.2615	-5.726350506997627e-6
0.262	-5.722393326532328e-6
0.2625	-5.7184375334011555e-6
0.263	-5.714483158286425e-6
0.2635	-5.710530231739007e-6
0.264	-5.7065787841740575e-6
0.2645	-5.702628845866711e-6
0.265	-5.698680483382466e-6
0.2655	-5.694733646319754e-6
0.266	-5.690788407474657e-6
0.2665	-5.686856526839091e-6
0.267	-5.682938288776558e-6
0.2675	-5.67902141571428e-6
0.268	-5.675105741467474e-6
0.2685	-5.671191100327941e-6
0.269	-5.6672773269874685e-6
0.2695	-5.6633642564621325e-6
0.27	-5.659451724017441e-6
0.2705	-5.655539565094297e-6
0.271	-5.6516276152357125e-6
0.2715	-5.647715710014225e-6
0.272	-5.643803684960035e-6
0.2725	-5.639891375489734e-6
0.273	-5.635978616835647e-6
0.2735	-5.632065243975727e-6
0.274	-5.628151091563961e-6
0.2745	-5.6242359938612545e-6
0.275	-5.620319784666755e-6
0.2755	-5.616402297249559e-6
0.276	-5.612483364280811e-6
0.2765	-5.608562817766086e-6
0.277	-5.604640488978089e-6
0.2775	-5.600716208389585e-6
0.278	-5.596789716328577e-6
0.2785	-5.592861012140271e-6
0.279	-5.588929843134745e-6
0.2795	-5.585011133847455e-6
0.28	-5.5810363428597515e-6
0.2805	-5.5770586775987696e-6
0.281	-5.573078286510562e-6
0.28150000000000003	-5.569095319046374e-6
0.28200000000000003	-5.565109925605762e-6
0.28250000000000003	-5.561122257479089e-6
0.28300000000000003	-5.557132466789447e-6
0.28350000000000003	-5.55314070643407e-6
0.28400000000000003	-5.549147130025271e-6
0.28450000000000003	-5.545151891830987e-6
0.28500000000000003	-5.541155146714943e-6
0.28550000000000003	-5.537157050076542e-6
0.28600000000000003	-5.5331577577904755e-6
0.28650000000000003	-5.529157426146176e-6
0.28700000000000003	-5.525156211787106e-6
0.28750000000000003	-5.521154271649964e-6
0.28800000000000003	-5.517151762903883e-6
0.2885	-5.5131488428896325e-6
0.289	-5.50914566905891e-6
0.2895	-5.505142398913758e-6
0.29	-5.501139189946181e-6
0.2905	-5.497136199577988e-6
0.291	-5.4931335466127745e-6
0.2915	-5.4891314451450325e-6
0.292	-5.4851300303398755e-6
0.2925	-5.4811294594045185e-6
0.293	-5.477129889374866e-6
0.2935	-5.4731581086967715e-6
0.294	-5.469182241712438e-6
0.2945	-5.4652074172710394e-6
0.295	-5.461233605758444e-6
0.2955	-5.457260777603024e-6
0.296	-5.453288903274543e-6
0.2965	-5.449317953283097e-6
0.297	-5.445347898178201e-6
0.2975	-5.441378708547984e-6
0.298	-5.437410355018503e-6
0.2985	-5.433442808253194e-6
0.299	-5.429476038952451e-6
0.2995	-5.4255100178533605e-6
0.3	-5.421544715729567e-6
0.3005	-5.41758010339132e-6
0.301	-5.413616151685667e-6
0.3015	-5.409652831496829e-6
0.302	-5.405690113746762e-6
0.3025	-5.4017279693959214e-6
0.303	-5.3977663694442075e-6
0.3035	-5.393805284932162e-6
0.304	-5.389844686942371e-6
0.3045	-5.3858846120222745e-6
0.305	-5.381924889537724e-6
0.3055	-5.377965567326757e-6
0.306	-5.374006616985788e-6
0.3065	-5.370042967662791e-6
0.307	-5.36607730898758e-6
0.3075	-5.362112044129406e-6
0.308	-5.358147207412489e-6
0.3085	-5.3541828331413726e-6
0.309	-5.350218955597462e-6
0.3095	-5.346255609035506e-6
0.31	-5.342292827679936e-6
0.3105	-5.338330645721104e-6
0.311	-5.334369097311418e-6
0.3115	-5.330408216561367e-6
0.312	-5.326448037535417e-6
0.3125	-5.322488594247839e-6
0.313	-5.318529920658397e-6
0.3135	-5.314572050667942e-6
0.314	-5.3106150181139154e-6
0.3145	-5.306658856765741e-6
0.315	-5.302703600320124e-6
0.3155	-5.29874928239626e-6
0.316	-5.2947959365309475e-6
0.3165	-5.290843596173621e-6
0.317	-5.2868922946813105e-6
0.3175	-5.282942157250116e-6
0.318	-5.27899303538886e-6
0.3185	-5.275045050688452e-6
0.319	-5.271098236020818e-6
0.3195	-5.267153856300083e-6
0.32	-5.263229574143219e-6
0.3205	-5.259306363825449e-6
0.321	-5.255384091081286e-6
0.3215	-5.25146262196302e-6
0.322	-5.2475418227949485e-6
0.3225	-5.2436215601277744e-6
0.323	-5.239701700693159e-6
0.3235	-5.235782111358378e-6
0.324	-5.231862659081031e-6
0.3245	-5.227943210863795e-6
0.325	-5.224023633709176e-6
0.3255	-5.220103794574194e-6
0.326	-5.216183560325037e-6
0.3265	-5.212262797691547e-6
0.327	-5.208341373221595e-6
0.3275	-5.204419153235238e-6
0.328	-5.200496003778687e-6
0.3285	-5.196571790577968e-6
0.329	-5.192646378992307e-6
0.3295	-5.188719633967181e-6
0.33	-5.184791419986969e-6
0.3305	-5.180861642754823e-6
0.331	-5.1769300866741396e-6
0.3315	-5.172996651490702e-6
0.332	-5.169061199222018e-6
0.3325	-5.1651235911789285e-6
0.333	-5.161176487870317e-6
0.3335	-5.1572013056293585e-6
0.334	-5.153223827969603e-6
0.3345	-5.1492441942889125e-6
0.335	-5.14526254473127e-6
0.3355	-5.141279020136829e-6
0.336	-5.137293761991555e-6
0.3365	-5.133306912376475e-6
0.337	-5.12931861391658e-6
0.3375	-5.125329009729449e-6
0.338	-5.121338243373621e-6
0.3385	-5.1173464587967445e-6
0.339	-5.113353800283573e-6
0.3395	-5.10936041240386e-6
0.34	-5.10536643996015e-6
0.3405	-5.101372027935568e-6
0.341	-5.0973773214416064e-6
0.3415	-5.093382465665988e-6
0.342	-5.089387605820613e-6
0.3425	-5.085392887089676e-6
0.343	-5.081398454577952e-6
0.3435	-5.0774044246604e-6
0.34400000000000003	-5.073410986355045e-6
0.34450000000000003	-5.069418266724994e-6
0.34500000000000003	-5.06542641046324e-6
0.34550000000000003	-5.061435562046068e-6
0.34600000000000003	-5.057445865679571e-6
0.34650000000000003	-5.053475720421096e-6
0.34700000000000003	-5.049511064889792e-6
0.34750000000000003	-5.045547623987012e-6
0.34800000000000003	-5.041585348026422e-6
0.34850000000000003	-5.037624187437675e-6
0.34900000000000003	-5.033664092762068e-6
0.34950000000000003	-5.029705014648343e-6
0.35000000000000003	-5.0257469038486495e-6
0.35050000000000003	-5.021789711214626e-6
0.35100000000000003	-5.017833387693648e-6
0.35150000000000003	-5.013877884325245e-6
0.352	-5.009923152237651e-6
0.3525	-5.005969142644554e-6
0.353	-5.002015806841982e-6
0.3535	-4.998063096205406e-6
0.354	-4.994110962186995e-6
0.3545	-4.990159356313095e-6
0.355	-4.986208230181878e-6
0.3555	-4.982257535461219e-6
0.356	-4.978307223886799e-6
0.3565	-4.974357247260413e-6
0.357	-4.970407576580609e-6
0.3575	-4.966458119324012e-6
0.358	-4.962508853858678e-6
0.3585	-4.9585597324243596e-6
0.359	-4.9546107072552135e-6
0.3595	-4.950659694398932e-6
0.36	-4.94669906780802e-6
0.3605	-4.9427385090158615e-6
0.361	-4.938778068814386e-6
0.3615	-4.934817798001057e-6
0.362	-4.930857747371378e-6
0.3625	-4.926897967711309e-6
0.363	-4.922938509789537e-6
0.3635	-4.918979424349643e-6
0.364	-4.915020762102147e-6
0.3645	-4.911062573716454e-6
0.365	-4.907104909812691e-6
0.3655	-4.903147820953426e-6
0.366	-4.899191357635326e-6
0.3665	-4.8952355702806765e-6
0.367	-4.891280509228854e-6
0.3675	-4.887326224727699e-6
0.368	-4.8833727669248035e-6
0.3685	-4.879420185858761e-6
0.369	-4.8754685314503094e-6
0.3695	-4.871517853493464e-6
0.37	-4.867568277764178e-6
0.3705	-4.863619702972936e-6
0.371	-4.859672252019252e-6
0.3715	-4.85572597405822e-6
0.372	-4.8517809181005296e-6
0.3725	-4.84783713300635e-6
0.373	-4.843906960263252e-6
0.3735	-4.839988734864839e-6
0.374	-4.836071610137137e-6
0.3745	-4.832155444423546e-6
0.375	-4.828240096410535e-6
0.3755	-4.824325425077264e-6
0.376	-4.82041128964535e-6
0.3765	-4.816497549528768e-6
0.377	-4.812584064283821e-6
0.3775	-4.808670693559149e-6
0.378	-4.8047572970457226e-6
0.3785	-4.80084373442679e-6
0.379	-4.7969298653277035e-6
0.3795	-4.79301554926562e-6
0.38	-4.789100645599008e-6
0.3805	-4.785185013476908e-6
0.381	-4.78126851178791e-6
0.3815	-4.777350999108831e-6
0.382	-4.7734323336529576e-6
0.3825	-4.769512373217934e-6
0.383	-4.765591021634627e-6
0.3835	-4.761668049599745e-6
0.384	-4.757743352825213e-6
0.3845	-4.7538167866999955e-6
0.385	-4.749888205911549e-6
0.3855	-4.745957464393533e-6
0.386	-4.742024415273242e-6
0.3865	-4.738063791576913e-6
0.387	-4.734087300124591e-6
0.3875	-4.730108523963037e-6
0.388	-4.72612764339963e-6
0.3885	-4.7221448396749775e-6
0.389	-4.718160294878815e-6
0.3895	-4.714174191865288e-6
0.39	-4.710186714167722e-6
0.3905	-4.706198045912958e-6
0.391	-4.702208371735364e-6
0.3915	-4.698217876690603e-6
0.392	-4.694226746169287e-6
0.3925	-4.6902351658105775e-6
0.393	-4.686243321415835e-6
0.3935	-4.6822513988624525e-6
0.394	-4.6782595840178916e-6
0.3945	-4.674268062654117e-6
0.395	-4.670277020362403e-6
0.3955	-4.666286642468719e-6
0.396	-4.662297113949706e-6
0.3965	-4.6583085474538e-6
0.397	-4.654321248113114e-6
0.3975	-4.650335348184578e-6
0.398	-4.646351031230923e-6
0.3985	-4.642368480219535e-6
0.399	-4.6383878774351525e-6
0.3995	-4.634409404391735e-6
0.4	-4.630478391806788e-6
0.4005	-4.626541105921967e-6
0.401	-4.622605736042078e-6
0.4015	-4.618672149644565e-6
0.402	-4.61474021475807e-6
0.4025	-4.610809799926451e-6
0.403	-4.606880774173316e-6
0.4035	-4.6029530069670455e-6
0.404	-4.599026368186319e-6
0.4045	-4.595100728086058e-6
0.405	-4.591175957263864e-6
0.4055	-4.587251926626853e-6
0.406	-4.583328507358938e-6
0.40650000000000003	-4.579405570888499e-6
0.40700000000000003	-4.575482988856463e-6
0.40750000000000003	-4.571560633084776e-6
0.40800000000000003	-4.567638375545246e-6
0.40850000000000003	-4.563716088328779e-6
0.40900000000000003	-4.55979364361497e-6
0.40950000000000003	-4.555870904312634e-6
0.41000000000000003	-4.551947767427763e-6
0.41050000000000003	-4.548024094809844e-6
0.41100000000000003	-4.544099758500442e-6
0.41150000000000003	-4.540174630199066e-6
0.41200000000000003	-4.536248581220547e-6
0.41250000000000003	-4.5323214824534985e-6
0.41300000000000003	-4.528384760590115e-6
0.41350000000000003	-4.524434051748383e-6
0.41400000000000003	-4.5204821257175915e-6
0.41450000000000004	-4.516529029438712e-6
0.41500000000000004	-4.512574810036611e-6
0.41550000000000004	-4.508619514812347e-6
0.41600000000000004	-4.50466319123517e-6
0.4165	-4.500705886934177e-6
0.417	-4.496747649689678e-6
0.4175	-4.492788527424246e-6
0.418	-4.488828568193466e-6
0.4185	-4.484867820176398e-6
0.419	-4.480906331665747e-6
0.4195	-4.476944151057766e-6
0.42	-4.472981326841892e-6
0.4205	-4.469017907590127e-6
0.421	-4.465053941946181e-6
0.4215	-4.461089478614374e-6
0.422	-4.45712456634834e-6
0.4225	-4.453159223541637e-6
0.423	-4.449193567413677e-6
0.4235	-4.4452276080244085e-6
0.424	-4.441261393960645e-6
0.4245	-4.43729497385805e-6
0.425	-4.4333283963956445e-6
0.4255	-4.429361710290191e-6
0.426	-4.4253949642904315e-6
0.4265	-4.421430991578069e-6
0.427	-4.417467719652755e-6
0.4275	-4.4135044811296314e-6
0.428	-4.409541295205274e-6
0.4285	-4.405578181080174e-6
0.429	-4.40161515795753e-6
0.4295	-4.397652245041975e-6
0.43	-4.3936894615382324e-6
0.4305	-4.38972682664974e-6
0.431	-4.385764359577185e-6
0.4315	-4.381802079516999e-6
0.432	-4.377840005659763e-6
0.4325	-4.373878157188562e-6
0.433	-4.369916553277248e-6
0.4335	-4.365955213088632e-6
0.434	-4.361994155772613e-6
0.4345	-4.358033400464191e-6
0.435	-4.354072966281424e-6
0.4355	-4.350112894201728e-6
0.436	-4.346153160192733e-6
0.4365	-4.342193804164418e-6
0.437	-4.338234845118233e-6
0.4375	-4.3342763020370085e-6
0.438	-4.3303181938840865e-6
0.4385	-4.326360539602455e-6
0.439	-4.322403358113846e-6
0.4395	-4.318447537388787e-6
0.44	-4.314495558872005e-6
0.4405	-4.3105440652038306e-6
0.441	-4.306593039689355e-6
0.4415	-4.302642465653094e-6
0.442	-4.298692326438192e-6
0.4425	-4.294742605405649e-6
0.443	-4.290793285933559e-6
0.4435	-4.28684435141633e-6
0.444	-4.282895785263934e-6
0.4445	-4.27894757090116e-6
0.445	-4.274999691766854e-6
0.4455	-4.271052131313195e-6
0.446	-4.267104873004959e-6
0.4465	-4.263157900318794e-6
0.447	-4.259211196742508e-6
0.4475	-4.255264745774362e-6
0.448	-4.251318530922363e-6
0.4485	-4.247372535703587e-6
0.449	-4.243426744438741e-6
0.4495	-4.23948113903604e-6
0.45	-4.235535703850144e-6
0.4505	-4.231590422429496e-6
0.451	-4.2276452783287505e-6
0.4515	-4.223700255108062e-6
0.452	-4.2197553363324185e-6
0.4525	-4.215810505570939e-6
0.453	-4.211864737348902e-6
0.4535	-4.2079180996364365e-6
0.454	-4.203971525571044e-6
0.4545	-4.200025015065751e-6
0.455	-4.196078568033583e-6
0.4555	-4.19213218438757e-6
0.456	-4.1881858640407435e-6
0.4565	-4.184239606906133e-6
0.457	-4.1802934128967655e-6
0.4575	-4.176347281925672e-6
0.458	-4.172401213905876e-6
0.4585	-4.168455208750396e-6
0.459	-4.164509266372253e-6
0.4595	-4.160563386684458e-6
0.46	-4.15661756960002e-6
0.4605	-4.15267181503194e-6
0.461	-4.1487261228932075e-6
0.4615	-4.144780493096811e-6
0.462	-4.14083492580011e-6
0.4625	-4.136889420418658e-6
0.463	-4.132943977115855e-6
0.4635	-4.128998595804914e-6
0.464	-4.125053276399072e-6
0.4645	-4.121108018811576e-6
0.465	-4.117162822955693e-6
0.4655	-4.1132176887447e-6
0.466	-4.109272616091889e-6
0.4665	-4.105327733084024e-6
0.467	-4.101382938304745e-6
0.4675	-4.097438202422852e-6
0.468	-4.093493524037861e-6
0.4685	-4.08954890174949e-6
0.46900000000000003	-4.085604334157642e-6
0.46950000000000003	-4.081659819862413e-6
0.47000000000000003	-4.077715357464082e-6
0.47050000000000003	-4.073770945563099e-6
0.47100000000000003	-4.06982658276009e-6
0.47150000000000003	-4.065882267655854e-6
0.47200000000000003	-4.061937998851346e-6
0.47250000000000003	-4.0579937749476745e-6
0.47300000000000003	-4.05404959454611e-6
0.47350000000000003	-4.050105456248066e-6
0.47400000000000003	-4.046161358655099e-6
0.47450000000000003	-4.042217300368903e-6
0.47500000000000003	-4.038273279987441e-6
0.47550000000000003	-4.03432929612066e-6
0.47600000000000003	-4.030385347366477e-6
0.47650000000000003	-4.026441432327092e-6
0.47700000000000004	-4.022497549604827e-6
0.47750000000000004	-4.018553697802119e-6
0.47800000000000004	-4.014609875521509e-6
0.47850000000000004	-4.010666081365651e-6
0.47900000000000004	-4.006722313937297e-6
0.47950000000000004	-4.002778527949303e-6
0.48	-3.998834417904135e-6
0.4805	-3.994890334073347e-6
0.481	-3.990946278361619e-6
0.4815	-3.987002252673501e-6
0.482	-3.9830582589133895e-6
0.4825	-3.9791142989855285e-6
0.483	-3.975170374794001e-6
0.4835	-3.9712264882427196e-6
0.484	-3.967282641235411e-6
0.4845	-3.96333883567561e-6
0.485	-3.9593950734666524e-6
0.4855	-3.955451356511669e-6
0.486	-3.9515076867135655e-6
0.4865	-3.947564065975023e-6
0.487	-3.94362049619849e-6
0.4875	-3.93967697928616e-6
0.488	-3.935733517140938e-6
0.4885	-3.9317901116626e-6
0.489	-3.9278467647534855e-6
0.4895	-3.923903478314715e-6
0.49	-3.919960254247122e-6
0.4905	-3.9160170944512355e-6
0.491	-3.912074000827276e-6
0.4915	-3.908130975275143e-6
0.492	-3.9041880196944125e-6
0.4925	-3.900245135984319e-6
0.493	-3.896302368426333e-6
0.4935	-3.892359740265071e-6
0.494	-3.88841718841248e-6
0.4945	-3.884474713871349e-6
0.495	-3.880532317644289e-6
0.4955	-3.876590000733695e-6
0.496	-3.872647764141768e-6
0.4965	-3.868705608870502e-6
0.497	-3.864763535921677e-6
0.4975	-3.860821546296876e-6
0.498	-3.85687964099746e-6
0.4985	-3.852937821024578e-6
0.499	-3.848996087379162e-6
0.4995	-3.845054441061923e-6
0.5	-3.841112883073346e-6
0.5005000000000001	-3.8371714144136944e-6
0.501	-3.833230036083009e-6
0.5015000000000001	-3.829288749076765e-6
0.502	-3.82534755440292e-6
0.5025000000000001	-3.821406453056777e-6
0.503	-3.817465446037442e-6
0.5035000000000001	-3.8135245343437788e-6
0.504	-3.809583718974412e-6
0.5045000000000001	-3.8056430009277223e-6
0.505	-3.801702381201833e-6
0.5055000000000001	-3.7977618607946313e-6
0.506	-3.7938214407037445e-6
0.5065000000000001	-3.7898816446837223e-6
0.507	-3.7859422033878076e-6
0.5075000000000001	-3.782002854408801e-6
0.508	-3.7780635922026293e-6
0.5085000000000001	-3.7741244112264332e-6
0.509	-3.770185305938502e-6
0.5095000000000001	-3.766246270798179e-6
0.51	-3.762307300265801e-6
0.5105000000000001	-3.7583683888026044e-6
0.511	-3.7544295308706607e-6
0.5115000000000001	-3.750490720932787e-6
0.512	-3.746551953452484e-6
0.5125	-3.742613222893831e-6
0.513	-3.7386745237214352e-6
0.5135	-3.7347358504003427e-6
0.514	-3.730797197395961e-6
0.5145	-3.7268585591742287e-6
0.515	-3.7229199302003894e-6
0.5155	-3.718981304940867e-6
0.516	-3.7150426778617346e-6
0.5165	-3.7111040434290526e-6
0.517	-3.7071653961087655e-6
0.5175	-3.703226730366644e-6
0.518	-3.69928804066819e-6
0.5185	-3.695349321478579e-6
0.519	-3.6914105672625623e-6
0.5195	-3.6874717724844037e-6
0.52	-3.6835316208732053e-6
0.5205	-3.6795913219613854e-6
0.521	-3.6756509887463664e-6
0.5215	-3.671710627598984e-6
0.522	-3.6677702448905204e-6
0.5225	-3.6638298469926083e-6
0.523	-3.659889440277116e-6
0.5235	-3.655949031116058e-6
0.524	-3.652008625881479e-6
0.5245	-3.648068230945366e-6
0.525	-3.644127852679526e-6
0.5255	-3.6401874974555053e-6
0.526	-3.6362471716444656e-6
0.5265	-3.632306881617095e-6
0.527	-3.6283666337434983e-6
0.5275	-3.624426434395596e-6
0.528	-3.6204862899367532e-6
0.5285	-3.616546206737346e-6
0.529	-3.61260619116414e-6
0.5295	-3.6086662495828164e-6
0.53	-3.6047263883578612e-6
0.5305	-3.6007866138524742e-6
0.531	-3.596846932428452e-6
0.5315	-3.592907350446101e-6
0.532	-3.5889678742641104e-6
0.5325	-3.585028510239485e-6
0.533	-3.581089389672668e-6
0.5335	-3.5771509338105165e-6
0.534	-3.5732126024638324e-6
0.5345	-3.569274396393043e-6
0.535	-3.565336316358325e-6
0.5355	-3.5613983631196036e-6
0.536	-3.5574605374365613e-6
0.5365	-3.553522840068624e-6
0.537	-3.5495852717749664e-6
0.5375	-3.545647833314509e-6
0.538	-3.5417105254459157e-6
0.5385	-3.53777334892759e-6
0.539	-3.533836304517678e-6
0.5395	-3.5298993929740627e-6
0.54	-3.525962615054366e-6
0.5405	-3.52202597150836e-6
0.541	-3.518089463105439e-6
0.5415	-3.5141530905975932e-6
0.542	-3.5102168547414433e-6
0.5425	-3.5062807562933426e-6
0.543	-3.502344796009383e-6
0.5435	-3.4984089746453917e-6
0.544	-3.4944732929569205e-6
0.5445	-3.4905377516992546e-6
0.545	-3.486602351627414e-6
0.5455	-3.4826670934961386e-6
0.546	-3.478731978059893e-6
0.5465	-3.474797493517016e-6
0.547	-3.470863801092237e-6
0.5475	-3.4669302398898017e-6
0.548	-3.4629968011340496e-6
0.5485	-3.4590634760520545e-6
0.549	-3.4551302558734035e-6
0.5495	-3.451197131830015e-6
0.55	-3.447264095155937e-6
0.5505	-3.443331137087155e-6
0.551	-3.4393982488613944e-6
0.5515	-3.4354654217179187e-6
0.552	-3.4315326468973485e-6
0.5525	-3.427599915641452e-6
0.553	-3.4236672191929593e-6
0.5535	-3.419734548795366e-6
0.554	-3.4158018956948298e-6
0.5545	-3.4118692511293634e-6
0.555	-3.4079366063478684e-6
0.5555	-3.404003952595034e-6
0.556	-3.4000712811153402e-6
0.5565	-3.396138583152871e-6
0.557	-3.392205849951122e-6
0.5575	-3.388273072752798e-6
0.558	-3.384340242799622e-6
0.5585	-3.3804073513321466e-6
0.559	-3.376474389589544e-6
0.5595	-3.3725413488094344e-6
0.56	-3.3686067523235003e-6
0.5605	-3.3646712515083046e-6
0.561	-3.3607356766514743e-6
0.5615	-3.3568000381461684e-6
0.562	-3.352864346387202e-6
0.5625	-3.3489286117707944e-6
0.5630000000000001	-3.344992844694285e-6
0.5635	-3.3410570555558563e-6
0.5640000000000001	-3.3371212547542612e-6
0.5645	-3.333185452688558e-6
0.5650000000000001	-3.329249659757821e-6
0.5655	-3.3253138863608758e-6
0.5660000000000001	-3.321378142896022e-6
0.5665	-3.317442439760764e-6
0.5670000000000001	-3.3135067873545213e-6
0.5675	-3.309571196065362e-6
0.5680000000000001	-3.3056356762902854e-6
0.5685	-3.3017002384209105e-6
0.5690000000000001	-3.2977648928467e-6
0.5695	-3.293829649954713e-6
0.5700000000000001	-3.2898945201293094e-6
0.5705	-3.285959513751893e-6
0.5710000000000001	-3.282024641200622e-6
0.5715	-3.2780899128501473e-6
0.5720000000000001	-3.2741553390713335e-6
0.5725	-3.2702209302309795e-6
0.5730000000000001	-3.2662866966915494e-6
0.5735	-3.2623544741399736e-6
0.5740000000000001	-3.2584226995642348e-6
0.5745	-3.254491098256417e-6
0.5750000000000001	-3.25055966305559e-6
0.5755	-3.2466283868038476e-6
0.5760000000000001	-3.242697262346155e-6
0.5765	-3.2387662825302495e-6
0.577	-3.2348354402064805e-6
0.5775	-3.2309047282277075e-6
0.578	-3.226974139449155e-6
0.5785	-3.22304366672829e-6
0.579	-3.219113302924697e-6
0.5795	-3.2151830408999408e-6
0.58	-3.211252873508521e-6
0.5805	-3.207322793630122e-6
0.581	-3.20339279412658e-6
0.5815	-3.1994628678662336e-6
0.582	-3.195533007718746e-6
0.5825	-3.191603206554955e-6
0.583	-3.187673457246756e-6
0.5835	-3.1837437526669703e-6
0.584	-3.179814085689208e-6
0.5845	-3.1758844491877476e-6
0.585	-3.1719548360373977e-6
0.5855	-3.168025239113372e-6
0.586	-3.164095651291169e-6
0.5865	-3.1601659706351835e-6
0.587	-3.156235003704473e-6
0.5875	-3.152304036796837e-6
0.588	-3.148373074296269e-6
0.5885	-3.1444421205867086e-6
0.589	-3.140511180052006e-6
0.5895	-3.13658025707587e-6
0.59	-3.132649356041806e-6
0.5905	-3.1287184813330794e-6
0.591	-3.1247876373326553e-6
0.5915	-3.12085682842316e-6
0.592	-3.1169260589868167e-6
0.5925	-3.1129953334054052e-6
0.593	-3.109064656088847e-6
0.5935	-3.1051340313619414e-6
0.594	-3.101203463631562e-6
0.5945	-3.0972729572771636e-6
0.595	-3.093342516677513e-6
0.5955	-3.089412146210651e-6
0.596	-3.0854818502538464e-6
0.5965	-3.0815516331835275e-6
0.597	-3.077621499375268e-6
0.5975	-3.0736914532037005e-6
0.598	-3.069761499042492e-6
0.5985	-3.0658316412642894e-6
0.599	-3.0619018842406703e-6
0.5995	-3.0579722323420893e-6
0.6	-3.054042849545919e-6
0.6005	-3.0501140190587336e-6
0.601	-3.04618530041063e-6
0.6015	-3.0422566929624963e-6
0.602	-3.0383281960753974e-6
0.6025	-3.034399809110572e-6
0.603	-3.0304715314294387e-6
0.6035	-3.026543362393586e-6
0.604	-3.0226153013647747e-6
0.6045	-3.01868734770494e-6
0.605	-3.0147595007761854e-6
0.6055	-3.010831759940782e-6
0.606	-3.0069041245611747e-6
0.6065	-3.00297659399186e-6
0.607	-2.999049167610597e-6
0.6075	-2.9951218447734605e-6
0.608	-2.9911946248435815e-6
0.6085	-2.987267507184266e-6
0.609	-2.983340491158977e-6
0.6095	-2.9794135761313447e-6
0.61	-2.9754867614651624e-6
0.6105	-2.971560046524381e-6
0.611	-2.967633430673117e-6
0.6115	-2.963706913275642e-6
0.612	-2.959780493696387e-6
0.6125	-2.955854171299945e-6
0.613	-2.9519279454510587e-6
0.6135	-2.948001765135552e-6
0.614	-2.944075617160226e-6
0.6145	-2.9401495652038454e-6
0.615	-2.936223609579558e-6
0.6155	-2.9322977506004387e-6
0.616	-2.928371988579479e-6
0.6165	-2.9244463238295946e-6
0.617	-2.920520756663626e-6
0.6175	-2.9165952873943257e-6
0.618	-2.912669916334374e-6
0.6185	-2.9087446437963724e-6
0.619	-2.904819470092837e-6
0.6195	-2.900894395549664e-6
0.62	-2.896969420452501e-6
0.6205	-2.8930445451267413e-6
0.621	-2.889119769884584e-6
0.6215	-2.8851950950381402e-6
0.622	-2.8812705208994427e-6
0.6225	-2.8773460477804407e-6
0.623	-2.8734216759930088e-6
0.6235	-2.8694974058489324e-6
0.624	-2.865573237659917e-6
0.6245	-2.861649171737591e-6
0.625	-2.8577252083934952e-6
0.6255000000000001	-2.8538013479390898e-6
0.626	-2.84987759068575e-6
0.6265000000000001	-2.845953936944773e-6
0.627	-2.842030616310642e-6
0.6275000000000001	-2.8381075494441105e-6
0.628	-2.8341845819152515e-6
0.6285000000000001	-2.8302617108665736e-6
0.629	-2.8263389334412928e-6
0.6295000000000001	-2.8224162467832955e-6
0.63	-2.8184936480371352e-6
0.6305000000000001	-2.8145711343480016e-6
0.631	-2.810648702861706e-6
0.6315000000000001	-2.8067263507246573e-6
0.632	-2.8028040750838327e-6
0.6325000000000001	-2.7988818730852918e-6
0.633	-2.7949597418801065e-6
0.6335000000000001	-2.7910376786153624e-6
0.634	-2.787115680440149e-6
0.6345000000000001	-2.7831937445040113e-6
0.635	-2.779271867956959e-6
0.6355000000000001	-2.775350047949427e-6
0.636	-2.7714282816322638e-6
0.6365000000000001	-2.7675065661567033e-6
0.637	-2.763584898674354e-6
0.6375000000000001	-2.759663276337166e-6
0.638	-2.755741696297425e-6
0.6385000000000001	-2.7518201557077126e-6
0.639	-2.7478986517209083e-6
0.6395000000000001	-2.743977181490151e-6
0.64	-2.740055742168822e-6
0.6405	-2.736133721851572e-6
0.641	-2.732211520156763e-6
0.6415	-2.728289352747226e-6
0.642	-2.7243672236052164e-6
0.6425	-2.720445136712589e-6
0.643	-2.7165230960507767e-6
0.6435	-2.712601105600743e-6
0.644	-2.708679169342934e-6
0.6445	-2.7047572912572525e-6
0.645	-2.700835475323005e-6
0.6455	-2.696913725522e-6
0.646	-2.69299204582607e-6
0.6465	-2.6890704402155095e-6
0.647	-2.6851489126668596e-6
0.6475	-2.681227467155873e-6
0.648	-2.677306107657466e-6
0.6485	-2.673384838145687e-6
0.649	-2.669463662593667e-6
0.6495	-2.6655425849735907e-6
0.65	-2.6616216092566514e-6
0.6505	-2.6577007394130046e-6
0.651	-2.6537799794117336e-6
0.6515	-2.649859333220817e-6
0.652	-2.645938804807069e-6
0.6525	-2.642018398136116e-6
0.653	-2.6380981171723564e-6
0.6535	-2.6341779658789065e-6
0.654	-2.6302576035641287e-6
0.6545	-2.6263373334954312e-6
0.655	-2.622417211155295e-6
0.6555	-2.6184972437683913e-6
0.656	-2.614577438556522e-6
0.6565	-2.6106578027385067e-6
0.657	-2.6067383435300307e-6
0.6575	-2.6028190681435276e-6
0.658	-2.5988999837880297e-6
0.6585	-2.594981097669052e-6
0.659	-2.5910624169733566e-6
0.6595	-2.58714394892742e-6
0.66	-2.5832257007120305e-6
0.6605	-2.5793076795173152e-6
0.661	-2.5753898925292128e-6
0.6615	-2.571472346929369e-6
0.662	-2.5675550498949713e-6
0.6625	-2.563638008598656e-6
0.663	-2.5597212302083455e-6
0.6635	-2.555804721887144e-6
0.664	-2.551888490793191e-6
0.6645	-2.547972544079539e-6
0.665	-2.5440568888940215e-6
0.6655	-2.5401415323791293e-6
0.666	-2.536226481671876e-6
0.6665	-2.5323117439036717e-6
0.667	-2.5283972793310863e-6
0.6675	-2.5244869878310846e-6
0.668	-2.520576998630828e-6
0.6685	-2.516667287426389e-6
0.669	-2.512757829931093e-6
0.6695	-2.5088486018740025e-6
0.67	-2.504939578998379e-6
0.6705	-2.5010307370601985e-6
0.671	-2.497122051826615e-6
0.6715	-2.4932134990744576e-6
0.672	-2.4893050545750057e-6
0.6725	-2.4853966941508087e-6
0.673	-2.48148839358201e-6
0.6735	-2.4775801286689503e-6
0.674	-2.473671875214097e-6
0.6745	-2.4697636090205377e-6
0.675	-2.4658553058904882e-6
0.6755	-2.461946941623789e-6
0.676	-2.458038492016406e-6
0.6765	-2.454129932858952e-6
0.677	-2.45022123993517e-6
0.6775	-2.4463123890204496e-6
0.678	-2.4424033558803346e-6
0.6785	-2.4384941162690243e-6
0.679	-2.43458464592788e-6
0.6795	-2.4306749205839385e-6
0.68	-2.426764915948412e-6
0.6805	-2.422854389688741e-6
0.681	-2.41893794681746e-6
0.6815	-2.4150212002007447e-6
0.682	-2.411104173676434e-6
0.6825	-2.407186891099264e-6
0.683	-2.4032693763394152e-6
0.6835	-2.399351653281038e-6
0.684	-2.395433745820803e-6
0.6845	-2.3915156778664346e-6
0.685	-2.387597473293432e-6
0.6855	-2.3836791561335025e-6
0.686	-2.3797607502473753e-6
0.6865	-2.3758422795715773e-6
0.687	-2.3719237680468027e-6
0.6875	-2.368005239616468e-6
0.6880000000000001	-2.364086718225263e-6
0.6885	-2.3601682278177158e-6
0.6890000000000001	-2.356249792336721e-6
0.6895	-2.352331435722098e-6
0.6900000000000001	-2.3484131819091286e-6
0.6905	-2.344495054827091e-6
0.6910000000000001	-2.3405770783978083e-6
0.6915	-2.33665927653416e-6
0.6920000000000001	-2.3327416731386267e-6
0.6925	-2.328824292101817e-6
0.6930000000000001	-2.324907157300969e-6
0.6935	-2.3209902925985e-6
0.6940000000000001	-2.3170742510901668e-6
0.6945	-2.3131615663401666e-6
0.6950000000000001	-2.3092491882790935e-6
0.6955	-2.3053371110725736e-6
0.6960000000000001	-2.301425328890579e-6
0.6965	-2.2975138359073607e-6
0.6970000000000001	-2.2936026263013556e-6
0.6975	-2.289691694255112e-6
0.6980000000000001	-2.2857810339552104e-6
0.6985	-2.2818706399156376e-6
0.6990000000000001	-2.277960505626798e-6
0.6995	-2.274050625664226e-6
0.7000000000000001	-2.270140994231594e-6
0.7005	-2.26623160553625e-6
0.7010000000000001	-2.262322453789105e-6
0.7015	-2.258413533204559e-6
0.7020000000000001	-2.2545048380003928e-6
0.7025	-2.2505963623976945e-6
0.7030000000000001	-2.2466881006207596e-6
0.7035	-2.2427800468970017e-6
0.704	-2.238872195456861e-6
0.7045	-2.234964540533723e-6
0.705	-2.231057076363827e-6
0.7055	-2.2271497971861663e-6
0.706	-2.2232426972424157e-6
0.7065	-2.2193357707768406e-6
0.707	-2.215429012036207e-6
0.7075	-2.211521663190216e-6
0.708	-2.207611479610556e-6
0.7085	-2.2037014841953614e-6
0.709	-2.1997917022030705e-6
0.7095	-2.1958821588783053e-6
0.71	-2.191972879450258e-6
0.7105	-2.188063889131023e-6
0.711	-2.1841552131139753e-6
0.7115	-2.1802468771076655e-6
0.712	-2.1763389052221863e-6
0.7125	-2.1724313230827763e-6
0.713	-2.1685241557908384e-6
0.7135	-2.164617428421085e-6
0.714	-2.1607111660199662e-6
0.7145	-2.156805393604046e-6
0.715	-2.1529001361584543e-6
0.7155	-2.1489954186352707e-6
0.716	-2.1450912659519557e-6
0.7165	-2.14118770298978e-6
0.717	-2.1372847545922474e-6
0.7175	-2.133382445563528e-6
0.718	-2.129480800666902e-6
0.7185	-2.1255798446231975e-6
0.719	-2.121679602109249e-6
0.7195	-2.1177800977563403e-6
0.72	-2.11388135614867e-6
0.7205	-2.1099834018218184e-6
0.721	-2.1060890674017345e-6
0.7215	-2.102205284709593e-6
0.722	-2.098322229427085e-6
0.7225	-2.0944398237983526e-6
0.723	-2.0905579901980145e-6
0.7235	-2.0866766511154675e-6
0.724	-2.0827957291392453e-6
0.7245	-2.0789151463356442e-6
0.725	-2.075034826795957e-6
0.7255	-2.071154692606516e-6
0.726	-2.0672746665922424e-6
0.7265	-2.063394671597419e-6
0.727	-2.0595146304702056e-6
0.7275	-2.0556344660471867e-6
0.728	-2.051754101137968e-6
0.7285	-2.04787345850976e-6
0.729	-2.04399246087204e-6
0.7295	-2.0401110308611934e-6
0.73	-2.0362290910251754e-6
0.7305	-2.0323465638081834e-6
0.731	-2.028463371535341e-6
0.7315	-2.0245794363973648e-6
0.732	-2.0206946804352404e-6
0.7325	-2.0168090255248656e-6
0.733	-2.0129223933617047e-6
0.7335	-2.009034705445398e-6
0.734	-2.005145883064364e-6
0.7345	-2.0012540996736494e-6
0.735	-1.9973435819494523e-6
0.7355	-1.9934318461085853e-6
0.736	-1.989518971266892e-6
0.7365	-1.9856050367664413e-6
0.737	-1.981690122159249e-6
0.7375	-1.977774305597549e-6
0.738	-1.973857671426193e-6
0.7385	-1.9699402967194758e-6
0.739	-1.966022261661804e-6
0.7395	-1.962103646577742e-6
0.74	-1.9581845319164863e-6
0.7405	-1.95426499823616e-6
0.741	-1.9503451261880123e-6
0.7415	-1.946424996500447e-6
0.742	-1.942504689962953e-6
0.7425	-1.9385842874098846e-6
0.743	-1.934663869704108e-6
0.7435	-1.93074351772052e-6
0.744	-1.9268233123294304e-6
0.7445	-1.922903334379807e-6
0.745	-1.9189836646823988e-6
0.7455	-1.915064383992705e-6
0.746	-1.9111455729938288e-6
0.7465	-1.9072273122791805e-6
0.747	-1.903309682335055e-6
0.7475	-1.899392763523069e-6
0.748	-1.8954766360624605e-6
0.7485	-1.8915764685425936e-6
0.749	-1.887674593218471e-6
0.7495	-1.883773511215321e-6
0.75	-1.8798731981444136e-6
0.7505000000000001	-1.8759736296628931e-6
0.751	-1.8720747941247344e-6
0.7515000000000001	-1.8681766404215496e-6
0.752	-1.8642791584381944e-6
0.7525000000000001	-1.8603823240560683e-6
0.753	-1.856486113196245e-6
0.7535000000000001	-1.8525905018177686e-6
0.754	-1.84869546591594e-6
0.7545000000000001	-1.844800981520645e-6
0.755	-1.840907024694678e-6
0.7555000000000001	-1.8370135715320908e-6
0.756	-1.8331205981565694e-6
0.7565000000000001	-1.829228080719795e-6
0.757	-1.8253359953998698e-6
0.7575000000000001	-1.8214443183997336e-6
0.758	-1.8175530259456108e-6
0.7585000000000001	-1.81366209428547e-6
0.759	-1.8097714996875312e-6
0.7595000000000001	-1.8058812184387684e-6
0.76	-1.801991226843464e-6
0.7605000000000001	-1.798101501221751e-6
0.761	-1.79421201790824e-6
0.7615000000000001	-1.7903223212126851e-6
0.762	-1.7864304157134288e-6
0.7625000000000001	-1.7825387087585969e-6
0.763	-1.7786471999387838e-6
0.7635000000000001	-1.7747558888444137e-6
0.764	-1.7708647775599507e-6
0.7645000000000001	-1.7669738606738139e-6
0.765	-1.7630831402506772e-6
0.7655000000000001	-1.759192615880937e-6
0.766	-1.7553022871552096e-6
0.7665000000000001	-1.7514121536643172e-6
0.767	-1.747522214999302e-6
0.7675000000000001	-1.743632470751407e-6
0.768	-1.7397429205120893e-6
0.7685	-1.735853563873011e-6
0.769	-1.731964400426042e-6
0.7695	-1.7280754297632516e-6
0.77	-1.724186651476913e-6
0.7705	-1.720298065159504e-6
0.771	-1.7164096704036941e-6
0.7715	-1.7125214668023495e-6
0.772	-1.7086334539485367e-6
0.7725	-1.7047456314355126e-6
0.773	-1.7008579988567198e-6
0.7735	-1.6969705558057977e-6
0.774	-1.6930833018765663e-6
0.7745	-1.6891962366630313e-6
0.775	-1.68530935236901e-6
0.7755	-1.6814225516662965e-6
0.776	-1.6775359394526202e-6
0.7765	-1.6736495162359457e-6
0.777	-1.669763282471512e-6
0.7775	-1.665877238772026e-6
0.778	-1.661991385591884e-6
0.7785	-1.658105723437912e-6
0.779	-1.6542202528166736e-6
0.7795	-1.650334974234483e-6
0.78	-1.6464498881973908e-6
0.7805	-1.6425649952111983e-6
0.781	-1.6386802957814343e-6
0.7815	-1.6347957904133857e-6
0.782	-1.6309114796120634e-6
0.7825	-1.6270273638822317e-6
0.783	-1.6231434437283832e-6
0.7835	-1.6192597196547605e-6
0.784	-1.6153761921653303e-6
0.7845	-1.6114928617638117e-6
0.785	-1.6076097289536483e-6
0.7855	-1.6037267942380251e-6
0.786	-1.5998440581198637e-6
0.7865	-1.595961521101821e-6
0.787	-1.5920791836862826e-6
0.7875	-1.5881970463753755e-6
0.788	-1.584315109670955e-6
0.7885	-1.58043337407461e-6
0.789	-1.5765363221491175e-6
0.7895	-1.572638691134644e-6
0.79	-1.5687415290094028e-6
0.7905	-1.5648449716726066e-6
0.791	-1.5609491547968235e-6
0.7915	-1.5570542138030532e-6
0.792	-1.553160283808875e-6
0.7925	-1.549267499582152e-6
0.793	-1.5453759954949782e-6
0.7935	-1.5414859054779695e-6
0.794	-1.5375973629748304e-6
0.7945	-1.533710500897339e-6
0.795	-1.5298254515807002e-6
0.7955	-1.5259423467393392e-6
0.796	-1.5220613174231427e-6
0.7965	-1.5181824939742014e-6
0.797	-1.5143060059840654e-6
0.7975	-1.5104319822515528e-6
0.798	-1.5065605507411108e-6
0.7985	-1.5026918385418197e-6
0.799	-1.4988259718269892e-6
0.7995	-1.4949630758144235e-6
0.8	-1.491103274727378e-6
0.8005	-1.487246691756202e-6
0.801	-1.483393449020726e-6
0.8015	-1.479543667533377e-6
0.802	-1.4756974671631006e-6
0.8025	-1.4719041464818966e-6
0.803	-1.4681275974766939e-6
0.8035	-1.4643538925011665e-6
0.804	-1.460582774990515e-6
0.8045	-1.4568138409028998e-6
0.805	-1.4530467356772044e-6
0.8055	-1.4492811063337927e-6
0.806	-1.4455166011164178e-6
0.8065	-1.441752869140063e-6
0.807	-1.4379895600441764e-6
0.8075	-1.434226323650738e-6
0.808	-1.4304628096265587e-6
0.8085	-1.4266986671493554e-6
0.809	-1.422933544576999e-6
0.8095	-1.4191670891194861e-6
0.81	-1.4153989465130695e-6
0.8105	-1.4116287606960956e-6
0.811	-1.407856173486027e-6
0.8115	-1.404080824257151e-6
0.812	-1.4003023496185076e-6
0.8125	-1.3965203830915279e-6
0.8130000000000001	-1.3927345547868851e-6
0.8135	-1.3889444910800913e-6
0.8140000000000001	-1.3851498142853035e-6
0.8145	-1.3813501423268834e-6
0.8150000000000001	-1.3775450884081382e-6
0.8155	-1.3737342606767845e-6
0.8160000000000001	-1.3699272772174596e-6
0.8165	-1.3660057577097293e-6
0.8170000000000001	-1.3620783002511591e-6
0.8175	-1.3581444741830143e-6
0.8180000000000001	-1.3542046663257541e-6
0.8185	-1.3502592696661126e-6
0.8190000000000001	-1.3463086830901872e-6
0.8195	-1.3423533111013962e-6
0.8200000000000001	-1.3383935635229512e-6
0.8205	-1.3344298551845882e-6
0.8210000000000001	-1.3304626055932612e-6
0.8215	-1.3264922385875543e-6
0.8220000000000001	-1.3225191819754362e-6
0.8225	-1.3185438671551656e-6
0.8230000000000001	-1.3145667287189792e-6
0.8235	-1.3105882040392905e-6
0.8240000000000001	-1.306608732837065e-6
0.8245	-1.3026287567320647e-6
0.8250000000000001	-1.2986487187745854e-6
0.8255	-1.294669062958355e-6
0.8260000000000001	-1.290690233714167e-6
0.8265	-1.2867126753838849e-6
0.8270000000000001	-1.28273683167432e-6
0.8275	-1.278763145090538e-6
0.8280000000000001	-1.2747920563480605e-6
0.8285	-1.2708240037634015e-6
0.8290000000000001	-1.2668594226222985e-6
0.8295	-1.2629216695320777e-6
0.8300000000000001	-1.2590312419696245e-6
0.8305	-1.255144572894424e-6
0.8310000000000001	-1.2512615255406455e-6
0.8315	-1.2473819644901387e-6
0.8320000000000001	-1.243505755592845e-6
0.8325	-1.239632765888335e-6
0.833	-1.2357628635286228e-6
0.8335	-1.2318959177025498e-6
0.834	-1.2280317985619167e-6
0.8345	-1.2241703771495459e-6
0.835	-1.2203115253295716e-6
0.8355	-1.216455115720024e-6
0.836	-1.2126010216280354e-6
0.8365	-1.2087491169877152e-6
0.837	-1.204899276300948e-6
0.8375	-1.2010513745812133e-6
0.838	-1.1972052873005956e-6
0.8385	-1.193360890340055e-6
0.839	-1.1895180599431462e-6
0.8395	-1.1856766726731631e-6
0.84	-1.1818366053738685e-6
0.8405	-1.1779977351338112e-6
0.841	-1.1741599392542748e-6
0.8415	-1.170323095220876e-6
0.842	-1.1664870806787757e-6
0.8425	-1.1626518858347285e-6
0.843	-1.1588170991387863e-6
0.8435	-1.1549668973346318e-6
0.844	-1.1511171690937964e-6
0.8445	-1.1472679197161964e-6
0.845	-1.1434191544960434e-6
0.8455	-1.139570878721788e-6
0.846	-1.1357230976760697e-6
0.8465	-1.1318758166356382e-6
0.847	-1.1280290408712983e-6
0.8475	-1.1241827756478183e-6
0.848	-1.1203370262238506e-6
0.8485	-1.1164917978518407e-6
0.849	-1.1126470957779134e-6
0.8495	-1.1088029252417699e-6
0.85	-1.1049592914765744e-6
0.8505	-1.101116199708809e-6
0.851	-1.0972736551581492e-6
0.8515	-1.0934316630373041e-6
0.852	-1.0895902285518731e-6
0.8525	-1.0857493569001575e-6
0.853	-1.0819090532729874e-6
0.8535	-1.078069322853531e-6
0.854	-1.0742301708170835e-6
0.8545	-1.0703916023308527e-6
0.855	-1.0665536225537232e-6
0.8555	-1.062716236636012e-6
0.856	-1.058879450456971e-6
0.8565	-1.0550432677759086e-6
0.857	-1.0512117045665158e-6
0.8575	-1.0473834843281003e-6
0.858	-1.0435557949835495e-6
0.8585	-1.0397285881389476e-6
0.859	-1.0359018154611057e-6
0.8595	-1.0320754286713988e-6
0.86	-1.0282493795396274e-6
0.8605	-1.0244236198778877e-6
0.861	-1.020598101534479e-6
0.8615	-1.016772776387792e-6
0.862	-1.0129475963402588e-6
0.8625	-1.0091225133122778e-6
0.863	-1.005297479236168e-6
0.8635	-1.0014724460501213e-6
0.864	-9.976473656921817e-7
0.8645	-9.938221900942224e-7
0.865	-9.899968711759163e-7
0.8655	-9.861713608387308e-7
0.866	-9.823456109599149e-7
0.8665	-9.785195733864895e-7
0.867	-9.74693199929233e-7
0.8675	-9.708664423566768e-7
0.868	-9.670392523890879e-7
0.8685	-9.63211581692438e-7
0.869	-9.593833809623037e-7
0.8695	-9.55554603539307e-7
0.87	-9.517252000265157e-7
0.8705	-9.478940771495417e-7
0.871	-9.440463270095034e-7
0.8715	-9.401979391337345e-7
0.872	-9.363490005346361e-7
0.8725	-9.324995983497768e-7
0.873	-9.286498198227021e-7
0.8735	-9.247997522836684e-7
0.874	-9.209494831303045e-7
0.8745	-9.170990998081887e-7
0.875	-9.132486897913666e-7
0.8755000000000001	-9.093983405627836e-7
0.876	-9.055481395946846e-7
0.8765000000000001	-9.016981743289326e-7
0.877	-8.978485321572988e-7
0.8775000000000001	-8.939993004016787e-7
0.878	-8.901505662943001e-7
0.8785000000000001	-8.863024169578665e-7
0.879	-8.824549393856892e-7
0.8795000000000001	-8.786082204217727e-7
0.88	-8.747623467408982e-7
0.8805000000000001	-8.709174048286783e-7
0.881	-8.670734809616097e-7
0.8815000000000001	-8.632306611870967e-7
0.882	-8.593890382235749e-7
0.8825000000000001	-8.555486839058954e-7
0.883	-8.51709690037851e-7
0.8835000000000001	-8.478721415295151e-7
0.884	-8.440361229690741e-7
0.8845000000000001	-8.402162456112125e-7
0.885	-8.364049822852479e-7
0.8855000000000001	-8.325951884226144e-7
0.886	-8.287867780698413e-7
0.8865000000000001	-8.24979665582214e-7
0.887	-8.211737656031277e-7
0.8875000000000001	-8.173689930435959e-7
0.888	-8.13565263062044e-7
0.8885000000000001	-8.097624910442509e-7
0.889	-8.059605925835518e-7
0.8895000000000001	-8.021594834612194e-7
0.89	-7.983590796270682e-7
0.8905000000000001	-7.945592971802618e-7
0.891	-7.907600523503303e-7
0.8915000000000001	-7.869612614783819e-7
0.892	-7.83162840998534e-7
0.8925000000000001	-7.793647074195292e-7
0.893	-7.755667773065704e-7
0.8935000000000001	-7.717689672633334e-7
0.894	-7.67971193914194e-7
0.8945000000000001	-7.641733738866378e-7
0.895	-7.603754204021607e-7
0.8955000000000001	-7.565772555078505e-7
0.896	-7.527787937195349e-7
0.8965	-7.489799515622632e-7
0.897	-7.451806454771714e-7
0.8975	-7.413807918030602e-7
0.898	-7.375803067579091e-7
0.8985	-7.337605121177275e-7
0.899	-7.299393142804307e-7
0.8995	-7.261175200945778e-7
0.9	-7.222951975362317e-7
0.9005	-7.184724146762887e-7
0.901	-7.146492396689206e-7
0.9015	-7.108257407399699e-7
0.902	-7.070019861752474e-7
0.9025	-7.031780443087963e-7
0.903	-6.993539835110571e-7
0.9035	-6.955298721769847e-7
0.904	-6.917057787140657e-7
0.9045	-6.878817715302963e-7
0.905	-6.840579190220483e-7
0.9055	-6.802342895618899e-7
0.906	-6.764109514862939e-7
0.9065	-6.725879730832977e-7
0.907	-6.687654225800565e-7
0.9075	-6.649433681303251e-7
0.908	-6.611218778018461e-7
0.9085	-6.57301024291531e-7
0.909	-6.534808665034728e-7
0.9095	-6.496614763017679e-7
0.91	-6.458429212554382e-7
0.9105	-6.420252687854166e-7
0.911	-6.382085861528008e-7
0.9115	-6.343929404471917e-7
0.912	-6.305824704143686e-7
0.9125	-6.267793518406016e-7
0.913	-6.229773482029526e-7
0.9135	-6.191764452200406e-7
0.914	-6.153766286508206e-7
0.9145	-6.11577884293944e-7
0.915	-6.077801979871241e-7
0.9155	-6.039835556064871e-7
0.916	-6.001879430659381e-7
0.9165	-5.963933463165264e-7
0.917	-5.925997513458078e-7
0.9175	-5.888071441772254e-7
0.918	-5.850155108694738e-7
0.9185	-5.812248375158861e-7
0.919	-5.774351102438147e-7
0.9195	-5.736463152140185e-7
0.92	-5.698584386200546e-7
0.9205	-5.660714666876921e-7
0.921	-5.622853856742902e-7
0.9215	-5.585001852672101e-7
0.922	-5.547158450812523e-7
0.9225	-5.50932354725037e-7
0.923	-5.471497005759008e-7
0.9235	-5.433678690406537e-7
0.924	-5.395868465550451e-7
0.9245	-5.35806619583261e-7
0.925	-5.320271746174131e-7
0.9255	-5.282484981770241e-7
0.926	-5.24467845345531e-7
0.9265	-5.206861403238575e-7
0.927	-5.169052224714765e-7
0.9275	-5.131251134435176e-7
0.928	-5.093458348483234e-7
0.9285	-5.055674082462637e-7
0.929	-5.017898551485595e-7
0.9295	-4.980131970161132e-7
0.93	-4.942374552583462e-7
0.9305	-4.904626512320314e-7
0.931	-4.866888062401547e-7
0.9315	-4.829159415307583e-7
0.932	-4.791440782958171e-7
0.9325	-4.753732376700938e-7
0.933	-4.7160344073001926e-7
0.9335	-4.678347084925791e-7
0.934	-4.6406706191420026e-7
0.9345	-4.603005213046471e-7
0.935	-4.565351086225954e-7
0.9355	-4.5277084409643575e-7
0.936	-4.490077484295798e-7
0.9365	-4.452458422595631e-7
0.937	-4.414851461569958e-7
0.9375	-4.377256806245441e-7
0.9380000000000001	-4.339674660959108e-7
0.9385	-4.3021052293483747e-7
0.9390000000000001	-4.264548714340979e-7
0.9395	-4.227005318145233e-7
0.9400000000000001	-4.189489479546385e-7
0.9405	-4.1519946613233654e-7
0.9410000000000001	-4.11451326614482e-7
0.9415	-4.077045327745187e-7
0.9420000000000001	-4.0395908797123386e-7
0.9425	-4.0021499554874264e-7
0.9430000000000001	-3.964722588364855e-7
0.9435	-3.927308811492281e-7
0.9440000000000001	-3.8899086578705444e-7
0.9445	-3.852522160353607e-7
0.9450000000000001	-3.815149351648513e-7
0.9455	-3.7777902643154084e-7
0.9460000000000001	-3.740444930767367e-7
0.9465	-3.70311338327046e-7
0.9470000000000001	-3.6657956539437224e-7
0.9475	-3.628491780982119e-7
0.9480000000000001	-3.5912017841451284e-7
0.9485	-3.55392570089015e-7
0.9490000000000001	-3.5166635627430965e-7
0.9495	-3.479415401082915e-7
0.9500000000000001	-3.442181247141531e-7
0.9505	-3.404961132004039e-7
0.9510000000000001	-3.367755086608577e-7
0.9515	-3.3305631417464386e-7
0.9520000000000001	-3.2933853280621044e-7
0.9525	-3.256221676053225e-7
0.9530000000000001	-3.2190722160707257e-7
0.9535	-3.1819369783188406e-7
0.9540000000000001	-3.1447751114798705e-7
0.9545	-3.10757166448857e-7
0.9550000000000001	-3.070383675819488e-7
0.9555	-3.0332118992953874e-7
0.9560000000000001	-2.996057085415811e-7
0.9565	-2.9589199812131887e-7
0.9570000000000001	-2.921801330110583e-7
0.9575	-2.8847018717814027e-7
0.9580000000000001	-2.847622342011049e-7
0.9585	-2.810563472560486e-7
0.9590000000000001	-2.773525991031943e-7
0.9595	-2.736510620736546e-7
0.96	-2.699518080564167e-7
0.9605	-2.6625490848554455e-7
0.961	-2.62560431775393e-7
0.9615	-2.5886845325959997e-7
0.962	-2.551790406367585e-7
0.9625	-2.514922633982503e-7
0.963	-2.4780819052060857e-7
0.9635	-2.441268904543742e-7
0.964	-2.404484311131983e-7
0.9645	-2.3677287986323876e-7
0.965	-2.331003035128471e-7
0.9655	-2.2943076830250013e-7
0.966	-2.2576433989507734e-7
0.9665	-2.2210108336637758e-7
0.967	-2.1844106319595364e-7
0.9675	-2.1478434325823234e-7
0.968	-2.1113098681394743e-7
0.9685	-2.073128864066886e-7
0.969	-2.034997316317509e-7
0.9695	-1.9971413068425741e-7
0.97	-1.9595447247760133e-7
0.9705	-1.9221922958284786e-7
0.971	-1.8850695140129964e-7
0.9715	-1.848162579074236e-7
0.972	-1.8114583390328155e-7
0.9725	-1.774944237319402e-7
0.973	-1.7386082640329497e-7
0.9735	-1.7024389109066413e-7
0.974	-1.6664147484643276e-7
0.9745	-1.630548113874581e-7
0.975	-1.594815742653004e-7
0.9755	-1.559207821612842e-7
0.976	-1.5237148488496617e-7
0.9765	-1.4883276041670812e-7
0.977	-1.4530371216223032e-7
0.9775	-1.4178346639307172e-7
0.978	-1.3827116984987473e-7
0.9785	-1.3476598748785406e-7
0.979	-1.3126710034588347e-7
0.9795	-1.2777370352243454e-7
0.98	-1.242850042431381e-7
0.9805	-1.2080022000593214e-7
0.981	-1.173185767908718e-7
0.9815	-1.1383930732251119e-7
0.982	-1.1036164937350316e-7
0.9825	-1.06884844098536e-7
0.983	-1.0341863469936386e-7
0.9835	-9.994508923805325e-8
0.984	-9.645784509310239e-8
0.9845	-9.296443817360839e-8
0.985	-8.947253506999915e-8
0.9855	-8.59897706008477e-8
0.986	-8.25325265057308e-8
0.9865	-7.910158535123453e-8
0.987	-7.568369533112528e-8
0.9875	-7.226826648938019e-8
0.988	-6.885325708432783e-8
0.9885	-6.5451939756895e-8
0.989	-6.2070806196074e-8
0.9895	-5.871500450088787e-8
0.99	-5.5382806242343556e-8
0.9905	-5.207533001108743e-8
0.991	-4.879280923546416e-8
0.9915	-4.553929961499304e-8
0.992	-4.231790186100654e-8
0.9925	-3.9110268688977404e-8
0.993	-3.5947509622045675e-8
0.9935	-3.284006994775551e-8
0.994	-2.978812994785619e-8
0.9945	-2.6805670645539743e-8
0.995	-2.3907828552782697e-8
0.9955	-2.0434424668701687e-8
0.996	-1.6410402328573006e-8
0.9965	-1.4480360666360233e-8
0.997	-1.2663877443800045e-8
0.9975	-1.5039403822460352e-8
0.998	-7.905044959196115e-9
0.9985	-7.185216701354813e-9
0.999	-8.837085254963249e-10
0.9995	-2.4109505763788973e-9