0.	0.
0.0005	12627.705822327434
0.001	25255.411665854383
0.0015	37883.11755177779
0.002	50510.823501295876
0.0025	63138.529628724405
0.003	75766.23605858964
0.0035	88393.94280968621
0.004	101021.64989901664
0.0045000000000000005	113649.35734190307
0.005	126277.06515197067
0.0055	138904.7733411527
0.006	151532.4819196853
0.006500000000000001	164160.1908961128
0.007	176787.90027730173
0.0075	189415.61006839585
0.008	202043.32027287534
0.0085	214671.03089250662
0.009000000000000001	227298.7419273886
0.0095	239926.4533759077
0.01	252554.1652347598
0.0105	265181.87749895663
0.011	277809.5901618165
0.0115	290437.3031652882
0.012	303065.01626783435
0.0125	315692.7294311027
0.013000000000000001	328320.4426471591
0.0135	340948.1559090562
0.014	353575.8692108113
0.0145	366203.5825474141
0.015	378831.29591483733
0.0155	391459.0092808653
0.016	404086.722471339
0.0165	416714.4354588166
0.017	429342.1482471046
0.0175	441969.860842968
0.018000000000000002	454597.5732561151
0.0185	467225.28549919074
0.019	479852.99758778815
0.0195	492480.7095404374
0.02	505108.42137860897
0.0205	517736.13312671933
0.021	530363.8448121278
0.021500000000000002	542991.5564651216
0.022	555619.268118935
0.0225	568246.9798097468
0.023	580874.6915766607
0.0235	593502.4034617379
0.024	606130.1155099521
0.0245	618757.8277697964
0.025	631385.5403676021
0.025500000000000002	644013.2534095984
0.026000000000000002	656640.9669507644
0.0265	669268.6810478751
0.027	681896.3957595609
0.0275	694524.1111462718
0.028	707151.8272702829
0.0285	719779.5441957364
0.029	732407.2620384472
0.029500000000000002	745034.9809102978
0.03	757662.7008796068
0.0305	770290.4220157252
0.031	782918.1443890115
0.0315	795545.8680708328
0.032	808173.5931335745
0.0325	820801.3196506373
0.033	833429.0476964249
0.0335	846056.777346365
0.034	858684.5086768824
0.0345	871312.2417654268
0.035	883939.9766904486
0.035500000000000004	896567.7135314185
0.036000000000000004	909195.4523687871
0.0365	921823.1932840499
0.037	934450.9363596974
0.0375	947078.6816792263
0.038	959706.429315901
0.0385	972334.1793117892
0.039	984961.9317495974
0.0395	997589.6867179273
0.04	1.0102174443068936e6
0.0405	1.0228452046080932e6
0.041	1.0354729677146624e6
0.0415	1.0481007337212341e6
0.042	1.0607285027466796e6
0.0425	1.0733562750081853e6
0.043000000000000003	1.0859840506209126e6
0.043500000000000004	1.0986118296827357e6
0.044	1.111239612291657e6
0.0445	1.1238673985458342e6
0.045	1.1364951885435486e6
0.0455	1.1491229823832284e6
0.046	1.1617507801634506e6
0.0465	1.1743785819829174e6
0.047	1.187006387940489e6
0.0475	1.199634198135146e6
0.048	1.2122620126660226e6
0.0485	1.224889831632391e6
0.049	1.2375176551336655e6
0.0495	1.2501454832693909e6
0.05	1.2627733161392573e6
0.0505	1.2754011538430993e6
0.051000000000000004	1.288028996481541e6
0.051500000000000004	1.300656844202604e6
0.052000000000000005	1.3132846971356869e6
0.0525	1.325912555380083e6
0.053	1.3385404190345542e6
0.0535	1.3511682881973428e6
0.054	1.363796162966153e6
0.0545	1.3764240434381585e6
0.055	1.3890519297100152e6
0.0555	1.4016798221116466e6
0.056	1.4143077209644006e6
0.0565	1.4269356263573547e6
0.057	1.4395635383751246e6
0.0575	1.452191457097864e6
0.058	1.464819382601277e6
0.0585	1.4774473149566161e6
0.059000000000000004	1.4900752542306685e6
0.059500000000000004	1.5027032004857878e6
0.06	1.5153311537798636e6
0.0605	1.527959114166352e6
0.061	1.5405870816942512e6
0.0615	1.553215056408121e6
0.062	1.5658430383480699e6
0.0625	1.578471027549776e6
0.063	1.5910990240444676e6
0.0635	1.603727027858939e6
0.064	1.616355039015532e6
0.0645	1.62898305748607e6
0.065	1.6416110831171325e6
0.0655	1.654239115904736e6
0.066	1.6668671558576801e6
0.0665	1.6794952029822646e6
0.067	1.6921232572823318e6
0.0675	1.7047513187592279e6
0.068	1.7173793874118356e6
0.0685	1.7300074631994076e6
0.069	1.7426355458398652e6
0.0695	1.7552636352712854e6
0.07	1.7678917314887787e6
0.07050000000000001	1.780519834488107e6
0.07100000000000001	1.793147944265714e6
0.07150000000000001	1.8057760608187187e6
0.07200000000000001	1.8184041841448944e6
0.0725	1.8310323142426778e6
0.073	1.8436604511111851e6
0.0735	1.8562885947501785e6
0.074	1.8689167451601196e6
0.0745	1.8815449023421088e6
0.075	1.8941730662979255e6
0.0755	1.9068012370300086e6
0.076	1.9194294145414713e6
0.0765	1.932057598836092e6
0.077	1.9446857899183098e6
0.0775	1.957313987794082e6
0.078	1.9699421925344793e6
0.0785	1.9825704041862586e6
0.079	1.9951986227550537e6
0.0795	2.0078268482462247e6
0.08	2.020455080664896e6
0.0805	2.0330833200159313e6
0.081	2.0457115663039736e6
0.0815	2.0583398195333919e6
0.082	2.0709680796666802e6
0.0825	2.0835963466428083e6
0.083	2.0962246204659e6
0.0835	2.1088529011415164e6
0.084	2.121481188675895e6
0.0845	2.134109483075945e6
0.085	2.146737784349221e6
0.0855	2.1593660925039784e6
0.08600000000000001	2.1719944075491093e6
0.08650000000000001	2.184622729494198e6
0.08700000000000001	2.1972510583494734e6
0.08750000000000001	2.2098793941258457e6
0.088	2.2225077368348893e6
0.0885	2.2351360864888453e6
0.089	2.247764443100621e6
0.0895	2.260392806683795e6
0.09	2.273021177252601e6
0.0905	2.2856495548219504e6
0.091	2.2982779393941737e6
0.0915	2.310906330933149e6
0.092	2.323534729451046e6
0.0925	2.336163134966736e6
0.093	2.348791547500345e6
0.0935	2.361419967073276e6
0.094	2.3740483937082137e6
0.0945	2.3866768274291065e6
0.095	2.3993052682657405e6
0.0955	2.4119337163150697e6
0.096	2.4245621716282293e6
0.0965	2.437190634232729e6
0.097	2.4498191041565295e6
0.0975	2.462447581428013e6
0.098	2.4750760660759876e6
0.0985	2.4877045581297027e6
0.099	2.5003330576188425e6
0.0995	2.5129615645734966e6
0.1	2.5255900790242157e6
0.1005	2.538218601001962e6
0.101	2.5508471305381353e6
0.1015	2.5634756676645717e6
0.10200000000000001	2.576104212413534e6
0.10250000000000001	2.5887327648177124e6
0.10300000000000001	2.6013613249102305e6
0.10350000000000001	2.613989892724651e6
0.10400000000000001	2.6266184682953707e6
0.1045	2.6392470517171947e6
0.105	2.651875643067464e6
0.1055	2.6645042423800603e6
0.106	2.6771328496883763e6
0.1065	2.689761465025398e6
0.107	2.7023900884236335e6
0.1075	2.7150187199151344e6
0.108	2.727647359531501e6
0.1085	2.7402760073113875e6
0.109	2.752904663305809e6
0.1095	2.7655333275458566e6
0.11	2.778162000060783e6
0.1105	2.7907906808791063e6
0.111	2.803419370028667e6
0.1115	2.816048067536597e6
0.112	2.8286767734293356e6
0.1125	2.8413054877326083e6
0.113	2.853934210471447e6
0.1135	2.8665629416701887e6
0.114	2.8791916813524636e6
0.1145	2.8918204295412023e6
0.115	2.904449186258636e6
0.1155	2.9170779515262884e6
0.116	2.929706725364997e6
0.1165	2.942335507794888e6
0.117	2.9549642988353944e6
0.11750000000000001	2.967593098506668e6
0.11800000000000001	2.9802219068332813e6
0.11850000000000001	2.9928507238332955e6
0.11900000000000001	3.0054795495231766e6
0.11950000000000001	3.0181083839186393e6
0.12	3.0307372270345995e6
0.1205	3.0433660788851995e6
0.121	3.055994939483824e6
0.1215	3.068623808843306e6
0.122	3.0812526869931268e6
0.1225	3.093881573955205e6
0.123	3.1065104697394297e6
0.1235	3.119139374354649e6
0.124	3.1317682878087005e6
0.1245	3.144397210108399e6
0.125	3.1570261412595348e6
0.1255	3.1696550812668856e6
0.126	3.1822840301341987e6
0.1265	3.1949129878642196e6
0.127	3.2075419544586493e6
0.1275	3.220170929918192e6
0.128	3.2327999142425116e6
0.1285	3.245428907430268e6
0.129	3.2580579094790937e6
0.1295	3.270686920385595e6
0.13	3.283315940145368e6
0.1305	3.2959449687528946e6
0.131	3.3085740061624045e6
0.1315	3.321203052334282e6
0.132	3.333832107260995e6
0.1325	3.3464611709346087e6
0.133	3.359090243346755e6
0.1335	3.3717193244886836e6
0.134	3.384348414351235e6
0.1345	3.39697751292483e6
0.135	3.4096066202019993e6
0.1355	3.4222357361855404e6
0.136	3.4348648608664437e6
0.1365	3.4474939942331975e6
0.137	3.4601231362737436e6
0.1375	3.4727522869754736e6
0.138	3.4853814463252085e6
0.1385	3.4980106143092206e6
0.139	3.5106397909132238e6
0.1395	3.5232689761223807e6
0.14	3.535898169921287e6
0.1405	3.5485273722939896e6
0.14100000000000001	3.5611565832239673e6
0.14150000000000001	3.5737858026941605e6
0.14200000000000002	3.586415030686933e6
0.14250000000000002	3.5990442671841015e6
0.14300000000000002	3.6116735121669164e6
0.14350000000000002	3.6243027656160877e6
0.14400000000000002	3.6369320275288643e6
0.1445	3.64956129797603e6
0.145	3.6621905769490656e6
0.1455	3.6748198644243237e6
0.146	3.687449160376552e6
0.1465	3.700078464778921e6
0.147	3.7127077776029706e6
0.1475	3.725337098818678e6
0.148	3.737966428394385e6
0.1485	3.750595766296299e6
0.149	3.7632251124888663e6
0.1495	3.775854466935662e6
0.15	3.7884838295986713e6
0.1505	3.8011132004382787e6
0.151	3.8137425794132845e6
0.1515	3.8263719664809057e6
0.152	3.8390013615967506e6
0.1525	3.851630764714861e6
0.153	3.8642601757876542e6
0.1535	3.8768895947659924e6
0.154	3.8895190215991214e6
0.1545	3.9021484562347075e6
0.155	3.9147778986188183e6
0.1555	3.927407348695932e6
0.156	3.9400368064089334e6
0.1565	3.952666271699115e6
0.157	3.9652957445061766e6
0.1575	3.9779252247443576e6
0.158	3.9905547123276656e6
0.1585	4.0031842071916307e6
0.159	4.015813709270574e6
0.1595	4.0284432184976246e6
0.16	4.041072734804712e6
0.1605	4.0537022581225866e6
0.161	4.066331788380777e6
0.1615	4.078961325507623e6
0.162	4.091590869430146e6
0.1625	4.1042204200742664e6
0.163	4.1168499773647394e6
0.1635	4.129479541225119e6
0.164	4.142109111577762e6
0.1645	4.1547386883438304e6
0.165	4.1673682714432892e6
0.1655	4.1799978607949037e6
0.166	4.1926274563162383e6
0.1665	4.205257057923663e6
0.167	4.217886665532353e6
0.1675	4.230516279056272e6
0.168	4.243145898408191e6
0.1685	4.255775523499691e6
0.169	4.268405154241137e6
0.1695	4.281034790541705e6
0.17	4.293664432309364e6
0.1705	4.306294079304596e6
0.171	4.318923730542397e6
0.1715	4.331553385786017e6
0.17200000000000001	4.344183044958871e6
0.17250000000000001	4.356812707993319e6
0.17300000000000001	4.369442374830657e6
0.17350000000000002	4.382072045421144e6
0.17400000000000002	4.394701719723971e6
0.17450000000000002	4.407331397707276e6
0.17500000000000002	4.419961079377232e6
0.17550000000000002	4.432590764780382e6
0.176	4.4452204539126195e6
0.1765	4.4578501467761155e6
0.177	4.470479843381219e6
0.1775	4.483109543746458e6
0.178	4.495739247898544e6
0.1785	4.508368955872379e6
0.179	4.520998667711055e6
0.1795	4.533628383465872e6
0.18	4.546258103196308e6
0.1805	4.558887826970077e6
0.181	4.571517554863085e6
0.1815	4.58414728695946e6
0.182	4.596777023351554e6
0.1825	4.609406764139956e6
0.183	4.622036509433469e6
0.1835	4.634666259349173e6
0.184	4.647296016385147e6
0.1845	4.659925783235348e6
0.185	4.672555559981099e6
0.1855	4.685185346668322e6
0.186	4.697815143308622e6
0.1865	4.710444949879304e6
0.187	4.723074766323309e6
0.1875	4.735704592549249e6
0.188	4.748334428432719e6
0.1885	4.760964273841971e6
0.189	4.773594128593737e6
0.1895	4.786223992458604e6
0.19	4.798853865172457e6
0.1905	4.811483746436496e6
0.191	4.824113635917242e6
0.1915	4.836743533246571e6
0.192	4.849373438021698e6
0.1925	4.862003349805246e6
0.193	4.874633268125232e6
0.1935	4.887263192475114e6
0.194	4.89989312231383e6
0.1945	4.912523057065813e6
0.195	4.925152996121055e6
0.1955	4.937782938835124e6
0.196	4.950412884529235e6
0.1965	4.963042832490289e6
0.197	4.975672780942562e6
0.1975	4.9883027234269995e6
0.198	5.000932658324755e6
0.1985	5.013562584920841e6
0.199	5.026192502530692e6
0.1995	5.038822410500158e6
0.2	5.05145230820543e6
0.2005	5.064082195053003e6
0.201	5.076712070479629e6
0.2015	5.089341933671719e6
0.202	5.101971783434575e6
0.2025	5.114601619273641e6
0.203	5.127231440765565e6
0.20350000000000001	5.139861247525708e6
0.20400000000000001	5.152491039208208e6
0.20450000000000002	5.165120815505888e6
0.20500000000000002	5.177750576150286e6
0.20550000000000002	5.190380320911646e6
0.20600000000000002	5.203010049598907e6
0.20650000000000002	5.215639762059706e6
0.20700000000000002	5.228269458180377e6
0.20750000000000002	5.240899137885973e6
0.20800000000000002	5.253528801140262e6
0.2085	5.2661584479457205e6
0.209	5.2787880783436075e6
0.2095	5.291417692413924e6
0.21	5.304047290275468e6
0.2105	5.316676874304025e6
0.211	5.3293064475550465e6
0.2115	5.341936010214886e6
0.212	5.354565562453542e6
0.2125	5.367195104436466e6
0.213	5.379824636324552e6
0.2135	5.392454158274141e6
0.214	5.405083670437007e6
0.2145	5.417713172978881e6
0.215	5.430342666362323e6
0.2155	5.442972150838487e6
0.216	5.455601626533868e6
0.2165	5.468231093566464e6
0.217	5.480860552045771e6
0.2175	5.493490002072765e6
0.218	5.5061194437399255e6
0.2185	5.518748877131194e6
0.219	5.531378302322002e6
0.2195	5.544007719379258e6
0.22	5.556637128361331e6
0.2205	5.5692665293180775e6
0.221	5.5818959222907955e6
0.2215	5.594525307312272e6
0.222	5.607154684406754e6
0.2225	5.619784053589929e6
0.223	5.632413414868982e6
0.2235	5.645042768127149e6
0.224	5.657672112318934e6
0.2245	5.670301447189863e6
0.225	5.682930772735744e6
0.2255	5.695560088955789e6
0.226	5.708189395852622e6
0.2265	5.720818693432276e6
0.227	5.733447981704204e6
0.2275	5.746077260681248e6
0.228	5.758706530409862e6
0.2285	5.771335790964805e6
0.229	5.783965042369347e6
0.2295	5.796594284648258e6
0.23	5.809223517828944e6
0.2305	5.821852741941498e6
0.231	5.834481957018662e6
0.2315	5.847111163095855e6
0.232	5.859740360211149e6
0.2325	5.872369548405283e6
0.233	5.88499872772167e6
0.2335	5.89762789820638e6
0.234	5.910257059908139e6
0.23450000000000001	5.922886212878345e6
0.23500000000000001	5.9355153571710605e6
0.23550000000000001	5.948144492843008e6
0.23600000000000002	5.960773619953569e6
0.23650000000000002	5.973402738564785e6
0.23700000000000002	5.986031848818418e6
0.23750000000000002	5.998660950902639e6
0.23800000000000002	6.011290044886633e6
0.23850000000000002	6.023919130839043e6
0.23900000000000002	6.036548208829458e6
0.23950000000000002	6.049177278928429e6
0.24	6.061806341207456e6
0.2405	6.074435395738995e6
0.241	6.087064442612631e6
0.2415	6.0996934820687985e6
0.242	6.112322514224794e6
0.2425	6.124951539153218e6
0.243	6.137580556925706e6
0.2435	6.15020956761288e6
0.244	6.162838571284402e6
0.2445	6.1754675680089295e6
0.245	6.188096557854137e6
0.2455	6.200725540886715e6
0.246	6.213354517172366e6
0.2465	6.225983486775808e6
0.247	6.238612449760777e6
0.2475	6.2512414061900135e6
0.248	6.263870356125276e6
0.2485	6.276499299627339e6
0.249	6.2891282367559895e6
0.2495	6.30175716757003e6
0.25	6.314386092114312e6
0.2505	6.32701501029372e6
0.251	6.33964392212177e6
0.2515	6.352272827656619e6
0.252	6.364901726957225e6
0.2525	6.37753062008334e6
0.253	6.390159507095522e6
0.2535	6.402788388055104e6
0.254	6.415417263024234e6
0.2545	6.428046132052676e6
0.255	6.44067499518557e6
0.2555	6.453303852487696e6
0.256	6.465932704025053e6
0.2565	6.478561549864702e6
0.257	6.49119039007477e6
0.2575	6.5038192247244725e6
0.258	6.516448053884072e6
0.2585	6.529076877624927e6
0.259	6.541705696019456e6
0.2595	6.554334509141123e6
0.26	6.56696331706452e6
0.2605	6.579592119865254e6
0.261	6.592220917620037e6
0.2615	6.604849710406636e6
0.262	6.617478498303889e6
0.2625	6.630107281391724e6
0.263	6.642736059751111e6
0.2635	6.65536483353475e6
0.264	6.667993602958904e6
0.2645	6.680622368108606e6
0.265	6.693251129065018e6
0.2655	6.70587988590859e6
0.266	6.718508638719082e6
0.2665	6.73113738757554e6
0.267	6.743766132556328e6
0.2675	6.7563948737495635e6
0.268	6.769023611319376e6
0.2685	6.781652345360637e6
0.269	6.794281075946977e6
0.2695	6.8069098031503055e6
0.27	6.819538527040828e6
0.2705	6.832167247687051e6
0.271	6.844795965155783e6
0.2715	6.857424679512113e6
0.272	6.870053390819446e6
0.2725	6.882682099139475e6
0.273	6.895310804532195e6
0.2735	6.907939507055889e6
0.274	6.920568206767148e6
0.2745	6.9331969037208585e6
0.275	6.945825597970201e6
0.2755	6.958454289566657e6
0.276	6.971082978560013e6
0.2765	6.983711664987016e6
0.277	6.996340348717459e6
0.2775	7.008969029737058e6
0.278	7.021597708092615e6
0.2785	7.034226383831353e6
0.279	7.046855057000913e6
0.2795	7.059483727649364e6
0.28	7.0721123958251905e6
0.2805	7.084741061577294e6
0.281	7.097369724972351e6
0.28150000000000003	7.109998386083203e6
0.28200000000000003	7.122627044959637e6
0.28250000000000003	7.135255701651412e6
0.28300000000000003	7.147884356208356e6
0.28350000000000003	7.160513008680375e6
0.28400000000000003	7.1731416591174435e6
0.28450000000000003	7.185770307569619e6
0.28500000000000003	7.198398954087036e6
0.28550000000000003	7.211027598719898e6
0.28600000000000003	7.223656241518489e6
0.28650000000000003	7.236284882533174e6
0.28700000000000003	7.248913521814381e6
0.28750000000000003	7.26154215941263e6
0.28800000000000003	7.274170795378508e6
0.2885	7.286799429762688e6
0.289	7.299428062615918e6
0.2895	7.312056693989022e6
0.29	7.324685324051983e6
0.2905	7.337313953119479e6
0.291	7.349942581247991e6
0.2915	7.362571208481024e6
0.292	7.375199834858779e6
0.2925	7.3878284604182085e6
0.293	7.400457085192932e6
0.2935	7.41308570921335e6
0.294	7.425714332546961e6
0.2945	7.438342955566106e6
0.295	7.450971578368136e6
0.2955	7.4636002009625975e6
0.296	7.476228823351765e6
0.2965	7.488857445530599e6
0.297	7.501486067486778e6
0.2975	7.514114689200678e6
0.298	7.52674331064539e6
0.2985	7.5393719317867e6
0.299	7.5520005525831105e6
0.2995	7.56462917298581e6
0.3	7.577257792938709e6
0.3005	7.589886412378403e6
0.301	7.602515031234199e6
0.3015	7.615143649428107e6
0.302	7.627772266874825e6
0.3025	7.640400883481757e6
0.303	7.65302949913302e6
0.3035	7.665658113397795e6
0.304	7.678286726037144e6
0.3045	7.690915336936274e6
0.305	7.703543945977091e6
0.3055	7.71617255303817e6
0.306	7.728801157994761e6
0.3065	7.741429760718776e6
0.307	7.754058361078843e6
0.3075	7.766686958877586e6
0.308	7.779315553887796e6
0.3085	7.791944145969183e6
0.309	7.804572734980156e6
0.3095	7.817201320777066e6
0.31	7.829829903214242e6
0.3105	7.842458482143977e6
0.311	7.855087057416535e6
0.3115	7.867715628880138e6
0.312	7.880344196380963e6
0.3125	7.892972759763153e6
0.313	7.905601318868806e6
0.3135	7.918229873537964e6
0.314	7.93085842360864e6
0.3145	7.943486968916782e6
0.315	7.956115509296296e6
0.3155	7.968744044579015e6
0.316	7.981372574594739e6
0.3165	7.994001099171192e6
0.317	8.006629618134048e6
0.3175	8.019258131306904e6
0.318	8.031886638511299e6
0.3185	8.044515139566702e6
0.319	8.057143634290517e6
0.3195	8.069772122498058e6
0.32	8.082400604002574e6
0.3205	8.095029078694606e6
0.321	8.107657547039477e6
0.3215	8.120286008983929e6
0.322	8.132914464318523e6
0.3225	8.145542912824145e6
0.323	8.158171354272021e6
0.3235	8.170799788423664e6
0.324	8.1834282150309095e6
0.3245	8.196056633835896e6
0.325	8.208685044571013e6
0.3255	8.221313446958949e6
0.326	8.233941840712636e6
0.3265	8.246570225535265e6
0.327	8.259198601120235e6
0.3275	8.271826967151192e6
0.328	8.284455323301973e6
0.3285	8.297083669236591e6
0.329	8.309712004609267e6
0.3295	8.322340328210315e6
0.33	8.33496861621506e6
0.3305	8.347596854862117e6
0.331	8.360225039882958e6
0.3315	8.372853166877815e6
0.332	8.385481231317244e6
0.3325	8.398109228543725e6
0.333	8.410737153773285e6
0.3335	8.423365002097145e6
0.334	8.435992766916905e6
0.3345	8.44862044149917e6
0.335	8.461248020610211e6
0.3355	8.473875498925813e6
0.336	8.486502871033065e6
0.3365	8.499130131432265e6
0.337	8.511757274538686e6
0.3375	8.524384294684628e6
0.338	8.537011186121155e6
0.3385	8.54963794302011e6
0.339	8.562264559476037e6
0.3395	8.574891029508088e6
0.34	8.587517347062003e6
0.3405	8.600143506012049e6
0.341	8.61276950016299e6
0.3415	8.625395323252054e6
0.342	8.638020968950914e6
0.3425	8.650646430867612e6
0.343	8.663271702548588e6
0.3435	8.675896777480615e6
0.34400000000000003	8.688521649092786e6
0.34450000000000003	8.701146310758442e6
0.34500000000000003	8.713770755797172e6
0.34550000000000003	8.726394977476707e6
0.34600000000000003	8.739018969014935e6
0.34650000000000003	8.751642723581756e6
0.34700000000000003	8.764266234481063e6
0.34750000000000003	8.776889495334394e6
0.34800000000000003	8.78951249920856e6
0.34850000000000003	8.802135239086369e6
0.34900000000000003	8.814757707905538e6
0.34950000000000003	8.827379898560558e6
0.35000000000000003	8.840001803904494e6
0.35050000000000003	8.852623416750837e6
0.35100000000000003	8.865244729728257e6
0.35150000000000003	8.877865735931117e6
0.352	8.890486427836508e6
0.3525	8.903106798122859e6
0.353	8.91572683943709e6
0.3535	8.928346544396294e6
0.354	8.940965905589381e6
0.3545	8.953584915578747e6
0.355	8.966203566901892e6
0.3555	8.978821852073018e6
0.356	8.991439763584623e6
0.3565	9.004057293909065e6
0.357	9.016674435500126e6
0.3575	9.029291180794526e6
0.358	9.041907522213425e6
0.3585	9.05452345216394e6
0.359	9.067138963040577e6
0.3595	9.079754047468264e6
0.36	9.09236869752333e6
0.3605	9.104982906253116e6
0.361	9.117596666141748e6
0.3615	9.130209969539871e6
0.362	9.142822808788454e6
0.3625	9.15543517622005e6
0.363	9.16804706416005e6
0.3635	9.180658464927938e6
0.364	9.193269370838506e6
0.3645	9.205879774202954e6
0.365	9.218489667330127e6
0.3655	9.231099042527614e6
0.366	9.24370789210284e6
0.3665	9.256316208364159e6
0.367	9.268923983621921e6
0.3675	9.281531210189462e6
0.368	9.294137880384155e6
0.3685	9.306743986528369e6
0.369	9.31934952095043e6
0.3695	9.331954475985566e6
0.37	9.34455884397682e6
0.3705	9.357162617275905e6
0.371	9.369765788244134e6
0.3715	9.38236834925319e6
0.372	9.394970292686027e6
0.3725	9.407571610937584e6
0.373	9.420172296420062e6
0.3735	9.432772341972122e6
0.374	9.445371740299586e6
0.3745	9.457970483843265e6
0.375	9.470568565053636e6
0.3755	9.48316597639157e6
0.376	9.495762710328925e6
0.3765	9.508358759349233e6
0.377	9.520954115948288e6
0.3775	9.533548772634765e6
0.378	9.546142721930794e6
0.3785	9.55873595637251e6
0.379	9.571328468510626e6
0.3795	9.583920250910928e6
0.38	9.596511296154818e6
0.3805	9.609101596839752e6
0.381	9.621691145579798e6
0.3815	9.63427993500601e6
0.382	9.64686795776692e6
0.3825	9.659455206528958e6
0.383	9.672041673976863e6
0.3835	9.684627352814065e6
0.384	9.697212235763088e6
0.3845	9.709796315565884e6
0.385	9.72237958498424e6
0.3855	9.734962036800075e6
0.386	9.74754366381576e6
0.3865	9.76012445784617e6
0.387	9.772704409490708e6
0.3875	9.785283511568474e6
0.388	9.797861757033018e6
0.3885	9.810439138888784e6
0.389	9.823015650191307e6
0.3895	9.835591284047484e6
0.39	9.84816603361573e6
0.3905	9.86073989210622e6
0.391	9.873312852781013e6
0.3915	9.88588490895427e6
0.392	9.898456053992396e6
0.3925	9.911026281314172e6
0.393	9.923595584390895e6
0.3935	9.936163956746489e6
0.394	9.948731391957639e6
0.3945	9.96129788365386e6
0.395	9.973863425517604e6
0.3955	9.986428011284318e6
0.396	9.998991634742532e6
0.3965	1.001155428973391e7
0.397	1.0024115970153255e7
0.3975	1.003667666994863e7
0.398	1.0049236383121299e7
0.3985	1.0061795103725793e7
0.399	1.0074352825869909e7
0.3995	1.0086909544295823e7
0.4	1.0099465258128064e7
0.4005	1.0112019962694354e7
0.401	1.0124573652201967e7
0.4015	1.0137126320854938e7
0.402	1.0149677962854108e7
0.4025	1.0162228572397243e7
0.403	1.0174778143679094e7
0.4035	1.0187326670891473e7
0.404	1.0199874148223305e7
0.4045	1.0212420569860652e7
0.405	1.0224965929986816e7
0.4055	1.0237510222782316e7
0.406	1.025005344242494e7
0.40650000000000003	1.0262595583089743e7
0.40700000000000003	1.0275136638949098e7
0.40750000000000003	1.0287676604172649e7
0.40800000000000003	1.0300215472927352e7
0.40850000000000003	1.0312753239377432e7
0.40900000000000003	1.0325289897684386e7
0.40950000000000003	1.033782544200695e7
0.41000000000000003	1.0350359866501076e7
0.41050000000000003	1.0362893165319873e7
0.41100000000000003	1.037542533261361e7
0.41150000000000003	1.0387956362529613e7
0.41200000000000003	1.0400486249212239e7
0.41250000000000003	1.041301498680283e7
0.41300000000000003	1.0425542567746026e7
0.41350000000000003	1.0438068983658701e7
0.41400000000000003	1.0450594228698274e7
0.41450000000000004	1.0463118297079576e7
0.41500000000000004	1.0475641183050208e7
0.41550000000000004	1.0488162880890504e7
0.41600000000000004	1.0500683384913407e7
0.4165	1.051320268946442e7
0.417	1.0525720788921503e7
0.4175	1.0538237677694984e7
0.418	1.055075335022748e7
0.4185	1.0563267800993798e7
0.419	1.0575781024500847e7
0.4195	1.0588293015287543e7
0.42	1.0600803767924687e7
0.4205	1.0613313277014924e7
0.421	1.0625821537192581e7
0.4215	1.063832854312361e7
0.422	1.0650834289505458e7
0.4225	1.066333877106698e7
0.423	1.0675841982568318e7
0.4235	1.0688343918800808e7
0.424	1.0700844574586857e7
0.4245	1.071334394477986e7
0.425	1.0725842024264064e7
0.4255	1.0738338807954468e7
0.426	1.0750834290922517e7
0.4265	1.076332846942993e7
0.427	1.0775821338807518e7
0.4275	1.0788312894063955e7
0.428	1.0800803130223187e7
0.4285	1.0813292042324305e7
0.429	1.0825779625421425e7
0.4295	1.083826587458359e7
0.43	1.0850750784894645e7
0.4305	1.0863234351453127e7
0.431	1.0875716569372134e7
0.4315	1.0888197433779223e7
0.432	1.0900676939816296e7
0.4325	1.0913155082639452e7
0.433	1.0925631857418902e7
0.4335	1.0938107259338828e7
0.434	1.0950581283597277e7
0.4345	1.096305392540603e7
0.435	1.0975525179990476e7
0.4355	1.098799504258951e7
0.436	1.1000463508455385e7
0.4365	1.1012930572853629e7
0.437	1.1025396231062865e7
0.4375	1.103786047837473e7
0.438	1.105032331009376e7
0.4385	1.1062784721537227e7
0.439	1.107524470803505e7
0.4395	1.1087703265444636e7
0.44	1.1100160390020812e7
0.4405	1.1112616077131275e7
0.441	1.112507032212675e7
0.4415	1.1137523120357737e7
0.442	1.1149974467174355e7
0.4425	1.1162424357926235e7
0.443	1.117487278796233e7
0.4435	1.1187319752630847e7
0.444	1.119976524727904e7
0.4445	1.1212209267253112e7
0.445	1.122465180789805e7
0.4455	1.1237092864557497e7
0.446	1.1249532432573587e7
0.4465	1.1261970507286794e7
0.447	1.1274407084035836e7
0.4475	1.1286842158157459e7
0.448	1.1299275724986313e7
0.4485	1.1311707779854823e7
0.449	1.1324138318093e7
0.4495	1.1336567335028313e7
0.45	1.134899482598551e7
0.4505	1.1361420786286496e7
0.451	1.1373845211250123e7
0.4515	1.1386268096192094e7
0.452	1.1398689436424747e7
0.4525	1.1411109227382854e7
0.453	1.1423527465849346e7
0.4535	1.143594414753865e7
0.454	1.1448359267717335e7
0.4545	1.1460772821630351e7
0.455	1.1473184804500816e7
0.4555	1.148559521152977e7
0.456	1.149800403789597e7
0.4565	1.1510411278755622e7
0.457	1.152281692924219e7
0.4575	1.153522098446611e7
0.458	1.1547623439514583e7
0.4585	1.1560024289451279e7
0.459	1.157242352931611e7
0.4595	1.158482115412497e7
0.46	1.1597217158869421e7
0.4605	1.1609611538516492e7
0.461	1.1622004288008327e7
0.4615	1.1634395402261956e7
0.462	1.1646784876168977e7
0.4625	1.165917270459527e7
0.463	1.1671558882380698e7
0.4635	1.1683943404338783e7
0.464	1.1696326265256425e7
0.4645	1.1708707459893554e7
0.465	1.1721086982982831e7
0.4655	1.1733464829226065e7
0.466	1.174584098708309e7
0.4665	1.1758215445571473e7
0.467	1.1770588199450925e7
0.4675	1.1782959243558114e7
0.468	1.1795328572806887e7
0.4685	1.1807696182188483e7
0.46900000000000003	1.1820062066771742e7
0.46950000000000003	1.1832426221703362e7
0.47000000000000003	1.184478864220803e7
0.47050000000000003	1.1857149323588656e7
0.47100000000000003	1.186950826122652e7
0.47150000000000003	1.1881865450581454e7
0.47200000000000003	1.189422088719197e7
0.47250000000000003	1.1906574566675419e7
0.47300000000000003	1.1918926484728118e7
0.47350000000000003	1.193127663712546e7
0.47400000000000003	1.194362501972201e7
0.47450000000000003	1.1955971628451627e7
0.47500000000000003	1.19683164593275e7
0.47550000000000003	1.1980659508442266e7
0.47600000000000003	1.1993000771968024e7
0.47650000000000003	1.2005340246156398e7
0.47700000000000004	1.201767792733858e7
0.47750000000000004	1.203001381192531e7
0.47800000000000004	1.2042347896406917e7
0.47850000000000004	1.2054680177364344e7
0.47900000000000004	1.2067010653005717e7
0.47950000000000004	1.2079339321152559e7
0.48	1.209166617857534e7
0.4805	1.2103991222099772e7
0.481	1.2116314448606662e7
0.4815	1.2128635855031906e7
0.482	1.2140955438366361e7
0.4825	1.2153273195655808e7
0.483	1.2165589124000842e7
0.4835	1.2177903220556786e7
0.484	1.2190215482533574e7
0.4845	1.2202525907195712e7
0.485	1.2214834491862098e7
0.4855	1.2227141233905958e7
0.486	1.2239446130754726e7
0.4865	1.2251749179889917e7
0.487	1.2264050378847001e7
0.4875	1.2276349725215282e7
0.488	1.2288647216637753e7
0.4885	1.2300942850810979e7
0.489	1.2313236625484921e7
0.4895	1.2325528538462829e7
0.49	1.2337818587601056e7
0.4905	1.2350106770808911e7
0.491	1.23623930860485e7
0.4915	1.2374677531376507e7
0.492	1.2386960106184892e7
0.4925	1.2399240809211947e7
0.493	1.2411519638597222e7
0.4935	1.2423796592514396e7
0.494	1.2436071669171102e7
0.4945	1.2448344866808852e7
0.495	1.2460616183702841e7
0.4955	1.2472885618161846e7
0.496	1.2485153168528102e7
0.4965	1.2497418833177129e7
0.497	1.2509682610517621e7
0.4975	1.2521944498991294e7
0.498	1.2534204497072736e7
0.4985	1.2546462603269303e7
0.499	1.2558718816120936e7
0.4995	1.257097313420005e7
0.5	1.2583225556111343e7
0.5005000000000001	1.2595476080491725e7
0.501	1.2607724706010109e7
0.5015000000000001	1.2619971431367297e7
0.502	1.2632216254475728e7
0.5025000000000001	1.2644459175970998e7
0.503	1.265670019354521e7
0.5035000000000001	1.2668939306033341e7
0.504	1.2681176512300907e7
0.5045000000000001	1.2693411811253084e7
0.505	1.270564520237583e7
0.5055000000000001	1.2717876684949141e7
0.506	1.2730106257944822e7
0.5065000000000001	1.2742333920356488e7
0.507	1.2754559671199368e7
0.5075000000000001	1.2766783509510212e7
0.508	1.2779005434347061e7
0.5085000000000001	1.2791225444789136e7
0.509	1.280344353993666e7
0.5095000000000001	1.2815659718910687e7
0.51	1.2827873980852956e7
0.5105000000000001	1.2840086324925765e7
0.511	1.2852296750311723e7
0.5115000000000001	1.286450525621366e7
0.512	1.2876711841854455e7
0.5125	1.2888916506476853e7
0.513	1.290111924934332e7
0.5135	1.291332006973587e7
0.514	1.2925518966955926e7
0.5145	1.2937715941517096e7
0.515	1.2949910990806744e7
0.5155	1.2962104115053795e7
0.516	1.2974295313653924e7
0.5165	1.2986484586022994e7
0.517	1.299867193159698e7
0.5175	1.3010857349831805e7
0.518	1.302304084045421e7
0.5185	1.3035222403507384e7
0.519	1.3047402038515782e7
0.5195	1.3059579744996842e7
0.52	1.3071755522480518e7
0.5205	1.308392937050915e7
0.521	1.3096101288637431e7
0.5215	1.3108271276432313e7
0.522	1.312043933347294e7
0.5225	1.3132605459350562e7
0.523	1.3144769653668467e7
0.5235	1.3156931916041892e7
0.524	1.3169092246097976e7
0.5245	1.3181250643475669e7
0.525	1.3193407107825648e7
0.5255	1.3205561638810255e7
0.526	1.3217714236103445e7
0.5265	1.3229864899390662e7
0.527	1.3242013628368832e7
0.5275	1.325416042274621e7
0.528	1.3266305282242404e7
0.5285	1.3278448206588209e7
0.529	1.329058919552562e7
0.5295	1.330272824880769e7
0.53	1.3314865366198516e7
0.5305	1.3327000547473125e7
0.531	1.3339133792417804e7
0.5315	1.3351265101091241e7
0.532	1.3363394473523926e7
0.5325	1.337552190952698e7
0.533	1.3387647408918118e7
0.5335	1.339977097152165e7
0.534	1.3411892597168399e7
0.5345	1.3424012285695657e7
0.535	1.3436130036947183e7
0.5355	1.3448245850773444e7
0.536	1.3460359727030342e7
0.5365	1.347247166558094e7
0.537	1.3484581666294321e7
0.5375	1.3496689729045764e7
0.538	1.3508795853716759e7
0.5385	1.3520900040194914e7
0.539	1.353300228837396e7
0.5395	1.3545102598153654e7
0.54	1.3557200969439805e7
0.5405	1.3569297402144171e7
0.541	1.3581391896184474e7
0.5415	1.3593484451484296e7
0.542	1.3605575067973115e7
0.5425	1.3617663745586203e7
0.543	1.3629750484264612e7
0.5435	1.3641835283955134e7
0.544	1.3653918144610269e7
0.5445	1.3665999066188168e7
0.545	1.3678078048919737e7
0.5455	1.3690155093199775e7
0.546	1.370223019899998e7
0.5465	1.371430336628632e7
0.547	1.372637459502474e7
0.5475	1.37384438851811e7
0.548	1.3750511235643744e7
0.5485	1.37625766489065e7
0.549	1.3774640123378541e7
0.5495	1.378670165904746e7
0.55	1.3798761255898349e7
0.5505	1.3810818913913766e7
0.551	1.3822874633073645e7
0.5515	1.3834928413355222e7
0.552	1.3846980254733e7
0.5525	1.3859030157178616e7
0.553	1.3871078196451042e7
0.5535	1.3883125007981822e7
0.554	1.3895170736483289e7
0.5545	1.3907215383952666e7
0.555	1.3919258952381209e7
0.5555	1.3931301443754122e7
0.556	1.3943342860050619e7
0.5565	1.3955383203243982e7
0.557	1.3967422475301536e7
0.5575	1.3979460678184694e7
0.558	1.3991497813848997e7
0.5585	1.4003533884253468e7
0.559	1.401556889151944e7
0.5595	1.4027602837650696e7
0.56	1.4039635724575575e7
0.5605	1.40516675542147e7
0.561	1.4063698328481006e7
0.5615	1.4075728049279774e7
0.562	1.4087756718508689e7
0.5625	1.4099784338057829e7
0.5630000000000001	1.411181090980974e7
0.5635	1.4123836435639428e7
0.5640000000000001	1.4135860917414429e7
0.5645	1.414788435699482e7
0.5650000000000001	1.4159906756233264e7
0.5655	1.4171928116975015e7
0.5660000000000001	1.4183948441057993e7
0.5665	1.4195967730312765e7
0.5670000000000001	1.4207985986562613e7
0.5675	1.4220003211623548e7
0.5680000000000001	1.4232019407304354e7
0.5685	1.424403457540659e7
0.5690000000000001	1.425604871772466e7
0.5695	1.4268061836045815e7
0.5700000000000001	1.4280073932150174e7
0.5705	1.4292085007810771e7
0.5710000000000001	1.430409506479361e7
0.5715	1.431610410485762e7
0.5720000000000001	1.4328112129754761e7
0.5725	1.4340119141208543e7
0.5730000000000001	1.4352125140505722e7
0.5735	1.4364130129200934e7
0.5740000000000001	1.4376134109027946e7
0.5745	1.4388137081718555e7
0.5750000000000001	1.440013904900258e7
0.5755	1.4412140012607856e7
0.5760000000000001	1.442413997426027e7
0.5765	1.443613893568372e7
0.577	1.4448136898600163e7
0.5775	1.4460133864729596e7
0.578	1.4472129835790066e7
0.5785	1.4484124813497666e7
0.579	1.4496118799566554e7
0.5795	1.450811179570896e7
0.58	1.4520103803635152e7
0.5805	1.4532094825053496e7
0.581	1.454408486167042e7
0.5815	1.4556073915190438e7
0.582	1.456806198731614e7
0.5825	1.458004907974821e7
0.583	1.4592035194185425e7
0.5835	1.4604020332324656e7
0.584	1.4616004495860867e7
0.5845	1.4627987686487135e7
0.585	1.4639969905894654e7
0.5855	1.4651951155772716e7
0.586	1.4663931437808726e7
0.5865	1.467591075368824e7
0.587	1.4687889105448768e7
0.5875	1.4699866495352466e7
0.588	1.471184292507715e7
0.5885	1.4723818396283258e7
0.589	1.4735792910622464e7
0.5895	1.4747766469737798e7
0.59	1.4759739075263629e7
0.5905	1.4771710728825718e7
0.591	1.4783681432041245e7
0.5915	1.4795651186518852e7
0.592	1.480761999385865e7
0.5925	1.4819587855652316e7
0.593	1.4831554773483025e7
0.5935	1.484352074892558e7
0.594	1.4855485783546392e7
0.5945	1.4867449878903527e7
0.595	1.4879413036546716e7
0.5955	1.4891375258017443e7
0.596	1.4903336544848893e7
0.5965	1.4915296898566065e7
0.597	1.492725632068573e7
0.5975	1.493921481271653e7
0.598	1.4951172376158949e7
0.5985	1.4963129012505384e7
0.599	1.4975084723240148e7
0.5995	1.4987039509839512e7
0.6	1.4998993373771721e7
0.6005	1.5010946316497063e7
0.601	1.5022898339541845e7
0.6015	1.503484945358258e7
0.602	1.5046799666383656e7
0.6025	1.5058748979179425e7
0.603	1.507069739308643e7
0.6035	1.5082644909103742e7
0.604	1.5094591528113235e7
0.6045	1.5106537250879826e7
0.605	1.511848207805162e7
0.6055	1.5130426010160064e7
0.606	1.514236904762001e7
0.6065	1.5154311190729784e7
0.607	1.5166252439671127e7
0.6075	1.5178192794509185e7
0.608	1.5190132255192362e7
0.6085	1.5202070821552193e7
0.609	1.5214008493303122e7
0.6095	1.5225945270042282e7
0.61	1.5237881151249157e7
0.6105	1.5249816136285296e7
0.611	1.5261750224393845e7
0.6115	1.5273683414699176e7
0.612	1.528561570620634e7
0.6125	1.5297547097800564e7
0.613	1.530947758824662e7
0.6135	1.532140717618821e7
0.614	1.5333335860147253e7
0.6145	1.5345263638523143e7
0.615	1.5357190509591928e7
0.6155	1.536911647150508e7
0.616	1.5381041515774855e7
0.6165	1.5392965634016681e7
0.617	1.5404888824110847e7
0.6175	1.541681108390202e7
0.618	1.5428732411198938e7
0.6185	1.5440652803774163e7
0.619	1.545257225936376e7
0.6195	1.5464490775667023e7
0.62	1.5476408350346157e7
0.6205	1.548832498102601e7
0.621	1.5500240665293725e7
0.6215	1.551215540069843e7
0.622	1.5524069184750943e7
0.6225	1.553598201492341e7
0.623	1.5547893888648974e7
0.6235	1.5559804803321445e7
0.624	1.5571714756294966e7
0.6245	1.558362374488362e7
0.625	1.5595531766361082e7
0.6255000000000001	1.5607438817960277e7
0.626	1.5619344896872962e7
0.6265000000000001	1.5631250000249371e7
0.627	1.5643154125197813e7
0.6275000000000001	1.5655057268784272e7
0.628	1.5666959428032003e7
0.6285000000000001	1.5678860599921124e7
0.629	1.5690760781388175e7
0.6295000000000001	1.5702659969325734e7
0.63	1.5714558159346212e7
0.6305000000000001	1.572645534315063e7
0.631	1.5738351516976269e7
0.6315000000000001	1.5750246677623004e7
0.632	1.5762140821898764e7
0.6325000000000001	1.5774033946619716e7
0.633	1.5785926048610447e7
0.6335000000000001	1.5797817124704096e7
0.634	1.5809707171742545e7
0.6345000000000001	1.5821596186576605e7
0.635	1.5833484166066153e7
0.6355000000000001	1.5845371107080327e7
0.636	1.585725700649769e7
0.6365000000000001	1.5869141861206418e7
0.637	1.5881025668104453e7
0.6375000000000001	1.58929084240997e7
0.638	1.590479012611018e7
0.6385000000000001	1.591667077106424e7
0.639	1.5928550355900684e7
0.6395000000000001	1.5940428877569005e7
0.64	1.595230633302953e7
0.6405	1.5964182719253602e7
0.641	1.597605803322379e7
0.6415	1.598793227193402e7
0.642	1.5999805432389807e7
0.6425	1.6011677511608407e7
0.643	1.6023548506619018e7
0.6435	1.6035418414452322e7
0.644	1.6047287231068915e7
0.6445	1.6059154952809593e7
0.645	1.6071021576771777e7
0.6455	1.6082887100081129e7
0.646	1.6094751519891867e7
0.6465	1.610661483338716e7
0.647	1.6118477037779443e7
0.6475	1.6130338130310755e7
0.648	1.6142198108253079e7
0.6485	1.6154056968908692e7
0.649	1.6165914709610492e7
0.6495	1.6177771327722324e7
0.65	1.6189626820639333e7
0.6505	1.620148118578829e7
0.651	1.6213334420627898e7
0.6515	1.6225186522649154e7
0.652	1.6237037489375675e7
0.6525	1.6248887318363989e7
0.653	1.6260736007203879e7
0.6535	1.6272583553518713e7
0.654	1.6284429954965748e7
0.6545	1.6296275209236441e7
0.655	1.6308119314056788e7
0.6555	1.631996226718761e7
0.656	1.6331804066424849e7
0.6565	1.634364470959992e7
0.657	1.6355484194561372e7
0.6575	1.6367322519031119e7
0.658	1.6379159680904165e7
0.6585	1.6390995678160185e7
0.659	1.6402830508817928e7
0.6595	1.6414664170935573e7
0.66	1.6426496662610944e7
0.6605	1.6438327981981896e7
0.661	1.6450158127226532e7
0.6615	1.6461987096563524e7
0.662	1.6473814888252404e7
0.6625	1.6485641500593795e7
0.663	1.6497466931929747e7
0.6635	1.6509291180643938e7
0.664	1.652111424516202e7
0.6645	1.6532936123951769e7
0.665	1.6544756815523455e7
0.6655	1.6556576318429995e7
0.666	1.6568394631267272e7
0.6665	1.6580211752674308e7
0.667	1.6592027681333559e7
0.6675	1.6603842415971078e7
0.668	1.6615655955356808e7
0.6685	1.6627468298304744e7
0.669	1.6639279443673188e7
0.6695	1.6651089390364883e7
0.67	1.666289813734194e7
0.6705	1.6674705684077239e7
0.671	1.6686512029837178e7
0.6715	1.6698317173694251e7
0.672	1.6710121114759833e7
0.6725	1.6721923852184325e7
0.673	1.6733725385157306e7
0.6735	1.6745525712907678e7
0.674	1.6757324834703797e7
0.6745	1.6769122749853581e7
0.675	1.678091945770468e7
0.6755	1.679271495764454e7
0.676	1.6804509249100592e7
0.6765	1.6816302331540287e7
0.677	1.6828094204471253e7
0.6775	1.68398848674414e7
0.678	1.6851674320038963e7
0.6785	1.686346256189264e7
0.679	1.68752495926717e7
0.6795	1.6887035412086003e7
0.68	1.6898820019886106e7
0.6805	1.6910603415863357e7
0.681	1.6922385599849932e7
0.6815	1.6934166571718905e7
0.682	1.6945946331384305e7
0.6825	1.6957724878801167e7
0.683	1.6969502214027576e7
0.6835	1.698127833815465e7
0.684	1.6993053251630038e7
0.6845	1.700482695454945e7
0.685	1.7016599447036255e7
0.6855	1.7028370729241513e7
0.686	1.704014080134399e7
0.6865	1.7051909663550142e7
0.687	1.7063677316094168e7
0.6875	1.707544375923797e7
0.6880000000000001	1.7087208993271206e7
0.6885	1.709897301851125e7
0.6890000000000001	1.7110735835303225e7
0.6895	1.7122497444019973e7
0.6900000000000001	1.713425784506208e7
0.6905	1.7146017038857844e7
0.6910000000000001	1.7157775025863267e7
0.6915	1.716953180656206e7
0.6920000000000001	1.7181287381465636e7
0.6925	1.7193041751113057e7
0.6930000000000001	1.7204794916071028e7
0.6935	1.7216546876933914e7
0.6940000000000001	1.722829763432367e7
0.6945	1.7240047188889813e7
0.6950000000000001	1.7251795541309446e7
0.6955	1.726354269228718e7
0.6960000000000001	1.7275288642724697e7
0.6965	1.7287033394733842e7
0.6970000000000001	1.7298776949379e7
0.6975	1.7310519307442278e7
0.6980000000000001	1.7322260469716854e7
0.6985	1.7334000437006958e7
0.6990000000000001	1.7345739210127857e7
0.6995	1.7357476789905805e7
0.7000000000000001	1.7369213177178096e7
0.7005	1.7380948372792967e7
0.7010000000000001	1.739268237760965e7
0.7015	1.740441519249829e7
0.7020000000000001	1.7416146818339977e7
0.7025	1.7427877256026704e7
0.7030000000000001	1.7439606506461333e7
0.7035	1.7451334570557605e7
0.704	1.74630614492401e7
0.7045	1.7474787143444236e7
0.705	1.74865116541162e7
0.7055	1.7498234982212998e7
0.706	1.7509957128702365e7
0.7065	1.752167809456279e7
0.707	1.753339788078346e7
0.7075	1.7545116488364287e7
0.708	1.7556833918315805e7
0.7085	1.7568550171659224e7
0.709	1.758026524950464e7
0.7095	1.759197915339164e7
0.71	1.7603691884455018e7
0.7105	1.761540344374618e7
0.711	1.7627113832321182e7
0.7115	1.7638823051240735e7
0.712	1.7650531101570148e7
0.7125	1.7662237984379385e7
0.713	1.7673943700743005e7
0.7135	1.7685648251740165e7
0.714	1.7697351638454597e7
0.7145	1.7709053861974616e7
0.715	1.7720754923393097e7
0.7155	1.773245482380745e7
0.716	1.7744153564319644e7
0.7165	1.7755851146036156e7
0.717	1.776754757006798e7
0.7175	1.7779242837530613e7
0.718	1.7790936949544035e7
0.7185	1.7802629907232713e7
0.719	1.781432171172555e7
0.7195	1.782601236415595e7
0.72	1.7837701865661696e7
0.7205	1.7849390217385042e7
0.721	1.7861077420472633e7
0.7215	1.787276347607554e7
0.722	1.7884448385559063e7
0.7225	1.7896132152142636e7
0.723	1.790781477749214e7
0.7235	1.7919496262727875e7
0.724	1.793117660895016e7
0.7245	1.7942855817239426e7
0.725	1.79545338886562e7
0.7255	1.7966210824241184e7
0.726	1.7977886625015326e7
0.7265	1.798956129197979e7
0.727	1.8001234826116078e7
0.7275	1.8012907228386004e7
0.728	1.802457849973177e7
0.7285	1.8036248641075995e7
0.729	1.8047917653321754e7
0.7295	1.8059585537352607e7
0.73	1.8071252294032622e7
0.7305	1.8082917924206443e7
0.731	1.8094582428699296e7
0.7315	1.8106245808317002e7
0.732	1.8117908063846044e7
0.7325	1.812956919605359e7
0.733	1.81412292056875e7
0.7335	1.815288809347633e7
0.734	1.8164545860129423e7
0.7345	1.817620250633689e7
0.735	1.8187858032757305e7
0.7355	1.81995124388114e7
0.736	1.8211165724325188e7
0.7365	1.8222817889941417e7
0.737	1.8234468936301474e7
0.7375	1.8246118864045437e7
0.738	1.8257767673812043e7
0.7385	1.8269415366238736e7
0.739	1.8281061941961598e7
0.7395	1.8292707401615426e7
0.74	1.8304351745833673e7
0.7405	1.831599497524849e7
0.741	1.832763709049069e7
0.7415	1.8339278092189796e7
0.742	1.835091798097399e7
0.7425	1.8362556757470146e7
0.743	1.837419442230383e7
0.7435	1.8385830976099294e7
0.744	1.8397466419479456e7
0.7445	1.840910075306596e7
0.745	1.8420733977479115e7
0.7455	1.8432366093337923e7
0.746	1.844399710126007e7
0.7465	1.8455627001861963e7
0.747	1.846725579575867e7
0.7475	1.8478883483563967e7
0.748	1.8490510065890327e7
0.7485	1.8502135543510705e7
0.749	1.8513759917415496e7
0.7495	1.8525383188223157e7
0.75	1.853700535652991e7
0.7505000000000001	1.8548626422925822e7
0.751	1.8560246387994878e7
0.7515000000000001	1.8571865252314955e7
0.752	1.8583483016457822e7
0.7525000000000001	1.8595099680989154e7
0.753	1.8606715246468525e7
0.7535000000000001	1.861832971344945e7
0.754	1.862994308247932e7
0.7545000000000001	1.8641555354099475e7
0.755	1.8653166528845176e7
0.7555000000000001	1.8664776607245605e7
0.756	1.8676385589823883e7
0.7565000000000001	1.8687993477097057e7
0.757	1.869960026957614e7
0.7575000000000001	1.871120596776605e7
0.758	1.872281057216568e7
0.7585000000000001	1.873441408326788e7
0.759	1.8746016501559407e7
0.7595000000000001	1.8757617827521037e7
0.76	1.8769218061627455e7
0.7605000000000001	1.8780817204347335e7
0.761	1.8792415255589638e7
0.7615000000000001	1.880401221420118e7
0.762	1.881560808012375e7
0.7625000000000001	1.8827202853684124e7
0.763	1.8838796535329122e7
0.7635000000000001	1.8850389125504512e7
0.764	1.886198062465497e7
0.7645000000000001	1.887357103322412e7
0.765	1.8885160351654474e7
0.7655000000000001	1.8896748580387495e7
0.766	1.8908335719863556e7
0.7665000000000001	1.891992177052198e7
0.767	1.893150673280097e7
0.7675000000000001	1.894309060713771e7
0.768	1.895467339396826e7
0.7685	1.8966255093727633e7
0.769	1.8977835706849776e7
0.7695	1.8989415233767528e7
0.77	1.90009936749127e7
0.7705	1.9012571030715987e7
0.771	1.902414730160705e7
0.7715	1.903572248801446e7
0.772	1.9047296590365704e7
0.7725	1.9058869609087218e7
0.773	1.9070441544604365e7
0.7735	1.908201239734142e7
0.774	1.9093582167721618e7
0.7745	1.9105150856167093e7
0.775	1.911671846308212e7
0.7755	1.912828498886257e7
0.776	1.9139850433927696e7
0.7765	1.915141479869622e7
0.777	1.916297808358614e7
0.7775	1.9174540289014753e7
0.778	1.9186101415398646e7
0.7785	1.919766146315368e7
0.779	1.9209220432694994e7
0.7795	1.9220778324437026e7
0.78	1.92323351387935e7
0.7805	1.924389087617741e7
0.781	1.925544553700106e7
0.7815	1.9266999121676013e7
0.782	1.927855163061315e7
0.7825	1.9290103064222608e7
0.783	1.930165342291382e7
0.7835	1.9313202707095522e7
0.784	1.9324750917175714e7
0.7845	1.9336298053561684e7
0.785	1.9347844116660025e7
0.7855	1.9359389106876608e7
0.786	1.9370933024616573e7
0.7865	1.938247587028438e7
0.787	1.9394017644283753e7
0.7875	1.9405558347017705e7
0.788	1.9417097978889026e7
0.7885	1.9428636540302966e7
0.789	1.9440174031661157e7
0.7895	1.9451710453363698e7
0.79	1.946324580580991e7
0.7905	1.947478008939838e7
0.791	1.9486313304526914e7
0.7915	1.9497845451592594e7
0.792	1.950937653099173e7
0.7925	1.952090654311988e7
0.793	1.9532435488371853e7
0.7935	1.9543963367141694e7
0.794	1.9555490179822717e7
0.7945	1.956701592680745e7
0.795	1.95785406084877e7
0.7955	1.959006422525448e7
0.796	1.9601586777498104e7
0.7965	1.9613108265608087e7
0.797	1.962462868997321e7
0.7975	1.9636148050981496e7
0.798	1.9647666349020217e7
0.7985	1.9659183584475897e7
0.799	1.9670699757734295e7
0.7995	1.968221486918043e7
0.8	1.9693728919198547e7
0.8005	1.9705241908172175e7
0.801	1.9716753836484052e7
0.8015	1.9728264704543497e7
0.802	1.973977451276505e7
0.8025	1.9751283261528518e7
0.803	1.9762790951212388e7
0.8035	1.9774297582193818e7
0.804	1.9785803154848758e7
0.8045	1.979730766955185e7
0.805	1.9808811126676463e7
0.8055	1.982031352659471e7
0.806	1.98318148696774e7
0.8065	1.9843315156294107e7
0.807	1.985481438681312e7
0.8075	1.986631256160144e7
0.808	1.987780968102482e7
0.8085	1.9889305745447725e7
0.809	1.990080075523336e7
0.8095	1.9912294710743632e7
0.81	1.992378761233922e7
0.8105	1.9935279460379507e7
0.811	1.9946770255222593e7
0.8115	1.9958259997225326e7
0.812	1.9969748686743286e7
0.8125	1.998123632413076e7
0.8130000000000001	1.9992722909740776e7
0.8135	2.0004208443925105e7
0.8140000000000001	2.0015692927034225e7
0.8145	2.002717635940556e7
0.8150000000000001	2.003865874129778e7
0.8155	2.0050140073040027e7
0.8160000000000001	2.0061620354979698e7
0.8165	2.0073099587463927e7
0.8170000000000001	2.008457777083963e7
0.8175	2.0096054905453447e7
0.8180000000000001	2.010753099165178e7
0.8185	2.0119006029780775e7
0.8190000000000001	2.0130480020186353e7
0.8195	2.0141952963214163e7
0.8200000000000001	2.01534248592096e7
0.8205	2.0164895708517827e7
0.8210000000000001	2.017636551148376e7
0.8215	2.0187834268452037e7
0.8220000000000001	2.0199301979767077e7
0.8225	2.0210768645773046e7
0.8230000000000001	2.022223426681385e7
0.8235	2.023369884323314e7
0.8240000000000001	2.0245162375374336e7
0.8245	2.025662486358059e7
0.8250000000000001	2.0268086308194824e7
0.8255	2.027954670955968e7
0.8260000000000001	2.0291006068017587e7
0.8265	2.0302464383910697e7
0.8270000000000001	2.0313921657580923e7
0.8275	2.0325377889369912e7
0.8280000000000001	2.0336833079513993e7
0.8285	2.0348287228219364e7
0.8290000000000001	2.035974033582936e7
0.8295	2.037119240268964e7
0.8300000000000001	2.038264342914772e7
0.8305	2.039409341555289e7
0.8310000000000001	2.040554236225627e7
0.8315	2.0416990269610792e7
0.8320000000000001	2.042843713797119e7
0.8325	2.0439882967693996e7
0.833	2.0451327759137582e7
0.8335	2.0462771512662113e7
0.834	2.047421422862954e7
0.8345	2.0485655907403667e7
0.835	2.049709654935007e7
0.8355	2.050853615483616e7
0.836	2.051997472423112e7
0.8365	2.0531412257905975e7
0.837	2.0542848756233536e7
0.8375	2.0554284219588418e7
0.838	2.056571864834705e7
0.8385	2.0577152042887673e7
0.839	2.0588584403590307e7
0.8395	2.06000157308368e7
0.84	2.0611446025010798e7
0.8405	2.062287528649774e7
0.841	2.0634303515726406e7
0.8415	2.064573071344339e7
0.842	2.065715688011814e7
0.8425	2.0668582016135406e7
0.843	2.068000612187761e7
0.8435	2.0691429197724894e7
0.844	2.0702851244055048e7
0.8445	2.0714272261243593e7
0.845	2.0725692249663714e7
0.8455	2.073711120968631e7
0.846	2.074852914167997e7
0.8465	2.0759946046010952e7
0.847	2.0771361923043232e7
0.8475	2.0782776773138486e7
0.848	2.0794190596656047e7
0.8485	2.0805603393952984e7
0.849	2.081701516538403e7
0.8495	2.0828425911301628e7
0.85	2.0839835632055916e7
0.8505	2.0851244327994715e7
0.851	2.086265199946355e7
0.8515	2.0874058646805648e7
0.852	2.088546427036191e7
0.8525	2.0896868870470956e7
0.853	2.0908272447469085e7
0.8535	2.0919675001690302e7
0.854	2.093107653346629e7
0.8545	2.09424771753498e7
0.855	2.095387711168239e7
0.8555	2.096527630717725e7
0.856	2.0976674728786357e7
0.8565	2.098807233031235e7
0.857	2.099946908108851e7
0.8575	2.1010864946106922e7
0.858	2.1022259891553055e7
0.8585	2.1033653885011468e7
0.859	2.1045046895678103e7
0.8595	2.1056438894576475e7
0.86	2.1067829854774274e7
0.8605	2.1079219751596816e7
0.861	2.1090608562833186e7
0.8615	2.110199626893089e7
0.862	2.1113382853174616e7
0.8625	2.1124768301844902e7
0.863	2.1136152604352742e7
0.8635	2.114753575334643e7
0.864	2.1158917744788002e7
0.8645	2.117029857799685e7
0.865	2.1181678255654816e7
0.8655	2.119305678376288e7
0.866	2.1204434171625923e7
0.8665	2.1215810431748394e7
0.867	2.1227185579711746e7
0.8675	2.123855963143026e7
0.868	2.1249932590984996e7
0.8685	2.126130450765492e7
0.869	2.127267542378986e7
0.8695	2.128404536302624e7
0.87	2.129541433159982e7
0.8705	2.1306782296412464e7
0.871	2.1318149229399644e7
0.8715	2.132951514823926e7
0.872	2.13408801244195e7
0.8725	2.1352244175689064e7
0.873	2.1363607262536164e7
0.8735	2.1374969293701515e7
0.874	2.13863302227564e7
0.8745	2.139769011213393e7
0.875	2.1409048997988127e7
0.8755000000000001	2.1420406876769688e7
0.876	2.1431763750003222e7
0.8765000000000001	2.144311961218507e7
0.877	2.1454474467971817e7
0.8775000000000001	2.1465828326730873e7
0.878	2.147718118754424e7
0.8785000000000001	2.1488533034570202e7
0.879	2.1499883860426273e7
0.8795000000000001	2.151123368406877e7
0.88	2.1522582562359076e7
0.8805000000000001	2.153393050000871e7
0.881	2.154527745314565e7
0.8815000000000001	2.155662334544259e7
0.882	2.1567968145614967e7
0.8825000000000001	2.157931193062486e7
0.883	2.1590654734931927e7
0.8835000000000001	2.1601996547657516e7
0.884	2.161333735338832e7
0.8845000000000001	2.1624677135220684e7
0.885	2.1636015903292783e7
0.8855000000000001	2.1647353673692998e7
0.886	2.1658690451352898e7
0.8865000000000001	2.1670026239091255e7
0.887	2.168136103683144e7
0.8875000000000001	2.1692694843390435e7
0.888	2.170402765605858e7
0.8885000000000001	2.171535946950774e7
0.889	2.1726690276508164e7
0.8895000000000001	2.1738020067265015e7
0.89	2.1749348826266553e7
0.8905000000000001	2.1760676511755593e7
0.891	2.1772003112609677e7
0.8915000000000001	2.1783328678749047e7
0.892	2.1794653312038496e7
0.8925000000000001	2.1805977008685604e7
0.893	2.181729973207529e7
0.8935000000000001	2.1828621389655728e7
0.894	2.1839941968874145e7
0.8945000000000001	2.1851261592733543e7
0.895	2.1862580279643033e7
0.8955000000000001	2.1873898036555003e7
0.896	2.1885214812204417e7
0.8965	2.189653058271317e7
0.897	2.190784534569653e7
0.8975	2.191915910279529e7
0.898	2.1930471876324926e7
0.8985	2.1941783735053603e7
0.899	2.1953094690841597e7
0.8995	2.1964404707447574e7
0.9	2.1975713660649963e7
0.9005	2.198702149296622e7
0.901	2.1998328283793647e7
0.9015	2.200963408779292e7
0.902	2.2020938904624484e7
0.9025	2.203224273513087e7
0.903	2.204354556565957e7
0.9035	2.205484739777705e7
0.904	2.206614823581983e7
0.9045	2.2077448084652327e7
0.905	2.2088746954419285e7
0.9055	2.2100044852403294e7
0.906	2.2111341776895396e7
0.9065	2.212263771578702e7
0.907	2.2133932661921393e7
0.9075	2.2145226608065207e7
0.908	2.215651954566733e7
0.9085	2.2167811497297097e7
0.909	2.217910254920705e7
0.9095	2.219039274352459e7
0.91	2.2201682056403108e7
0.9105	2.2212970321453955e7
0.911	2.2224257416890975e7
0.9115	2.2235543420372725e7
0.912	2.2246828432244405e7
0.9125	2.225811246011821e7
0.913	2.2269395522869598e7
0.9135	2.2280677600306805e7
0.914	2.22919586923555e7
0.9145	2.2303238803697187e7
0.915	2.231451792784947e7
0.9155	2.2325796038211484e7
0.916	2.2337073097923554e7
0.9165	2.2348349120030664e7
0.917	2.2359624172890574e7
0.9175	2.2370898292217832e7
0.918	2.2382171481395528e7
0.9185	2.2393443695941467e7
0.919	2.2404714917264584e7
0.9195	2.241598515301639e7
0.92	2.2427254415729344e7
0.9205	2.243852270813796e7
0.921	2.2449790030378923e7
0.9215	2.2461056379554722e7
0.922	2.247232174814315e7
0.9225	2.2483586121167865e7
0.923	2.2494849493725892e7
0.9235	2.250611187022437e7
0.924	2.251737325915931e7
0.9245	2.252863366650536e7
0.925	2.253989310297347e7
0.9255	2.255115157195673e7
0.926	2.256240906547029e7
0.9265	2.2573665561816413e7
0.927	2.258492105873153e7
0.9275	2.259617557247818e7
0.928	2.260742912289446e7
0.9285	2.2618681715402767e7
0.929	2.26299333449667e7
0.9295	2.2641184008369654e7
0.93	2.2652433704992082e7
0.9305	2.2663682434772026e7
0.931	2.2674930197836354e7
0.9315	2.2686176996437922e7
0.932	2.269742283180185e7
0.9325	2.2708667699315682e7
0.933	2.2719911585560415e7
0.9335	2.273115448361729e7
0.934	2.2742396395773076e7
0.9345	2.2753637331241995e7
0.935	2.276487729243722e7
0.9355	2.2776116277422e7
0.936	2.2787354283378888e7
0.9365	2.2798591309513386e7
0.937	2.280982735498076e7
0.9375	2.282106242066755e7
0.9380000000000001	2.2832296507072683e7
0.9385	2.2843529614526737e7
0.9390000000000001	2.2854761756760783e7
0.9395	2.2865992978504255e7
0.9400000000000001	2.287722330642166e7
0.9405	2.2888452720788203e7
0.9410000000000001	2.289968112884632e7
0.9415	2.291090848834544e7
0.9420000000000001	2.292213481740024e7
0.9425	2.2933360170291614e7
0.9430000000000001	2.294458456486891e7
0.9435	2.295580799803157e7
0.9440000000000001	2.2967030465762995e7
0.9445	2.297825197253606e7
0.9450000000000001	2.2989472530224077e7
0.9455	2.3000692138148896e7
0.9460000000000001	2.30119107775019e7
0.9465	2.3023128417951405e7
0.9470000000000001	2.30343450637418e7
0.9475	2.3045560758294053e7
0.9480000000000001	2.305677553015581e7
0.9485	2.30679893714052e7
0.9490000000000001	2.3079202236230798e7
0.9495	2.309041410822671e7
0.9500000000000001	2.3101624997594707e7
0.9505	2.3112834927571446e7
0.9510000000000001	2.3124043902421314e7
0.9515	2.313525191051196e7
0.9520000000000001	2.3146458947142407e7
0.9525	2.3157665024252433e7
0.9530000000000001	2.3168870173076488e7
0.9535	2.3180074396572188e7
0.9540000000000001	2.3191277663601108e7
0.9545	2.320247992686772e7
0.9550000000000001	2.3213681192115135e7
0.9555	2.3224881519189604e7
0.9560000000000001	2.323608094088146e7
0.9565	2.324727944323079e7
0.9570000000000001	2.3258476965864416e7
0.9575	2.32696734882334e7
0.9580000000000001	2.328086901955518e7
0.9585	2.3292063582905438e7
0.9590000000000001	2.3303257190046635e7
0.9595	2.331444985885583e7
0.96	2.3325641595196318e7
0.9605	2.3336832386542466e7
0.961	2.3348022198374454e7
0.9615	2.3359211023918483e7
0.962	2.337039888205866e7
0.9625	2.338158579790403e7
0.963	2.3392771777320016e7
0.9635	2.340395683042173e7
0.964	2.341514093910143e7
0.9645	2.3426324029852804e7
0.965	2.3437505950610276e7
0.9655	2.344868672405845e7
0.966	2.345986655822409e7
0.9665	2.3471045603842616e7
0.967	2.3482223875201833e7
0.9675	2.349340127157976e7
0.968	2.3504577728786074e7
0.9685	2.351575321407368e7
0.969	2.352692770822795e7
0.9695	2.3538101210009746e7
0.97	2.3549273750377774e7
0.9705	2.35604453598164e7
0.971	2.35716160447555e7
0.9715	2.3582785796997704e7
0.972	2.3593954608527392e7
0.9725	2.360512246724226e7
0.973	2.361628935592083e7
0.9735	2.3627455273342863e7
0.974	2.363862023533606e7
0.9745	2.364978425693795e7
0.975	2.3660947342362188e7
0.9755	2.367210948987657e7
0.976	2.368327069704439e7
0.9765	2.3694430958235595e7
0.977	2.3705590265205357e7
0.9775	2.371674861799195e7
0.978	2.3727906048543382e7
0.9785	2.37390625582158e7
0.979	2.375021806526472e7
0.9795	2.376137232645402e7
0.98	2.377252535260404e7
0.9805	2.3783677488678407e7
0.981	2.379482902087973e7
0.9815	2.380597996733008e7
0.982	2.38171301106273e7
0.9825	2.382827921467597e7
0.983	2.383942723120334e7
0.9835	2.3850574248767514e7
0.984	2.38617203059829e7
0.9845	2.387286542656804e7
0.985	2.3884009628168527e7
0.9855	2.389515290444641e7
0.986	2.3906295205462392e7
0.9865	2.3917436504607692e7
0.987	2.3928576825184368e7
0.9875	2.3939716236248523e7
0.988	2.395085475394557e7
0.9885	2.396199235412464e7
0.989	2.397312899317813e7
0.9895	2.3984264648816068e7
0.99	2.3995399288864803e7
0.9905	2.4006532911861546e7
0.991	2.401766556377201e7
0.9915	2.402879733135537e7
0.992	2.4039928239281207e7
0.9925	2.4051058267077934e7
0.993	2.4062187379413765e7
0.9935	2.407331556776548e7
0.994	2.4084442836573426e7
0.9945	2.409556918658641e7
0.995	2.410669461414456e7
0.9955	2.411781911401849e7
0.996	2.4128942677178733e7
0.9965	2.414006528258326e7
0.997	2.4151186912308943e7
0.9975	2.4162307670498416e7
0.998	2.417342420402786e7
0.9985	2.4184542134279493e7
0.999	2.4195660058501877e7
0.9995	2.4206777106308635e7