0.	-0.000011219378781893625
0.001	-0.000011213920631960197
0.002	-0.000011208465267572692
0.003	-0.00001120301268605003
0.004	-0.000011197562884713938
0.005	-0.00001119211586088895
0.006	-0.000011186671611902401
0.007	-0.000011181230135084434
0.008	-0.000011175791427767992
0.009000000000000001	-0.00001117035548728883
0.01	-0.000011164922310985494
0.011	-0.000011159491896199345
0.012	-0.000011154064240274542
0.013000000000000001	-0.000011148639340558043
0.014	-0.000011143217194399618
0.015	-0.000011137797799151827
0.016	-0.000011132381152170042
0.017	-0.000011126967250812426
0.018000000000000002	-0.000011121556092439951
0.019	-0.000011116147674416385
0.02	-0.000011110741994108295
0.021	-0.000011105339048885046
0.022	-0.000011099938836118803
0.023	-0.000011094541353184532
0.024	-0.000011089146597459988
0.025	-0.00001108375456632573
0.026000000000000002	-0.000011078365257165111
0.027	-0.00001107297866736428
0.028	-0.000011067594794312174
0.029	-0.000011062213635400533
0.03	-0.000011056835188023889
0.031	-0.000011051459449579561
0.032	-0.000011046086417467665
0.033	-0.000011040716089091106
0.034	-0.00001103534846185558
0.035	-0.000011029983533169574
0.036000000000000004	-0.00001102462130044436
0.037	-0.000011019261761094004
0.038	-0.000011013904912535353
0.039	-0.000011008550752188044
0.04	-0.000011003199277474501
0.041	-0.000010997850485819926
0.042	-0.000010992504374652313
0.043000000000000003	-0.000010987160941402436
0.044	-0.000010981820183503847
0.045	-0.000010976482098392885
0.046	-0.000010971146683508664
0.047	-0.000010965813936293081
0.048	-0.000010960483854190807
0.049	-0.000010955156434649296
0.05	-0.000010949831675118776
0.051000000000000004	-0.000010944509573052244
0.052000000000000005	-0.00001093919012590548
0.053	-0.00001093387333113703
0.054	-0.00001092855918620822
0.055	-0.000010923247688583137
0.056	-0.000010917938835728644
0.057	-0.000010912632625114371
0.058	-0.000010907329054212717
0.059000000000000004	-0.000010902028120498846
0.06	-0.000010896729821450687
0.061	-0.000010891434154548932
0.062	-0.000010886141117277039
0.063	-0.000010880850707121227
0.064	-0.00001087556292157047
0.065	-0.00001087027775811651
0.066	-0.00001086499521425384
0.067	-0.000010859715287479714
0.068	-0.00001085443797529414
0.069	-0.000010849163275199878
0.07	-0.000010843891184702444
0.07100000000000001	-0.000010838621701310104
0.07200000000000001	-0.000010833354822533874
0.073	-0.000010828090545887523
0.074	-0.00001082282886888756
0.075	-0.000010817569789053247
0.076	-0.000010812313303906587
0.077	-0.000010807059410972329
0.078	-0.000010801808107777964
0.079	-0.00001079655939185372
0.08	-0.000010791313260732567
0.081	-0.000010786069711950213
0.082	-0.000010780828743045104
0.083	-0.000010775590351558418
0.084	-0.000010770354535034067
0.085	-0.000010765121291018696
0.08600000000000001	-0.000010759890617061679
0.08700000000000001	-0.000010754662510715122
0.088	-0.000010749436969533857
0.089	-0.000010744213991075438
0.09	-0.000010738993572900152
0.091	-0.000010733775712571
0.092	-0.000010728560407653711
0.093	-0.000010723347655716727
0.094	-0.000010718137454331217
0.095	-0.00001071292980107106
0.096	-0.000010707724693512852
0.097	-0.000010702522129235903
0.098	-0.000010697322105822232
0.099	-0.000010692124620856571
0.1	-0.000010686929671926363
0.101	-0.000010681737256621751
0.10200000000000001	-0.000010676547372535589
0.10300000000000001	-0.00001067136001726343
0.10400000000000001	-0.000010666175188403536
0.105	-0.000010660992883556859
0.106	-0.000010655813100327057
0.107	-0.000010650635836320484
0.108	-0.00001064546108914619
0.109	-0.000010640288856415908
0.11	-0.000010635119135744078
0.111	-0.000010629951924747821
0.112	-0.000010624787221046944
0.113	-0.000010619625022263948
0.114	-0.000010614465326024012
0.115	-0.000010609308129955002
0.116	-0.00001060415343168746
0.117	-0.000010599001228854612
0.11800000000000001	-0.000010593851519092359
0.11900000000000001	-0.000010588704300039278
0.12	-0.000010583559569336622
0.121	-0.00001057841732462831
0.122	-0.000010573277563560933
0.123	-0.000010568140283783756
0.124	-0.000010563005482948704
0.125	-0.00001055787315871037
0.126	-0.000010552743308726002
0.127	-0.000010547615930655521
0.128	-0.000010542491022161495
0.129	-0.000010537368580909157
0.13	-0.000010532235804947822
0.131	-0.000010527092516637812
0.132	-0.000010521951731403015
0.133	-0.000010516813450532
0.134	-0.000010511677675298205
0.135	-0.000010506544406959995
0.136	-0.000010501413646760704
0.137	-0.000010496285395928679
0.138	-0.000010491159655677318
0.139	-0.000010486036427205135
0.14	-0.000010480915711695787
0.14100000000000001	-0.000010475797510318125
0.14200000000000002	-0.00001047068182422624
0.14300000000000002	-0.000010465568654559512
0.14400000000000002	-0.000010460458002442648
0.145	-0.000010455349868985733
0.146	-0.000010450244255284274
0.147	-0.000010445141162419247
0.148	-0.000010440040583877318
0.149	-0.000010434942536110216
0.15	-0.00001042984701240071
0.151	-0.00001042475401377147
0.152	-0.000010419663541230836
0.153	-0.000010414575595772846
0.154	-0.000010409490178377299
0.155	-0.000010404407290009787
0.156	-0.000010399326931621752
0.157	-0.000010394249104150521
0.158	-0.000010389173808519365
0.159	-0.00001038410104563754
0.16	-0.000010379030816400325
0.161	-0.00001037396312168908
0.162	-0.000010368897962371291
0.163	-0.00001036383533930061
0.164	-0.000010358775253316902
0.165	-0.000010353717705246305
0.166	-0.00001034866269590125
0.167	-0.000010343610226080535
0.168	-0.000010338560296569356
0.169	-0.000010333512908139354
0.17	-0.000010328468061548667
0.171	-0.000010323425757541973
0.17200000000000001	-0.000010318385996850541
0.17300000000000001	-0.000010313348780192266
0.17400000000000002	-0.00001030831410827173
0.17500000000000002	-0.000010303281981780234
0.176	-0.00001029825240139586
0.177	-0.000010293225367783508
0.178	-0.000010288200881594938
0.179	-0.000010283178943468827
0.18	-0.000010278159554030812
0.181	-0.00001027314271389353
0.182	-0.000010268128423656675
0.183	-0.000010263116683907036
0.184	-0.000010258107495218548
0.185	-0.000010253100858152333
0.186	-0.000010248096773256755
0.187	-0.000010243095241067462
0.188	-0.000010238096262107427
0.189	-0.000010233099836887
0.19	-0.000010228105965903959
0.191	-0.000010223114649643542
0.192	-0.000010218125888578514
0.193	-0.00001021313968316919
0.194	-0.000010208156033863496
0.195	-0.000010203174941097015
0.196	-0.000010198196405293026
0.197	-0.00001019322042686256
0.198	-0.00001018824700620443
0.199	-0.000010183276143705296
0.2	-0.0000101783078397397
0.201	-0.000010173342094670114
0.202	-0.000010168378908846986
0.203	-0.000010163418282608788
0.20400000000000001	-0.000010158460216282055
0.20500000000000002	-0.000010153504710181445
0.20600000000000002	-0.00001014855176460977
0.20700000000000002	-0.000010143601379858048
0.20800000000000002	-0.00001013865355620555
0.209	-0.000010133708293919844
0.21	-0.000010128765593256843
0.211	-0.000010123825454460848
0.212	-0.000010118887877764594
0.213	-0.000010113952863389293
0.214	-0.000010109020411544688
0.215	-0.00001010409052242909
0.216	-0.000010099163196229428
0.217	-0.000010094238433121292
0.218	-0.000010089316233268978
0.219	-0.000010084396596825536
0.22	-0.000010079479523932816
0.221	-0.000010074565014721508
0.222	-0.00001006965306931119
0.223	-0.00001006474368781038
0.224	-0.000010059836870316565
0.225	-0.000010054932616916259
0.226	-0.000010050030927685048
0.227	-0.000010045131802687626
0.228	-0.00001004023524197785
0.229	-0.000010035341245598774
0.23	-0.000010030449813582707
0.231	-0.000010025560945951244
0.232	-0.00001002067464271532
0.233	-0.000010015790903875249
0.234	-0.000010010909729420778
0.23500000000000001	-0.000010006031119331113
0.23600000000000002	-0.000010001155073574985
0.23700000000000002	-9.996281592110676e-6
0.23800000000000002	-9.991410674886079e-6
0.23900000000000002	-9.986542321838728e-6
0.24	-9.981676532895853e-6
0.241	-9.976813307974418e-6
0.242	-9.971952646981164e-6
0.243	-9.967094549812659e-6
0.244	-9.962239016355335e-6
0.245	-9.95738604648554e-6
0.246	-9.952535640069572e-6
0.247	-9.947687796963731e-6
0.248	-9.942842517014353e-6
0.249	-9.937999800057868e-6
0.25	-9.933159645920827e-6
0.251	-9.92832205441996e-6
0.252	-9.923487025362206e-6
0.253	-9.918654558544765e-6
0.254	-9.913824653755142e-6
0.255	-9.908997310771182e-6
0.256	-9.904172529361122e-6
0.257	-9.899350309283625e-6
0.258	-9.894530650287831e-6
0.259	-9.889713552113395e-6
0.26	-9.884899014490531e-6
0.261	-9.880087037140055e-6
0.262	-9.875277619773425e-6
0.263	-9.870470762092788e-6
0.264	-9.865666463791016e-6
0.265	-9.860864724551757e-6
0.266	-9.856065544049467e-6
0.267	-9.85126892194946e-6
0.268	-9.846474857907948e-6
0.269	-9.841683351572078e-6
0.27	-9.836894402579983e-6
0.271	-9.832108010560817e-6
0.272	-9.827324175134796e-6
0.273	-9.822542895913246e-6
0.274	-9.817764172498635e-6
0.275	-9.812988004484627e-6
0.276	-9.808214391456111e-6
0.277	-9.803443332989246e-6
0.278	-9.798674828651511e-6
0.279	-9.793908878001732e-6
0.28	-9.789145480590132e-6
0.281	-9.78438463595837e-6
0.28200000000000003	-9.77962634363958e-6
0.28300000000000003	-9.774870603158416e-6
0.28400000000000003	-9.770117414031087e-6
0.28500000000000003	-9.765366775765398e-6
0.28600000000000003	-9.760618687860798e-6
0.28700000000000003	-9.755873149808414e-6
0.28800000000000003	-9.75113016109109e-6
0.289	-9.746389721183428e-6
0.29	-9.741651829551835e-6
0.291	-9.736916485654552e-6
0.292	-9.732183688941703e-6
0.293	-9.72745343885533e-6
0.294	-9.722725734829433e-6
0.295	-9.71800057629001e-6
0.296	-9.7132779626551e-6
0.297	-9.70855789333482e-6
0.298	-9.703840367731398e-6
0.299	-9.699125385239224e-6
0.3	-9.694412945244879e-6
0.301	-9.68970304712718e-6
0.302	-9.684995690257216e-6
0.303	-9.68029087399839e-6
0.304	-9.675588597706453e-6
0.305	-9.67088886072955e-6
0.306	-9.666191662408247e-6
0.307	-9.661497002075579e-6
0.308	-9.656804879057091e-6
0.309	-9.652115292670866e-6
0.31	-9.647428242227564e-6
0.311	-9.64274372703047e-6
0.312	-9.63806174637553e-6
0.313	-9.633382299551375e-6
0.314	-9.628705385839374e-6
0.315	-9.624031004513669e-6
0.316	-9.619359154841203e-6
0.317	-9.614689836081771e-6
0.318	-9.610023047488047e-6
0.319	-9.605358788305627e-6
0.32	-9.600697057773064e-6
0.321	-9.596037855121902e-6
0.322	-9.591381179576725e-6
0.323	-9.586727030355174e-6
0.324	-9.582075406668e-6
0.325	-9.577426307719096e-6
0.326	-9.572779732705536e-6
0.327	-9.5681356808176e-6
0.328	-9.563494151238828e-6
0.329	-9.558855143146042e-6
0.33	-9.554218655709387e-6
0.331	-9.549584688092368e-6
0.332	-9.544953239451888e-6
0.333	-9.540324308938281e-6
0.334	-9.535697895695342e-6
0.335	-9.531073998860373e-6
0.336	-9.526452617564213e-6
0.337	-9.521833750931277e-6
0.338	-9.517217398079584e-6
0.339	-9.5126035581208e-6
0.34	-9.50799223016027e-6
0.341	-9.503383413297053e-6
0.342	-9.498777106623955e-6
0.343	-9.494173309227567e-6
0.34400000000000003	-9.4895720201883e-6
0.34500000000000003	-9.484973238580417e-6
0.34600000000000003	-9.480373380078611e-6
0.34700000000000003	-9.47576196384724e-6
0.34800000000000003	-9.471153083615462e-6
0.34900000000000003	-9.466546740424138e-6
0.35000000000000003	-9.461942935296928e-6
0.35100000000000003	-9.457341669240354e-6
0.352	-9.452742943243857e-6
0.353	-9.448146758279864e-6
0.354	-9.44355311530385e-6
0.355	-9.438962015254394e-6
0.356	-9.434373459053258e-6
0.357	-9.429787447605432e-6
0.358	-9.425203981799203e-6
0.359	-9.420623062506223e-6
0.36	-9.416044686676017e-6
0.361	-9.411468862975793e-6
0.362	-9.406895588342484e-6
0.363	-9.402324863581573e-6
0.364	-9.3977566894822e-6
0.365	-9.393191066817222e-6
0.366	-9.388627996343284e-6
0.367	-9.384067478800866e-6
0.368	-9.379509514914368e-6
0.369	-9.374954105392152e-6
0.37	-9.370401250926616e-6
0.371	-9.365850952194254e-6
0.372	-9.361303209855719e-6
0.373	-9.356758024555888e-6
0.374	-9.35221539692392e-6
0.375	-9.347675327573321e-6
0.376	-9.343137817102013e-6
0.377	-9.338602866092382e-6
0.378	-9.334070475111355e-6
0.379	-9.329540644710458e-6
0.38	-9.325013375425875e-6
0.381	-9.320488667778516e-6
0.382	-9.315966522274073e-6
0.383	-9.311446939403089e-6
0.384	-9.306929919641021e-6
0.385	-9.302415463448296e-6
0.386	-9.297903571270376e-6
0.387	-9.293394243537824e-6
0.388	-9.28888748066636e-6
0.389	-9.284383283056934e-6
0.39	-9.279881651095773e-6
0.391	-9.275382585154455e-6
0.392	-9.270886085589968e-6
0.393	-9.266392152744773e-6
0.394	-9.261900786946861e-6
0.395	-9.257411988509818e-6
0.396	-9.252925757732892e-6
0.397	-9.248442094901047e-6
0.398	-9.24396100028503e-6
0.399	-9.23948247414143e-6
0.4	-9.23500651671274e-6
0.401	-9.230533128227418e-6
0.402	-9.226062308899955e-6
0.403	-9.221594058930927e-6
0.404	-9.217128378507059e-6
0.405	-9.212665267801291e-6
0.406	-9.208204726972836e-6
0.40700000000000003	-9.203746756167243e-6
0.40800000000000003	-9.199291355516449e-6
0.40900000000000003	-9.19483852513886e-6
0.41000000000000003	-9.190388265139385e-6
0.41100000000000003	-9.185940575609522e-6
0.41200000000000003	-9.181495456627406e-6
0.41300000000000003	-9.17705290825787e-6
0.41400000000000003	-9.172612930552505e-6
0.41500000000000004	-9.16817552354973e-6
0.41600000000000004	-9.163740687274838e-6
0.417	-9.159308421740072e-6
0.418	-9.154878726944669e-6
0.419	-9.15045160287493e-6
0.42	-9.146027049504282e-6
0.421	-9.141605066793335e-6
0.422	-9.137185654689934e-6
0.423	-9.132768813129233e-6
0.424	-9.128354542033743e-6
0.425	-9.123942841313404e-6
0.426	-9.119533710865626e-6
0.427	-9.115127150575367e-6
0.428	-9.110723160315182e-6
0.429	-9.106321739945286e-6
0.43	-9.10192288931361e-6
0.431	-9.097526608255864e-6
0.432	-9.093132896595591e-6
0.433	-9.088741754144231e-6
0.434	-9.084353180701178e-6
0.435	-9.079967176053836e-6
0.436	-9.075583739977675e-6
0.437	-9.071202872236302e-6
0.438	-9.066824572581506e-6
0.439	-9.06244884075332e-6
0.44	-9.058075676480086e-6
0.441	-9.053705079478495e-6
0.442	-9.04933704945367e-6
0.443	-9.044971586099201e-6
0.444	-9.040608689097215e-6
0.445	-9.03624835811843e-6
0.446	-9.031890592822212e-6
0.447	-9.027535392856629e-6
0.448	-9.023182757858522e-6
0.449	-9.018832687453541e-6
0.45	-9.014485181256215e-6
0.451	-9.01014023887001e-6
0.452	-9.005797859887376e-6
0.453	-9.001458043889814e-6
0.454	-8.997120790447923e-6
0.455	-8.99278609912146e-6
0.456	-8.988453969459405e-6
0.457	-8.984124400999998e-6
0.458	-8.97979739327081e-6
0.459	-8.975472945788792e-6
0.46	-8.971151058060335e-6
0.461	-8.96683172958132e-6
0.462	-8.962514959837176e-6
0.463	-8.95820074830294e-6
0.464	-8.953889094443298e-6
0.465	-8.949579997712655e-6
0.466	-8.945273457555189e-6
0.467	-8.940969473404884e-6
0.468	-8.936668044685619e-6
0.46900000000000003	-8.93236917081119e-6
0.47000000000000003	-8.928072851185384e-6
0.47100000000000003	-8.92377908520203e-6
0.47200000000000003	-8.919487872245038e-6
0.47300000000000003	-8.915199211688485e-6
0.47400000000000003	-8.910913102896628e-6
0.47500000000000003	-8.906629545223986e-6
0.47600000000000003	-8.902348538015391e-6
0.47700000000000004	-8.898070080606027e-6
0.47800000000000004	-8.893794172321494e-6
0.47900000000000004	-8.889520812477857e-6
0.48	-8.885250000381701e-6
0.481	-8.880981735330188e-6
0.482	-8.87671601661109e-6
0.483	-8.87245284350287e-6
0.484	-8.868192215274715e-6
0.485	-8.863934131186585e-6
0.486	-8.859678590489287e-6
0.487	-8.855425592424496e-6
0.488	-8.851175136224834e-6
0.489	-8.846927221113906e-6
0.49	-8.842681846306358e-6
0.491	-8.83843901100792e-6
0.492	-8.834198714415469e-6
0.493	-8.82996095571707e-6
0.494	-8.825725734092028e-6
0.495	-8.82149304871095e-6
0.496	-8.817262898735773e-6
0.497	-8.813035283319837e-6
0.498	-8.808810201607921e-6
0.499	-8.804587652736298e-6
0.5	-8.800367635832786e-6
0.503	-8.78772276808326e-6
0.506	-8.775100655846647e-6
0.509	-8.762501274233285e-6
0.512	-8.749924597700303e-6
0.515	-8.737370600063348e-6
0.518	-8.724839254508188e-6
0.521	-8.712330533602235e-6
0.524	-8.69984440930591e-6
0.527	-8.687380852983927e-6
0.53	-8.674939835416453e-6
0.533	-8.662521326810146e-6
0.536	-8.650125296809097e-6
0.539	-8.63775171450564e-6
0.542	-8.625400548451059e-6
0.545	-8.613071766666168e-6
0.548	-8.600765336651793e-6
0.551	-8.58848122539913e-6
0.554	-8.576219399399988e-6
0.557	-8.563979824656917e-6
0.56	-8.551762466693234e-6
0.563	-8.539567290562918e-6
0.5660000000000001	-8.527394260860396e-6
0.569	-8.515243341730235e-6
0.5720000000000001	-8.50311449687669e-6
0.575	-8.491007689573164e-6
0.578	-8.478922882671538e-6
0.581	-8.466860038611405e-6
0.584	-8.454819119429182e-6
0.587	-8.442800086767116e-6
0.59	-8.43080290188217e-6
0.593	-8.41878175370594e-6
0.596	-8.406767601905726e-6
0.599	-8.39477559380701e-6
0.602	-8.382805733879241e-6
0.605	-8.370858024476725e-6
0.608	-8.358932470941882e-6
0.611	-8.347029072374516e-6
0.614	-8.335147828515333e-6
0.617	-8.323288737967183e-6
0.62	-8.31145179821208e-6
0.623	-8.29963700562811e-6
0.626	-8.287844355506276e-6
0.629	-8.276073842067226e-6
0.632	-8.264325458477894e-6
0.635	-8.252599196868021e-6
0.638	-8.240895048346595e-6
0.641	-8.229213003018161e-6
0.644	-8.217553049999029e-6
0.647	-8.205915177433372e-6
0.65	-8.194299372509201e-6
0.653	-8.182705621474222e-6
0.656	-8.171133909651588e-6
0.659	-8.159584221455497e-6
0.662	-8.148056540406706e-6
0.665	-8.13655084914788e-6
0.668	-8.125067129458843e-6
0.671	-8.113605362271685e-6
0.674	-8.10216552768574e-6
0.677	-8.090747604982436e-6
0.6799999999999999	-8.07935157264e-6
0.683	-8.067977408348048e-6
0.6859999999999999	-8.05662508902202e-6
0.6890000000000001	-8.045294590817482e-6
0.692	-8.03398588914431e-6
0.6950000000000001	-8.0226989586807e-6
0.698	-8.011433773387067e-6
0.7010000000000001	-8.000190306519795e-6
0.704	-7.98896853064484e-6
0.7070000000000001	-7.9777684176512e-6
0.71	-7.966589938764241e-6
0.713	-7.955433064558878e-6
0.716	-7.944297764972615e-6
0.719	-7.933184009318447e-6
0.722	-7.922091766297599e-6
0.725	-7.911021004012166e-6
0.728	-7.899971689977546e-6
0.731	-7.888943791134794e-6
0.734	-7.877937273862783e-6
0.737	-7.866952103990258e-6
0.74	-7.855988246807718e-6
0.743	-7.84504566707918e-6
0.746	-7.834124329053776e-6
0.749	-7.823224196477241e-6
0.752	-7.812345232603217e-6
0.755	-7.801487400204454e-6
0.758	-7.790650661583847e-6
0.761	-7.779834978585337e-6
0.764	-7.769040312604686e-6
0.767	-7.758266624600088e-6
0.77	-7.747513875102659e-6
0.773	-7.73678202422679e-6
0.776	-7.72607103168035e-6
0.779	-7.715380856774755e-6
0.782	-7.70471145843492e-6
0.785	-7.694062795209048e-6
0.788	-7.683434825278298e-6
0.7909999999999999	-7.672827506466326e-6
0.794	-7.662240796248677e-6
0.7969999999999999	-7.651674651762063e-6
0.8	-7.641129029813488e-6
0.8029999999999999	-7.630603886889269e-6
0.806	-7.620099179163905e-6
0.8089999999999999	-7.609614862508832e-6
0.812	-7.599150892501043e-6
0.815	-7.588707224431587e-6
0.8180000000000001	-7.578283813313932e-6
0.821	-7.567880613892224e-6
0.8240000000000001	-7.557497580649402e-6
0.827	-7.547134667815205e-6
0.8300000000000001	-7.536791829374038e-6
0.833	-7.526469019072758e-6
0.8360000000000001	-7.516166190428282e-6
0.839	-7.505883296735141e-6
0.8420000000000001	-7.495620291072865e-6
0.845	-7.485377126313283e-6
0.8480000000000001	-7.475153755127694e-6
0.851	-7.464950129993934e-6
0.854	-7.454766203203324e-6
0.857	-7.444601926867507e-6
0.86	-7.434457252925172e-6
0.863	-7.424332133148688e-6
0.866	-7.414226519150601e-6
0.869	-7.404140362390049e-6
0.872	-7.394073614179052e-6
0.875	-7.384026225688717e-6
0.878	-7.373994948802356e-6
0.881	-7.363895721325263e-6
0.884	-7.3538162814210185e-6
0.887	-7.343756625998586e-6
0.89	-7.333716756783089e-6
0.893	-7.323696662208676e-6
0.896	-7.313696338016696e-6
0.899	-7.303715776908049e-6
0.902	-7.293754970577944e-6
0.905	-7.283813909732774e-6
0.908	-7.273892584106843e-6
0.911	-7.263990982479004e-6
0.914	-7.254109092689143e-6
0.917	-7.2442469016545445e-6
0.9199999999999999	-7.234404395386136e-6
0.923	-7.2245815590045765e-6
0.9259999999999999	-7.21477837675624e-6
0.929	-7.204994832029023e-6
0.9319999999999999	-7.1952309073680635e-6
0.935	-7.185486584491258e-6
0.938	-7.175761844304695e-6
0.9410000000000001	-7.1660566669179025e-6
0.944	-7.156371031658971e-6
0.9470000000000001	-7.146704917089514e-6
0.95	-7.1370583010195055e-6
0.9530000000000001	-7.127431160521933e-6
0.956	-7.1178234719473386e-6
0.9590000000000001	-7.10823521093817e-6
0.962	-7.0986663524430205e-6
0.9650000000000001	-7.089116870730672e-6
0.968	-7.079586739404029e-6
0.9710000000000001	-7.07007593141386e-6
0.974	-7.0605844190724155e-6
0.9770000000000001	-7.051112174066865e-6
0.98	-7.041659167472608e-6
0.983	-7.032225369766392e-6
0.986	-7.0228107508393175e-6
0.989	-7.013415280009655e-6
0.992	-7.004038926035523e-6
0.995	-6.994681657127404e-6
0.998	-6.985343440960509e-6
1.001	-6.976024244686985e-6
1.004	-6.966724034947973e-6
1.0070000000000001	-6.9574427778854986e-6
1.01	-6.948180439154229e-6
1.013	-6.938936983933054e-6
1.016	-6.9297123769365295e-6
1.0190000000000001	-6.920506582426168e-6
1.022	-6.911319564221573e-6
1.025	-6.902151285711412e-6
1.028	-6.893001709864261e-6
1.0310000000000001	-6.883870799239283e-6
1.034	-6.874758515996771e-6
1.037	-6.8656648219085135e-6
1.04	-6.856589678368055e-6
1.0430000000000001	-6.847533046400778e-6
1.046	-6.838494886673852e-6
1.049	-6.82947515950603e-6
1.052	-6.820473824877313e-6
1.0550000000000002	-6.811490842438462e-6
1.058	-6.802526171520379e-6
1.061	-6.793579771143327e-6
1.064	-6.784651600026033e-6
1.0670000000000002	-6.775741616594642e-6
1.07	-6.766849778991532e-6
1.073	-6.757976045083997e-6
1.076	-6.749120372472792e-6
1.079	-6.740282718500553e-6
1.0819999999999999	-6.7314630402600624e-6
1.085	-6.7226612946024094e-6
1.088	-6.713877438145005e-6
1.091	-6.705111427279471e-6
1.0939999999999999	-6.696363218179396e-6
1.097	-6.687632766807978e-6
1.1	-6.678920028925526e-6
1.103	-6.670224960096854e-6
1.1059999999999999	-6.6615475156985355e-6
1.109	-6.652887650926049e-6
1.112	-6.644245320800793e-6
1.115	-6.635620480177e-6
1.1179999999999999	-6.627013083748504e-6
1.121	-6.618423086055424e-6
1.124	-6.609850441490708e-6
1.127	-6.601295104306573e-6
1.13	-6.592757028620839e-6
1.133	-6.58423616842313e-6
1.1360000000000001	-6.575732477580999e-6
1.139	-6.567245909845909e-6
1.142	-6.558776418859137e-6
1.145	-6.550323958157545e-6
1.1480000000000001	-6.541888481179271e-6
1.151	-6.533469941269304e-6
1.154	-6.525068291684955e-6
1.157	-6.516683485601228e-6
1.1600000000000001	-6.508315476116111e-6
1.163	-6.4999642162557305e-6
1.166	-6.491629658979448e-6
1.169	-6.483311757184839e-6
1.1720000000000002	-6.475010463712582e-6
1.175	-6.4667257313512575e-6
1.178	-6.458457512842049e-6
1.181	-6.4502057608833675e-6
1.1840000000000002	-6.441970428135364e-6
1.187	-6.433751467224377e-6
1.19	-6.4255488307472805e-6
1.193	-6.417362471275746e-6
1.1960000000000002	-6.4091923413604265e-6
1.199	-6.40103839353505e-6
1.202	-6.392900580320442e-6
1.205	-6.384778854228451e-6
1.208	-6.3766731677658085e-6
1.2109999999999999	-6.368583473437905e-6
1.214	-6.360509723752485e-6
1.217	-6.352451871223277e-6
1.22	-6.344409868373534e-6
1.2229999999999999	-6.336383667739511e-6
1.226	-6.32837322187386e-6
1.229	-6.320370357239593e-6
1.232	-6.312260386807392e-6
1.2349999999999999	-6.304166854820426e-6
1.238	-6.296089769930102e-6
1.241	-6.288029109363747e-6
1.244	-6.2799848707753566e-6
1.2469999999999999	-6.271957045507776e-6
1.25	-6.263945624062244e-6
1.2530000000000001	-6.255950596113313e-6
1.256	-6.2479719505236386e-6
1.259	-6.240009675358661e-6
1.262	-6.232063757901155e-6
1.2650000000000001	-6.224134184665649e-6
1.268	-6.216220941412742e-6
1.271	-6.208324013163247e-6
1.274	-6.200443384212251e-6
1.2770000000000001	-6.192579038143009e-6
1.28	-6.184730957840716e-6
1.283	-6.176899125506148e-6
1.286	-6.169083522669152e-6
1.2890000000000001	-6.161284130202016e-6
1.292	-6.153500928332687e-6
1.295	-6.1457338966578545e-6
1.298	-6.137983014155886e-6
1.3010000000000002	-6.130248259199644e-6
1.304	-6.122529609569124e-6
1.307	-6.1148270424639826e-6
1.31	-6.1071405345159034e-6
1.3130000000000002	-6.099470061800837e-6
1.316	-6.0918155998510735e-6
1.319	-6.0841771236671895e-6
1.322	-6.076554607729846e-6
1.3250000000000002	-6.068948026011439e-6
1.328	-6.061357351987612e-6
1.331	-6.053782558648616e-6
1.334	-6.046223618510529e-6
1.337	-6.03868050362634e-6
1.3399999999999999	-6.031153185596869e-6
1.343	-6.023641635581571e-6
1.346	-6.01614582430917e-6
1.349	-6.0086657220881665e-6
1.3519999999999999	-6.001201298817201e-6
1.355	-5.993752523995275e-6
1.358	-5.98631936673182e-6
1.361	-5.978901795756648e-6
1.3639999999999999	-5.97149977942974e-6
1.367	-5.9641132857509125e-6
1.37	-5.9567422823693326e-6
1.373	-5.949386736592905e-6
1.376	-5.94204661539751e-6
1.379	-5.934721885436128e-6
1.3820000000000001	-5.927412513047798e-6
1.385	-5.920118464266473e-6
1.388	-5.912839704829714e-6
1.391	-5.905576200187272e-6
1.3940000000000001	-5.898327915509536e-6
1.397	-5.891094815695833e-6
1.4	-5.883876865382622e-6
1.403	-5.876674028951545e-6
1.4060000000000001	-5.86948627053736e-6
1.409	-5.8623135540357325e-6
1.412	-5.855155843110923e-6
1.415	-5.848013101203335e-6
1.4180000000000001	-5.840885291536944e-6
1.421	-5.833772377126609e-6
1.424	-5.826674320785258e-6
1.427	-5.819591085130955e-6
1.4300000000000002	-5.812522632593857e-6
1.433	-5.8054689254230425e-6
1.436	-5.798429925693227e-6
1.439	-5.791405595311374e-6
1.4420000000000002	-5.784395896023174e-6
1.445	-5.777400789419441e-6
1.448	-5.770420236942356e-6
1.451	-5.763454199891644e-6
1.4540000000000002	-5.756502639430612e-6
1.457	-5.7495655165921e-6
1.46	-5.74264279228431e-6
1.463	-5.735734427296542e-6
1.466	-5.72884038230482e-6
1.4689999999999999	-5.721960617877421e-6
1.472	-5.7150950944803e-6
1.475	-5.708243772482416e-6
1.478	-5.70140661216096e-6
1.4809999999999999	-5.69458357370648e-6
1.484	-5.687774617227926e-6
1.487	-5.680979702757584e-6
1.49	-5.674198790255925e-6
1.4929999999999999	-5.667431839616353e-6
1.496	-5.6606788106698776e-6
1.499	-5.653939663189685e-6
1.502	-5.6472143568956195e-6
1.5050000000000001	-5.640502851458589e-6
1.508	-5.6338051065048645e-6
1.5110000000000001	-5.627121081620326e-6
1.514	-5.620450736354586e-6
1.5170000000000001	-5.6137940302250635e-6
1.52	-5.607150922720961e-6
1.5230000000000001	-5.6005213733071565e-6
1.526	-5.593905341428037e-6
1.529	-5.587302786511223e-6
1.532	-5.580713667971252e-6
1.535	-5.574137945213159e-6
1.538	-5.567575577635989e-6
1.541	-5.561026524636246e-6
1.544	-5.554490745611259e-6
1.547	-5.547968199962482e-6
1.55	-5.541458847098717e-6
1.553	-5.5349626464392854e-6
1.556	-5.5284795574170984e-6
1.559	-5.522009539481709e-6
1.562	-5.51555255210224e-6
1.565	-5.509108554770305e-6
1.568	-5.502677507002816e-6
1.571	-5.496259368344766e-6
1.574	-5.489854098371924e-6
1.577	-5.483461656693485e-6
1.58	-5.477082002954646e-6
1.583	-5.470715096839144e-6
1.586	-5.4643608980717115e-6
1.589	-5.458019366420491e-6
1.592	-5.451690461699391e-6
1.595	-5.445374143770382e-6
1.598	-5.439070372545744e-6
1.601	-5.432779107990255e-6
1.604	-5.42650031012333e-6
1.607	-5.420233939021114e-6
1.61	-5.413979954818512e-6
1.613	-5.407738317711177e-6
1.616	-5.401508987957451e-6
1.619	-5.3952919258802545e-6
1.622	-5.389087091868924e-6
1.625	-5.382894446381014e-6
1.6280000000000001	-5.376713949944041e-6
1.631	-5.370545563157199e-6
1.6340000000000001	-5.364389246693005e-6
1.637	-5.358244961298935e-6
1.6400000000000001	-5.35211266779898e-6
1.643	-5.3459923270952005e-6
1.6460000000000001	-5.339883900169199e-6
1.649	-5.333787348083585e-6
1.6520000000000001	-5.32770263198338e-6
1.655	-5.321629713097397e-6
1.658	-5.3155685527395706e-6
1.661	-5.309519112310258e-6
1.664	-5.303481353297495e-6
1.667	-5.297455237278228e-6
1.67	-5.2914407259194976e-6
1.673	-5.285437780979595e-6
1.676	-5.279446364309178e-6
1.679	-5.273466437852365e-6
1.682	-5.267497963647779e-6
1.685	-5.261346371905961e-6
1.688	-5.255203892404743e-6
1.691	-5.2490740368608545e-6
1.694	-5.2429567378370385e-6
1.697	-5.2368520116949485e-6
1.7	-5.230759851848023e-6
1.703	-5.224680251051895e-6
1.706	-5.2186132014161365e-6
1.709	-5.212558694415908e-6
1.712	-5.20651672090352e-6
1.715	-5.200487271119888e-6
1.718	-5.194470334705892e-6
1.721	-5.188465900713631e-6
1.724	-5.182473957617582e-6
1.727	-5.176494493325651e-6
1.73	-5.170527495190114e-6
1.733	-5.164572950018462e-6
1.736	-5.158630844084129e-6
1.739	-5.152701163137115e-6
1.742	-5.1467838924145074e-6
1.745	-5.140879016650873e-6
1.748	-5.1349865200885626e-6
1.7510000000000001	-5.129106386487882e-6
1.754	-5.12323859913717e-6
1.7570000000000001	-5.117383140862746e-6
1.76	-5.11153999403876e-6
1.7630000000000001	-5.105709140596919e-6
1.766	-5.099890562036103e-6
1.7690000000000001	-5.094084239431864e-6
1.772	-5.088290153445818e-6
1.7750000000000001	-5.0825082843349135e-6
1.778	-5.0767386119605926e-6
1.781	-5.070981115797829e-6
1.784	-5.065235774944067e-6
1.787	-5.0595025681280235e-6
1.79	-5.0537814737184e-6
1.793	-5.04807246973246e-6
1.796	-5.04237553384451e-6
1.799	-5.036690643394253e-6
1.802	-5.031017775395031e-6
1.805	-5.025356906541972e-6
1.808	-5.019708013219994e-6
1.811	-5.0140710715117246e-6
1.814	-5.008446057205295e-6
1.817	-5.002832945802028e-6
1.82	-4.99723171252401e-6
1.823	-4.991642332321565e-6
1.826	-4.986064779880601e-6
1.829	-4.9804990296298696e-6
1.832	-4.974945055748102e-6
1.835	-4.969402832171041e-6
1.838	-4.9638723325983695e-6
1.841	-4.958353530500536e-6
1.844	-4.952846399125465e-6
1.847	-4.947350911505176e-6
1.85	-4.941867040462286e-6
1.853	-4.936394758616425e-6
1.856	-4.930934038390533e-6
1.859	-4.925484852017072e-6
1.862	-4.920047171544122e-6
1.865	-4.914620968841395e-6
1.868	-4.90920621560614e-6
1.871	-4.903802883368952e-6
1.874	-4.898410943499488e-6
1.877	-4.893030367212084e-6
1.8800000000000001	-4.8876611255712815e-6
1.883	-4.8823031894972594e-6
1.8860000000000001	-4.87695652977117e-6
1.889	-4.871621117040392e-6
1.8920000000000001	-4.86629692182368e-6
1.895	-4.860983914516236e-6
1.8980000000000001	-4.855682065394689e-6
1.901	-4.850391344621985e-6
1.9040000000000001	-4.8451117222521934e-6
1.907	-4.839843168235224e-6
1.91	-4.8345856524214636e-6
1.913	-4.829339144566325e-6
1.916	-4.824103614334721e-6
1.919	-4.818879031305445e-6
1.922	-4.813665364975484e-6
1.925	-4.808462584764241e-6
1.928	-4.803270660017685e-6
1.931	-4.798089560012424e-6
1.934	-4.7929192539596965e-6
1.937	-4.787759711009293e-6
1.94	-4.782610900253399e-6
1.943	-4.777472790730367e-6
1.946	-4.772345351428414e-6
1.949	-4.767228551289249e-6
1.952	-4.762122359211627e-6
1.955	-4.757026744054837e-6
1.958	-4.75194167464212e-6
1.961	-4.746867119764018e-6
1.964	-4.741803048181659e-6
1.967	-4.736749428629968e-6
1.97	-4.731706229820828e-6
1.973	-4.726673420446162e-6
1.976	-4.721650969180962e-6
1.979	-4.716638844686248e-6
1.982	-4.7116370156119746e-6
1.985	-4.706645450599867e-6
1.988	-4.701664118286212e-6
1.991	-4.696692987304571e-6
1.994	-4.691732026288451e-6
1.997	-4.686781203873921e-6
2.	-4.681840488702148e-6
2.003	-4.676909849421911e-6
2.0060000000000002	-4.671989254692042e-6
2.0090000000000003	-4.6670786731838085e-6
2.012	-4.662178073583263e-6
2.015	-4.657287424593521e-6
2.018	-4.652406694937002e-6
2.021	-4.64753585335761e-6
2.024	-4.64267486862288e-6
2.027	-4.637823709526049e-6
2.0300000000000002	-4.632982344888118e-6
2.0330000000000004	-4.628150743559826e-6
2.036	-4.6233288744236086e-6
2.0389999999999997	-4.618516706395497e-6
2.042	-4.613714208426972e-6
2.045	-4.608921349506785e-6
2.048	-4.604138098662722e-6
2.051	-4.599364424963335e-6
2.0540000000000003	-4.594600297519624e-6
2.057	-4.589845685486689e-6
2.06	-4.585100558065328e-6
2.0629999999999997	-4.580364884503608e-6
2.066	-4.575638634098386e-6
2.069	-4.570921776196804e-6
2.072	-4.566214280197733e-6
2.075	-4.56151611555319e-6
2.0780000000000003	-4.556827251769716e-6
2.081	-4.552147658409717e-6
2.084	-4.547477305092768e-6
2.0869999999999997	-4.54281616149689e-6
2.09	-4.538164197359784e-6
2.093	-4.533521382480038e-6
2.096	-4.528887686718305e-6
2.099	-4.524263079998431e-6
2.1020000000000003	-4.519647532308581e-6
2.105	-4.5150410137023025e-6
2.108	-4.510443494299579e-6
2.1109999999999998	-4.5058549442878535e-6
2.114	-4.501275333923007e-6
2.117	-4.496704633530331e-6
2.12	-4.492142813505452e-6
2.123	-4.487589844315234e-6
2.1260000000000003	-4.483045696498667e-6
2.129	-4.478510340667706e-6
2.132	-4.473983747508105e-6
2.135	-4.469465887780208e-6
2.138	-4.464956732319731e-6
2.141	-4.460456252038509e-6
2.144	-4.455964417925217e-6
2.1470000000000002	-4.4514812010460815e-6
2.1500000000000004	-4.447006572545547e-6
2.153	-4.44254050364694e-6
2.156	-4.438082965653099e-6
2.159	-4.433633929946989e-6
2.162	-4.429193367992287e-6
2.165	-4.424761251333952e-6
2.168	-4.420337551598775e-6
2.1710000000000003	-4.415922240495906e-6
2.174	-4.411515289817362e-6
2.177	-4.407116671438512e-6
2.1799999999999997	-4.402726357318556e-6
2.183	-4.39834431950096e-6
2.186	-4.393970530113907e-6
2.189	-4.389604961370694e-6
2.192	-4.385247585570143e-6
2.1950000000000003	-4.380898375096971e-6
2.198	-4.376533618294546e-6
2.201	-4.372201061338928e-6
2.2039999999999997	-4.367876585614643e-6
2.207	-4.363560163759573e-6
2.21	-4.359251768500897e-6
2.213	-4.354951372655378e-6
2.216	-4.350658949129649e-6
2.2190000000000003	-4.346374470920466e-6
2.222	-4.342097911114966e-6
2.225	-4.337829242890893e-6
2.2279999999999998	-4.333568439516822e-6
2.231	-4.329315474352353e-6
2.234	-4.325070320848319e-6
2.237	-4.320832952546944e-6
2.24	-4.316603343082019e-6
2.2430000000000003	-4.312381466179048e-6
2.246	-4.308167295655387e-6
2.249	-4.303960805420364e-6
2.252	-4.299761969475402e-6
2.255	-4.295570761914112e-6
2.258	-4.291387156922385e-6
2.261	-4.2872111287784715e-6
2.2640000000000002	-4.283042651853047e-6
2.2670000000000003	-4.2788817006092665e-6
2.27	-4.274728249602816e-6
2.273	-4.270582273481936e-6
2.276	-4.26644374698746e-6
2.279	-4.262312644952814e-6
2.282	-4.2581889423040425e-6
2.285	-4.254072614059781e-6
2.2880000000000003	-4.249963635331258e-6
2.2910000000000004	-4.245861981322265e-6
2.294	-4.24176762732913e-6
2.2969999999999997	-4.237680548740671e-6
2.3	-4.233600721038153e-6
2.303	-4.229528119795227e-6
2.306	-4.225462720677869e-6
2.309	-4.221404499444305e-6
2.3120000000000003	-4.217353431944928e-6
2.315	-4.213309494122215e-6
2.318	-4.20927266201063e-6
2.3209999999999997	-4.204525512641855e-6
2.324	-4.2001721596105095e-6
2.327	-4.195827811169032e-6
2.33	-4.191492466199335e-6
2.333	-4.1871661230500964e-6
2.3360000000000003	-4.182848779545387e-6
2.339	-4.178540432993235e-6
2.342	-4.174241080194146e-6
2.3449999999999998	-4.169950717449543e-6
2.348	-4.165669340570175e-6
2.351	-4.161396944884442e-6
2.354	-4.157133525246672e-6
2.357	-4.152879076045327e-6
2.3600000000000003	-4.148633591211148e-6
2.363	-4.1443970642252405e-6
2.366	-4.140197237379686e-6
2.3689999999999998	-4.135979772416919e-6
2.372	-4.131771258199309e-6
2.375	-4.127571685812497e-6
2.378	-4.123381045929356e-6
2.3810000000000002	-4.119199328818221e-6
2.3840000000000003	-4.115026524351029e-6
2.387	-4.110862622011384e-6
2.39	-4.10670761090253e-6
2.393	-4.1025614797552426e-6
2.396	-4.098424216935628e-6
2.399	-4.094295810452845e-6
2.402	-4.090176247966732e-6
2.4050000000000002	-4.086065516795351e-6
2.4080000000000004	-4.081963603922435e-6
2.411	-4.077870496004763e-6
2.414	-4.073786179379428e-6
2.417	-4.069710640071033e-6
2.42	-4.065643863798786e-6
2.423	-4.061585835983513e-6
2.426	-4.05753654175458e-6
2.4290000000000003	-4.053495965956726e-6
2.432	-4.049464093156811e-6
2.435	-4.045440907650461e-6
2.4379999999999997	-4.041426393468648e-6
2.441	-4.0374205343841615e-6
2.444	-4.033423313918001e-6
2.447	-4.029434715345678e-6
2.45	-4.025454721703436e-6
2.4530000000000003	-4.02148331579437e-6
2.456	-4.017520480194474e-6
2.459	-4.013566197258592e-6
2.4619999999999997	-4.009620449126289e-6
2.465	-4.005683217727631e-6
2.468	-4.001754484788878e-6
2.471	-3.997834231838112e-6
2.474	-3.993922440210746e-6
2.4770000000000003	-3.990019091054979e-6
2.48	-3.9861241653371565e-6
2.483	-3.982237643847043e-6
2.4859999999999998	-3.978359507203029e-6
2.489	-3.974489735857233e-6
2.492	-3.97062831010055e-6
2.495	-3.96677521006759e-6
2.498	-3.962930415741569e-6
2.501	-3.959093906959093e-6
2.504	-3.955265663414876e-6
2.507	-3.951445664666385e-6
2.5100000000000002	-3.947633890138404e-6
2.513	-3.943830319127519e-6
2.516	-3.9400349308065234e-6
2.519	-3.936247704228768e-6
2.5220000000000002	-3.932468618332417e-6
2.525	-3.92869765194464e-6
2.528	-3.924934783785726e-6
2.531	-3.921179992473141e-6
2.5340000000000003	-3.917433256525491e-6
2.537	-3.913694554366438e-6
2.54	-3.9099638643285285e-6
2.543	-3.906241164656966e-6
2.5460000000000003	-3.9025264335133155e-6
2.549	-3.898819648979128e-6
2.552	-3.895120789059509e-6
2.555	-3.891429831686632e-6
2.558	-3.887746754723162e-6
2.561	-3.884071535965638e-6
2.564	-3.880404153147782e-6
2.567	-3.876744583943744e-6
2.57	-3.873092805971296e-6
2.573	-3.869448796794953e-6
2.576	-3.865812533929045e-6
2.579	-3.862183994840721e-6
2.582	-3.858563156952904e-6
2.585	-3.854949997647173e-6
2.588	-3.851344494266614e-6
2.591	-3.84774662411859e-6
2.594	-3.844156364477464e-6
2.597	-3.840573692587279e-6
2.6	-3.836998585664366e-6
2.603	-3.833431020899911e-6
2.606	-3.829870975462474e-6
2.609	-3.826318426500435e-6
2.612	-3.822773351144419e-6
2.615	-3.819235726509648e-6
2.618	-3.815705529698255e-6
2.621	-3.8121827378015456e-6
2.624	-3.808667327902219e-6
2.6270000000000002	-3.805159277076525e-6
2.63	-3.801658562396399e-6
2.633	-3.79816516093153e-6
2.636	-3.794679049751397e-6
2.6390000000000002	-3.791200205927252e-6
2.642	-3.7877286065340754e-6
2.645	-3.784264228652462e-6
2.648	-3.7808070493704942e-6
2.6510000000000002	-3.777357045785553e-6
2.654	-3.773914195006097e-6
2.657	-3.7704784741534034e-6
2.66	-3.767049860363261e-6
2.6630000000000003	-3.7636283307876326e-6
2.666	-3.7602138625962753e-6
2.669	-3.7568064329783245e-6
2.672	-3.75340601914384e-6
2.6750000000000003	-3.750012598325317e-6
2.678	-3.7466261477791627e-6
2.681	-3.743246644787131e-6
2.684	-3.7398740666577322e-6
2.687	-3.7365083907276054e-6
2.69	-3.7331495943628507e-6
2.693	-3.7297976549603393e-6
2.696	-3.726452549948987e-6
2.699	-3.723114256790992e-6
2.702	-3.7197827529830466e-6
2.705	-3.71645801605752e-6
2.708	-3.7131400235836033e-6
2.711	-3.7098287531684342e-6
2.714	-3.7065241824581854e-6
2.717	-3.7032262891391298e-6
2.72	-3.6999350509386732e-6
2.723	-3.6966504456263633e-6
2.726	-3.6933724510148703e-6
2.729	-3.6901010449609415e-6
2.732	-3.6868362053663303e-6
2.735	-3.683577910178693e-6
2.738	-3.680326137392478e-6
2.741	-3.6770808650497673e-6
2.744	-3.673842071241111e-6
2.747	-3.6706097341063336e-6
2.75	-3.667383831835315e-6
2.753	-3.6641643426687457e-6
2.7560000000000002	-3.6609512448988726e-6
2.759	-3.6577445168702068e-6
2.762	-3.654544136980219e-6
2.765	-3.6513500836800126e-6
2.7680000000000002	-3.648162335474975e-6
2.771	-3.644980870925409e-6
2.774	-3.6418056686471444e-6
2.777	-3.638636707312128e-6
2.7800000000000002	-3.635473965649001e-6
2.783	-3.6323174224436473e-6
2.786	-3.6291670565397326e-6
2.789	-3.6260228468392197e-6
2.7920000000000003	-3.6228847723028697e-6
2.795	-3.6197528119507243e-6
2.798	-3.616626944862569e-6
2.801	-3.613507150178384e-6
2.8040000000000003	-3.6103934070987773e-6
2.807	-3.6072856948853957e-6
2.81	-3.604183992861331e-6
2.813	-3.6010882804115034e-6
2.816	-3.59799853698303e-6
2.819	-3.5949147420855812e-6
2.822	-3.5918368752917216e-6
2.825	-3.588764916237238e-6
2.828	-3.5856988446214497e-6
2.831	-3.582638640207506e-6
2.834	-3.5795842828226773e-6
2.837	-3.576535752358628e-6
2.84	-3.5734930287716676e-6
2.843	-3.57045609208301e-6
2.846	-3.567424922378999e-6
2.849	-3.564399499811339e-6
2.852	-3.5613798045973026e-6
2.855	-3.558365817019931e-6
2.858	-3.555357517428224e-6
2.861	-3.552354886237319e-6
2.864	-3.5493579039286528e-6
2.867	-3.5463665510501274e-6
2.87	-3.5433808082162467e-6
2.873	-3.5404006561082613e-6
2.876	-3.537426075474286e-6
2.879	-3.5344570471294257e-6
2.882	-3.5314935519558767e-6
2.8850000000000002	-3.5285355709030284e-6
2.888	-3.5255830849875513e-6
2.891	-3.5226360752934733e-6
2.894	-3.5196945229722593e-6
2.8970000000000002	-3.5167584092428708e-6
2.9	-3.5138277153918196e-6
2.903	-3.510902422773215e-6
2.906	-3.5079825128088074e-6
2.9090000000000003	-3.505067966988016e-6
2.912	-3.5021587668679536e-6
2.915	-3.499254894073446e-6
2.918	-3.4963563302970344e-6
2.9210000000000003	-3.4934630572989906e-6
2.924	-3.490575056907301e-6
2.927	-3.4876923110176605e-6
2.93	-3.4848148015934574e-6
2.933	-3.4819425106657483e-6
2.936	-3.4790754203332254e-6
2.939	-3.4762135127621867e-6
2.942	-3.473356770186487e-6
2.945	-3.4705051749074984e-6
2.948	-3.4676587092940508e-6
2.951	-3.4648173557823766e-6
2.954	-3.461981096876048e-6
2.957	-3.459149915145905e-6
2.96	-3.456323793229984e-6
2.963	-3.4535027138334356e-6
2.966	-3.450686659728445e-6
2.969	-3.4478756137541422e-6
2.972	-3.4450695588165048e-6
2.975	-3.4422684778882686e-6
2.978	-3.439472354008816e-6
2.981	-3.4366811702840823e-6
2.984	-3.433894909886433e-6
2.987	-3.431113556054557e-6
2.99	-3.4283370920933466e-6
2.993	-3.425565501373779e-6
2.996	-3.422798767332785e-6
2.999	-3.4200368734731222e-6
3.0020000000000002	-3.417279803363247e-6
3.005	-3.414527540637175e-6
3.008	-3.411780068994338e-6
3.011	-3.409037372199451e-6
3.0140000000000002	-3.406299434082357e-6
3.017	-3.4035662385378876e-6
3.02	-3.400837769525704e-6
3.023	-3.398114011070148e-6
3.0260000000000002	-3.3953949472600816e-6
3.029	-3.392680562248731e-6
3.032	-3.3899708402535227e-6
3.035	-3.387265765555917e-6
3.0380000000000003	-3.3845653225012444e-6
3.041	-3.3818694954985345e-6
3.044	-3.379178269020342e-6
3.047	-3.37649162760258e-6
3.0500000000000003	-3.3738095558443333e-6
3.053	-3.3711320384076907e-6
3.056	-3.36845906001756e-6
3.059	-3.3657906054614823e-6
3.062	-3.3631266595894586e-6
3.065	-3.360467207313753e-6
3.068	-3.3578122336087127e-6
3.071	-3.3551617235105765e-6
3.074	-3.352515662117283e-6
3.077	-3.3498740345882813e-6
3.08	-3.347236826144334e-6
3.083	-3.344604022067327e-6
3.086	-3.341975607700065e-6
3.089	-3.339351568446082e-6
3.092	-3.3367318897694393e-6
3.095	-3.3341165571945234e-6
3.098	-3.331505556305846e-6
3.101	-3.328898872747841e-6
3.104	-3.326296492224663e-6
3.107	-3.323698400499979e-6
3.11	-3.3210698980524052e-6
3.113	-3.3184810788858904e-6
3.116	-3.3158964997171866e-6
3.119	-3.3133161464563958e-6
3.122	-3.3107400050741083e-6
3.125	-3.3081680616011838e-6
3.128	-3.305600302128535e-6
3.1310000000000002	-3.3030367128069058e-6
3.134	-3.3004772798466525e-6
3.137	-3.2979219895175188e-6
3.14	-3.295370828148416e-6
3.1430000000000002	-3.292823782127201e-6
3.146	-3.290280837900449e-6
3.149	-3.2877419819732316e-6
3.152	-3.285207200908891e-6
3.1550000000000002	-3.282676481328812e-6
3.158	-3.280149809912199e-6
3.161	-3.2776271733958464e-6
3.164	-3.2751085585739107e-6
3.1670000000000003	-3.272593952297687e-6
3.17	-3.2700833414753755e-6
3.173	-3.267576713071853e-6
3.176	-3.2650740541084494e-6
3.1790000000000003	-3.262575351662711e-6
3.182	-3.260080592868175e-6
3.185	-3.2575897649141396e-6
3.188	-3.255102855045433e-6
3.191	-3.2526198505621815e-6
3.194	-3.250140738819581e-6
3.197	-3.247665507227665e-6
3.2	-3.2451941432510757e-6
3.203	-3.242726634408833e-6
3.206	-3.2402629682741e-6
3.209	-3.2378031324739565e-6
3.212	-3.2353471146891644e-6
3.215	-3.2328949026539432e-6
3.218	-3.230446484155729e-6
3.221	-3.228001847034955e-6
3.224	-3.2255609791848113e-6
3.227	-3.2231238685510206e-6
3.23	-3.2206905031316064e-6
3.233	-3.2182608709766615e-6
3.236	-3.2158349601881188e-6
3.239	-3.2134127589195232e-6
3.242	-3.2109942553757987e-6
3.245	-3.2085794378130236e-6
3.248	-3.2061682945381974e-6
3.251	-3.2037608139090135e-6
3.254	-3.2013569843336325e-6
3.257	-3.1989567942704533e-6
3.2600000000000002	-3.1965602322278847e-6
3.263	-3.1941672867641173e-6
3.266	-3.1917779464869016e-6
3.269	-3.1893922000533135e-6
3.2720000000000002	-3.1870100361695376e-6
3.275	-3.1846314435906325e-6
3.278	-3.1822564111203113e-6
3.281	-3.1798849276107153e-6
3.2840000000000003	-3.177516981962192e-6
3.287	-3.1751525631230663e-6
3.29	-3.1727916600894236e-6
3.293	-3.170434261904879e-6
3.2960000000000003	-3.168080357660366e-6
3.299	-3.165729936493905e-6
3.302	-3.1633829875903873e-6
3.305	-3.1610395001813523e-6
3.3080000000000003	-3.15869946354477e-6
3.311	-3.15663203927594e-6
3.314	-3.1544470555240054e-6
3.317	-3.152262040101256e-6
3.32	-3.15007700982881e-6
3.323	-3.1478919815758088e-6
3.326	-3.145706972256705e-6
3.329	-3.143521998828566e-6
3.332	-3.1413370782883935e-6
3.335	-3.139152227670466e-6
3.338	-3.136967464043695e-6
3.341	-3.134782804509001e-6
3.344	-3.1325982661967142e-6
3.347	-3.1304138662639865e-6
3.35	-3.128229621892231e-6
3.353	-3.126045550284576e-6
3.356	-3.1238616686633464e-6
3.359	-3.1216779942675605e-6
3.362	-3.1194945443504515e-6
3.365	-3.1173113361770115e-6
3.368	-3.115128387021556e-6
3.371	-3.1129457141653102e-6
3.374	-3.1107633348940226e-6
3.3770000000000002	-3.1085812664955975e-6
3.38	-3.106399526257751e-6
3.383	-3.1042181314656967e-6
3.386	-3.1020370993998475e-6
3.3890000000000002	-3.099856447333544e-6
3.392	-3.0976761925308153e-6
3.395	-3.0954963522441498e-6
3.398	-3.0933169437123054e-6
3.4010000000000002	-3.0911379841581348e-6
3.404	-3.0889594907864428e-6
3.407	-3.086781480781865e-6
3.41	-3.0846039713067765e-6
3.4130000000000003	-3.0824269794992184e-6
3.416	-3.0802505224708612e-6
3.419	-3.0780746173049856e-6
3.422	-3.0758992810544963e-6
3.4250000000000003	-3.073724530739958e-6
3.428	-3.071550383347656e-6
3.431	-3.069376855827693e-6
3.434	-3.0672039650921033e-6
3.4370000000000003	-3.065031728012994e-6
3.44	-3.062860161420723e-6
3.443	-3.0606892821020946e-6
3.446	-3.0585191067985827e-6
3.449	-3.0563496522045885e-6
3.452	-3.054180934965716e-6
3.455	-3.052012971677085e-6
3.458	-3.04984577888166e-6
3.461	-3.047679373068618e-6
3.464	-3.0455137706717315e-6
3.467	-3.043348988067794e-6
3.47	-3.0411850415750575e-6
3.473	-3.0390219474517076e-6
3.476	-3.0368597218943596e-6
3.479	-3.034698381036589e-6
3.482	-3.0325379409474806e-6
3.485	-3.0303784176302156e-6
3.488	-3.0282198270206707e-6
3.491	-3.026062184986061e-6
3.494	-3.023905507323601e-6
3.497	-3.02174980975919e-6
3.5	-3.0195951079461324e-6
3.503	-3.017441417463878e-6
3.5060000000000002	-3.015288753816794e-6
3.509	-3.0131371324329596e-6
3.512	-3.0109865686629905e-6
3.515	-3.008837077778886e-6
3.5180000000000002	-3.006688674972909e-6
3.521	-3.004541375356482e-6
3.524	-3.002395193959121e-6
3.527	-3.0002501457273868e-6
3.5300000000000002	-2.9981062455238634e-6
3.533	-2.995963508126167e-6
3.536	-2.9938219482259736e-6
3.539	-2.991681580428079e-6
3.5420000000000003	-2.989542419249476e-6
3.545	-2.9874044791184646e-6
3.548	-2.9852677743737844e-6
3.551	-2.983132319263768e-6
3.5540000000000003	-2.980998127945522e-6
3.557	-2.9788652144841354e-6
3.56	-2.9767335928519065e-6
3.563	-2.974603276927597e-6
3.5660000000000003	-2.9724742804957097e-6
3.569	-2.97034661724579e-6
3.572	-2.96822030077175e-6
3.575	-2.966095344571215e-6
3.578	-2.9639717620448967e-6
3.581	-2.961849566495984e-6
3.584	-2.959728771129563e-6
3.587	-2.9576093890520522e-6
3.59	-2.9554914332706648e-6
3.593	-2.953374916692889e-6
3.596	-2.951259852126002e-6
3.599	-2.949146252276584e-6
3.602	-2.9470341297500734e-6
3.605	-2.944923497050332e-6
3.608	-2.9428143665792386e-6
3.611	-2.9407067506362947e-6
3.614	-2.9386006614182592e-6
3.617	-2.936496111018796e-6
3.62	-2.934393111428148e-6
3.623	-2.932291674532826e-6
3.626	-2.93019181211532e-6
3.629	-2.9280935358538244e-6
3.632	-2.9259968573219953e-6
3.6350000000000002	-2.923901787988709e-6
3.638	-2.9218083392178518e-6
3.641	-2.9197165222681242e-6
3.644	-2.9176263482928647e-6
3.6470000000000002	-2.9155378283398845e-6
3.65	-2.9134509733513332e-6
3.653	-2.9113657941635633e-6
3.656	-2.9092823015070342e-6
3.6590000000000003	-2.907200506006214e-6
3.662	-2.9051204181795054e-6
3.665	-2.90304204843919e-6
3.668	-2.9009654070913866e-6
3.6710000000000003	-2.8988905043360245e-6
3.674	-2.896817350266833e-6
3.677	-2.894745954871347e-6
3.68	-2.8926763280309277e-6
3.6830000000000003	-2.890608479520797e-6
3.686	-2.888542419010093e-6
3.689	-2.886478156061922e-6
3.692	-2.8844157001334535e-6
3.6950000000000003	-2.8823550605759995e-6
3.698	-2.8802962466351294e-6
3.701	-2.8782392674507855e-6
3.704	-2.876184132057417e-6
3.707	-2.8741308493841313e-6
3.71	-2.8720794282548446e-6
3.713	-2.87002987738846e-6
3.716	-2.8679822053990504e-6
3.719	-2.865936420796055e-6
3.722	-2.863892531984483e-6
3.725	-2.8618505472651416e-6
3.728	-2.8598104748348588e-6
3.731	-2.857772322786731e-6
3.734	-2.855736099110376e-6
3.737	-2.8537018116921934e-6
3.74	-2.8516694683156447e-6
3.743	-2.8496390766615332e-6
3.746	-2.8476106443083023e-6
3.749	-2.8455841787323408e-6
3.7520000000000002	-2.843559687308294e-6
3.755	-2.841537177309392e-6
3.758	-2.8395166559077784e-6
3.761	-2.837498130174859e-6
3.7640000000000002	-2.8354816070816456e-6
3.767	-2.8334670934991214e-6
3.77	-2.831454596198607e-6
3.773	-2.8294441218521366e-6
3.7760000000000002	-2.827435677032842e-6
3.779	-2.8254292682153475e-6
3.782	-2.823424901776165e-6
3.785	-2.8214225839941055e-6
3.7880000000000003	-2.8194223210506916e-6
3.791	-2.8174241190305807e-6
3.794	-2.815427983921989e-6
3.797	-2.813433921617131e-6
3.8000000000000003	-2.811441937912659e-6
3.803	-2.8094520385101097e-6
3.806	-2.80746422901636e-6
3.809	-2.8054785149440854e-6
3.8120000000000003	-2.803494901712227e-6
3.815	-2.8015133946464596e-6
3.818	-2.799533998979669e-6
3.821	-2.7975567198524365e-6
3.8240000000000003	-2.79558156231352e-6
3.827	-2.793608531320352e-6
3.83	-2.7916376317395295e-6
3.833	-2.7896688683473194e-6
3.836	-2.78770224583016e-6
3.839	-2.785737768785174e-6
3.842	-2.783775441720678e-6
3.845	-2.7818152690567038e-6
3.848	-2.7798572551255158e-6
3.851	-2.777901404172137e-6
3.854	-2.7759477203548787e-6
3.857	-2.773996207745869e-6
3.86	-2.7720468703315917e-6
3.863	-2.770099712013419e-6
3.866	-2.7681547366081524e-6
3.869	-2.7662119478485725e-6
3.872	-2.764271349383977e-6
3.875	-2.7623329447807313e-6
3.878	-2.7603967375228224e-6
3.8810000000000002	-2.7584627310124073e-6
3.884	-2.7565309285703722e-6
3.887	-2.754601333436885e-6
3.89	-2.752673948771955e-6
3.8930000000000002	-2.7507487776559995e-6
3.896	-2.7488258230903962e-6
3.899	-2.7469050879980516e-6
3.902	-2.7449865752239683e-6
3.9050000000000002	-2.7430702875358046e-6
3.908	-2.74115622762445e-6
3.911	-2.739244398104584e-6
3.914	-2.737334801515253e-6
3.9170000000000003	-2.7354274403204356e-6
3.92	-2.7335223169096154e-6
3.923	-2.7316194335983516e-6
3.926	-2.7297187926288494e-6
3.9290000000000003	-2.7278203961705347e-6
3.932	-2.7259242463206258e-6
3.935	-2.724030345104702e-6
3.938	-2.7221386944772807e-6
3.9410000000000003	-2.7202492963223904e-6
3.944	-2.7183621524541397e-6
3.947	-2.7164772646172908e-6
3.95	-2.714594634487834e-6
3.9530000000000003	-2.712714263673557e-6
3.956	-2.7108361537146185e-6
3.959	-2.7089603060841155e-6
3.962	-2.7070867221886565e-6
3.965	-2.7052154033689307e-6
3.968	-2.7033463509002764e-6
3.971	-2.701479565993249e-6
3.974	-2.6996150497941872e-6
3.977	-2.6977528033857835e-6
3.98	-2.6958928277876418e-6
3.983	-2.69403512395685e-6
3.986	-2.6921796927885346e-6
3.989	-2.6903265351164303e-6
3.992	-2.6884756517134335e-6
3.995	-2.6866270432921664e-6
3.998	-2.6847807105055307e-6
4.0009999999999994	-2.6829366539472675e-6
4.004	-2.681094874152509e-6
4.007	-2.6792553715983313e-6
4.01	-2.677418146704309e-6
4.013	-2.6755831998330607e-6
4.016	-2.6737505312908003e-6
4.019	-2.6719201413278817e-6
4.022	-2.670092030139341e-6
4.025	-2.6682661978654415e-6
4.0280000000000005	-2.666442644592215e-6
4.031000000000001	-2.6646213703519986e-6
4.034000000000001	-2.662802375123967e-6
4.037	-2.660985658834676e-6
4.04	-2.659171221358585e-6
4.043	-2.6573590625185926e-6
4.046	-2.6555491820865648e-6
4.0489999999999995	-2.6537415797838577e-6
4.052	-2.6519362552818403e-6
4.055	-2.6501332082024193e-6
4.058	-2.648332438118553e-6
4.061	-2.6465339445547726e-6
4.064	-2.6447377269876914e-6
4.067	-2.642943784846517e-6
4.07	-2.6411521175135638e-6
4.073	-2.639362724324754e-6
4.0760000000000005	-2.637575604570127e-6
4.079000000000001	-2.635790757494334e-6
4.082000000000001	-2.634008182297144e-6
4.085	-2.6322278781339338e-6
4.088	-2.6304498441161848e-6
4.091	-2.628674079311972e-6
4.093999999999999	-2.6269005827464546e-6
4.0969999999999995	-2.625129353402358e-6
4.1	-2.6233603902204596e-6
4.103	-2.6215936921000655e-6
4.106	-2.619829257899491e-6
4.109	-2.618067086436533e-6
4.112	-2.6163071764889405e-6
4.115	-2.614549526794887e-6
4.118	-2.6127941360534322e-6
4.121	-2.611041002924989e-6
4.1240000000000006	-2.6092901260317795e-6
4.127000000000001	-2.607541503958298e-6
4.13	-2.605795135251758e-6
4.133	-2.6040510184225515e-6
4.136	-2.602309151944692e-6
4.139	-2.600569534256264e-6
4.1419999999999995	-2.598832163759862e-6
4.145	-2.597097038823036e-6
4.148	-2.595364157778722e-6
4.151	-2.59363351892568e-6
4.154	-2.591905120528926e-6
4.157	-2.5901789608201576e-6
4.16	-2.5884550379981785e-6
4.163	-2.586733350229324e-6
4.166	-2.585013895647877e-6
4.1690000000000005	-2.5832966723564875e-6
4.172000000000001	-2.581581678426582e-6
4.175000000000001	-2.5798689118987774e-6
4.178	-2.5781583707832862e-6
4.181	-2.576450053060321e-6
4.184	-2.5747439566804956e-6
4.187	-2.5730400795652263e-6
4.1899999999999995	-2.5713384196071244e-6
4.193	-2.5696389746703864e-6
4.196	-2.5679417425911888e-6
4.199	-2.5662467211780714e-6
4.202	-2.5645539082123216e-6
4.205	-2.562863301448354e-6
4.208	-2.5611748986140882e-6
4.211	-2.5594886974113245e-6
4.214	-2.5578046955161146e-6
4.2170000000000005	-2.556122890579129e-6
4.220000000000001	-2.5544432802260243e-6
4.223	-2.552765862057809e-6
4.226	-2.5510906336511932e-6
4.229	-2.5494175925589583e-6
4.232	-2.5477467363103007e-6
4.234999999999999	-2.5460780624111895e-6
4.2379999999999995	-2.5444115683447096e-6
4.241	-2.5427472515714103e-6
4.244	-2.5410851095296465e-6
4.247	-2.539425139635917e-6
4.25	-2.5377673392852035e-6
4.253	-2.536111705851302e-6
4.256	-2.5344582366871527e-6
4.259	-2.5328069291251717e-6
4.2620000000000005	-2.531157780477572e-6
4.265000000000001	-2.5295107880366882e-6
4.268000000000001	-2.527865949075295e-6
4.271	-2.526223260846924e-6
4.274	-2.524582720586176e-6
4.277	-2.5229443255090344e-6
4.28	-2.521308072813172e-6
4.2829999999999995	-2.519673959678256e-6
4.286	-2.5180419832662515e-6
4.289	-2.5164121407217205e-6
4.292	-2.5147844291721207e-6
4.295	-2.513158845728098e-6
4.298	-2.5115353874837762e-6
4.301	-2.509914051517054e-6
4.304	-2.508294834889881e-6
4.307	-2.5066777346485485e-6
4.3100000000000005	-2.5050627478239687e-6
4.313000000000001	-2.5034498714319497e-6
4.316000000000001	-2.5018391024734767e-6
4.319	-2.5002304379349804e-6
4.322	-2.4986238747886102e-6
4.325	-2.497019409992499e-6
4.328	-2.4954170404910325e-6
4.3309999999999995	-2.4938167632151088e-6
4.334	-2.492218575082399e-6
4.337	-2.490622472997606e-6
4.34	-2.489028453852717e-6
4.343	-2.4874365145272596e-6
4.346	-2.4858466518885476e-6
4.349	-2.484258862791932e-6
4.352	-2.4826731440810458e-6
4.355	-2.4810894925880415e-6
4.3580000000000005	-2.4795079051338396e-6
4.361000000000001	-2.477928378528359e-6
4.364	-2.4763509095707573e-6
4.367	-2.474775495049659e-6
4.37	-2.4732021317433905e-6
4.373	-2.471630816420205e-6
4.3759999999999994	-2.470061545838512e-6
4.379	-2.468494316747094e-6
4.382	-2.466929125885335e-6
4.385	-2.4653659699834364e-6
4.388	-2.463804845762632e-6
4.391	-2.4622457499354045e-6
4.394	-2.4606886792056953e-6
4.397	-2.459133630269116e-6
4.4	-2.457580599813156e-6
4.4030000000000005	-2.4560295845173864e-6
4.406000000000001	-2.4544805810536643e-6
4.409000000000001	-2.4529335860863325e-6
4.412	-2.4513885962724203e-6
4.415	-2.4498456082618358e-6
4.418	-2.448304618697567e-6
4.421	-2.446765624215867e-6
4.4239999999999995	-2.44522862144645e-6
4.427	-2.443693607012675e-6
4.43	-2.442160577531734e-6
4.433	-2.4406295296148365e-6
4.436	-2.4391004598673903e-6
4.439	-2.4375733648891814e-6
4.442	-2.436048241274552e-6
4.445	-2.4345250856125768e-6
4.448	-2.433003894487236e-6
4.4510000000000005	-2.431484664477589e-6
4.454000000000001	-2.429967392157941e-6
4.457000000000001	-2.428452074098014e-6
4.46	-2.4269387068631143e-6
4.463	-2.42542728701429e-6
4.466	-2.4239178111085012e-6
4.468999999999999	-2.4224102756987742e-6
4.4719999999999995	-2.420904677334365e-6
4.475	-2.419401012560911e-6
4.478	-2.417899277920592e-6
4.481	-2.4163994699522755e-6
4.484	-2.414901585191676e-6
4.487	-2.4134056201714968e-6
4.49	-2.411911571421585e-6
4.493	-2.4104194354690717e-6
4.496	-2.408929208838518e-6
4.4990000000000006	-2.4074408880520588e-6
4.502	-2.4059544696295414e-6
4.505	-2.404469950088666e-6
4.508	-2.402987325945122e-6
4.511	-2.4015065937127243e-6
4.514	-2.4000277499035475e-6
4.517	-2.3985507910280572e-6
4.5200000000000005	-2.397075713595241e-6
4.523	-2.395602514112739e-6
4.526	-2.3941311890869687e-6
4.529	-2.3926617350232538e-6
4.532	-2.391194148425946e-6
4.535	-2.389728425798548e-6
4.538	-2.3882645636438386e-6
4.541	-2.3868025584639868e-6
4.5440000000000005	-2.3853424067606726e-6
4.547	-2.383884105035205e-6
4.55	-2.382427649788633e-6
4.553	-2.3809730375218647e-6
4.556	-2.3795202647357752e-6
4.559	-2.3780693279313203e-6
4.562	-2.376620223609643e-6
4.565	-2.375172948272184e-6
4.5680000000000005	-2.3737274984207867e-6
4.571	-2.372283870557802e-6
4.574	-2.3708420611861938e-6
4.577	-2.3694020668096396e-6
4.58	-2.367963883932632e-6
4.583	-2.3665275090605792e-6
4.586	-2.3650929386999012e-6
4.589	-2.3636601693581295e-6
4.5920000000000005	-2.362229197544001e-6
4.595	-2.3608000197675517e-6
4.598	-2.3593726325402123e-6
4.601	-2.357947032374897e-6
4.604	-2.3565232157860964e-6
4.607	-2.3551011792899663e-6
4.61	-2.3536809194044154e-6
4.613	-2.3522624326491906e-6
4.616	-2.3508457155459664e-6
4.619	-2.3494307646184265e-6
4.622	-2.348017576392346e-6
4.625	-2.3466061473956775e-6
4.628	-2.3451964741586274e-6
4.631	-2.34378855321374e-6
4.634	-2.3423823810959736e-6
4.6370000000000005	-2.3409779543427773e-6
4.64	-2.3395752694941683e-6
4.643	-2.338174323092809e-6
4.646	-2.3367751116840785e-6
4.649	-2.335377631816145e-6
4.652	-2.3339818800400426e-6
4.655	-2.332587852909736e-6
4.658	-2.331195546982196e-6
4.6610000000000005	-2.3298049588174636e-6
4.664	-2.328416084978721e-6
4.667	-2.327028922032357e-6
4.67	-2.325643466548034e-6
4.673	-2.3242597150987484e-6
4.676	-2.3228776642609036e-6
4.679	-2.3214973106143622e-6
4.682	-2.3201186507425143e-6
4.6850000000000005	-2.318741681232337e-6
4.688	-2.3173663986744546e-6
4.691	-2.3159927996631944e-6
4.694	-2.3146208807966503e-6
4.697	-2.313250638676737e-6
4.7	-2.3118820699092428e-6
4.703	-2.3105151711038922e-6
4.706	-2.3091499388743952e-6
4.7090000000000005	-2.3077863698385014e-6
4.712	-2.306424460618054e-6
4.715	-2.3050642078390412e-6
4.718	-2.3037056081316476e-6
4.721	-2.3023486581303025e-6
4.724	-2.300993354473731e-6
4.727	-2.2996396938050013e-6
4.73	-2.2982876727715744e-6
4.733	-2.296937288025349e-6
4.736	-2.2955885362227053e-6
4.739	-2.2942414140245577e-6
4.742	-2.2928959180963906e-6
4.745	-2.291552045108308e-6
4.748	-2.290209791735074e-6
4.751	-2.2888691546561553e-6
4.7540000000000004	-2.287530130555762e-6
4.757	-2.2861927161228906e-6
4.76	-2.284856908051361e-6
4.763	-2.2835227030398577e-6
4.766	-2.282190097791968e-6
4.769	-2.2808590890162175e-6
4.772	-2.2795296734261134e-6
4.775	-2.2782018477401726e-6
4.7780000000000005	-2.276875608681963e-6
4.781	-2.2755509529801385e-6
4.784	-2.2742278773684686e-6
4.787	-2.27290637858588e-6
4.79	-2.2715864533764827e-6
4.793	-2.2702680984896035e-6
4.796	-2.2689513106798223e-6
4.799	-2.2676360867069993e-6
4.8020000000000005	-2.266322423336305e-6
4.805	-2.265010317338254e-6
4.808	-2.263699765488729e-6
4.811	-2.2623907645690152e-6
4.814	-2.2610833113658238e-6
4.817	-2.2597774026713214e-6
4.82	-2.2584730352831582e-6
4.823	-2.2571702060044925e-6
4.8260000000000005	-2.255868911644016e-6
4.829	-2.254569149015982e-6
4.832	-2.253270914940226e-6
4.835	-2.2519742062421943e-6
4.838	-2.2506790197529637e-6
4.841	-2.249385352309267e-6
4.844	-2.248093200753515e-6
4.847	-2.2468025619338175e-6
4.8500000000000005	-2.2455134327040063e-6
4.853	-2.244225809923655e-6
4.856	-2.2429396904581008e-6
4.859	-2.2416550711784616e-6
4.862	-2.2403719489616594e-6
4.865	-2.2390903206904376e-6
4.868	-2.2378101832533782e-6
4.871	-2.236531533544922e-6
4.874	-2.2352543684653845e-6
4.877	-2.2339786849209746e-6
4.88	-2.23270447982381e-6
4.883	-2.2314317500919337e-6
4.886	-2.2301604926493296e-6
4.889	-2.2288907044259395e-6
4.892	-2.227622382357676e-6
4.8950000000000005	-2.226355523386436e-6
4.898	-2.22509012446012e-6
4.901	-2.2238261825326394e-6
4.904	-2.222563694563933e-6
4.907	-2.2213026575199787e-6
4.91	-2.2200430683728087e-6
4.913	-2.218784924100516e-6
4.916	-2.2175282216872725e-6
4.9190000000000005	-2.216272958123335e-6
4.922	-2.21501913040506e-6
4.925	-2.2137667355349094e-6
4.928	-2.212515770521464e-6
4.931	-2.211266232379436e-6
4.934	-2.210018118129671e-6
4.937	-2.2087714247991638e-6
4.94	-2.207526149421063e-6
4.9430000000000005	-2.20628228903468e-6
4.946	-2.205039840685499e-6
4.949	-2.203798801425182e-6
4.952	-2.202559168311578e-6
4.955	-2.201320938408729e-6
4.958	-2.200084108786876e-6
4.961	-2.1988486765224673e-6
4.964	-2.1976146386981634e-6
4.9670000000000005	-2.19638199240284e-6
4.97	-2.1951507347316e-6
4.973	-2.1939208627857712e-6
4.976	-2.1926923736729147e-6
4.979	-2.1914652645068305e-6
4.982	-2.190239532407559e-6
4.985	-2.1890151745013854e-6
4.988	-2.1877921879208453e-6
4.991	-2.1865705698047256e-6
4.994	-2.185350317298068e-6
4.997	-2.1841314275521733e-6