0.	0.000011219378781893625
0.001	0.000011224839720056857
0.002	0.000011230303449136582
0.003	0.000011235769971822293
0.004	0.000011241239290806294
0.005	0.000011246711408783688
0.006	0.00001125218632845239
0.007	0.000011257664052513113
0.008	0.000011263144583669387
0.009000000000000001	0.000011268627924627536
0.01	0.000011274114078096705
0.011	0.000011279603046788827
0.012	0.000011285094833418658
0.013000000000000001	0.000011290589440703748
0.014	0.000011296086871364457
0.015	0.000011301587128123952
0.016	0.000011307090213708206
0.017	0.000011312596130845994
0.018000000000000002	0.0000113181048822689
0.019	0.000011323616470711308
0.02	0.00001132913089891041
0.021	0.000011334648169606206
0.022	0.000011340168285541494
0.023	0.000011345691249461878
0.024	0.00001135121706411577
0.025	0.000011356745732254376
0.026000000000000002	0.000011362277256631715
0.027	0.0000113678116400046
0.028	0.000011373348885132652
0.029	0.00001137888899477829
0.03	0.000011384431971706736
0.031	0.000011389977818686014
0.032	0.000011395526538486941
0.033	0.000011401078133883144
0.034	0.00001140663260765104
0.035	0.00001141218996256985
0.036000000000000004	0.000011417750201421588
0.037	0.000011423313326991067
0.038	0.0000114288793420659
0.039	0.00001143444824943649
0.04	0.00001144002005189604
0.041	0.00001144559475224054
0.042	0.00001145117235326878
0.043000000000000003	0.000011456752857782341
0.044	0.000011462336250926721
0.045	0.000011467922571641546
0.046	0.000011473511804264085
0.047	0.000011479103951606852
0.048	0.000011484699016485156
0.049	0.00001149029700171709
0.05	0.000011495897910123539
0.051000000000000004	0.000011501501744528174
0.052000000000000005	0.00001150710850775745
0.053	0.00001151271820264061
0.054	0.000011518330832009683
0.055	0.000011523946398699476
0.056	0.000011529564905547581
0.057	0.000011535186355394372
0.058	0.000011540810751083
0.059000000000000004	0.000011546438095459398
0.06	0.00001155206839137227
0.061	0.000011557701641673101
0.062	0.000011563337849216152
0.063	0.000011568977016858455
0.064	0.00001157461914745981
0.065	0.000011580264243882793
0.066	0.000011585912308992747
0.067	0.000011591568857093913
0.068	0.000011597232327798778
0.069	0.000011602898788176092
0.07	0.000011608568239472845
0.07100000000000001	0.000011614240682930098
0.07200000000000001	0.000011619916119782953
0.073	0.000011625594551260514
0.074	0.000011631275978585853
0.075	0.000011636960402975973
0.076	0.000011642647825641779
0.077	0.000011648338247788039
0.078	0.000011654031670613347
0.079	0.000011659728095310095
0.08	0.000011665427523064425
0.081	0.000011671129955056208
0.082	0.000011676835392459001
0.083	0.000011682543836440009
0.084	0.000011688255288160053
0.085	0.000011693969748773538
0.08600000000000001	0.000011699687219428407
0.08700000000000001	0.000011705407701266113
0.088	0.000011711131195421577
0.089	0.00001171685770302316
0.09	0.000011722587225192616
0.091	0.000011728319763045066
0.092	0.000011734055317688948
0.093	0.000011739793890226
0.094	0.0000117455354817512
0.095	0.000011751280093352747
0.096	0.000011757027726112014
0.097	0.000011762778381103518
0.098	0.000011768532059394875
0.099	0.00001177428876204677
0.1	0.00001178004849011291
0.101	0.000011785811244639998
0.10200000000000001	0.000011791577026667688
0.10300000000000001	0.000011797345837228547
0.10400000000000001	0.000011803117677348021
0.105	0.000011808892548044394
0.106	0.000011814670450328746
0.107	0.000011820451385204925
0.108	0.000011826235353669501
0.109	0.000011832022356711725
0.11	0.000011837812395313504
0.111	0.000011843605470449343
0.112	0.000011849401583086319
0.113	0.00001185520073418404
0.114	0.000011861002924694609
0.115	0.000011866808155562573
0.116	0.000011872616427724898
0.117	0.000011878427742110919
0.11800000000000001	0.000011884242099642308
0.11900000000000001	0.00001189005950123303
0.12	0.000011895879947789304
0.121	0.000011901703440209563
0.122	0.000011907529979384419
0.123	0.000011913359566196612
0.124	0.00001191919220152098
0.125	0.000011925027886224422
0.126	0.00001193086662116584
0.127	0.00001193670840719612
0.128	0.000011942553245158072
0.129	0.000011948401135886404
0.13	0.000011954252080207678
0.131	0.00001196010607894026
0.132	0.000011965963132894293
0.133	0.000011971823242871647
0.134	0.000011977686409665878
0.135	0.00001198355263406219
0.136	0.000011989421916837393
0.137	0.000011995294258759858
0.138	0.000012001169660589486
0.139	0.00001200704812307765
0.14	0.000012012929646967164
0.14100000000000001	0.000012018814232992244
0.14200000000000002	0.000012024701881878456
0.14300000000000002	0.000012030592594342678
0.14400000000000002	0.000012036486371093067
0.145	0.000012042383212828997
0.146	0.00001204828312024104
0.147	0.000012054186094010902
0.148	0.000012060092134811395
0.149	0.00001206600124330639
0.15	0.000012071913420150772
0.151	0.000012077828665990402
0.152	0.000012083746981462063
0.153	0.000012089668367193438
0.154	0.00001209559282380304
0.155	0.000012101520351900191
0.156	0.000012107450952084969
0.157	0.000012113384624948164
0.158	0.000012119321371071236
0.159	0.000012125261191026274
0.16	0.000012131204085375948
0.161	0.000012137150054673469
0.162	0.000012143099099462538
0.163	0.000012149051220277314
0.164	0.000012155006417642357
0.165	0.000012160964692072594
0.166	0.000012166926044073267
0.167	0.000012172890474139897
0.168	0.000012178857982758227
0.169	0.000012184828570404195
0.17	0.00001219080223754387
0.171	0.000012196778984633422
0.17200000000000001	0.00001220275881211907
0.17300000000000001	0.000012208741720437042
0.17400000000000002	0.00001221472771001352
0.17500000000000002	0.00001222071678126461
0.176	0.000012226708934596284
0.177	0.000012232704170404338
0.178	0.000012238702489074353
0.179	0.000012244703890981638
0.18	0.000012250708376491196
0.181	0.000012256715945957675
0.182	0.000012262726599725312
0.183	0.000012268740338127902
0.184	0.000012274757161488746
0.185	0.000012280777070120606
0.186	0.000012286800064325655
0.187	0.000012292826144395432
0.188	0.000012298855310610806
0.189	0.00001230488756324191
0.19	0.000012310922902548113
0.191	0.000012316961328777967
0.192	0.000012323002842169158
0.193	0.000012329047442948458
0.194	0.000012335095131331689
0.195	0.000012341145907523662
0.196	0.000012347199771718144
0.197	0.000012353256724097796
0.198	0.00001235931676483414
0.199	0.000012365379894087506
0.2	0.000012371446112006977
0.201	0.000012377515418730362
0.202	0.000012383587814384129
0.203	0.000012389663299083368
0.20400000000000001	0.000012395741872931735
0.20500000000000002	0.000012401823536021416
0.20600000000000002	0.000012407908288433074
0.20700000000000002	0.000012413996130235797
0.20800000000000002	0.000012420087061487056
0.209	0.000012426181082232657
0.21	0.000012432278192506685
0.211	0.000012438378392331473
0.212	0.000012444481681717534
0.213	0.000012450588060663532
0.214	0.000012456697529156214
0.215	0.000012462810087170383
0.216	0.00001246892573466883
0.217	0.000012475044471602299
0.218	0.00001248116631097839
0.219	0.000012487291226132407
0.22	0.000012493419230494506
0.221	0.000012499550323966802
0.222	0.000012505684506439106
0.223	0.0000125118217777889
0.224	0.000012517962137881267
0.225	0.000012524105586568867
0.226	0.000012530252123691863
0.227	0.00001253640174907789
0.228	0.000012542554462541995
0.229	0.000012548710263886599
0.23	0.000012554869152901438
0.231	0.000012561031129363519
0.232	0.000012567196193037067
0.233	0.000012573364343673482
0.234	0.000012579535581011287
0.23500000000000001	0.000012585709904776076
0.23600000000000002	0.000012591887314680461
0.23700000000000002	0.000012598067810424046
0.23800000000000002	0.000012604251391693339
0.23900000000000002	0.000012610438058161739
0.24	0.000012616627809489463
0.241	0.00001262282064532351
0.242	0.0000126290165652976
0.243	0.000012635215569032138
0.244	0.000012641417656134149
0.245	0.00001264761696718041
0.246	0.000012653819026078282
0.247	0.00001266002416038424
0.248	0.000012666232370946585
0.249	0.000012672443658606467
0.25	0.000012678658024197857
0.251	0.000012684875468547506
0.252	0.000012691095992474914
0.253	0.000012697319596792294
0.254	0.000012703546282304532
0.255	0.000012709776049809163
0.256	0.000012716008900096328
0.257	0.000012722244833948738
0.258	0.000012728483852141647
0.259	0.000012734725955442806
0.26	0.000012740971144612437
0.261	0.000012747219420403191
0.262	0.000012753470783560117
0.263	0.000012759725234820624
0.264	0.000012765982774914445
0.265	0.0000127722434045636
0.266	0.00001277850712448237
0.267	0.000012784773935377245
0.268	0.000012791043837946897
0.269	0.00001279731683288215
0.27	0.00001280359292086593
0.271	0.000012809872102573234
0.272	0.000012816154378671106
0.273	0.00001282243974981858
0.274	0.00001282872821666666
0.275	0.000012835019779858266
0.276	0.000012841314440028224
0.277	0.0000128476121978032
0.278	0.000012853913053801682
0.279	0.000012860217008633941
0.28	0.000012866524062901985
0.281	0.00001287283421719953
0.28200000000000003	0.000012879147472111959
0.28300000000000003	0.00001288546382821629
0.28400000000000003	0.000012891783286081127
0.28500000000000003	0.000012898105846266645
0.28600000000000003	0.00001290443150932452
0.28700000000000003	0.000012910760275797926
0.28800000000000003	0.00001291709214622147
0.289	0.00001292342712112117
0.29	0.000012929765201014412
0.291	0.000012936106386409911
0.292	0.000012942450677807675
0.293	0.000012948798075698974
0.294	0.000012955148580566282
0.295	0.000012961502192883261
0.296	0.000012967858913114709
0.297	0.00001297421874171653
0.298	0.000012980581679135683
0.299	0.000012986947725810164
0.3	0.00001299331688216895
0.301	0.000012999689148631963
0.302	0.000013006064525610041
0.303	0.000013012443013504885
0.304	0.000013018824612709037
0.305	0.000013025209323605822
0.306	0.00001303159714656933
0.307	0.000013037988081964356
0.308	0.000013044382130146378
0.309	0.000013050779291461506
0.31	0.000013057179566246452
0.311	0.000013063582954828483
0.312	0.000013069989457525389
0.313	0.000013076399074645434
0.314	0.000013082811806487321
0.315	0.000013089227653340164
0.316	0.000013095646615483424
0.317	0.000013102068693186897
0.318	0.000013108493886710648
0.319	0.000013114922196304992
0.32	0.00001312135362221044
0.321	0.00001312778816465767
0.322	0.000013134225823867472
0.323	0.00001314066660005073
0.324	0.000013147110493408363
0.325	0.000013153557504131289
0.326	0.00001316000763240039
0.327	0.000013166460878386472
0.328	0.00001317291724225021
0.329	0.00001317937672414213
0.33	0.000013185839324202553
0.331	0.000013192305042561555
0.332	0.000013198773879338937
0.333	0.000013205245834644169
0.334	0.000013211720908576366
0.335	0.000013218199101224232
0.336	0.00001322468041266603
0.337	0.00001323116484296953
0.338	0.000013237652392191985
0.339	0.000013244143060380071
0.34	0.000013250636847569858
0.341	0.000013257133753786769
0.342	0.000013263633779045527
0.343	0.000013270136923350132
0.34400000000000003	0.000013276643186693799
0.34500000000000003	0.000013283152569058937
0.34600000000000003	0.00001328966507041709
0.34700000000000003	0.000013296180690728912
0.34800000000000003	0.00001330269942994411
0.34900000000000003	0.000013309221288001411
0.35000000000000003	0.00001331574626482852
0.35100000000000003	0.000013322274360342076
0.352	0.000013328805574447613
0.353	0.000013335339907039515
0.354	0.000013341877358000976
0.355	0.000013348417927203956
0.356	0.000013354961614509149
0.357	0.000013361508419765925
0.358	0.000013368058342812296
0.359	0.000013374611383474879
0.36	0.000013381167541568848
0.361	0.000013387726816897892
0.362	0.000013394289209254172
0.363	0.000013400854718418282
0.364	0.000013407423344159206
0.365	0.000013413995086234277
0.366	0.000013420569944389127
0.367	0.000013427147918357657
0.368	0.000013433729007861984
0.369	0.000013440313212612405
0.37	0.000013446900532307349
0.371	0.00001345349096663334
0.372	0.000013460084515264951
0.373	0.00001346668117786477
0.374	0.000013473280954083335
0.375	0.000013479883843559119
0.376	0.00001348648984591847
0.377	0.000013493098960775576
0.378	0.000013499711187732417
0.379	0.000013506326526378722
0.38	0.000013512944986749161
0.381	0.000013519566547129965
0.382	0.000013526191217891736
0.383	0.000013532818998574849
0.384	0.000013539449888707226
0.385	0.000013546083887804276
0.386	0.000013552720995368875
0.387	0.000013559361210891298
0.388	0.00001356600453384919
0.389	0.000013572650963707527
0.39	0.000013579300499918556
0.391	0.000013585953141921774
0.392	0.000013592608889143866
0.393	0.000013599267740998673
0.394	0.00001360592969688714
0.395	0.00001361259475619729
0.396	0.000013619262918304152
0.397	0.000013625934182569757
0.398	0.000013632608548343057
0.399	0.000013639286014959901
0.4	0.000013645966581742992
0.401	0.000013652650248001845
0.402	0.000013659337013032728
0.403	0.000013666026876118643
0.404	0.000013672719836529262
0.405	0.000013679415893520896
0.406	0.000013686115046336448
0.40700000000000003	0.00001369281729420537
0.40800000000000003	0.00001369951955961081
0.40900000000000003	0.000013706223190420661
0.41000000000000003	0.000013712929909170429
0.41100000000000003	0.000013719639716209774
0.41200000000000003	0.000013726352611880135
0.41300000000000003	0.000013733068596514684
0.41400000000000003	0.000013739787670438307
0.41500000000000004	0.000013746509833967556
0.41600000000000004	0.000013753235087410637
0.417	0.000013759963431067348
0.418	0.00001376669486522908
0.419	0.000013773429390178753
0.42	0.000013780167006190803
0.421	0.000013786907713531145
0.422	0.00001379365151245713
0.423	0.000013800398403217523
0.424	0.000013807148386052462
0.425	0.000013813901461193435
0.426	0.000013820657628863237
0.427	0.000013827416889275935
0.428	0.000013834179242636843
0.429	0.000013840944689142483
0.43	0.000013847713228980558
0.431	0.000013854484862329902
0.432	0.000013861259589360465
0.433	0.000013868037410233272
0.434	0.000013874818325100385
0.435	0.000013881602334104878
0.436	0.000013888389437380793
0.437	0.000013895179635053111
0.438	0.000013901972927237723
0.439	0.000013908769314041385
0.44	0.000013915568795561696
0.441	0.000013922371371887052
0.442	0.00001392917704309662
0.443	0.000013935985809260307
0.444	0.000013942797670438709
0.445	0.000013949612626683095
0.446	0.000013956430678035366
0.447	0.000013963251824528015
0.448	0.000013970076066184105
0.449	0.000013976903403017219
0.45	0.000013983733835031439
0.451	0.000013990567362221306
0.452	0.000013997403984571783
0.453	0.000014004243702058223
0.454	0.000014011086514646333
0.455	0.000014017932422292146
0.456	0.000014024781424941972
0.457	0.00001403163352253238
0.458	0.000014038488714990152
0.459	0.000014045347002232246
0.46	0.000014052208384165775
0.461	0.000014059072860687958
0.462	0.000014065940431686086
0.463	0.0000140728110970375
0.464	0.000014079684856609545
0.465	0.000014086561710259529
0.466	0.000014093441657834706
0.467	0.000014100324699172227
0.468	0.000014107210834099102
0.46900000000000003	0.000014114100062432182
0.47000000000000003	0.000014120992383978105
0.47100000000000003	0.000014127887798533272
0.47200000000000003	0.000014134786305883811
0.47300000000000003	0.000014141687905805534
0.47400000000000003	0.000014148592598063903
0.47500000000000003	0.00001415550038241401
0.47600000000000003	0.000014162411258600521
0.47700000000000004	0.00001416932522635765
0.47800000000000004	0.000014176242285409125
0.47900000000000004	0.000014183162435468147
0.48	0.00001419008567623736
0.481	0.000014197012007408813
0.482	0.000014203941428663925
0.483	0.000014210873939673446
0.484	0.000014217809540097427
0.485	0.00001422474822958518
0.486	0.00001423169000777524
0.487	0.000014238634874295337
0.488	0.000014245582828762362
0.489	0.000014252533870782313
0.49	0.000014259487999950278
0.491	0.000014266445215850395
0.492	0.00001427340551805581
0.493	0.000014280368906128646
0.494	0.000014287335379619967
0.495	0.000014294304938069738
0.496	0.0000143012775810068
0.497	0.00001430825330794882
0.498	0.00001431523211840226
0.499	0.00001432221401186235
0.5	0.000014329198987813038
0.503	0.000014350172405278308
0.506	0.000014371173545491168
0.509	0.000014392202392670262
0.512	0.000014413258930097582
0.515	0.00001443434314010968
0.518	0.000014455455004088927
0.521	0.000014476594502454704
0.524	0.00001449776161465465
0.527	0.00001451895631915588
0.53	0.000014540178593436202
0.533	0.00001456142842082194
0.536	0.000014582705762306785
0.539	0.000014604010599963818
0.542	0.000014625342907227791
0.545	0.000014646702656500426
0.548	0.000014668089819141715
0.551	0.000014689504365461196
0.554	0.000014710946264709262
0.557	0.000014732415485068494
0.56	0.000014753909170257118
0.563	0.00001477542125710225
0.5660000000000001	0.000014796960555283334
0.569	0.000014818527058375159
0.5720000000000001	0.000014840120759216629
0.575	0.000014861741649903706
0.578	0.000014883389721782369
0.581	0.000014905064965441554
0.584	0.00001492676737070606
0.587	0.00001494849692662947
0.59	0.000014970253621487048
0.593	0.00001499203744276863
0.596	0.000015013848377171503
0.599	0.000015035686410593277
0.602	0.000015057551528124767
0.605	0.000015079443714042833
0.608	0.000015101362951803257
0.611	0.000015123309224033588
0.614	0.000015145282512526004
0.617	0.000015167282798230153
0.62	0.00001518931006124602
0.623	0.000015211364280816768
0.626	0.00001523344543532161
0.629	0.00001525555350226866
0.632	0.000015277688458287805
0.635	0.00001529985027912359
0.638	0.000015322038939628072
0.641	0.000015344254413753744
0.644	0.00001536649667454643
0.647	0.00001538876569413819
0.65	0.00001541106144374025
0.653	0.000015433383893635972
0.656	0.000015455733013173773
0.659	0.000015478108770760143
0.662	0.000015500511133852627
0.665	0.000015522940068952842
0.668	0.000015545395541599533
0.671	0.00001556787751636163
0.674	0.00001559038595683134
0.677	0.00001561292082968544
0.6799999999999999	0.000015635482087904287
0.683	0.00001565806969667079
0.6859999999999999	0.000015680683615603093
0.6890000000000001	0.000015703323803308563
0.692	0.00001572599021737707
0.6950000000000001	0.000015748682814374313
0.698	0.000015771401549835167
0.7010000000000001	0.000015794146378257105
0.704	0.00001581691088031131
0.7070000000000001	0.00001583969789364236
0.71	0.000015862510869284127
0.713	0.000015885349785787026
0.716	0.000015908214620950902
0.719	0.000015931105351819384
0.722	0.00001595402195467429
0.725	0.000015976964405030004
0.728	0.000015999932677627882
0.731	0.000016022926746430658
0.734	0.000016045946584616872
0.737	0.0000160689921645753
0.74	0.000016092063457899398
0.743	0.000016115160435381767
0.746	0.000016138283067008635
0.749	0.000016161431321954335
0.752	0.00001618460516857584
0.755	0.00001620780457440727
0.758	0.000016231029506154462
0.761	0.000016254279929689516
0.764	0.000016277555810045422
0.767	0.000016300857111410644
0.77	0.000016324183797123783
0.773	0.00001634753582966823
0.776	0.000016370913170666868
0.779	0.000016394315780876785
0.782	0.00001641774362018404
0.785	0.00001644119664759843
0.788	0.000016464674821248303
0.7909999999999999	0.00001648817809837541
0.794	0.000016511706435329798
0.7969999999999999	0.00001653525978756469
0.8	0.00001655883810963148
0.8029999999999999	0.000016582441355174692
0.806	0.00001660606947692703
0.8089999999999999	0.00001662972242670444
0.812	0.00001665340015540123
0.815	0.000016677102615064825
0.8180000000000001	0.00001670082975028242
0.821	0.000016724581511521625
0.8240000000000001	0.000016748357845943042
0.827	0.00001677215869976186
0.8300000000000001	0.000016795984018243303
0.833	0.000016819833745698047
0.8360000000000001	0.000016843707825477736
0.839	0.000016867601920243425
0.8420000000000001	0.000016891515960328863
0.845	0.00001691545419093451
0.8480000000000001	0.00001693941657852826
0.851	0.00001696340308886756
0.854	0.00001698741368699541
0.857	0.000017011448337236345
0.86	0.000017035507003192412
0.863	0.000017059589647739242
0.866	0.000017083696233022073
0.869	0.000017107826720451842
0.872	0.00001713198107070128
0.875	0.000017156159243701047
0.878	0.00001718036119863588
0.881	0.000017204586893940795
0.884	0.00001722883628729727
0.887	0.00001725310933562952
0.89	0.00001727740599510075
0.893	0.00001730172622110946
0.896	0.000017326069968285787
0.899	0.00001735043719048787
0.902	0.00001737482784079827
0.905	0.00001739924187152038
0.908	0.000017423679234174933
0.911	0.000017448139879496478
0.914	0.00001747262375742997
0.917	0.000017497130817127325
0.9199999999999999	0.000017521661006944066
0.923	0.000017546214274435998
0.9259999999999999	0.0000175707905663559
0.929	0.000017595389828650297
0.9319999999999999	0.00001762001200645624
0.935	0.000017644657044098178
0.938	0.000017669324885084804
0.9410000000000001	0.000017694015472106036
0.944	0.000017718728747029958
0.9470000000000001	0.000017743464651852987
0.95	0.000017768223124734746
0.9530000000000001	0.000017793004106162507
0.956	0.000017817807534688338
0.9590000000000001	0.000017842633348028167
0.962	0.000017867481483059057
0.9650000000000001	0.000017892351875816564
0.968	0.00001791724201263576
0.9710000000000001	0.000017942149198137557
0.974	0.000017967078458003053
0.9770000000000001	0.00001799202975052745
0.98	0.000018017003033376824
0.983	0.000018041998263585553
0.986	0.000018067015397553768
0.989	0.000018092054391044825
0.992	0.0000181171151991828
0.995	0.00001814219777645004
0.998	0.000018167302076684688
1.001	0.000018192428053078312
1.004	0.00001821757565817349
1.0070000000000001	0.000018242744843861464
1.01	0.000018267935561379828
1.013	0.000018293147761310246
1.016	0.00001831838139357616
1.0190000000000001	0.00001834363640744061
1.022	0.00001836891275150399
1.025	0.00001839421037370195
1.028	0.000018419529221303232
1.0310000000000001	0.00001844486924090759
1.034	0.000018470230378443747
1.037	0.000018495612579167376
1.04	0.00001852101578765913
1.0430000000000001	0.000018546439947822688
1.046	0.000018571885002882856
1.049	0.00001859735089538372
1.052	0.000018622837567186816
1.0550000000000002	0.000018648344959469337
1.058	0.000018673873012722405
1.061	0.000018699421666749377
1.064	0.00001872499086066417
1.0670000000000002	0.000018750580532889672
1.07	0.000018776190621156136
1.073	0.000018801821062499703
1.076	0.00001882747179360396
1.079	0.000018853142749357884
1.0819999999999999	0.000018878833865117917
1.085	0.000018904545075129483
1.088	0.00001893027631293693
1.091	0.000018956027511382288
1.0939999999999999	0.00001898179371320214
1.097	0.000019007578062371563
1.1	0.000019033382192757967
1.103	0.000019059206058400647
1.1059999999999999	0.00001908504961281249
1.109	0.000019110912808978545
1.112	0.000019136795599354604
1.115	0.000019162697935865816
1.1179999999999999	0.00001918861976990534
1.121	0.000019214561052333003
1.124	0.000019240521733473995
1.127	0.00001926650176311759
1.13	0.000019292501090515884
1.133	0.00001931851966438259
1.1360000000000001	0.000019344557432891817
1.139	0.000019370614343676912
1.142	0.000019396690343829307
1.145	0.000019422785379897433
1.1480000000000001	0.000019448899397885602
1.151	0.00001947503234325297
1.154	0.000019501184160912525
1.157	0.00001952735479523007
1.1600000000000001	0.000019553544190023272
1.163	0.000019579752288560737
1.166	0.000019605979033561103
1.169	0.000019632224367192168
1.1720000000000002	0.00001965848823107007
1.175	0.000019684770566258462
1.178	0.000019711071313267765
1.181	0.000019737390412054425
1.1840000000000002	0.000019763727802020192
1.187	0.000019790083422011485
1.19	0.00001981645721031873
1.193	0.000019842849104675786
1.1960000000000002	0.000019869259042259362
1.199	0.00001989568695980809
1.202	0.000019922132793116645
1.205	0.00001994859647783389
1.208	0.000019975077948903128
1.2109999999999999	0.000020001577140708258
1.214	0.000020028091434975804
1.217	0.000020054620228983808
1.22	0.000020081166563635093
1.2229999999999999	0.00002010773039282847
1.226	0.00002013431167004374
1.229	0.000020160910348341042
1.232	0.00002018752638036017
1.2349999999999999	0.000020214159718319926
1.238	0.0000202408103140175
1.241	0.00002026747811882785
1.244	0.000020294163083703117
1.2469999999999999	0.000020320865159172075
1.25	0.00002034758429533957
1.2530000000000001	0.000020374320441885996
1.256	0.000020401073548066803
1.259	0.000020427843562712002
1.262	0.00002045463043422572
1.2650000000000001	0.00002048143411058575
1.268	0.000020508254539343146
1.271	0.00002053509166762183
1.274	0.000020561945442118215
1.2770000000000001	0.00002058881580910086
1.28	0.000020615702714410155
1.283	0.000020642606103458
1.286	0.000020669525921227573
1.2890000000000001	0.000020696462112273008
1.292	0.00002072341462071923
1.295	0.00002075038339026171
1.298	0.000020777368364166316
1.3010000000000002	0.000020804369485269118
1.304	0.000020831386695976287
1.307	0.000020858419938263978
1.31	0.00002088546915367826
1.3130000000000002	0.000020912534283335028
1.316	0.00002093961526792001
1.319	0.000020966712047688744
1.322	0.000020993824562491657
1.3250000000000002	0.000021020952751664803
1.328	0.000021048096554207445
1.331	0.000021075254916282436
1.334	0.00002110242501510623
1.337	0.00002112961055650395
1.3399999999999999	0.00002115681149686557
1.343	0.000021184027792259138
1.346	0.0000212112593984305
1.349	0.000021238506270803077
1.3519999999999999	0.000021265768364477638
1.355	0.00002129304563423207
1.358	0.000021320338034521194
1.361	0.000021347645519476577
1.3639999999999999	0.000021374968042906366
1.367	0.00002140230555829513
1.37	0.00002142965801880372
1.373	0.000021457025377269145
1.376	0.000021484407586204472
1.379	0.000021511804597798717
1.3820000000000001	0.000021539216363916778
1.385	0.000021566642836099367
1.388	0.000021594083965562964
1.391	0.00002162153970319979
1.3940000000000001	0.000021649009999577774
1.397	0.000021676494804940582
1.4	0.00002170399406920761
1.403	0.000021731507741974017
1.4060000000000001	0.00002175903577251079
1.409	0.000021786578109764793
1.412	0.000021814134702358857
1.415	0.000021841705498591872
1.4180000000000001	0.00002186929044643891
1.421	0.000021896889493551343
1.424	0.000021924502587257008
1.427	0.000021952129674560355
1.4300000000000002	0.000021979770702142646
1.433	0.000022007425616362132
1.436	0.0000220350943632543
1.439	0.000022062776888537395
1.4420000000000002	0.000022090473137589028
1.445	0.000022118183055485396
1.448	0.000022145903362800782
1.451	0.00002217363654851104
1.4540000000000002	0.00002220138326040153
1.457	0.000022229143458708722
1.46	0.000022256917103427527
1.463	0.000022284704154311227
1.466	0.000022312504570871476
1.4689999999999999	0.00002234031831237829
1.472	0.00002236814533786003
1.475	0.000022395985606103403
1.478	0.000022423839075653504
1.4809999999999999	0.00002245170570481383
1.484	0.000022479585451646312
1.487	0.00002250747827397136
1.49	0.00002253538412936793
1.4929999999999999	0.00002256330297517358
1.496	0.000022591234768484568
1.499	0.000022619179466155893
1.502	0.00002264713702480144
1.5050000000000001	0.000022675107400794074
1.508	0.000022703090550265734
1.5110000000000001	0.00002273108642910759
1.514	0.000022759094992970162
1.5170000000000001	0.000022787116197263492
1.52	0.00002281514999715727
1.5230000000000001	0.000022843196347581035
1.526	0.00002287125520322433
1.529	0.000022899326518536918
1.532	0.000022927410247728972
1.535	0.000022955506344771273
1.538	0.000022983614763395464
1.541	0.000023011735457094253
1.544	0.000023039868379121697
1.547	0.0000230680134824934
1.55	0.000023096170719986854
1.553	0.00002312434004414164
1.556	0.000023152521407260166
1.559	0.000023180714292049504
1.562	0.000023208916424808962
1.565	0.000023237130463674882
1.568	0.000023265356373717484
1.571	0.00002329359411982814
1.574	0.000023321843666719465
1.577	0.00002335010497892536
1.58	0.00002337837802080108
1.583	0.000023406662756523293
1.586	0.000023434959150090182
1.589	0.000023463267165321508
1.592	0.000023491586765858713
1.595	0.000023519917915164996
1.598	0.000023548260576525447
1.601	0.000023576614713047123
1.604	0.000023604980287659193
1.607	0.000023633357263113023
1.61	0.00002366174560198236
1.613	0.000023690145266663395
1.616	0.000023718556219374974
1.619	0.00002374697842215869
1.622	0.000023775411836879075
1.625	0.000023803856425223737
1.6280000000000001	0.00002383231214870355
1.631	0.000023860778968652787
1.6340000000000001	0.00002388925684622935
1.637	0.00002391774574241493
1.6400000000000001	0.00002394624561801521
1.643	0.00002397475643366003
1.6460000000000001	0.00002400327814980367
1.649	0.000024031810726724978
1.6520000000000001	0.000024060354124527662
1.655	0.00002408890830314046
1.658	0.000024117473222317414
1.661	0.0000241460488416381
1.664	0.00002417463512050786
1.667	0.000024203232018158086
1.67	0.000024231838647168088
1.673	0.000024260454228028222
1.676	0.000024289080306494565
1.679	0.000024317716852441977
1.682	0.00002434636383561344
1.685	0.00002437502122562014
1.688	0.000024403688991941554
1.691	0.00002443236710392554
1.694	0.000024461055530788408
1.697	0.00002448975424161507
1.7	0.000024518463205359067
1.703	0.000024547182390842732
1.706	0.000024575911766757273
1.709	0.000024604651301662887
1.712	0.000024633400963988872
1.715	0.00002466216072203375
1.718	0.00002469093054396539
1.721	0.000024719710397821127
1.724	0.00002474850025150791
1.727	0.000024777300072802408
1.73	0.00002480610982935117
1.733	0.00002483492948867077
1.736	0.000024863759018147927
1.739	0.00002489259838503967
1.742	0.000024921447556473504
1.745	0.000024950306499447543
1.748	0.000024979175180830683
1.7510000000000001	0.000025008053567362763
1.754	0.000025036941625654737
1.7570000000000001	0.00002506583932218886
1.76	0.000025094746623318825
1.7630000000000001	0.000025123664161813362
1.766	0.000025152590651901266
1.7690000000000001	0.000025181526648980876
1.772	0.000025210472118802163
1.7750000000000001	0.000025239427026987555
1.778	0.000025268391339032156
1.781	0.000025297364067304087
1.784	0.000025326345095623174
1.787	0.000025355335435000394
1.79	0.000025384335059520913
1.793	0.000025413343943172468
1.796	0.000025442362059845454
1.799	0.000025471389383332995
1.802	0.000025500425887331033
1.805	0.0000255294715454384
1.808	0.000025558526331156916
1.811	0.00002558759021789147
1.814	0.000025616663178950134
1.817	0.000025645745187544215
1.82	0.00002567483621678839
1.823	0.000025703936239700798
1.826	0.00002573304522920313
1.829	0.000025762163158120734
1.832	0.000025791289999182736
1.835	0.000025820425725022137
1.838	0.000025849570308175925
1.841	0.0000258787237210852
1.844	0.000025907885936095272
1.847	0.0000259370569254558
1.85	0.000025966236661320906
1.853	0.000025995425115749295
1.856	0.000026024622260704386
1.859	0.000026053828068054433
1.862	0.000026083042509572682
1.865	0.000026112265556937476
1.868	0.000026141497181732405
1.871	0.000026170737355446444
1.874	0.000026199986049474105
1.877	0.000026229243235115564
1.8800000000000001	0.000026258508883576816
1.883	0.000026287782965969827
1.8860000000000001	0.000026317065453312697
1.889	0.000026346355817095624
1.8920000000000001	0.00002637565347009615
1.895	0.000026404959448777815
1.8980000000000001	0.000026434273731056757
1.901	0.00002646359629477648
1.9040000000000001	0.000026492927117707885
1.907	0.000026522266177549346
1.91	0.000026551613451926776
1.913	0.000026580968918393692
1.916	0.000026610332554431283
1.919	0.0000266397043374485
1.922	0.00002666908424478211
1.925	0.00002669847225369679
1.928	0.000026727868341385182
1.931	0.000026757272484967998
1.934	0.00002678668466149408
1.937	0.00002681610484794049
1.94	0.00002684553302121259
1.943	0.000026874969158144153
1.946	0.000026904413235497397
1.949	0.000026933865229963124
1.952	0.000026963325118160772
1.955	0.00002699279287663855
1.958	0.00002702226848187348
1.961	0.00002705175191027153
1.964	0.000027081243138167688
1.967	0.000027110742141826078
1.97	0.00002714024889744005
1.973	0.000027169763381132274
1.976	0.000027199285568954847
1.979	0.000027228815436889413
1.982	0.000027258352960847245
1.985	0.00002728789811666936
1.988	0.00002731745088012664
1.991	0.000027347011226919928
1.994	0.000027376579132680143
1.997	0.00002740615392703524
2.	0.000027435735663251085
2.003	0.000027465324892809625
2.0060000000000002	0.00002749492159684885
2.0090000000000003	0.000027524525756451097
2.012	0.000027554137352644098
2.015	0.000027583756366400843
2.018	0.000027613382778639597
2.021	0.000027643016570224
2.024	0.00002767265772196308
2.027	0.000027702306214611342
2.0300000000000002	0.000027731962028868808
2.0330000000000004	0.000027761625145381083
2.036	0.00002779129554473941
2.0389999999999997	0.00002782097320748075
2.042	0.00002785065811408782
2.045	0.00002788035024498916
2.048	0.00002791004958055922
2.051	0.000027939756101118396
2.0540000000000003	0.00002796946978693311
2.057	0.00002799919061821587
2.06	0.000028028918575125364
2.0629999999999997	0.000028058653637766486
2.066	0.00002808839578619045
2.069	0.000028118145000394816
2.072	0.000028147901260323614
2.075	0.00002817766454586737
2.0780000000000003	0.000028207434836863202
2.081	0.000028237212113094898
2.084	0.00002826699635429299
2.0869999999999997	0.000028296787540134815
2.09	0.000028326585650244625
2.093	0.000028356390664193633
2.096	0.000028386202561500114
2.099	0.000028416021321629477
2.1020000000000003	0.00002844584686289313
2.105	0.000028475678337911244
2.108	0.00002850551661805072
2.1109999999999998	0.00002853536168715146
2.114	0.000028565213529012616
2.117	0.000028595072127390127
2.12	0.000028624937465998275
2.123	0.000028654809528509382
2.1260000000000003	0.000028684688298553852
2.129	0.000028714573759720226
2.132	0.00002874446589555521
2.135	0.00002877436468956373
2.138	0.000028804270125208982
2.141	0.00002883418218591246
2.144	0.000028864100855054014
2.1470000000000002	0.0000288940261159719
2.1500000000000004	0.000028923957951962828
2.153	0.000028953896346281993
2.156	0.000028983841282143155
2.159	0.000029013792742718656
2.162	0.000029043750711139495
2.165	0.00002907371517049537
2.168	0.00002910368610383472
2.1710000000000003	0.000029133663494164792
2.174	0.000029163647324451693
2.177	0.00002919363757762044
2.1799999999999997	0.000029223634236554993
2.183	0.00002925363728409837
2.186	0.00002928364670305262
2.189	0.000029313662476178954
2.192	0.000029343684586197748
2.1950000000000003	0.000029373713015788642
2.198	0.00002940374774759056
2.201	0.000029433788764201805
2.2039999999999997	0.000029463836048180084
2.207	0.00002949388958204261
2.21	0.000029523948691994217
2.213	0.000029554013932507727
2.216	0.000029584085376606806
2.2190000000000003	0.000029614163010297295
2.222	0.000029644246819553876
2.225	0.000029674336790317044
2.2279999999999998	0.00002970443290849501
2.231	0.000029734535159963355
2.234	0.000029764643530564986
2.237	0.000029794758006110224
2.24	0.000029824878572376832
2.2430000000000003	0.00002985500521511003
2.246	0.000029885137920022546
2.249	0.00002991527667279465
2.252	0.00002994542145907419
2.255	0.000029975572264476624
2.258	0.00003000572907458505
2.261	0.000030035891874950273
2.2640000000000002	0.0000300660606510908
2.2670000000000003	0.00003009623538849292
2.27	0.000030126416072610707
2.273	0.000030156602688866096
2.276	0.00003018679522264888
2.279	0.000030216993659316802
2.282	0.00003024719798419553
2.285	0.00003027740818257876
2.2880000000000003	0.000030307624239728217
2.2910000000000004	0.000030337846140873717
2.294	0.000030368073871213205
2.2969999999999997	0.00003039830741591279
2.3	0.000030428546760106805
2.303	0.000030458791888897828
2.306	0.000030489042787356736
2.309	0.000030519299440522756
2.3120000000000003	0.0000305495618334035
2.315	0.00003057982939120175
2.318	0.00003061010263547637
2.3209999999999997	0.000030640381579653486
2.324	0.0000306706662115288
2.327	0.00003070095651887346
2.33	0.000030731252489431396
2.333	0.000030761554110921026
2.3360000000000003	0.00003079186137103489
2.339	0.000030822174257439666
2.342	0.00003085249275777622
2.3449999999999998	0.000030882816859659605
2.348	0.00003091314655067912
2.351	0.00003094348181839831
2.354	0.00003097382265035499
2.357	0.00003100416903406132
2.3600000000000003	0.000031034520957003774
2.363	0.0000310648784066432
2.366	0.00003109524137041486
2.3689999999999998	0.000031125609835728415
2.372	0.00003115598378996802
2.375	0.000031186363220492294
2.378	0.00003121674811463437
2.3810000000000002	0.000031247138459701936
2.3840000000000003	0.00003127753424297727
2.387	0.000031307935451717244
2.39	0.00003133834207315337
2.393	0.00003136875409449185
2.396	0.00003139917150291358
2.399	0.000031429594285574195
2.402	0.00003146002242960409
2.4050000000000002	0.00003149045592210848
2.4080000000000004	0.000031520894750167407
2.411	0.00003155133890083578
2.414	0.00003158178836114342
2.417	0.00003161224299776398
2.42	0.000031642702573801274
2.423	0.00003167316742311505
2.426	0.00003170363753497529
2.4290000000000003	0.0000317341128986306
2.432	0.00003176459350330998
2.435	0.00003179507933822041
2.4379999999999997	0.00003182557039254835
2.441	0.000031856066655459474
2.444	0.00003188656811609861
2.447	0.00003191707476358984
2.45	0.00003194758658703647
2.4530000000000003	0.00003197810357552105
2.456	0.00003200862571810544
2.459	0.0000320391530038308
2.4619999999999997	0.00003206968542171761
2.465	0.0000321002229607657
2.468	0.0000321307656099543
2.471	0.00003216131335824199
2.474	0.000032191866194566795
2.4770000000000003	0.00003222242410784619
2.48	0.00003225298708697709
2.483	0.000032283555120835945
2.4859999999999998	0.00003231412819827866
2.489	0.00003234470630814074
2.492	0.00003237528943923719
2.495	0.00003240587758036266
2.498	0.00003243647072029137
2.501	0.000032467068847777197
2.504	0.000032497671951553675
2.507	0.00003252828002033404
2.5100000000000002	0.00003255889304281121
2.513	0.00003258951100765787
2.516	0.00003262013390352647
2.519	0.00003265076171904924
2.5220000000000002	0.000032681394156045226
2.525	0.000032712031404926675
2.528	0.000032742673542412605
2.531	0.00003277332055895481
2.5340000000000003	0.000032803972444987576
2.537	0.00003283462919092933
2.54	0.00003286529078718037
2.543	0.000032895957224124315
2.5460000000000003	0.000032926628492127756
2.549	0.00003295730458154032
2.552	0.00003298798548269465
2.555	0.00003301867118590645
2.558	0.00003304936168147448
2.561	0.00003308005695968059
2.564	0.00003311075701078975
2.567	0.000033141461825050004
2.57	0.00003317217139269256
2.573	0.000033202885703931805
2.576	0.000033233604748965266
2.579	0.00003326432851797368
2.582	0.00003329505700112099
2.585	0.000033325790188554384
2.588	0.00003335652807040429
2.591	0.00003338727063678441
2.594	0.00003341801787779171
2.597	0.000033448769783506526
2.6	0.00003347952634399247
2.603	0.00003351028754929651
2.606	0.00003354105338944899
2.609	0.000033571823854463675
2.612	0.000033602598934337674
2.615	0.000033633378619051585
2.618	0.00003366416289856941
2.621	0.000033694951762838666
2.624	0.00003372574505997982
2.6270000000000002	0.00003375654276140183
2.63	0.00003378734501946645
2.633	0.000033818151825612385
2.636	0.00003384896317126417
2.6390000000000002	0.000033879779047831865
2.642	0.00003391059944671246
2.645	0.00003394142435928789
2.648	0.00003397225377692627
2.6510000000000002	0.000034003087690981686
2.654	0.00003403392609279414
2.657	0.00003406476897368962
2.66	0.000034095616324980084
2.6630000000000003	0.000034126468137963464
2.666	0.0000341573244039237
2.669	0.000034188185114130776
2.672	0.00003421905025984068
2.6750000000000003	0.000034249919832295466
2.678	0.000034280793822723244
2.681	0.00003431167222233821
2.684	0.000034342555022340645
2.687	0.000034373442213916965
2.69	0.00003440433378823968
2.693	0.000034435229736467464
2.696	0.00003446613004974514
2.699	0.0000344970347192037
2.702	0.00003452794373596034
2.705	0.00003455885709111845
2.708	0.000034589774775767655
2.711	0.00003462069678098379
2.714	0.00003465162309782898
2.717	0.0000346825537173516
2.72	0.000034713488630586315
2.723	0.000034744427828554096
2.726	0.00003477537121729641
2.729	0.000034806318709433246
2.732	0.000034837270460910644
2.735	0.00003486822646398609
2.738	0.000034899186710905206
2.741	0.0000349301511939015
2.744	0.000034961119905197465
2.747	0.00003499209283700303
2.75	0.00003502306998151657
2.753	0.00003505405133092464
2.7560000000000002	0.00003508503687740206
2.759	0.00003511602661311185
2.762	0.000035147020530205303
2.765	0.00003517801862082197
2.7680000000000002	0.00003520902087708965
2.771	0.00003524002729112447
2.774	0.000035271037855030825
2.777	0.00003530205256090143
2.7800000000000002	0.00003533307140081732
2.783	0.00003536409436684787
2.786	0.000035395121451050804
2.789	0.0000354261526454722
2.7920000000000003	0.000035457187942146515
2.795	0.00003548822733309659
2.798	0.000035519270810333695
2.801	0.000035550318365857464
2.8040000000000003	0.00003558136999165599
2.807	0.000035612425679705796
2.81	0.00003564348542197188
2.813	0.00003567454921040768
2.816	0.00003570561703695512
2.819	0.00003573668889354463
2.822	0.000035767764772095144
2.825	0.00003579884466451412
2.828	0.000035829928485160805
2.831	0.0000358610161744766
2.834	0.00003589210785472218
2.837	0.00003592320351884282
2.84	0.000035954303159773796
2.843	0.000035985406770440155
2.846	0.000036016514343757556
2.849	0.000036047625872631054
2.852	0.00003607874134995592
2.855	0.00003610986076861745
2.858	0.000036140984121490974
2.861	0.00003617211140144184
2.864	0.000036203242601325475
2.867	0.00003623437771398738
2.87	0.000036265516732263104
2.873	0.000036296659648978296
2.876	0.00003632780645694869
2.879	0.00003635895714898016
2.882	0.000036390111717868655
2.8850000000000002	0.00003642127015640028
2.888	0.00003645243245735124
2.891	0.00003648359861348796
2.894	0.000036514768617566955
2.8970000000000002	0.00003654594246233496
2.9	0.00003657712014052885
2.903	0.000036608301644875743
2.906	0.000036639486968092924
2.9090000000000003	0.0000366706761028879
2.912	0.00003670186904195842
2.915	0.00003673306577799246
2.918	0.00003676426630366825
2.9210000000000003	0.000036795470611654284
2.924	0.00003682667869460932
2.927	0.000036857890545182413
2.93	0.00003688910605917991
2.933	0.00003692032524911133
2.936	0.00003695154818591673
2.939	0.000036982774863126875
2.942	0.000037014005274263944
2.945	0.00003704523941284139
2.948	0.000037076477272364644
2.951	0.000037107718846330126
2.954	0.00003713896412822587
2.957	0.000037170213111531384
2.96	0.000037201465789717694
2.963	0.0000372327221562473
2.966	0.00003726398220457424
2.969	0.000037295245928144034
2.972	0.00003732651332039377
2.975	0.00003735778437475204
2.978	0.000037389059084639
2.981	0.00003742033744346635
2.984	0.00003745161944463736
2.987	0.00003748290508154687
2.99	0.00003751419434758131
2.993	0.00003754548723611868
2.996	0.00003757678374052861
2.999	0.00003760808385417232
3.0020000000000002	0.00003763938757040267
3.005	0.000037670694882564104
3.008	0.00003770200578399276
3.011	0.000037733320268016384
3.0140000000000002	0.000037764638327954404
3.017	0.0000377959599571179
3.02	0.00003782728514880965
3.023	0.000037858613896324084
3.0260000000000002	0.000037889946192947374
3.029	0.00003792128203195735
3.032	0.00003795262127689319
3.035	0.00003798396403264179
3.0380000000000003	0.00003801531031199039
3.041	0.00003804666010897466
3.044	0.00003807801341762291
3.047	0.00003810937023195596
3.0500000000000003	0.00003814073054598768
3.053	0.000038172094353724215
3.056	0.00003820346164916452
3.059	0.0000382348324263002
3.062	0.000038266206679115556
3.065	0.000038297584401587584
3.068	0.00003832896558768596
3.071	0.00003836035023137311
3.074	0.00003839173832660412
3.077	0.00003842312986732683
3.08	0.0000384545248474818
3.083	0.00003848592326100235
3.086	0.000038517325101814505
3.089	0.00003854873036383708
3.092	0.00003858013904098164
3.095	0.00003861155112715253
3.098	0.000038642966616246836
3.101	0.000038674385502154466
3.104	0.000038705807778758125
3.107	0.00003873723343993329
3.11	0.000038768662479548275
3.113	0.00003880009489146421
3.116	0.000038831530669535036
3.119	0.000038862969807607554
3.122	0.00003889441229952138
3.125	0.000038925858139109005
3.128	0.000038957307320195774
3.1310000000000002	0.00003898875979571514
3.134	0.000039020215513439494
3.137	0.000039051674554959866
3.14	0.00003908313691475931
3.1430000000000002	0.0000391146025873145
3.146	0.00003914607156709574
3.149	0.00003917754384856687
3.152	0.0000392090194261857
3.1550000000000002	0.000039240498294403376
3.158	0.00003927198044766478
3.161	0.00003930346588040849
3.164	0.00003933495458706673
3.1670000000000003	0.000039366446562065404
3.17	0.00003939794179982411
3.173	0.000039429440294756124
3.176	0.00003946094204126843
3.1790000000000003	0.0000394924470337617
3.182	0.00003952395526663033
3.185	0.000039555466734262435
3.188	0.00003958698143103984
3.191	0.000039618499351338124
3.194	0.000039650020489526574
3.197	0.00003968154483996825
3.2	0.00003971307239701995
3.203	0.000039744603155032224
3.206	0.00003977613710834942
3.209	0.000039807674251309624
3.212	0.000039839214578244715
3.215	0.00003987075808348037
3.218	0.00003990230476133605
3.221	0.00003993385460612502
3.224	0.00003996540761215435
3.227	0.000039996963773724945
3.23	0.000040028523085131515
3.233	0.00004006008544220419
3.236	0.00004009165092521453
3.239	0.00004012321954200684
3.242	0.000040154791287453064
3.245	0.00004018636615641958
3.248	0.00004021794414376716
3.251	0.00004024952524435129
3.254	0.00004028110945302169
3.257	0.000040312696764622625
3.2600000000000002	0.00004034428717399285
3.263	0.000040375880675965603
3.266	0.000040407477265368625
3.269	0.000040439076937024145
3.2720000000000002	0.00004047067968574891
3.275	0.000040502285506354174
3.278	0.00004053389439364572
3.281	0.00004056550634242384
3.2840000000000003	0.000040597121347483376
3.287	0.00004062873940361368
3.29	0.00004066036050559867
3.293	0.00004069198464821679
3.2960000000000003	0.000040723611826241074
3.299	0.000040755242034439086
3.302	0.00004078687526757297
3.305	0.00004081851152039945
3.3080000000000003	0.00004085015078766981
3.311	0.00004088179306412993
3.314	0.00004091343834452029
3.317	0.00004094508662357596
3.32	0.00004097673789602661
3.323	0.00004100839215659655
3.326	0.000041040049400004656
3.329	0.00004107170962096448
3.332	0.00004110337275943866
3.335	0.000041135038821955814
3.338	0.00004116670784693396
3.341	0.0000411983798295972
3.344	0.000041230054765164764
3.347	0.000041261732648851076
3.35	0.00004129341347586561
3.353	0.00004132509724141326
3.356	0.00004135678394069385
3.359	0.000041388473568902454
3.362	0.000041420166121229335
3.365	0.000041451861592859944
3.368	0.0000414835599789749
3.371	0.00004151526127475006
3.374	0.00004154696547535645
3.3770000000000002	0.00004157867257596032
3.38	0.00004161038257172312
3.383	0.00004164209545780151
3.386	0.000041673811229347415
3.3890000000000002	0.00004170552988150795
3.392	0.00004173725140942546
3.395	0.00004176897580823756
3.398	0.0000418007030730771
3.4010000000000002	0.000041832433199072156
3.404	0.00004186416618134609
3.407	0.00004189590201501751
3.41	0.0000419276406952003
3.4130000000000003	0.000041959382217003594
3.416	0.000041991126575531826
3.419	0.00004202287376588471
3.422	0.00004205462378315725
3.4250000000000003	0.00004208637662243973
3.428	0.000042118132278817734
3.431	0.00004214989071803613
3.434	0.00004218165190724659
3.4370000000000003	0.000042213415899391766
3.44	0.00004224518269001242
3.443	0.000042276952274645104
3.446	0.00004230872464882208
3.449	0.00004234049980807129
3.452	0.00004237227774791666
3.455	0.00004240405846387766
3.458	0.00004243584195146961
3.461	0.00004246762820620359
3.464	0.00004249941722358646
3.467	0.00004253120899912085
3.47	0.00004256300352830518
3.473	0.00004259480080663367
3.476	0.00004262660082959632
3.479	0.00004265840359267894
3.482	0.00004269020909136313
3.485	0.0000427220173211263
3.488	0.0000427538282774417
3.491	0.00004278564195577835
3.494	0.00004281745835160114
3.497	0.000042849277460370755
3.5	0.000042881099277543724
3.503	0.00004291292379857241
3.5060000000000002	0.00004294475101890502
3.509	0.000042976580933985606
3.512	0.000043008413539254075
3.515	0.00004304024883014618
3.5180000000000002	0.00004307208680209355
3.521	0.000043103927450523665
3.524	0.00004313577077085988
3.527	0.00004316761675852144
3.5300000000000002	0.00004319946539231667
3.533	0.00004323131662359542
3.536	0.00004326317050892893
3.539	0.00004329502704414504
3.5420000000000003	0.00004332688622506782
3.545	0.000043358748047517607
3.548	0.00004339061250731094
3.551	0.00004342247960026078
3.5540000000000003	0.00004345434932217622
3.557	0.00004348622166886265
3.56	0.000043518096636121765
3.563	0.00004354997421975152
3.5660000000000003	0.000043581854415546156
3.569	0.000043613737219296213
3.572	0.000043645622626788526
3.575	0.00004367751063380621
3.578	0.00004370940123612869
3.581	0.00004374129442953172
3.584	0.00004377319020978732
3.587	0.000043805088572663863
3.59	0.000043836989513926016
3.593	0.00004386889302933479
3.596	0.0000439007991146475
3.599	0.00004393270776561779
3.602	0.00004396461897799567
3.605	0.000043996532747527466
3.608	0.000044028449069955856
3.611	0.00004406036794101986
3.614	0.00004409228935645484
3.617	0.00004412421331199255
3.62	0.00004415613980336106
3.623	0.000044188068826284845
3.626	0.000044220000376484725
3.629	0.00004425193443701183
3.632	0.00004428387095956568
3.6350000000000002	0.000044315809996972915
3.638	0.000044347751545323276
3.641	0.00004437969560070322
3.644	0.00004441164215919587
3.6470000000000002	0.000044443591216881036
3.65	0.00004447554276983532
3.653	0.00004450749681413195
3.656	0.000044539453345840877
3.6590000000000003	0.00004457141236102877
3.662	0.00004460337385575901
3.665	0.00004463533782609173
3.668	0.000044667304268083735
3.6710000000000003	0.000044699273177788604
3.674	0.00004473124455125661
3.677	0.0000447632183845348
3.68	0.00004479519467366693
3.6830000000000003	0.000044827173414693524
3.686	0.00004485915460365181
3.689	0.00004489113823657583
3.692	0.00004492312430949633
3.6950000000000003	0.00004495511281844082
3.698	0.00004498710375943359
3.701	0.00004501909712849568
3.704	0.000045051092921644906
3.707	0.000045083091134895856
3.71	0.000045115091764259905
3.713	0.00004514709480574519
3.716	0.00004517910025535663
3.719	0.000045211108109095946
3.722	0.000045243118362961664
3.725	0.000045275131012949075
3.728	0.00004530714604026541
3.731	0.00004533916340793601
3.734	0.00004537118316011028
3.737	0.00004540320529311829
3.74	0.000045435229803287186
3.743	0.00004546725668694119
3.746	0.00004549928594040158
3.749	0.0000455313175599868
3.7520000000000002	0.00004556335154201229
3.755	0.00004559538788279061
3.758	0.00004562742657863143
3.761	0.00004565946762584148
3.7640000000000002	0.00004569151102072462
3.767	0.000045723556759581766
3.77	0.00004575560483871101
3.773	0.000045787655254407497
3.7760000000000002	0.000045819708002963504
3.779	0.0000458517630806684
3.782	0.000045883820483808723
3.785	0.00004591588020866809
3.7880000000000003	0.00004594794225152724
3.791	0.00004598000660866406
3.794	0.00004601207327635357
3.797	0.00004604414225086792
3.8000000000000003	0.00004607621352847638
3.803	0.00004610828710544538
3.806	0.00004614036297803851
3.809	0.00004617244114251648
3.8120000000000003	0.00004620452159513715
3.815	0.00004623660433215556
3.818	0.000046268689349823905
3.821	0.00004630077664439151
3.8240000000000003	0.000046332866212104916
3.827	0.000046364958028185854
3.83	0.000046397052074301105
3.833	0.00004642914838270594
3.836	0.000046461246949951923
3.839	0.000046493347772588054
3.842	0.000046525450847160724
3.845	0.0000465575561702137
3.848	0.00004658966373828824
3.851	0.00004662177354792296
3.854	0.00004665388559565392
3.857	0.00004668599987801458
3.86	0.00004671811639153582
3.863	0.00004675023513274599
3.866	0.00004678235609817083
3.869	0.00004681447928433352
3.872	0.00004684660468775468
3.875	0.000046878732304952396
3.878	0.000046910862132442154
3.8810000000000002	0.00004694299416673691
3.884	0.00004697512840434705
3.887	0.00004700726484178043
3.89	0.000047039403475542346
3.8930000000000002	0.00004707154430213557
3.896	0.0000471036873180603
3.899	0.00004713583251981424
3.902	0.00004716797990389252
3.9050000000000002	0.00004720012946678778
3.908	0.00004723228120499007
3.911	0.00004726443511498699
3.914	0.00004729659119326356
3.9170000000000003	0.000047328749436302314
3.92	0.000047360909840583246
3.923	0.00004739307240258386
3.926	0.00004742523708880334
3.9290000000000003	0.000047457403904238095
3.932	0.00004748957286725617
3.935	0.00004752174397461406
3.938	0.000047553917223065956
3.9410000000000003	0.00004758609260936372
3.944	0.0000476182701302569
3.947	0.00004765044978249283
3.95	0.00004768263156281647
3.9530000000000003	0.000047714815467970505
3.956	0.00004774700149469532
3.959	0.00004777918963972904
3.962	0.00004781137989980749
3.965	0.000047843572271664195
3.968	0.00004787576675203044
3.971	0.0000479079633376352
3.974	0.00004794016202520519
3.977	0.000047972362811464846
3.98	0.00004800456569313634
3.983	0.000048036770666939565
3.986	0.000048068977729592175
3.989	0.000048101186877809525
3.992	0.00004813339810830476
3.995	0.000048165611417788724
3.998	0.000048197826802970035
4.0009999999999994	0.00004823004426055504
4.004	0.000048262263787247863
4.007	0.00004829448537975036
4.01	0.000048326709034762155
4.013	0.000048358934748980625
4.016	0.00004839116251910092
4.019	0.00004842339234181595
4.022	0.000048455624213816394
4.025	0.00004848785809116925
4.0280000000000005	0.00004852009400497569
4.031000000000001	0.000048552331958610304
4.034000000000001	0.000048584571949019695
4.037	0.0000486168139731484
4.04	0.00004864905802793893
4.043	0.000048681304110331735
4.046	0.00004871355221726523
4.0489999999999995	0.000048745802345675754
4.052	0.00004877805449249766
4.055	0.00004881030865466321
4.058	0.00004884256482910267
4.061	0.000048874823012744246
4.064	0.000048907083202514124
4.067	0.00004893934539533647
4.07	0.000048971609588133405
4.073	0.000049003875777825055
4.0760000000000005	0.00004903614396132948
4.079000000000001	0.00004906841413556276
4.082000000000001	0.000049100686297438944
4.085	0.00004913296044387006
4.088	0.000049165236571766145
4.091	0.00004919751467803521
4.093999999999999	0.00004922979475958325
4.0969999999999995	0.000049262076813314285
4.1	0.0000492943608361303
4.103	0.0000493266468249313
4.106	0.00004935893477661528
4.109	0.00004939122468807826
4.112	0.000049423516556214237
4.115	0.00004945581037791524
4.118	0.0000494881061500713
4.121	0.00004952040386037011
4.1240000000000006	0.00004955270348110091
4.127000000000001	0.000049585005043232095
4.13	0.00004961730854388889
4.133	0.00004964961398019473
4.136	0.000049681921349271176
4.139	0.000049714230648237975
4.1419999999999995	0.000049746541874213084
4.145	0.00004977885502431261
4.148	0.000049811170095650836
4.151	0.00004984348708534023
4.154	0.000049875805990491456
4.157	0.00004990812680821335
4.16	0.00004994044953561294
4.163	0.00004997277416979544
4.166	0.000050005100707864275
4.1690000000000005	0.000050037429146921045
4.172000000000001	0.000050069759484065554
4.175000000000001	0.0000501020917163958
4.178	0.000050134425841007975
4.181	0.00005016676185499651
4.184	0.000050199099755454
4.187	0.00005023143953947126
4.1899999999999995	0.00005026378120413731
4.193	0.000050296124746539414
4.196	0.000050328470163763
4.199	0.00005036081745289174
4.202	0.00005039316661100751
4.205	0.000050425517635190434
4.208	0.000050457870522518824
4.211	0.00005049022527006923
4.214	0.000050522581874916436
4.2170000000000005	0.000050554940334133446
4.220000000000001	0.00005058730062000337
4.223	0.00005061966273982407
4.226	0.00005065202670558037
4.229	0.00005068439251456206
4.232	0.00005071676016405732
4.234999999999999	0.000050749129651352654
4.2379999999999995	0.000050781500973733004
4.241	0.00005081387412848164
4.244	0.00005084624911288021
4.247	0.000050878625924208734
4.25	0.00005091100455974563
4.253	0.00005094338501676767
4.256	0.00005097576729255003
4.259	0.000051008151384366255
4.2620000000000005	0.00005104053728948828
4.265000000000001	0.000051072925005186415
4.268000000000001	0.00005110531452872938
4.271	0.000051137705857384256
4.274	0.000051170098988416564
4.277	0.000051202493919090166
4.28	0.00005123489064666736
4.2829999999999995	0.000051267289168408804
4.286	0.000051299689481573605
4.289	0.000051332091583419236
4.292	0.000051364495471201575
4.295	0.00005139690114217492
4.298	0.00005142930859359197
4.301	0.000051461717822703825
4.304	0.00005149412882676002
4.307	0.00005152654160300848
4.3100000000000005	0.00005155895614869556
4.313000000000001	0.00005159137246106602
4.316000000000001	0.00005162379053363563
4.319	0.000051656210334851364
4.322	0.00005168863189469687
4.325	0.000051721055210617
4.328	0.00005175348028005514
4.3309999999999995	0.0000517859071004532
4.334	0.000051818335669251676
4.337	0.00005185076598388958
4.34	0.00005188319804180448
4.343	0.00005191563184043246
4.346	0.0000519480673772082
4.349	0.000051980504649564894
4.352	0.0000520129436549343
4.355	0.00005204538439074673
4.3580000000000005	0.00005207782685443105
4.361000000000001	0.00005211027104341468
4.364	0.0000521427169551236
4.367	0.000052175164586982356
4.37	0.00005220761393641405
4.373	0.00005224006500084035
4.3759999999999994	0.00005227251777768147
4.379	0.00005230497226435624
4.382	0.000052337428458281994
4.385	0.00005236988635687468
4.388	0.00005240234595754882
4.391	0.00005243480725771748
4.394	0.000052467270254792325
4.397	0.00005249973494618358
4.4	0.00005253220132930007
4.4030000000000005	0.000052564669401549186
4.406000000000001	0.000052597139160336905
4.409000000000001	0.000052629610603067776
4.412	0.00005266208372714495
4.415	0.00005269455850876293
4.418	0.00005272703495444826
4.421	0.00005275951307398731
4.4239999999999995	0.000052791992864968284
4.427	0.00005282447432497812
4.43	0.00005285695745160243
4.433	0.000052889442242425516
4.436	0.000052921928695030393
4.439	0.00005295441680699876
4.442	0.00005298690657591102
4.445	0.00005301939799934628
4.448	0.00005305189107488234
4.4510000000000005	0.00005308438580009572
4.454000000000001	0.00005311688217256164
4.457000000000001	0.00005314938018985401
4.46	0.00005318187984954546
4.463	0.00005321438114920735
4.466	0.000053246884086409724
4.468999999999999	0.00005327938865872134
4.4719999999999995	0.000053311894863709695
4.475	0.00005334440269894098
4.478	0.00005337691216198011
4.481	0.00005340942325039072
4.484	0.000053441935961735164
4.487	0.00005347445029357451
4.49	0.00005350696624346858
4.493	0.00005353948380897587
4.496	0.000053572002987653664
4.4990000000000006	0.00005360452377705792
4.502	0.00005363704617474335
4.505	0.00005366957017826342
4.508	0.00005370209578517028
4.511	0.00005373462298619037
4.514	0.000053767151761759256
4.517	0.00005379968213357471
4.5200000000000005	0.00005383221409936026
4.523	0.00005386474765683827
4.526	0.00005389728280372995
4.529	0.000053929819537755284
4.532	0.00005396235785663315
4.535	0.00005399489775808121
4.538	0.000054027439239816004
4.541	0.000054059982299552854
4.5440000000000005	0.00005409252693500597
4.547	0.00005412507314388835
4.55	0.00005415762092391188
4.553	0.00005419017027278726
4.556	0.000054222721188224025
4.559	0.00005425527366793057
4.562	0.00005428782770961413
4.565	0.00005432038331098077
4.5680000000000005	0.00005435294046973543
4.571	0.00005438549918358186
4.574	0.00005441805945022271
4.577	0.000054450621267359445
4.58	0.00005448318463269239
4.583	0.000054515749543920714
4.586	0.00005454831599874247
4.589	0.00005458088399485454
4.5920000000000005	0.00005461345352995268
4.595	0.000054646024601731485
4.598	0.000054678597207884444
4.601	0.00005471117134610388
4.604	0.000054743747014081
4.607	0.000054776324209505846
4.61	0.00005480890290562063
4.613	0.00005484148312070179
4.616	0.00005487406485659387
4.619	0.00005490664811114588
4.622	0.00005493923288220578
4.625	0.000054971819167620454
4.628	0.000055004406965235766
4.631	0.000055036996272896523
4.634	0.00005506958708844648
4.6370000000000005	0.00005510217940972834
4.64	0.00005513477323458377
4.643	0.000055167368560853395
4.646	0.00005519996538637679
4.649	0.00005523256370899249
4.652	0.000055265163526537994
4.655	0.000055297764836849754
4.658	0.000055330367637763196
4.6610000000000005	0.000055362971927112695
4.664	0.0000553955777027316
4.667	0.00005542818496245223
4.67	0.00005546079370410586
4.673	0.00005549340392552274
4.676	0.00005552601562453209
4.679	0.000055558628798962096
4.682	0.00005559124344663991
4.6850000000000005	0.00005562385956539168
4.688	0.0000556564771530425
4.691	0.00005568909620741646
4.694	0.00005572171672633662
4.697	0.00005575433870762503
4.7	0.00005578696214910269
4.703	0.000055819587048589606
4.706	0.00005585221338952085
4.7090000000000005	0.00005588484117225129
4.712	0.00005591747040667569
4.715	0.00005595010109076158
4.718	0.000055982733222475554
4.721	0.000056015366799783226
4.724	0.00005604800182064929
4.727	0.000056080638283037506
4.73	0.00005611327618491067
4.733	0.000056145915524230644
4.736	0.00005617855629895836
4.739	0.000056211198507053806
4.742	0.000056243842146476025
4.745	0.00005627648721518313
4.748	0.0000563091337111323
4.751	0.00005634178163227978
4.7540000000000004	0.000056374430976580886
4.757	0.00005640708174198998
4.76	0.00005643973392646052
4.763	0.00005647238752794502
4.766	0.000056505042544395065
4.769	0.00005653769897376133
4.772	0.000056570356813993535
4.775	0.00005660301606304049
4.7780000000000005	0.00005663567671885009
4.781	0.00005666833877936928
4.784	0.000056701002242544114
4.787	0.0000567336671063197
4.79	0.00005676633336864024
4.793	0.000056799001027449016
4.796	0.000056831670080688384
4.799	0.000056864340526299795
4.8020000000000005	0.0000568970123553946
4.805	0.000056929685555250314
4.808	0.00005696236014147391
4.811	0.0000569950361121439
4.814	0.00005702771346533796
4.817	0.00005706039219913291
4.82	0.00005709307231160471
4.823	0.000057125753800828505
4.8260000000000005	0.000057158436664878556
4.829	0.00005719112090182829
4.832	0.00005722380650975029
4.835	0.0000572564934867163
4.838	0.00005728918183079721
4.841	0.00005732187154006306
4.844	0.00005735456261258308
4.847	0.00005738725504642562
4.8500000000000005	0.00005741994883965821
4.853	0.000057452643990347544
4.856	0.00005748534049655947
4.859	0.000057518038356359003
4.862	0.000057550737567810324
4.865	0.00005758343812897678
4.868	0.00005761614003792086
4.871	0.000057648843292704256
4.874	0.00005768154789138781
4.877	0.00005771425383203153
4.88	0.000057746961112694604
4.883	0.000057779669731435386
4.886	0.0000578123796863114
4.889	0.000057845090975379336
4.892	0.000057877803596695075
4.8950000000000005	0.00005791051754831367
4.898	0.000057943232826978147
4.901	0.000057975949410801685
4.904	0.00005800866731922384
4.907	0.00005804138655042718
4.91	0.000058074107102593457
4.913	0.00005810682897390369
4.916	0.000058139552162538125
4.9190000000000005	0.00005817227666667624
4.922	0.000058205002484496735
4.925	0.00005823772961417759
4.928	0.00005827045805389598
4.931	0.00005830318780182833
4.934	0.000058335918856150316
4.937	0.00005836865121503684
4.94	0.000058401384876662054
4.9430000000000005	0.00005843411983919936
4.946	0.00005846685610082137
4.949	0.00005849959365969999
4.952	0.00005853233251400633
4.955	0.00005856507266191076
4.958	0.0000585978141015829
4.961	0.000058630556831191615
4.964	0.00005866330084890502
4.9670000000000005	0.000058696046152890464
4.97	0.00005872879274131457
4.973	0.000058761540612343203
4.976	0.00005879428976414147
4.979	0.00005882704019487375
4.982	0.00005885979190270365
4.985	0.00005889254488579406
4.988	0.000058925299142307106
4.991	0.00005895805467040416
4.994	0.000058990811468245906
4.997	0.000059023569515605784