0.	-7.805786619133545e-6
0.0005	-7.801830965616351e-6
0.001	-7.797875268420852e-6
0.0015	-7.793919399686262e-6
0.002	-7.789963339645332e-6
0.0025	-7.786007242166837e-6
0.003	-7.782051110554925e-6
0.0035	-7.778094948104628e-6
0.004	-7.774138758114455e-6
0.0045000000000000005	-7.770182543883145e-6
0.005	-7.766226308709634e-6
0.0055	-7.76227005589304e-6
0.006	-7.758313788732622e-6
0.006500000000000001	-7.754357510527764e-6
0.007	-7.75040122457794e-6
0.0075	-7.746444934182686e-6
0.008	-7.742488642641584e-6
0.0085	-7.738532353254216e-6
0.009000000000000001	-7.734576069320153e-6
0.0095	-7.730619794138913e-6
0.01	-7.72666353100995e-6
0.0105	-7.72270728323261e-6
0.011	-7.71875105410612e-6
0.0115	-7.714794846929543e-6
0.012	-7.710838665001758e-6
0.0125	-7.706882511621444e-6
0.013000000000000001	-7.702926390087036e-6
0.0135	-7.698970303696697e-6
0.014	-7.695014255748308e-6
0.0145	-7.691058249539423e-6
0.015	-7.687102327851555e-6
0.0155	-7.683146462117913e-6
0.016	-7.679190647277478e-6
0.0165	-7.675234886223334e-6
0.017	-7.671279181849337e-6
0.0175	-7.667323537048936e-6
0.018000000000000002	-7.663367954715133e-6
0.0185	-7.659412437740479e-6
0.019	-7.655456989017044e-6
0.0195	-7.651501611436404e-6
0.02	-7.6475463078896e-6
0.0205	-7.643591081267148e-6
0.021	-7.63963593445899e-6
0.021500000000000002	-7.635680870354484e-6
0.022	-7.631725891842388e-6
0.0225	-7.62777100181083e-6
0.023	-7.6238162031472924e-6
0.0235	-7.619861498738584e-6
0.024	-7.615906891470829e-6
0.0245	-7.61195238422944e-6
0.025	-7.607997979899098e-6
0.025500000000000002	-7.604043681363726e-6
0.026000000000000002	-7.60008949150648e-6
0.0265	-7.596135413209718e-6
0.027	-7.592181449354985e-6
0.0275	-7.588227602822982e-6
0.028	-7.584273959262352e-6
0.0285	-7.580320778095928e-6
0.029	-7.576367718576949e-6
0.029500000000000002	-7.5724147800069376e-6
0.03	-7.568461961689311e-6
0.0305	-7.5645092629276934e-6
0.031	-7.560556683025929e-6
0.0315	-7.556604221288058e-6
0.032	-7.552651877018335e-6
0.0325	-7.548699649521218e-6
0.033	-7.544747538101366e-6
0.0335	-7.5407955420636494e-6
0.034	-7.536843660713134e-6
0.0345	-7.532891893355085e-6
0.035	-7.528940239294972e-6
0.035500000000000004	-7.5249886978384575e-6
0.036000000000000004	-7.521037268291405e-6
0.0365	-7.517085949959869e-6
0.037	-7.513134742150102e-6
0.0375	-7.509183644168546e-6
0.038	-7.505232655321839e-6
0.0385	-7.501281774916803e-6
0.039	-7.497331002260454e-6
0.0395	-7.493380336659994e-6
0.04	-7.489429777422809e-6
0.0405	-7.485479323856476e-6
0.041	-7.481528975268752e-6
0.0415	-7.477578902147342e-6
0.042	-7.4736290788502285e-6
0.0425	-7.4696793542951004e-6
0.043000000000000003	-7.465729725104001e-6
0.043500000000000004	-7.461780187897411e-6
0.044	-7.457830739296592e-6
0.0445	-7.453881375923567e-6
0.045	-7.449932094401085e-6
0.0455	-7.4459828913525896e-6
0.046	-7.442033763402195e-6
0.0465	-7.438084707174653e-6
0.047	-7.4341357192953275e-6
0.0475	-7.430186796390166e-6
0.048	-7.426237935085663e-6
0.0485	-7.422289132008845e-6
0.049	-7.418340383787224e-6
0.0495	-7.41439168704879e-6
0.05	-7.410443038421958e-6
0.0505	-7.406494434535562e-6
0.051000000000000004	-7.402545872018814e-6
0.051500000000000004	-7.398597347501269e-6
0.052000000000000005	-7.394648857612815e-6
0.0525	-7.390700398983632e-6
0.053	-7.386751968244161e-6
0.0535	-7.382803562025084e-6
0.054	-7.378855176957288e-6
0.0545	-7.374906809671842e-6
0.055	-7.370958181169739e-6
0.0555	-7.367009520886898e-6
0.056	-7.363060873314462e-6
0.0565	-7.359112237789412e-6
0.057	-7.35516361364875e-6
0.0575	-7.351215000229494e-6
0.058	-7.34726639686868e-6
0.0585	-7.343317802903367e-6
0.059000000000000004	-7.339369217670621e-6
0.059500000000000004	-7.335420640507532e-6
0.06	-7.331472070751197e-6
0.0605	-7.327523507738725e-6
0.061	-7.323574950807242e-6
0.0615	-7.31962639929388e-6
0.062	-7.315677852535781e-6
0.0625	-7.311729309870096e-6
0.063	-7.307780770633982e-6
0.0635	-7.303832234164604e-6
0.064	-7.299883699799128e-6
0.0645	-7.2959351668747265e-6
0.065	-7.291986634728573e-6
0.0655	-7.288038102697845e-6
0.066	-7.284089570119715e-6
0.0665	-7.280141036331363e-6
0.067	-7.276192500669961e-6
0.0675	-7.272243962472675e-6
0.068	-7.268295400559947e-6
0.0685	-7.264346741180216e-6
0.069	-7.260398078412894e-6
0.0695	-7.2564494125592855e-6
0.07	-7.252500743920704e-6
0.07050000000000001	-7.248552072798463e-6
0.07100000000000001	-7.244603399493879e-6
0.07150000000000001	-7.240654724308263e-6
0.07200000000000001	-7.236706047542941e-6
0.0725	-7.232757369499226e-6
0.073	-7.228808690478443e-6
0.0735	-7.2248600107819135e-6
0.074	-7.220911330710958e-6
0.0745	-7.216962650566898e-6
0.075	-7.213013970651057e-6
0.0755	-7.20906529126476e-6
0.076	-7.205116612709326e-6
0.0765	-7.2011679352860795e-6
0.077	-7.197219259296339e-6
0.0775	-7.193270585041424e-6
0.078	-7.189321912822655e-6
0.0785	-7.185373242941348e-6
0.079	-7.18142457569882e-6
0.0795	-7.177475911396381e-6
0.08	-7.173527250335347e-6
0.0805	-7.169578592817021e-6
0.081	-7.165629939142741e-6
0.0815	-7.161681330255758e-6
0.082	-7.157732766106904e-6
0.0825	-7.153784205677675e-6
0.083	-7.149835648584046e-6
0.0835	-7.145887094441989e-6
0.084	-7.141938542867483e-6
0.0845	-7.137989993476508e-6
0.085	-7.134041445885052e-6
0.0855	-7.130092899709094e-6
0.08600000000000001	-7.126144354564624e-6
0.08650000000000001	-7.122195810067625e-6
0.08700000000000001	-7.118247265834086e-6
0.08750000000000001	-7.114298721479997e-6
0.088	-7.110350176621345e-6
0.0885	-7.1064016308741164e-6
0.089	-7.102453083854297e-6
0.0895	-7.098504535177874e-6
0.09	-7.09455598446083e-6
0.0905	-7.090607431319146e-6
0.091	-7.086658875368803e-6
0.0915	-7.082710316225775e-6
0.092	-7.0787617535060365e-6
0.0925	-7.074813186825558e-6
0.093	-7.070864615800307e-6
0.0935	-7.066916040046241e-6
0.094	-7.062967459179321e-6
0.0945	-7.059018872815496e-6
0.095	-7.055070309432636e-6
0.0955	-7.051121745884916e-6
0.096	-7.047173175147808e-6
0.0965	-7.043224596540272e-6
0.097	-7.0392760093812455e-6
0.0975	-7.035327412989657e-6
0.098	-7.0313788066844125e-6
0.0985	-7.0274301897844075e-6
0.099	-7.0234815616085145e-6
0.0995	-7.0195329214755884e-6
0.1	-7.015584268704465e-6
0.1005	-7.011635602613955e-6
0.101	-7.007686922522851e-6
0.1015	-7.003738227749915e-6
0.10200000000000001	-6.999789517613889e-6
0.10250000000000001	-6.995840791433485e-6
0.10300000000000001	-6.991892048527391e-6
0.10350000000000001	-6.987943288214263e-6
0.10400000000000001	-6.983994509812726e-6
0.1045	-6.980045712641381e-6
0.105	-6.976096896018786e-6
0.1055	-6.9721480592634735e-6
0.106	-6.968199201693939e-6
0.1065	-6.9642503226286394e-6
0.107	-6.960301421386001e-6
0.1075	-6.956352497284409e-6
0.108	-6.952403557248755e-6
0.1085	-6.948454639251414e-6
0.109	-6.944505695831849e-6
0.1095	-6.9405567258532024e-6
0.11	-6.936607728178543e-6
0.1105	-6.932658701670862e-6
0.111	-6.928709645193064e-6
0.1115	-6.924760557607969e-6
0.112	-6.920811437778307e-6
0.1125	-6.916862284566715e-6
0.113	-6.912913096835737e-6
0.1135	-6.908963873447812e-6
0.114	-6.905014613265281e-6
0.1145	-6.9010653151503775e-6
0.115	-6.897115977965223e-6
0.1155	-6.893166600571833e-6
0.116	-6.889217181832103e-6
0.1165	-6.885267720607806e-6
0.117	-6.8813182157606e-6
0.11750000000000001	-6.877368666152012e-6
0.11800000000000001	-6.873419070643445e-6
0.11850000000000001	-6.869469428096164e-6
0.11900000000000001	-6.865519737371303e-6
0.11950000000000001	-6.861569997329852e-6
0.12	-6.857620206832668e-6
0.1205	-6.853670364740592e-6
0.121	-6.849720469913914e-6
0.1215	-6.845770538964719e-6
0.122	-6.8418205731733e-6
0.1225	-6.837870550758734e-6
0.123	-6.833920470259665e-6
0.1235	-6.829970330214529e-6
0.124	-6.826020129161533e-6
0.1245	-6.822069865638666e-6
0.125	-6.8181195381836845e-6
0.1255	-6.814169145334104e-6
0.126	-6.810218685627201e-6
0.1265	-6.80626815760001e-6
0.127	-6.802317559789306e-6
0.1275	-6.798366890731605e-6
0.128	-6.794416148963165e-6
0.1285	-6.790465333019973e-6
0.129	-6.7865144414377385e-6
0.1295	-6.782563472751897e-6
0.13	-6.778612425497595e-6
0.1305	-6.774661298209686e-6
0.131	-6.77071008942273e-6
0.1315	-6.766758797670987e-6
0.132	-6.7628074214884055e-6
0.1325	-6.758855959408629e-6
0.133	-6.754904409964973e-6
0.1335	-6.750952771691311e-6
0.134	-6.74700104311861e-6
0.1345	-6.743049222780022e-6
0.135	-6.739097245104897e-6
0.1355	-6.735145157362428e-6
0.136	-6.73119297466113e-6
0.1365	-6.727240696208212e-6
0.137	-6.723288321210693e-6
0.1375	-6.7193358488754e-6
0.138	-6.715383278408966e-6
0.1385	-6.711430609017825e-6
0.139	-6.707477839908219e-6
0.1395	-6.703524970286179e-6
0.14	-6.699571999357553e-6
0.1405	-6.695618926327968e-6
0.14100000000000001	-6.6916657504028585e-6
0.14150000000000001	-6.68771247078745e-6
0.14200000000000002	-6.683759086686759e-6
0.14250000000000002	-6.679805597305595e-6
0.14300000000000002	-6.6758520018485565e-6
0.14350000000000002	-6.6718982995200286e-6
0.14400000000000002	-6.667944489524183e-6
0.1445	-6.663990571064977e-6
0.145	-6.6600365433461475e-6
0.1455	-6.656082405571218e-6
0.146	-6.652128156943484e-6
0.1465	-6.648173796666028e-6
0.147	-6.644219323943145e-6
0.1475	-6.640264737974618e-6
0.148	-6.6363100553586745e-6
0.1485	-6.632355353721267e-6
0.149	-6.628400535349646e-6
0.1495	-6.624445598485951e-6
0.15	-6.620490541371803e-6
0.1505	-6.616535362248288e-6
0.151	-6.612580059355944e-6
0.1515	-6.608624630934766e-6
0.152	-6.604669075224195e-6
0.1525	-6.600713390463104e-6
0.153	-6.596757574889788e-6
0.1535	-6.5928016267419725e-6
0.154	-6.588845544256786e-6
0.1545	-6.584889325670766e-6
0.155	-6.580932969219842e-6
0.1555	-6.576976473139329e-6
0.156	-6.5730198356639295e-6
0.1565	-6.569063055027712e-6
0.157	-6.5651061294641086e-6
0.1575	-6.56114905720591e-6
0.158	-6.5571918364852534e-6
0.1585	-6.553234465533615e-6
0.159	-6.549276942581805e-6
0.1595	-6.545319265859954e-6
0.16	-6.541361433591947e-6
0.1605	-6.537403444017502e-6
0.161	-6.533445295359323e-6
0.1615	-6.529486987092392e-6
0.162	-6.525528517310369e-6
0.1625	-6.5215698830941186e-6
0.163	-6.5176110826487e-6
0.1635	-6.5136521141784255e-6
0.164	-6.509692975886848e-6
0.1645	-6.505733665976755e-6
0.165	-6.501774182650164e-6
0.1655	-6.4978145241083e-6
0.166	-6.493854688551607e-6
0.1665	-6.489894674179725e-6
0.167	-6.485934479191489e-6
0.1675	-6.481974101784916e-6
0.168	-6.478013540157198e-6
0.1685	-6.474052792504698e-6
0.169	-6.47009185702294e-6
0.1695	-6.466130731906589e-6
0.17	-6.462169415349461e-6
0.1705	-6.458207905544504e-6
0.171	-6.454246200683789e-6
0.1715	-6.450284298958508e-6
0.17200000000000001	-6.446322198558957e-6
0.17250000000000001	-6.4423598976745356e-6
0.17300000000000001	-6.4383973945067575e-6
0.17350000000000002	-6.4344346872175815e-6
0.17400000000000002	-6.430471774006142e-6
0.17450000000000002	-6.426508653058138e-6
0.17500000000000002	-6.422545434661031e-6
0.17550000000000002	-6.418582012757106e-6
0.176	-6.414618375706076e-6
0.1765	-6.410654520661058e-6
0.177	-6.406690444773624e-6
0.1775	-6.402726145193759e-6
0.178	-6.398761619069857e-6
0.1785	-6.394796863548692e-6
0.179	-6.390831875775402e-6
0.1795	-6.386866652893457e-6
0.18	-6.382901192044651e-6
0.1805	-6.378935490369069e-6
0.181	-6.374969545005084e-6
0.1815	-6.371003353089314e-6
0.182	-6.367036911756613e-6
0.1825	-6.363070218140052e-6
0.183	-6.359103269370889e-6
0.1835	-6.355136062578553e-6
0.184	-6.3511685948906285e-6
0.1845	-6.347200863432817e-6
0.185	-6.343232865328933e-6
0.1855	-6.33926459770088e-6
0.186	-6.335296057669096e-6
0.1865	-6.331327242350642e-6
0.187	-6.327358148862008e-6
0.1875	-6.323388774317209e-6
0.188	-6.319418663566665e-6
0.1885	-6.315447487137114e-6
0.189	-6.311476035106808e-6
0.1895	-6.3075043151253234e-6
0.19	-6.303532334847418e-6
0.1905	-6.299560101932894e-6
0.191	-6.295587624046436e-6
0.1915	-6.2916149088574814e-6
0.192	-6.287641964040064e-6
0.1925	-6.283668797272669e-6
0.193	-6.279695416238088e-6
0.1935	-6.275721828623272e-6
0.194	-6.271748042119181e-6
0.1945	-6.267774064420637e-6
0.195	-6.263799903226184e-6
0.1955	-6.259825566237924e-6
0.196	-6.255851061161388e-6
0.1965	-6.251876395705367e-6
0.197	-6.247901577581787e-6
0.1975	-6.243926614505539e-6
0.198	-6.239951514194335e-6
0.1985	-6.235976284368574e-6
0.199	-6.232000932751169e-6
0.1995	-6.228025467080251e-6
0.2	-6.224049895056898e-6
0.2005	-6.220074224424179e-6
0.201	-6.216098462913644e-6
0.2015	-6.212123023521208e-6
0.202	-6.2081475736706235e-6
0.2025	-6.204172048652919e-6
0.203	-6.200196452150721e-6
0.20350000000000001	-6.196220787847323e-6
0.20400000000000001	-6.192245059426645e-6
0.20450000000000002	-6.188269270573209e-6
0.20500000000000002	-6.184293424972097e-6
0.20550000000000002	-6.180317526308918e-6
0.20600000000000002	-6.176341578269776e-6
0.20650000000000002	-6.172365584541234e-6
0.20700000000000002	-6.168389548810277e-6
0.20750000000000002	-6.164413474764281e-6
0.20800000000000002	-6.1604373660909795e-6
0.2085	-6.156461226478423e-6
0.209	-6.152485059614949e-6
0.2095	-6.148508869189142e-6
0.21	-6.144532658889811e-6
0.2105	-6.140556432405936e-6
0.211	-6.136580193426651e-6
0.2115	-6.132603945641196e-6
0.212	-6.1286276927388916e-6
0.2125	-6.12465143841079e-6
0.213	-6.120675186345771e-6
0.2135	-6.116698940231712e-6
0.214	-6.1127227037578055e-6
0.2145	-6.108746566101047e-6
0.215	-6.104770596798994e-6
0.2155	-6.100794645438048e-6
0.216	-6.096818713675143e-6
0.2165	-6.092842803167131e-6
0.217	-6.0888669155707806e-6
0.2175	-6.084891052542758e-6
0.218	-6.080915215739636e-6
0.2185	-6.07693940681788e-6
0.219	-6.072963627433832e-6
0.2195	-6.068987879243721e-6
0.22	-6.065012163903644e-6
0.2205	-6.0610364830695655e-6
0.221	-6.057060838397303e-6
0.2215	-6.053085231542528e-6
0.222	-6.0491096641607556e-6
0.2225	-6.045134137907339e-6
0.223	-6.041158654437461e-6
0.2235	-6.037183215406126e-6
0.224	-6.033207822468156e-6
0.2245	-6.029232477278185e-6
0.225	-6.0252571814906465e-6
0.2255	-6.021281936758863e-6
0.226	-6.017306744738967e-6
0.2265	-6.0133316070835705e-6
0.227	-6.009356525446237e-6
0.2275	-6.0053815014803e-6
0.228	-6.001406729791266e-6
0.2285	-5.997432048592926e-6
0.229	-5.993457426448539e-6
0.2295	-5.989482863094782e-6
0.23	-5.985508358268367e-6
0.2305	-5.98153391170604e-6
0.231	-5.977559523144599e-6
0.2315	-5.973585192320868e-6
0.232	-5.969610918971715e-6
0.2325	-5.965636702834046e-6
0.233	-5.9616625436448e-6
0.2335	-5.957688441140959e-6
0.234	-5.953714395059537e-6
0.23450000000000001	-5.949740405137593e-6
0.23500000000000001	-5.945766471112214e-6
0.23550000000000001	-5.941792592720529e-6
0.23600000000000002	-5.937818769699708e-6
0.23650000000000002	-5.9338450017869435e-6
0.23700000000000002	-5.929871288719478e-6
0.23750000000000002	-5.925897630234582e-6
0.23800000000000002	-5.921924026069565e-6
0.23850000000000002	-5.917950475963998e-6
0.23900000000000002	-5.9139769796509025e-6
0.23950000000000002	-5.910003536869803e-6
0.24	-5.906030147358147e-6
0.2405	-5.902056810853419e-6
0.241	-5.898083443846652e-6
0.2415	-5.894109976706999e-6
0.242	-5.890136564527159e-6
0.2425	-5.886163209064634e-6
0.243	-5.882189912076665e-6
0.2435	-5.878216675320245e-6
0.244	-5.874243500552095e-6
0.2445	-5.870270389528662e-6
0.245	-5.8662973440061145e-6
0.2455	-5.862324365740329e-6
0.246	-5.858351456486882e-6
0.2465	-5.854378618001047e-6
0.247	-5.8504058520377865e-6
0.2475	-5.84643316035174e-6
0.248	-5.842460544697219e-6
0.2485	-5.8384880068281975e-6
0.249	-5.8345155484983085e-6
0.2495	-5.830543171460831e-6
0.25	-5.826570877468689e-6
0.2505	-5.82259866827443e-6
0.251	-5.818626545630237e-6
0.2515	-5.814654511287907e-6
0.252	-5.8106825670031375e-6
0.2525	-5.806710714518474e-6
0.253	-5.8027389555886535e-6
0.2535	-5.7987672919638594e-6
0.254	-5.794795725393864e-6
0.2545	-5.790824715592806e-6
0.255	-5.786853894152274e-6
0.2555	-5.78288316637516e-6
0.256	-5.778912529321534e-6
0.2565	-5.774941980052134e-6
0.257	-5.770971515628356e-6
0.2575	-5.767001133112215e-6
0.258	-5.763030829566337e-6
0.2585	-5.759060602053925e-6
0.259	-5.755090447638748e-6
0.2595	-5.751120363385122e-6
0.26	-5.747150346357868e-6
0.2605	-5.743180393622312e-6
0.261	-5.739210502244255e-6
0.2615	-5.735240669289946e-6
0.262	-5.731270891826075e-6
0.2625	-5.727301166919727e-6
0.263	-5.723331491638388e-6
0.2635	-5.719361863049906e-6
0.264	-5.715392278222478e-6
0.2645	-5.711422734224611e-6
0.265	-5.70745322812282e-6
0.2655	-5.703483756990957e-6
0.266	-5.699514317895953e-6
0.2665	-5.695544907907399e-6
0.267	-5.691575524095094e-6
0.2675	-5.68760608172556e-6
0.268	-5.68363646695389e-6
0.2685	-5.679666872615288e-6
0.269	-5.675697298125276e-6
0.2695	-5.671727742899412e-6
0.27	-5.667758206353272e-6
0.2705	-5.663788687902472e-6
0.271	-5.659819186962648e-6
0.2715	-5.655849702949461e-6
0.272	-5.651880235278599e-6
0.2725	-5.6479107833657704e-6
0.273	-5.643941346626716e-6
0.2735	-5.639971924477184e-6
0.274	-5.63600251633296e-6
0.2745	-5.632033121609837e-6
0.275	-5.628063739723637e-6
0.2755	-5.624094370090196e-6
0.276	-5.620125012125371e-6
0.2765	-5.616155665245031e-6
0.277	-5.612186328865067e-6
0.2775	-5.608217002401384e-6
0.278	-5.6042476852709105e-6
0.2785	-5.600278376887462e-6
0.279	-5.5963090766680875e-6
0.2795	-5.592339784028745e-6
0.28	-5.588370498385408e-6
0.2805	-5.584401219154059e-6
0.281	-5.580432510750453e-6
0.28150000000000003	-5.5764639840450415e-6
0.28200000000000003	-5.572495450826485e-6
0.28250000000000003	-5.568526904154157e-6
0.28300000000000003	-5.564558337087201e-6
0.28350000000000003	-5.560589742684398e-6
0.28400000000000003	-5.556621114004053e-6
0.28450000000000003	-5.552652444103872e-6
0.28500000000000003	-5.5486837260408375e-6
0.28550000000000003	-5.544714952871089e-6
0.28600000000000003	-5.540746117649801e-6
0.28650000000000003	-5.536777213431066e-6
0.28700000000000003	-5.532808233267765e-6
0.28750000000000003	-5.5288391702114515e-6
0.28800000000000003	-5.524870017312225e-6
0.2885	-5.52090076761862e-6
0.289	-5.516931414177467e-6
0.2895	-5.512961950033788e-6
0.29	-5.508992368230657e-6
0.2905	-5.5050226618090975e-6
0.291	-5.501052823809419e-6
0.2915	-5.497082847265128e-6
0.292	-5.493112725211832e-6
0.2925	-5.489142450681092e-6
0.293	-5.485172016701785e-6
0.2935	-5.481201416300003e-6
0.294	-5.477230582143678e-6
0.2945	-5.473259349658507e-6
0.295	-5.469287932665274e-6
0.2955	-5.465316326556326e-6
0.296	-5.4613445267218335e-6
0.2965	-5.4573725285497175e-6
0.297	-5.453400327425617e-6
0.2975	-5.449427918732817e-6
0.298	-5.445455297852209e-6
0.2985	-5.441482460162227e-6
0.299	-5.437509401038796e-6
0.2995	-5.433536115855285e-6
0.3	-5.429562599982439e-6
0.3005	-5.425588848788339e-6
0.301	-5.421614857638341e-6
0.3015	-5.4176406218950185e-6
0.302	-5.4136661369181154e-6
0.3025	-5.409691398064484e-6
0.303	-5.4057164006880414e-6
0.3035	-5.4017411401397e-6
0.304	-5.397765611767326e-6
0.3045	-5.393789810980625e-6
0.305	-5.38981373299764e-6
0.3055	-5.38583737321501e-6
0.306	-5.381860726967674e-6
0.3065	-5.377883789587232e-6
0.307	-5.373906556401882e-6
0.3075	-5.36992987703875e-6
0.308	-5.365953239412746e-6
0.3085	-5.361976274584596e-6
0.309	-5.357998967526081e-6
0.3095	-5.354021303196089e-6
0.31	-5.350043266540043e-6
0.3105	-5.346064842489325e-6
0.311	-5.342086015960698e-6
0.3115	-5.338106771855736e-6
0.312	-5.334127095060234e-6
0.3125	-5.330146970443635e-6
0.313	-5.3261663828584486e-6
0.3135	-5.322185317139651e-6
0.314	-5.318203758104123e-6
0.3145	-5.314221690550043e-6
0.315	-5.3102390992563054e-6
0.3155	-5.306255968981926e-6
0.316	-5.302272284465448e-6
0.3165	-5.298288030424349e-6
0.317	-5.294303191554432e-6
0.3175	-5.29031775239028e-6
0.318	-5.286331697852036e-6
0.3185	-5.282345012437315e-6
0.319	-5.278357680749423e-6
0.3195	-5.274369687366989e-6
0.32	-5.270381016843359e-6
0.3205	-5.266390610002448e-6
0.321	-5.262396394202051e-6
0.3215	-5.258401497390965e-6
0.322	-5.25440593991874e-6
0.3225	-5.250409742168832e-6
0.323	-5.246412924557593e-6
0.3235	-5.242415507533255e-6
0.324	-5.238417511574917e-6
0.3245	-5.234418957191517e-6
0.325	-5.230419864920807e-6
0.3255	-5.2264202553283235e-6
0.326	-5.222420149006357e-6
0.3265	-5.218419566572915e-6
0.327	-5.214418528670675e-6
0.3275	-5.210417055965944e-6
0.328	-5.206415169147621e-6
0.3285	-5.202412888926134e-6
0.329	-5.1984102360323875e-6
0.3295	-5.194407231216721e-6
0.33	-5.190403895247827e-6
0.3305	-5.186400249519187e-6
0.331	-5.182396313595298e-6
0.3315	-5.178392108915751e-6
0.332	-5.174387656312902e-6
0.3325	-5.170382976632302e-6
0.333	-5.166378090731599e-6
0.3335	-5.162373019479466e-6
0.334	-5.158368886058438e-6
0.3345	-5.15436469772588e-6
0.335	-5.150360366828204e-6
0.3355	-5.146355903822101e-6
0.336	-5.1423513191678135e-6
0.3365	-5.138346623328863e-6
0.337	-5.134341826771758e-6
0.3375	-5.130336939965726e-6
0.338	-5.126331973382413e-6
0.3385	-5.1223269374956175e-6
0.339	-5.118321842780987e-6
0.3395	-5.114316699715745e-6
0.34	-5.11031151877839e-6
0.3405	-5.106306310448413e-6
0.341	-5.102301085206007e-6
0.3415	-5.098295853531764e-6
0.342	-5.0942906259063946e-6
0.3425	-5.090285412810422e-6
0.343	-5.086280224723886e-6
0.3435	-5.082275072394112e-6
0.34400000000000003	-5.078269965819034e-6
0.34450000000000003	-5.074264915680546e-6
0.34500000000000003	-5.070259932452087e-6
0.34550000000000003	-5.066255026605381e-6
0.34600000000000003	-5.062250208610155e-6
0.34650000000000003	-5.058245488933877e-6
0.34700000000000003	-5.054241153207802e-6
0.34750000000000003	-5.0502371076221495e-6
0.34800000000000003	-5.046233185420605e-6
0.34850000000000003	-5.042229393168466e-6
0.34900000000000003	-5.038225737428938e-6
0.34950000000000003	-5.034222224763009e-6
0.35000000000000003	-5.03021886172936e-6
0.35050000000000003	-5.026215654884254e-6
0.35100000000000003	-5.022212610781423e-6
0.35150000000000003	-5.018209735971976e-6
0.352	-5.01420703700428e-6
0.3525	-5.010204520423858e-6
0.353	-5.006202192773283e-6
0.3535	-5.002200060592078e-6
0.354	-4.998198130416598e-6
0.3545	-4.994196408779931e-6
0.355	-4.990194902211792e-6
0.3555	-4.986193617238409e-6
0.356	-4.9821925603824324e-6
0.3565	-4.978191738162811e-6
0.357	-4.974191157128148e-6
0.3575	-4.970190823733997e-6
0.358	-4.966190744509758e-6
0.3585	-4.9621909259582015e-6
0.359	-4.958191374577852e-6
0.3595	-4.9541920968628835e-6
0.36	-4.950192953689911e-6
0.3605	-4.946193741140597e-6
0.361	-4.942194827432657e-6
0.3615	-4.93819622339164e-6
0.362	-4.9341979398347005e-6
0.3625	-4.930199987570296e-6
0.363	-4.926202377397907e-6
0.3635	-4.922205120107747e-6
0.364	-4.918208226480472e-6
0.3645	-4.914211707286895e-6
0.365	-4.910215573287702e-6
0.3655	-4.906219835233164e-6
0.366	-4.9022245038628546e-6
0.3665	-4.898229589905358e-6
0.367	-4.894235104078005e-6
0.3675	-4.890241057086563e-6
0.368	-4.886247459624979e-6
0.3685	-4.882254322375093e-6
0.369	-4.878261656006349e-6
0.3695	-4.874269471175526e-6
0.37	-4.870277778682643e-6
0.3705	-4.866286588856438e-6
0.371	-4.862295912458593e-6
0.3715	-4.858305760092195e-6
0.372	-4.854316142346256e-6
0.3725	-4.8503270697954594e-6
0.373	-4.846338552999878e-6
0.3735	-4.842354484595942e-6
0.374	-4.838371315651056e-6
0.3745	-4.834388662556847e-6
0.375	-4.830406499501271e-6
0.3755	-4.826424800703912e-6
0.376	-4.822443540414273e-6
0.3765	-4.8184626929100805e-6
0.377	-4.8144822324956025e-6
0.3775	-4.810502133499961e-6
0.378	-4.806522370275458e-6
0.3785	-4.802542917195896e-6
0.379	-4.798563748654905e-6
0.3795	-4.7945848390642885e-6
0.38	-4.790606162852352e-6
0.3805	-4.786627694462243e-6
0.381	-4.782649408350306e-6
0.3815	-4.7786712789844216e-6
0.382	-4.774693280842361e-6
0.3825	-4.7707153884101395e-6
0.383	-4.766737576142189e-6
0.3835	-4.762759818630841e-6
0.384	-4.758782090321604e-6
0.3845	-4.754804365716493e-6
0.385	-4.750826619317524e-6
0.3855	-4.746848825625105e-6
0.386	-4.742870959136402e-6
0.3865	-4.7388904789277374e-6
0.387	-4.734906731826424e-6
0.3875	-4.7309229051413625e-6
0.388	-4.726939022038726e-6
0.3885	-4.7229551056878615e-6
0.389	-4.7189711792598975e-6
0.3895	-4.714987265926405e-6
0.39	-4.711003388858024e-6
0.3905	-4.707019571223096e-6
0.391	-4.703035836186319e-6
0.3915	-4.699052206907373e-6
0.392	-4.695068706539574e-6
0.3925	-4.691085358228515e-6
0.393	-4.687102185110708e-6
0.3935	-4.683119210312248e-6
0.394	-4.679136456947449e-6
0.3945	-4.675153948117506e-6
0.395	-4.671171706909159e-6
0.3955	-4.667189756393343e-6
0.396	-4.6632081196238576e-6
0.3965	-4.659226820575888e-6
0.397	-4.655245880349854e-6
0.3975	-4.651265322895687e-6
0.398	-4.6472851711870326e-6
0.3985	-4.643305448174441e-6
0.399	-4.639326176784064e-6
0.3995	-4.635347379916306e-6
0.4	-4.631373405677207e-6
0.4005	-4.627399957781286e-6
0.401	-4.623426976922554e-6
0.4015	-4.619454448571828e-6
0.402	-4.615482358216122e-6
0.4025	-4.611510691358131e-6
0.403	-4.607539433515714e-6
0.4035	-4.603568570221377e-6
0.404	-4.599598087021757e-6
0.4045	-4.595627969477133e-6
0.405	-4.591658203160884e-6
0.4055	-4.587688773659021e-6
0.406	-4.583719666569651e-6
0.40650000000000003	-4.579750867502495e-6
0.40700000000000003	-4.575782362078383e-6
0.40750000000000003	-4.571814135928757e-6
0.40800000000000003	-4.567846174695174e-6
0.40850000000000003	-4.5638784640288155e-6
0.40900000000000003	-4.55991098958999e-6
0.40950000000000003	-4.555943736448964e-6
0.41000000000000003	-4.551976691453162e-6
0.41050000000000003	-4.548009839729184e-6
0.41100000000000003	-4.544043166969769e-6
0.41150000000000003	-4.5400766588738955e-6
0.41200000000000003	-4.536110301146243e-6
0.41250000000000003	-4.532144079496683e-6
0.41300000000000003	-4.52817784629358e-6
0.41350000000000003	-4.524211558150131e-6
0.41400000000000003	-4.52024536691815e-6
0.41450000000000004	-4.516279260844561e-6
0.41500000000000004	-4.512313228178632e-6
0.41550000000000004	-4.508347257171629e-6
0.41600000000000004	-4.504381336076478e-6
0.4165	-4.5004154531474364e-6
0.417	-4.496449596639738e-6
0.4175	-4.492483754809275e-6
0.418	-4.48851791591226e-6
0.4185	-4.484552068204889e-6
0.419	-4.4805861999430276e-6
0.4195	-4.476620299381867e-6
0.42	-4.472654354775619e-6
0.4205	-4.4686883543771744e-6
0.421	-4.464722286437809e-6
0.4215	-4.460756139206829e-6
0.422	-4.456789900931294e-6
0.4225	-4.452823559296129e-6
0.423	-4.448857103619622e-6
0.4235	-4.444890521633329e-6
0.424	-4.4409238015735035e-6
0.4245	-4.436956931672306e-6
0.425	-4.432989900157434e-6
0.4255	-4.429022695251788e-6
0.426	-4.425055305173115e-6
0.4265	-4.421089364019925e-6
0.427	-4.417123408207564e-6
0.4275	-4.413157202370984e-6
0.428	-4.409190718935167e-6
0.4285	-4.405223930305804e-6
0.429	-4.401256808867356e-6
0.4295	-4.397289326981146e-6
0.43	-4.3933214569834195e-6
0.4305	-4.389353171183414e-6
0.431	-4.385384441861419e-6
0.4315	-4.381415241266836e-6
0.432	-4.377445541616216e-6
0.4325	-4.373475315091311e-6
0.433	-4.369504533837112e-6
0.4335	-4.365533169959874e-6
0.434	-4.361561195525136e-6
0.4345	-4.357588582555737e-6
0.435	-4.353615303029831e-6
0.4355	-4.3496413288438894e-6
0.436	-4.345666631940001e-6
0.4365	-4.3416911841251666e-6
0.437	-4.337714957178896e-6
0.4375	-4.333737922825944e-6
0.438	-4.329760052734283e-6
0.4385	-4.325781318513024e-6
0.439	-4.321801691710359e-6
0.4395	-4.317822042658753e-6
0.44	-4.313843019543219e-6
0.4405	-4.3098629909997985e-6
0.441	-4.305881907063956e-6
0.4415	-4.3018997176401816e-6
0.442	-4.297916372495562e-6
0.4425	-4.293931821253361e-6
0.443	-4.289946013386508e-6
0.4435	-4.285958898211055e-6
0.444	-4.281970424879607e-6
0.4445	-4.277980542374661e-6
0.445	-4.273989199501915e-6
0.4455	-4.269996344883531e-6
0.446	-4.2660019269513085e-6
0.4465	-4.26200589393983e-6
0.447	-4.258008193879525e-6
0.4475	-4.2540087745896706e-6
0.448	-4.2500075836713414e-6
0.4485	-4.246004568500264e-6
0.449	-4.241999682156162e-6
0.4495	-4.237992860197466e-6
0.45	-4.233984054662082e-6
0.4505	-4.229973211938187e-6
0.451	-4.225960278150024e-6
0.4515	-4.221945199150149e-6
0.452	-4.217927920511571e-6
0.4525	-4.213908387519795e-6
0.453	-4.20987163221557e-6
0.4535	-4.205832642204598e-6
0.454	-4.2017914689691956e-6
0.4545	-4.197748189156472e-6
0.455	-4.193702879821043e-6
0.4555	-4.189655618411737e-6
0.456	-4.185606482758141e-6
0.4565	-4.181555551056931e-6
0.457	-4.177502901858059e-6
0.4575	-4.173448614050741e-6
0.458	-4.169392766849272e-6
0.4585	-4.165335439778683e-6
0.459	-4.1612767126602364e-6
0.4595	-4.157216665596722e-6
0.46	-4.153155378957645e-6
0.4605	-4.149092933364217e-6
0.461	-4.145029409674201e-6
0.4615	-4.140964888966635e-6
0.462	-4.1368994632864475e-6
0.4625	-4.132833191931575e-6
0.463	-4.128766167809953e-6
0.4635	-4.1246984727527015e-6
0.464	-4.120630188737507e-6
0.4645	-4.116561397872346e-6
0.465	-4.112492182378992e-6
0.4655	-4.108422624576418e-6
0.466	-4.104356379977398e-6
0.4665	-4.10028980510847e-6
0.467	-4.096223072753518e-6
0.4675	-4.092156234269569e-6
0.468	-4.088089341031521e-6
0.4685	-4.084022444425116e-6
0.46900000000000003	-4.079955595839821e-6
0.46950000000000003	-4.075888846661645e-6
0.47000000000000003	-4.071822248265876e-6
0.47050000000000003	-4.067755852009718e-6
0.47100000000000003	-4.063689709224868e-6
0.47150000000000003	-4.059623871209998e-6
0.47200000000000003	-4.05555838922314e-6
0.47250000000000003	-4.051493314474023e-6
0.47300000000000003	-4.0474286981162766e-6
0.47350000000000003	-4.043364591239589e-6
0.47400000000000003	-4.039301044861751e-6
0.47450000000000003	-4.035238109920621e-6
0.47500000000000003	-4.0311758774173595e-6
0.47550000000000003	-4.027114319271777e-6
0.47600000000000003	-4.023053524076297e-6
0.47650000000000003	-4.018993542319904e-6
0.47700000000000004	-4.014934424391375e-6
0.47750000000000004	-4.01087622057329e-6
0.47800000000000004	-4.0068189810360426e-6
0.47850000000000004	-4.002762755831919e-6
0.47900000000000004	-3.998710200954247e-6
0.47950000000000004	-3.9946584706101945e-6
0.48	-3.990607857930815e-6
0.4805	-3.986558391658625e-6
0.481	-3.982510100455748e-6
0.4815	-3.978463012902074e-6
0.482	-3.974417157493459e-6
0.4825	-3.970372562639906e-6
0.483	-3.966329256663767e-6
0.4835	-3.9622872677979565e-6
0.484	-3.9582466241841545e-6
0.4845	-3.954207353871028e-6
0.485	-3.950169484812464e-6
0.4855	-3.946133044865792e-6
0.486	-3.942098061790031e-6
0.4865	-3.93806456324413e-6
0.487	-3.934032576785218e-6
0.4875	-3.930002129866864e-6
0.488	-3.9259732591878e-6
0.4885	-3.921945974416202e-6
0.489	-3.917920310848507e-6
0.4895	-3.913896295476938e-6
0.49	-3.909873955180272e-6
0.4905	-3.905853316722285e-6
0.491	-3.901834406750226e-6
0.4915	-3.897817269921514e-6
0.492	-3.89380323179303e-6
0.4925	-3.889790987825426e-6
0.493	-3.885780552576861e-6
0.4935	-3.881771940535637e-6
0.494	-3.877765166119832e-6
0.4945	-3.873760243676921e-6
0.495	-3.869757187483419e-6
0.4955	-3.86575601174451e-6
0.496	-3.861756730593685e-6
0.4965	-3.857759358092389e-6
0.497	-3.853763908229666e-6
0.4975	-3.849770394921812e-6
0.498	-3.845778832012024e-6
0.4985	-3.8417892332700566e-6
0.499	-3.837801612391887e-6
0.4995	-3.833815982999381e-6
0.5	-3.829832358639961e-6
0.5005000000000001	-3.82585075278626e-6
0.501	-3.821871178835823e-6
0.5015000000000001	-3.817893672658696e-6
0.502	-3.8139182031806625e-6
0.5025000000000001	-3.8099448051371015e-6
0.503	-3.8059734916020953e-6
0.5035000000000001	-3.8020042755730577e-6
0.504	-3.798037169970525e-6
0.5045000000000001	-3.794071880741137e-6
0.505	-3.7901098198898904e-6
0.5055000000000001	-3.7861499024633906e-6
0.506	-3.7821921344393785e-6
0.5065000000000001	-3.7782365217541184e-6
0.507	-3.7742830703024134e-6
0.5075000000000001	-3.7703317859376334e-6
0.508	-3.7663826744717238e-6
0.5085000000000001	-3.762435741675235e-6
0.509	-3.7584909932773532e-6
0.5095000000000001	-3.7545484349659106e-6
0.51	-3.750608072387415e-6
0.5105000000000001	-3.7466699111470816e-6
0.511	-3.742733956808847e-6
0.5115000000000001	-3.738800214895409e-6
0.512	-3.7348686908882468e-6
0.5125	-3.730939390227651e-6
0.513	-3.7270123183127513e-6
0.5135	-3.7230874805015573e-6
0.514	-3.7191648821109713e-6
0.5145	-3.715244547298371e-6
0.515	-3.711326443935304e-6
0.5155	-3.7074105955257884e-6
0.516	-3.703497007214322e-6
0.5165	-3.699585684104627e-6
0.517	-3.6956766312596775e-6
0.5175	-3.6917698537017797e-6
0.518	-3.6878652234119837e-6
0.5185	-3.6839637650232464e-6
0.519	-3.6800645903410347e-6
0.5195	-3.6761676980662905e-6
0.52	-3.672273086895918e-6
0.5205	-3.6683807555227935e-6
0.521	-3.6644907026357835e-6
0.5215	-3.660602926919784e-6
0.522	-3.6567174270557274e-6
0.5225	-3.6528342017206114e-6
0.523	-3.6489532495875176e-6
0.5235	-3.6450745693256342e-6
0.524	-3.6411981596002814e-6
0.5245	-3.6373240190729214e-6
0.525	-3.633452146401182e-6
0.5255	-3.629582540238886e-6
0.526	-3.6257151992360618e-6
0.5265	-3.6218501220389602e-6
0.527	-3.6179873072900835e-6
0.5275	-3.6141267661290914e-6
0.528	-3.6102684723846516e-6
0.5285	-3.6064124368805718e-6
0.529	-3.602558658241754e-6
0.5295	-3.598707135089568e-6
0.53	-3.5948578660418506e-6
0.5305	-3.5910108497129462e-6
0.531	-3.5871660847137285e-6
0.5315	-3.5833232281060604e-6
0.532	-3.579483839364942e-6
0.5325	-3.575646691973331e-6
0.533	-3.5718117775864484e-6
0.5335	-3.567979087896573e-6
0.534	-3.5641486146327635e-6
0.5345	-3.560320349560612e-6
0.535	-3.5564942844819962e-6
0.5355	-3.552670411234808e-6
0.536	-3.5488487216927186e-6
0.5365	-3.5450292077649276e-6
0.537	-3.541211861395911e-6
0.5375	-3.53739667456518e-6
0.538	-3.5335836392870353e-6
0.5385	-3.5297727476103393e-6
0.539	-3.525963991618255e-6
0.5395	-3.522157363428028e-6
0.54	-3.518352855190746e-6
0.5405	-3.514550470337731e-6
0.541	-3.5107501787207e-6
0.5415	-3.5069519836084234e-6
0.542	-3.5031558772846824e-6
0.5425	-3.4993618520660804e-6
0.543	-3.495569900301821e-6
0.5435	-3.491780014373497e-6
0.544	-3.48799218669486e-6
0.5445	-3.4842064097116253e-6
0.545	-3.4804226759012455e-6
0.5455	-3.476640966802901e-6
0.546	-3.472861557245503e-6
0.5465	-3.4690841661399742e-6
0.547	-3.46530878409385e-6
0.5475	-3.4615354017559098e-6
0.548	-3.457764009815858e-6
0.5485	-3.4539945990040165e-6
0.549	-3.4502271600910076e-6
0.5495	-3.446461683887448e-6
0.55	-3.4426981612436525e-6
0.5505	-3.4389365830493236e-6
0.551	-3.4351769402332555e-6
0.5515	-3.4314192237630368e-6
0.552	-3.427663424644758e-6
0.5525	-3.4239095339227222e-6
0.553	-3.420157542679145e-6
0.5535	-3.4164074420338882e-6
0.554	-3.412659233786399e-6
0.5545	-3.408912887847239e-6
0.555	-3.4051684059938217e-6
0.5555	-3.4014257794948982e-6
0.556	-3.3976849996555645e-6
0.5565	-3.3939460578169695e-6
0.557	-3.3902089453560684e-6
0.5575	-3.3864736536853417e-6
0.558	-3.3827401742525404e-6
0.5585	-3.379008498540421e-6
0.559	-3.375278618066481e-6
0.5595	-3.3715506114233756e-6
0.56	-3.3678235196142887e-6
0.5605	-3.364098204093813e-6
0.561	-3.360374662307579e-6
0.5615	-3.356652891707386e-6
0.562	-3.352932889751143e-6
0.5625	-3.349214653902879e-6
0.5630000000000001	-3.3454981816327015e-6
0.5635	-3.3417834704167867e-6
0.5640000000000001	-3.33807051773736e-6
0.5645	-3.334359321082669e-6
0.5650000000000001	-3.330649877946965e-6
0.5655	-3.326942185830487e-6
0.5660000000000001	-3.323236242239437e-6
0.5665	-3.31953204468597e-6
0.5670000000000001	-3.3158295930929476e-6
0.5675	-3.312128880185218e-6
0.5680000000000001	-3.308429905865636e-6
0.5685	-3.304732667670122e-6
0.5690000000000001	-3.301037163140441e-6
0.5695	-3.2973433898241977e-6
0.5700000000000001	-3.2936513452747965e-6
0.5705	-3.289961027051443e-6
0.5710000000000001	-3.2862724327191e-6
0.5715	-3.2825855598484902e-6
0.5720000000000001	-3.278900406016054e-6
0.5725	-3.2752169688039488e-6
0.5730000000000001	-3.2715352458000114e-6
0.5735	-3.2678552345977576e-6
0.5740000000000001	-3.264177441896287e-6
0.5745	-3.2605020065542952e-6
0.5750000000000001	-3.256828262013684e-6
0.5755	-3.2531561974622617e-6
0.5760000000000001	-3.249485802131861e-6
0.5765	-3.245817065297955e-6
0.577	-3.2421499762792654e-6
0.5775	-3.238484524437361e-6
0.578	-3.2348206991762842e-6
0.5785	-3.2311584899421647e-6
0.579	-3.227497886222845e-6
0.5795	-3.223838877547492e-6
0.58	-3.2201814481587773e-6
0.5805	-3.21652559829455e-6
0.581	-3.2128713123537852e-6
0.5815	-3.209218580026569e-6
0.582	-3.2055673910424823e-6
0.5825	-3.201917735170231e-6
0.583	-3.198269602217299e-6
0.5835	-3.1946229820295937e-6
0.584	-3.1909778644910985e-6
0.5845	-3.18733423952353e-6
0.585	-3.1836920970859884e-6
0.5855	-3.1800514271746226e-6
0.586	-3.1764122198222968e-6
0.5865	-3.1727744650982448e-6
0.587	-3.1691381531077507e-6
0.5875	-3.16550327399181e-6
0.588	-3.1618698179268203e-6
0.5885	-3.158249708339705e-6
0.589	-3.154638677637289e-6
0.5895	-3.1510287971221804e-6
0.59	-3.147419919943321e-6
0.5905	-3.1438118996470264e-6
0.591	-3.1402045901169383e-6
0.5915	-3.136597845514377e-6
0.592	-3.132991520219124e-6
0.5925	-3.1293854687705178e-6
0.593	-3.1257795454792225e-6
0.5935	-3.122173604994442e-6
0.594	-3.1185675023375745e-6
0.5945	-3.114961092123289e-6
0.595	-3.111354228835189e-6
0.5955	-3.107746766767628e-6
0.596	-3.1041385599674877e-6
0.5965	-3.1005294621758395e-6
0.597	-3.0969193267694426e-6
0.5975	-3.0933080067020337e-6
0.598	-3.089695354445369e-6
0.5985	-3.0860812219299235e-6
0.599	-3.0824654604852556e-6
0.5995	-3.0788479207799325e-6
0.6	-3.075228452760999e-6
0.6005	-3.07160690559292e-6
0.601	-3.067983127595921e-6
0.6015	-3.0643569661837403e-6
0.602	-3.060728267800648e-6
0.6025	-3.0570968778577444e-6
0.603	-3.053455353405804e-6
0.6035	-3.049801845787154e-6
0.604	-3.0461453051563935e-6
0.6045	-3.042485689103341e-6
0.605	-3.038822954914956e-6
0.6055	-3.0351570595704127e-6
0.606	-3.0314879597361197e-6
0.6065	-3.0278156236560584e-6
0.607	-3.024140002977972e-6
0.6075	-3.0204610466675323e-6
0.608	-3.016778709576356e-6
0.6085	-3.013092946169386e-6
0.609	-3.0094037105177816e-6
0.6095	-3.0057109562916858e-6
0.61	-3.002014636752897e-6
0.6105	-2.9983147047474402e-6
0.611	-2.994611112698057e-6
0.6115	-2.9909038125965648e-6
0.612	-2.987192755996159e-6
0.6125	-2.9834778940035727e-6
0.613	-2.9797591772711775e-6
0.6135	-2.9760365559889585e-6
0.614	-2.9723099798764248e-6
0.6145	-2.9685793981743938e-6
0.615	-2.9648447596367073e-6
0.6155	-2.961106012521857e-6
0.616	-2.9573631045845093e-6
0.6165	-2.9536159830669635e-6
0.617	-2.949864594690515e-6
0.6175	-2.946100999577533e-6
0.618	-2.942332787141234e-6
0.6185	-2.938560239197223e-6
0.619	-2.934783364113146e-6
0.6195	-2.931001810113167e-6
0.62	-2.927216295243388e-6
0.6205	-2.923426483124474e-6
0.621	-2.919632383134801e-6
0.6215	-2.9158340048414262e-6
0.622	-2.91203135800124e-6
0.6225	-2.9082244525620836e-6
0.623	-2.9044132986639165e-6
0.6235	-2.9005979066399275e-6
0.624	-2.8967782870176937e-6
0.6245	-2.8929544505202953e-6
0.625	-2.8891264080674692e-6
0.6255000000000001	-2.8852941707767266e-6
0.626	-2.8814577499644836e-6
0.6265000000000001	-2.8776171571471953e-6
0.627	-2.8737724040424734e-6
0.6275000000000001	-2.8699235025701995e-6
0.628	-2.866070464853653e-6
0.6285000000000001	-2.862213303220608e-6
0.629	-2.858352030204448e-6
0.6295000000000001	-2.8544866585452623e-6
0.63	-2.8506172011909347e-6
0.6305000000000001	-2.846743671298238e-6
0.631	-2.8428660822339043e-6
0.6315000000000001	-2.838980760671333e-6
0.632	-2.8350924704532e-6
0.6325000000000001	-2.8312000658772947e-6
0.633	-2.827303862691067e-6
0.6335000000000001	-2.823403760429745e-6
0.634	-2.8194997964095616e-6
0.6345000000000001	-2.8155920083758345e-6
0.635	-2.811680434501402e-6
0.6355000000000001	-2.807765113384937e-6
0.636	-2.8038460840491652e-6
0.6365000000000001	-2.799923385938928e-6
0.637	-2.795997058919188e-6
0.6375000000000001	-2.792067143272856e-6
0.638	-2.7881336796985446e-6
0.6385000000000001	-2.784196709308179e-6
0.639	-2.7802562736245013e-6
0.6395000000000001	-2.7763124145784514e-6
0.64	-2.7723651745064203e-6
0.6405	-2.7684145961473927e-6
0.641	-2.7644607226399694e-6
0.6415	-2.7605035975192573e-6
0.642	-2.7565432647136456e-6
0.6425	-2.7525797685414654e-6
0.643	-2.7486131537075122e-6
0.6435	-2.74464346529946e-6
0.644	-2.740670748784144e-6
0.6445	-2.736694955892275e-6
0.645	-2.732716162257829e-6
0.6455	-2.7287344581731247e-6
0.646	-2.7247499375911643e-6
0.6465	-2.7207626266364534e-6
0.647	-2.7167725743610976e-6
0.6475	-2.7127798301752113e-6
0.648	-2.708784443841902e-6
0.6485	-2.704786465472173e-6
0.649	-2.700785945519674e-6
0.6495	-2.6967829347753535e-6
0.65	-2.69277748436197e-6
0.6505	-2.6887696457285067e-6
0.651	-2.6847594706444513e-6
0.6515	-2.6807470111939773e-6
0.652	-2.6767323197699967e-6
0.6525	-2.6727154490680996e-6
0.653	-2.668696452080402e-6
0.6535	-2.6646753820892687e-6
0.654	-2.6606522926609186e-6
0.6545	-2.6566272376389573e-6
0.655	-2.6526002711377733e-6
0.6555	-2.648571447535852e-6
0.656	-2.644540821468972e-6
0.6565	-2.6405084478233387e-6
0.657	-2.6364743817285777e-6
0.6575	-2.632438950542424e-6
0.658	-2.6284025364303135e-6
0.6585	-2.6243645875106874e-6
0.659	-2.6203251516141556e-6
0.6595	-2.6162842780384263e-6
0.66	-2.6122420149601918e-6
0.6605	-2.608198411159528e-6
0.661	-2.604153515580645e-6
0.6615	-2.6001073773262062e-6
0.662	-2.5960600456515926e-6
0.6625	-2.592011569959129e-6
0.663	-2.5879619997922337e-6
0.6635	-2.5839113848295503e-6
0.664	-2.5798597748790047e-6
0.6645	-2.5758072198718553e-6
0.665	-2.5717537698566425e-6
0.6655	-2.5676994749931703e-6
0.666	-2.5636443855463844e-6
0.6665	-2.559588551880264e-6
0.667	-2.555532024451632e-6
0.6675	-2.5514748538039886e-6
0.668	-2.547417090561258e-6
0.6685	-2.5433587854215547e-6
0.669	-2.5392999891508844e-6
0.6695	-2.5352407525768548e-6
0.67	-2.5311811265823444e-6
0.6705	-2.5271217350966504e-6
0.671	-2.5230633720508314e-6
0.6715	-2.5190047508155123e-6
0.672	-2.514945905591082e-6
0.6725	-2.510886870175335e-6
0.673	-2.5068276788299632e-6
0.6735	-2.5027683656723632e-6
0.674	-2.4987089648301086e-6
0.6745	-2.4946495104381287e-6
0.675	-2.4905900366358238e-6
0.6755	-2.4865305775642287e-6
0.676	-2.4824711673631485e-6
0.6765	-2.478411840168307e-6
0.677	-2.4743526301084904e-6
0.6775	-2.470293571302692e-6
0.678	-2.4662346978572598e-6
0.6785	-2.462176043863048e-6
0.679	-2.458117643392581e-6
0.6795	-2.454059530497192e-6
0.68	-2.4500017392042026e-6
0.6805	-2.4459443035140825e-6
0.681	-2.4418872573976224e-6
0.6815	-2.437830634793117e-6
0.682	-2.433774469603551e-6
0.6825	-2.4297187956937855e-6
0.683	-2.4256636468877756e-6
0.6835	-2.4216098560066628e-6
0.684	-2.417558177244504e-6
0.6845	-2.413507095968298e-6
0.685	-2.409456625249228e-6
0.6855	-2.405406777862246e-6
0.686	-2.401357566796946e-6
0.6865	-2.3973090049567122e-6
0.687	-2.3932611052240756e-6
0.6875	-2.389213880460332e-6
0.6880000000000001	-2.385167343505139e-6
0.6885	-2.381121507176146e-6
0.6890000000000001	-2.3770763842686026e-6
0.6895	-2.3730319875549676e-6
0.6900000000000001	-2.368988329784534e-6
0.6905	-2.3649454236830585e-6
0.6910000000000001	-2.360903281952358e-6
0.6915	-2.356861917269955e-6
0.6920000000000001	-2.3528213422886916e-6
0.6925	-2.3487815696363625e-6
0.6930000000000001	-2.3447426119153286e-6
0.6935	-2.340704481702164e-6
0.6940000000000001	-2.3366671915472736e-6
0.6945	-2.332630753974539e-6
0.6950000000000001	-2.328595181480931e-6
0.6955	-2.324560486536169e-6
0.6960000000000001	-2.3205266815823468e-6
0.6965	-2.316493950169177e-6
0.6970000000000001	-2.3124625555303024e-6
0.6975	-2.308432080903184e-6
0.6980000000000001	-2.304402533398863e-6
0.6985	-2.300373921529372e-6
0.6990000000000001	-2.2963462496042838e-6
0.6995	-2.292319526019451e-6
0.7000000000000001	-2.288293757815459e-6
0.7005	-2.2842689520154257e-6
0.7010000000000001	-2.280245115624877e-6
0.7015	-2.276222255631664e-6
0.7020000000000001	-2.272200379005843e-6
0.7025	-2.2681794926995856e-6
0.7030000000000001	-2.26415960364708e-6
0.7035	-2.2601407187644276e-6
0.704	-2.256122844949546e-6
0.7045	-2.252105989082073e-6
0.705	-2.2480901580232737e-6
0.7055	-2.2440753586159344e-6
0.706	-2.2400615976842865e-6
0.7065	-2.2360488820338927e-6
0.707	-2.232037218451565e-6
0.7075	-2.2280266137052726e-6
0.708	-2.224017074544048e-6
0.7085	-2.220008607697899e-6
0.709	-2.216001219877718e-6
0.7095	-2.211995163852219e-6
0.71	-2.207993121065265e-6
0.7105	-2.2039921451629164e-6
0.711	-2.199992215404849e-6
0.7115	-2.195993311613625e-6
0.712	-2.191995412141994e-6
0.7125	-2.1879984969021817e-6
0.713	-2.1840025453591835e-6
0.7135	-2.1800075370265642e-6
0.714	-2.176013451465362e-6
0.7145	-2.17202026828297e-6
0.715	-2.1680279671320636e-6
0.7155	-2.164036527709494e-6
0.716	-2.16004592975522e-6
0.7165	-2.1560561530512278e-6
0.717	-2.1520671774204705e-6
0.7175	-2.1480789827257904e-6
0.718	-2.1440915488688828e-6
0.7185	-2.1401048557892352e-6
0.719	-2.136118883463084e-6
0.7195	-2.1321336119023734e-6
0.72	-2.1281490211537397e-6
0.7205	-2.124165091297465e-6
0.721	-2.1201818024464633e-6
0.7215	-2.1161991347452706e-6
0.722	-2.112217068369027e-6
0.7225	-2.1082355835224686e-6
0.723	-2.104254912853876e-6
0.7235	-2.100274901317164e-6
0.724	-2.096295406604233e-6
0.7245	-2.092316407082407e-6
0.725	-2.0883378774212583e-6
0.7255	-2.084359796082112e-6
0.726	-2.080382140290038e-6
0.7265	-2.0764048872943628e-6
0.727	-2.0724280143673802e-6
0.7275	-2.068451498803032e-6
0.728	-2.0644753179156088e-6
0.7285	-2.0604994490384392e-6
0.729	-2.056523869522607e-6
0.7295	-2.0525485567356424e-6
0.73	-2.048573488060238e-6
0.7305	-2.0445986408929506e-6
0.731	-2.040623992642924e-6
0.7315	-2.0366495207305877e-6
0.732	-2.0326752025863925e-6
0.7325	-2.028701015649505e-6
0.733	-2.0247269373665476e-6
0.7335	-2.020752945190305e-6
0.734	-2.0167790165784507e-6
0.7345	-2.012805128992262e-6
0.735	-2.0088312598953546e-6
0.7355	-2.0048573867523942e-6
0.736	-2.000882641922538e-6
0.7365	-1.9969040791819558e-6
0.737	-1.99292549137638e-6
0.7375	-1.9889468954862254e-6
0.738	-1.9849683084909664e-6
0.7385	-1.9809897473692754e-6
0.739	-1.977011229099477e-6
0.7395	-1.9730327706580947e-6
0.74	-1.9690543890191416e-6
0.7405	-1.9650761011533994e-6
0.741	-1.961097924027706e-6
0.7415	-1.9571198746042443e-6
0.742	-1.9531419698398227e-6
0.7425	-1.9491642266851585e-6
0.743	-1.9451866620841685e-6
0.7435	-1.941209292973236e-6
0.744	-1.9372321362805085e-6
0.7445	-1.9332552089251695e-6
0.745	-1.929278527816729e-6
0.7455	-1.925302109854291e-6
0.746	-1.9213259719258417e-6
0.7465	-1.9173501309075223e-6
0.747	-1.913374603662912e-6
0.7475	-1.909399407042307e-6
0.748	-1.9054245578819828e-6
0.7485	-1.9014500730034832e-6
0.749	-1.897475969212891e-6
0.7495	-1.893504127399636e-6
0.75	-1.8895335041963442e-6
0.7505000000000001	-1.885563272759232e-6
0.751	-1.881593426950432e-6
0.7515000000000001	-1.8776239605939665e-6
0.752	-1.8736548675898837e-6
0.7525000000000001	-1.869686141813011e-6
0.753	-1.8657177771438124e-6
0.7535000000000001	-1.8617497674682713e-6
0.754	-1.857782106677805e-6
0.7545000000000001	-1.8538147886691628e-6
0.755	-1.8498478073443229e-6
0.7555000000000001	-1.8458811566104025e-6
0.756	-1.8419148303795507e-6
0.7565000000000001	-1.8379488225688623e-6
0.757	-1.8339831271002676e-6
0.7575000000000001	-1.8300177379004415e-6
0.758	-1.8260526489007113e-6
0.7585000000000001	-1.8220878540369525e-6
0.759	-1.8181233472494977e-6
0.7595000000000001	-1.814159122483038e-6
0.76	-1.8101951736865255e-6
0.7605000000000001	-1.8062314948130854e-6
0.761	-1.802268079819914e-6
0.7615000000000001	-1.7983049226681877e-6
0.762	-1.7943420173229675e-6
0.7625000000000001	-1.7903792714094688e-6
0.763	-1.7864162129554255e-6
0.7635000000000001	-1.7824533945042095e-6
0.764	-1.7784908156805025e-6
0.7645000000000001	-1.7745284754559792e-6
0.765	-1.770566373451876e-6
0.7655000000000001	-1.7666045090755432e-6
0.766	-1.762642881734676e-6
0.7665000000000001	-1.7586814908373067e-6
0.767	-1.7547203357918194e-6
0.7675000000000001	-1.7507594160069266e-6
0.768	-1.746798730891692e-6
0.7685	-1.7428382798555068e-6
0.769	-1.7388780623081064e-6
0.7695	-1.7349180776595648e-6
0.77	-1.7309583253202824e-6
0.7705	-1.7269988047010052e-6
0.771	-1.7230395152128013e-6
0.7715	-1.7190804562670805e-6
0.772	-1.7151216272755787e-6
0.7725	-1.7111630276503623e-6
0.773	-1.7072046568038289e-6
0.7735	-1.7032465141487034e-6
0.774	-1.6992885990980358e-6
0.7745	-1.695330911065205e-6
0.775	-1.6913734494639118e-6
0.7755	-1.6874162137081881e-6
0.776	-1.683458516173202e-6
0.7765	-1.6795004459431174e-6
0.777	-1.6755426167513668e-6
0.7775	-1.6715850389869985e-6
0.778	-1.6676277229594136e-6
0.7785	-1.6636706789950083e-6
0.779	-1.6597139174130522e-6
0.7795	-1.6557574485254424e-6
0.78	-1.6518012826364165e-6
0.7805	-1.6478454300423027e-6
0.781	-1.643889901031241e-6
0.7815	-1.6399347058829325e-6
0.782	-1.6359798548683638e-6
0.7825	-1.6320253582495472e-6
0.783	-1.628071226279262e-6
0.7835	-1.6241174692007847e-6
0.784	-1.6201640972476308e-6
0.7845	-1.6162111206432963e-6
0.785	-1.6122585496009954e-6
0.7855	-1.6083063943233902e-6
0.786	-1.6043546650023524e-6
0.7865	-1.6004033718186876e-6
0.787	-1.5964525249418797e-6
0.7875	-1.5925021345298415e-6
0.788	-1.5885522107286503e-6
0.7885	-1.5846027636723009e-6
0.789	-1.5806538034824327e-6
0.7895	-1.5767069698662964e-6
0.79	-1.5727608310788997e-6
0.7905	-1.5688151797055937e-6
0.791	-1.5648700102830578e-6
0.7915	-1.560925317478029e-6
0.792	-1.5569810959635885e-6
0.7925	-1.5530373404190786e-6
0.793	-1.5490940455300294e-6
0.7935	-1.5451512059880895e-6
0.794	-1.5412088164909396e-6
0.7945	-1.5372668717422235e-6
0.795	-1.5333253664514744e-6
0.7955	-1.5293842953340336e-6
0.796	-1.5254436531109786e-6
0.7965	-1.5215034345090561e-6
0.797	-1.51756363426059e-6
0.7975	-1.5136242471034259e-6
0.798	-1.5096852677808415e-6
0.7985	-1.5057466910414918e-6
0.799	-1.5018085116393106e-6
0.7995	-1.4978707243334612e-6
0.8	-1.4939333238882454e-6
0.8005	-1.4899963050730439e-6
0.801	-1.4860596626622346e-6
0.8015	-1.4821233914351234e-6
0.802	-1.4781874861758712e-6
0.8025	-1.474251678896472e-6
0.803	-1.47031482141378e-6
0.8035	-1.4663783311906319e-6
0.804	-1.4624422165254158e-6
0.8045	-1.4585064864451625e-6
0.805	-1.4545711497266023e-6
0.8055	-1.4506362151376466e-6
0.806	-1.4467016914371888e-6
0.8065	-1.4427675873749165e-6
0.807	-1.438833911691117e-6
0.8075	-1.4349006731164973e-6
0.808	-1.4309678803719854e-6
0.8085	-1.4270355421685414e-6
0.809	-1.4231036672069825e-6
0.8095	-1.4191722641777838e-6
0.81	-1.4152413417608829e-6
0.8105	-1.4113109086255191e-6
0.811	-1.4073809734300265e-6
0.8115	-1.4034515448216545e-6
0.812	-1.3995226314363746e-6
0.8125	-1.395594241898722e-6
0.8130000000000001	-1.3916663848215787e-6
0.8135	-1.3877390688060091e-6
0.8140000000000001	-1.3838123024410733e-6
0.8145	-1.3798860943036438e-6
0.8150000000000001	-1.3759604529582248e-6
0.8155	-1.3720353869567703e-6
0.8160000000000001	-1.3681110065111825e-6
0.8165	-1.3641873982027264e-6
0.8170000000000001	-1.3602643877382898e-6
0.8175	-1.3563419810215296e-6
0.8180000000000001	-1.3524201841936289e-6
0.8185	-1.3484990033860202e-6
0.8190000000000001	-1.3445784447202753e-6
0.8195	-1.3406585143080367e-6
0.8200000000000001	-1.3367392182509185e-6
0.8205	-1.3328205626404215e-6
0.8210000000000001	-1.3289025535578427e-6
0.8215	-1.3249851970741965e-6
0.8220000000000001	-1.321068499250121e-6
0.8225	-1.3171524661357968e-6
0.8230000000000001	-1.3132371037708578e-6
0.8235	-1.3093224181843151e-6
0.8240000000000001	-1.3054084153944566e-6
0.8245	-1.3014951014087813e-6
0.8250000000000001	-1.297582482223896e-6
0.8255	-1.293670563825459e-6
0.8260000000000001	-1.289759352188068e-6
0.8265	-1.2858488532751999e-6
0.8270000000000001	-1.2819390730391142e-6
0.8275	-1.2780300174207878e-6
0.8280000000000001	-1.2741216923498188e-6
0.8285	-1.2702141037443537e-6
0.8290000000000001	-1.2663072575110093e-6
0.8295	-1.2624009556605279e-6
0.8300000000000001	-1.2584951644971077e-6
0.8305	-1.254590139002181e-6
0.8310000000000001	-1.250685888732255e-6
0.8315	-1.246782423224422e-6
0.8320000000000001	-1.2428797519961424e-6
0.8325	-1.2389778845450337e-6
0.833	-1.2350768303486543e-6
0.8335	-1.231176598864293e-6
0.834	-1.2272771995287684e-6
0.8345	-1.2233786417582035e-6
0.835	-1.219480934947833e-6
0.8355	-1.215584088471792e-6
0.836	-1.2116881116829152e-6
0.8365	-1.2077930139125264e-6
0.837	-1.2038988044702478e-6
0.8375	-1.2000054926437905e-6
0.838	-1.1961130876987662e-6
0.8385	-1.1922215988784756e-6
0.839	-1.1883310354037312e-6
0.8395	-1.18444140647265e-6
0.84	-1.1805527212604632e-6
0.8405	-1.1766649889193295e-6
0.841	-1.1727782185781464e-6
0.8415	-1.1688924193423475e-6
0.842	-1.1650076002937422e-6
0.8425	-1.1611237702668101e-6
0.843	-1.157319715222136e-6
0.8435	-1.1536137802760496e-6
0.844	-1.1498856082124794e-6
0.8445	-1.1461360226398916e-6
0.845	-1.142365913681917e-6
0.8455	-1.1385762365951558e-6
0.846	-1.1347680099857937e-6
0.8465	-1.1309423136241243e-6
0.847	-1.127100285860298e-6
0.8475	-1.1232431206487913e-6
0.848	-1.1193720641934519e-6
0.8485	-1.1154884112292392e-6
0.849	-1.1115935009611143e-6
0.8495	-1.1076887126845592e-6
0.85	-1.103775461116145e-6
0.8505	-1.0998551914661337e-6
0.851	-1.0959293742883988e-6
0.8515	-1.0919995001456886e-6
0.852	-1.0880670741307154e-6
0.8525	-1.0841336102852664e-6
0.853	-1.0802006259609346e-6
0.8535	-1.0762696361656336e-6
0.854	-1.0723421479402834e-6
0.8545	-1.0684196548094649e-6
0.855	-1.0645036313488267e-6
0.8555	-1.060595527910354e-6
0.856	-1.0566910374444022e-6
0.8565	-1.0528033965866346e-6
0.857	-1.048903236616616e-6
0.8575	-1.0450551380988124e-6
0.858	-1.0412254308496016e-6
0.8585	-1.0374044670106843e-6
0.859	-1.0335829253151781e-6
0.8595	-1.0297292929364352e-6
0.86	-1.0258648253082418e-6
0.8605	-1.022016987248418e-6
0.861	-1.0182479057203283e-6
0.8615	-1.0144864591709352e-6
0.862	-1.010693106567806e-6
0.8625	-1.0068061605659168e-6
0.863	-1.0029026432319936e-6
0.8635	-9.990314893606332e-7
0.864	-9.952050822680152e-7
0.8645	-9.913948119759072e-7
0.865	-9.875603186588264e-7
0.8655	-9.837271082729626e-7
0.866	-9.799000786568738e-7
0.8665	-9.761044024735456e-7
0.867	-9.72310430805869e-7
0.8675	-9.684989790233333e-7
0.868	-9.646434564633574e-7
0.8685	-9.607954407029096e-7
0.869	-9.5700455942361e-7
0.8695	-9.532718698620717e-7
0.87	-9.495293313676457e-7
0.8705	-9.456967178132573e-7
0.871	-9.417997222429189e-7
0.8715	-9.378969483323433e-7
0.872	-9.340927988480344e-7
0.8725	-9.303085629382255e-7
0.873	-9.265275561550115e-7
0.8735	-9.226998437167269e-7
0.874	-9.188757012435652e-7
0.8745	-9.150670398429404e-7
0.875	-9.112826188836866e-7
0.8755000000000001	-9.075029978289606e-7
0.876	-9.037151819532001e-7
0.8765000000000001	-8.999209728797614e-7
0.877	-8.961277539205223e-7
0.8775000000000001	-8.923467101213482e-7
0.878	-8.885673558396589e-7
0.8785000000000001	-8.847823006546559e-7
0.879	-8.809825420532769e-7
0.8795000000000001	-8.771696122038962e-7
0.88	-8.733272390138976e-7
0.8805000000000001	-8.694465018611241e-7
0.881	-8.655797195625986e-7
0.8815000000000001	-8.618090632525428e-7
0.882	-8.581150364757883e-7
0.8825000000000001	-8.544514954195741e-7
0.883	-8.505959984740393e-7
0.8835000000000001	-8.46721250193998e-7
0.884	-8.428667837242432e-7
0.8845000000000001	-8.391568092653698e-7
0.885	-8.35477410521071e-7
0.8855000000000001	-8.317900897449041e-7
0.886	-8.280314931906661e-7
0.8865000000000001	-8.242561961642134e-7
0.887	-8.204742675529432e-7
0.8875000000000001	-8.16696460954509e-7
0.888	-8.129333061853232e-7
0.8885000000000001	-8.092237135457557e-7
0.889	-8.055515009979313e-7
0.8895000000000001	-8.018603656370731e-7
0.89	-7.980584588749211e-7
0.8905000000000001	-7.941839282259515e-7
0.891	-7.903026579750095e-7
0.8915000000000001	-7.865153823810466e-7
0.892	-7.827625606360031e-7
0.8925000000000001	-7.790275752608809e-7
0.893	-7.752951108641304e-7
0.8935000000000001	-7.7156994896421e-7
0.894	-7.678424148385607e-7
0.8945000000000001	-7.641067753233262e-7
0.895	-7.60374015570223e-7
0.8955000000000001	-7.566497296071102e-7
0.896	-7.529343276219106e-7
0.8965	-7.492165196903054e-7
0.897	-7.454836704358604e-7
0.8975	-7.417405946339899e-7
0.898	-7.379979416773502e-7
0.8985	-7.342450755801458e-7
0.899	-7.305059451180075e-7
0.8995	-7.267962744941796e-7
0.9	-7.231991209653718e-7
0.9005	-7.196095543976387e-7
0.901	-7.159570654443515e-7
0.9015	-7.1210662240977e-7
0.902	-7.082353225815864e-7
0.9025	-7.044132859532331e-7
0.903	-7.006778466441263e-7
0.9035	-6.969655259420105e-7
0.904	-6.932527241084131e-7
0.9045	-6.895345180825589e-7
0.905	-6.858182577057506e-7
0.9055	-6.821054667897746e-7
0.906	-6.783927683060256e-7
0.9065	-6.746764421695063e-7
0.907	-6.709415390005021e-7
0.9075	-6.672054113403721e-7
0.908	-6.634792985095655e-7
0.9085	-6.597818261946043e-7
0.909	-6.560990876787777e-7
0.9095	-6.524266427462376e-7
0.91	-6.487860446637632e-7
0.9105	-6.451347978131247e-7
0.911	-6.414474287926623e-7
0.9115	-6.376977516842324e-7
0.912	-6.339210451812937e-7
0.9125	-6.302186175614268e-7
0.913	-6.265264785012686e-7
0.9135	-6.228412487787205e-7
0.914	-6.19145909990656e-7
0.9145	-6.154428163833683e-7
0.915	-6.117390639067274e-7
0.9155	-6.080369793986305e-7
0.916	-6.043384348473376e-7
0.9165	-6.006450270366493e-7
0.917	-5.969694448208199e-7
0.9175	-5.932957045250043e-7
0.918	-5.896159908525603e-7
0.9185	-5.859093539077537e-7
0.919	-5.822045795561432e-7
0.9195	-5.78520173811318e-7
0.92	-5.748747885694579e-7
0.9205	-5.712357813208854e-7
0.921	-5.6758275346803e-7
0.9215	-5.639040357768405e-7
0.922	-5.602245471954743e-7
0.9225	-5.565616053798894e-7
0.923	-5.529162308371486e-7
0.9235	-5.49271524467937e-7
0.924	-5.45612466287364e-7
0.9245	-5.41940773204651e-7
0.925	-5.382653561382494e-7
0.9255	-5.345999284398205e-7
0.926	-5.309335227712397e-7
0.9265	-5.272609412086919e-7
0.927	-5.235191207271137e-7
0.9275	-5.19777384713605e-7
0.928	-5.160614942964705e-7
0.9285	-5.124554016110958e-7
0.929	-5.088686991524292e-7
0.9295	-5.052756621780377e-7
0.93	-5.016243969569014e-7
0.9305	-4.979611135540806e-7
0.931	-4.942962796190725e-7
0.9315	-4.906407718320346e-7
0.932	-4.869983987845809e-7
0.9325	-4.833892325054558e-7
0.933	-4.798215555542036e-7
0.9335	-4.762468650392069e-7
0.934	-4.7261736849759733e-7
0.9345	-4.689131199339728e-7
0.935	-4.651932987392901e-7
0.9355	-4.6151004155473707e-7
0.936	-4.578633651022567e-7
0.9365	-4.5422819444769077e-7
0.937	-4.505936160137571e-7
0.9375	-4.469603574130252e-7
0.9380000000000001	-4.4333248815363585e-7
0.9385	-4.3969575121696055e-7
0.9390000000000001	-4.360723874692415e-7
0.9395	-4.324824344772139e-7
0.9400000000000001	-4.290103017043625e-7
0.9405	-4.255612887262433e-7
0.9410000000000001	-4.221044404588599e-7
0.9415	-4.1838853342767e-7
0.9420000000000001	-4.1459624699783034e-7
0.9425	-4.1079324448478263e-7
0.9430000000000001	-4.0710265128563827e-7
0.9435	-4.034429195272338e-7
0.9440000000000001	-3.998069793740656e-7
0.9445	-3.9618829552350227e-7
0.9450000000000001	-3.925795156405645e-7
0.9455	-3.8896986437109514e-7
0.9460000000000001	-3.8534647025845564e-7
0.9465	-3.817266489360107e-7
0.9470000000000001	-3.781191309709011e-7
0.9475	-3.745636103282229e-7
0.9480000000000001	-3.709953495699613e-7
0.9485	-3.673924404478954e-7
0.9490000000000001	-3.637392826588178e-7
0.9495	-3.600830472537237e-7
0.9500000000000001	-3.564526283929416e-7
0.9505	-3.5285316101596495e-7
0.9510000000000001	-3.492608369045908e-7
0.9515	-3.4566180815782144e-7
0.9520000000000001	-3.42054799454265e-7
0.9525	-3.3844680899191e-7
0.9530000000000001	-3.3483539863060765e-7
0.9535	-3.312265451264444e-7
0.9540000000000001	-3.2762878865950004e-7
0.9545	-3.2406996280458525e-7
0.9550000000000001	-3.2052721823540707e-7
0.9555	-3.1697348195859167e-7
0.9560000000000001	-3.1335551221152945e-7
0.9565	-3.0970457772799465e-7
0.9570000000000001	-3.0605398422101246e-7
0.9575	-3.0245399094887773e-7
0.9580000000000001	-2.988751021571238e-7
0.9585	-2.953031888486812e-7
0.9590000000000001	-2.917427543036519e-7
0.9595	-2.8816526027532444e-7
0.96	-2.8454947334208017e-7
0.9605	-2.807712861402694e-7
0.961	-2.7699053558583644e-7
0.9615	-2.733046566390245e-7
0.962	-2.698380701853703e-7
0.9625	-2.664163553936332e-7
0.963	-2.629844164764828e-7
0.9635	-2.594332686805294e-7
0.964	-2.5586320342960096e-7
0.9645	-2.523057109968489e-7
0.965	-2.488213750360683e-7
0.9655	-2.4532855537728164e-7
0.966	-2.4177703072007617e-7
0.9665	-2.3811203892494962e-7
0.967	-2.3442209829533042e-7
0.9675	-2.3076508301222475e-7
0.968	-2.2718689640413374e-7
0.9685	-2.2362567745307209e-7
0.969	-2.2005839123499538e-7
0.9695	-2.1646754903645048e-7
0.97	-2.1287851433896072e-7
0.9705	-2.0930273728415346e-7
0.971	-2.0574544367994732e-7
0.9715	-2.021939768858828e-7
0.972	-1.9864283269212652e-7
0.9725	-1.9508875477396716e-7
0.973	-1.9153198256668139e-7
0.9735	-1.879679787959912e-7
0.974	-1.843967129687345e-7
0.9745	-1.8082426513326297e-7
0.975	-1.772778713798239e-7
0.9755	-1.737420017209061e-7
0.976	-1.7016229816858196e-7
0.9765	-1.6638265913705625e-7
0.977	-1.624763228339179e-7
0.9775	-1.5867983146265774e-7
0.978	-1.5534118428456362e-7
0.9785	-1.5215756924707515e-7
0.979	-1.491157281951839e-7
0.9795	-1.456029251259105e-7
0.98	-1.4193904801716991e-7
0.9805	-1.382183014775114e-7
0.981	-1.3456780092704512e-7
0.9815	-1.3097958814607172e-7
0.982	-1.2741791604475566e-7
0.9825	-1.2388888132243844e-7
0.983	-1.2037418195811797e-7
0.9835	-1.1685073504858714e-7
0.984	-1.1326046251436479e-7
0.9845	-1.0963984844181264e-7
0.985	-1.0602974310185727e-7
0.9855	-1.0250389117165691e-7
0.986	-9.901007498372596e-8
0.9865	-9.551467100072985e-8
0.987	-9.196373376385095e-8
0.9875	-8.838206012672163e-8
0.988	-8.478575637196536e-8
0.9885	-8.117263212645757e-8
0.989	-7.756697153350191e-8
0.9895	-7.394323175023421e-8
0.99	-7.034172989702394e-8
0.9905	-6.681169789285546e-8
0.991	-6.351711317236338e-8
0.9915	-6.009851832420177e-8
0.992	-5.662558794615057e-8
0.9925	-5.297372623526096e-8
0.993	-4.941734835851462e-8
0.9935	-4.592425703089893e-8
0.994	-4.2417993727012704e-8
0.9945	-3.890287175579785e-8
0.995	-3.536630178571242e-8
0.9955	-3.1822527178673465e-8
0.996	-2.826619641074993e-8
0.9965	-2.4666751798368143e-8
0.997	-2.1097328278413902e-8
0.9975	-2.1387570172043116e-8
0.998	-1.2480404709088677e-8
0.9985	-1.0662591792484541e-8
0.999	-8.023388938454374e-9
0.9995	-4.011694469227187e-9