0.	0.000022287191495707602
0.0005	0.000022298335091455457
0.001	0.00002230947868720331
0.0015	0.000022320622282951164
0.002	0.000022331765878699016
0.0025	0.00002234290947444687
0.003	0.000022354053070194726
0.0035	0.000022365196665942578
0.004	0.000022376340261690433
0.0045000000000000005	0.000022387483857438285
0.005	0.00002239862745318614
0.0055	0.000022409771048933995
0.006	0.000022420914644681847
0.006500000000000001	0.000022432058240429702
0.007	0.000022443201836177554
0.0075	0.00002245434543192541
0.008	0.00002246548902767326
0.0085	0.000022476632623421116
0.009000000000000001	0.00002248777621916897
0.0095	0.000022498919814916823
0.01	0.00002251006341066468
0.0105	0.00002252120700641253
0.011	0.000022532350602160385
0.0115	0.00002254349419790824
0.012	0.000022554637793656092
0.0125	0.000022565781389403948
0.013000000000000001	0.0000225769249851518
0.0135	0.000022588068580899655
0.014	0.00002259921217664751
0.0145	0.00002261035577239536
0.015	0.000022621499368143217
0.0155	0.00002263264296389107
0.016	0.000022643786559638924
0.0165	0.00002265493015538678
0.017	0.00002266607375113463
0.0175	0.000022677217346882486
0.018000000000000002	0.000022688360942630338
0.0185	0.000022699504538378193
0.019	0.000022710648134126048
0.0195	0.0000227217917298739
0.02	0.000022732935325621755
0.0205	0.000022744078921369607
0.021	0.000022755222517117462
0.021500000000000002	0.000022766366112865317
0.022	0.00002277750970861317
0.0225	0.000022788653304361024
0.023	0.000022799796900108876
0.0235	0.00002281094049585673
0.024	0.000022822084091604583
0.0245	0.000022833227687352438
0.025	0.000022844371283100293
0.025500000000000002	0.000022855514878848145
0.026000000000000002	0.000022866658474596
0.0265	0.000022877802070343852
0.027	0.000022888945666091707
0.0275	0.000022900089261839562
0.028	0.000022911232857587414
0.0285	0.00002292237645333527
0.029	0.00002293352004908312
0.029500000000000002	0.000022944663644830976
0.03	0.00002295580724057883
0.0305	0.000022966950836326683
0.031	0.00002297809443207454
0.0315	0.00002298923802782239
0.032	0.000023000381623570245
0.0325	0.0000230115252193181
0.033	0.000023022668815065952
0.0335	0.000023033812410813808
0.034	0.00002304495600656166
0.0345	0.000023056099602309515
0.035	0.00002306724319805737
0.035500000000000004	0.00002307838679380522
0.036000000000000004	0.000023089530389553077
0.0365	0.00002310067398530093
0.037	0.000023111817581048784
0.0375	0.000023122961176796635
0.038	0.00002313410477254449
0.0385	0.000023145248368292346
0.039	0.000023156391964040198
0.0395	0.000023167535559788053
0.04	0.000023178679155535905
0.0405	0.00002318982275128376
0.041	0.000023200966347031615
0.0415	0.000023212109942779467
0.042	0.000023223253538527322
0.0425	0.000023234397134275174
0.043000000000000003	0.00002324554073002303
0.043500000000000004	0.000023256684325770884
0.044	0.000023267827921518736
0.0445	0.00002327897151726659
0.045	0.000023290115113014443
0.0455	0.000023301258708762298
0.046	0.000023312402304510153
0.0465	0.000023323545900258005
0.047	0.00002333468949600586
0.0475	0.000023345833091753712
0.048	0.000023356976687501567
0.0485	0.000023368120283249422
0.049	0.000023379263878997274
0.0495	0.00002339040747474513
0.05	0.00002340155107049298
0.0505	0.000023412694666240836
0.051000000000000004	0.000023423838261988688
0.051500000000000004	0.000023434981857736543
0.052000000000000005	0.0000234461254534844
0.0525	0.00002345726904923225
0.053	0.000023468412644980105
0.0535	0.000023479556240727957
0.054	0.000023490699836475812
0.0545	0.000023501843432223668
0.055	0.00002351298702797152
0.0555	0.000023524130623719375
0.056	0.000023535274219467226
0.0565	0.00002354641781521508
0.057	0.000023557561410962937
0.0575	0.00002356870500671079
0.058	0.000023579848602458644
0.0585	0.000023590992198206495
0.059000000000000004	0.00002360213579395435
0.059500000000000004	0.000023613279389702206
0.06	0.000023624422985450058
0.0605	0.000023635566581197913
0.061	0.000023646710176945765
0.0615	0.00002365785377269362
0.062	0.000023668997368441475
0.0625	0.000023680140964189327
0.063	0.000023691284559937182
0.0635	0.000023702428155685034
0.064	0.00002371357175143289
0.0645	0.00002372471534718074
0.065	0.000023735858942928596
0.0655	0.00002374700253867645
0.066	0.000023758146134424303
0.0665	0.000023769289730172158
0.067	0.000023780433325920013
0.0675	0.000023791576921667865
0.068	0.00002380272051741572
0.0685	0.000023813864113163572
0.069	0.000023825007708911427
0.0695	0.00002383615130465928
0.07	0.000023847294900407134
0.07050000000000001	0.00002385843849615499
0.07100000000000001	0.00002386958209190284
0.07150000000000001	0.000023880725687650696
0.07200000000000001	0.000023891869283398548
0.0725	0.000023903012879146403
0.073	0.00002391415647489426
0.0735	0.00002392530007064211
0.074	0.000023936443666389965
0.0745	0.000023947587262137817
0.075	0.000023958730857885672
0.0755	0.000023969874453633528
0.076	0.00002398101804938138
0.0765	0.000023992161645129234
0.077	0.000024003305240877086
0.0775	0.00002401444883662494
0.078	0.000024025592432372793
0.0785	0.00002403673602812065
0.079	0.000024047879623868504
0.0795	0.000024059023219616355
0.08	0.00002407016681536421
0.0805	0.000024081310411112066
0.081	0.000024092454006859918
0.0815	0.000024103597602607773
0.082	0.000024114741198355625
0.0825	0.00002412588479410348
0.083	0.00002413702838985133
0.0835	0.000024148171985599187
0.084	0.000024159315581347042
0.0845	0.000024170459177094894
0.085	0.00002418160277284275
0.0855	0.0000241927463685906
0.08600000000000001	0.000024203889964338456
0.08650000000000001	0.00002421503356008631
0.08700000000000001	0.000024226177155834163
0.08750000000000001	0.000024237320751582018
0.088	0.00002424846434732987
0.0885	0.000024259607943077725
0.089	0.00002427075153882558
0.0895	0.000024281895134573432
0.09	0.000024293038730321287
0.0905	0.00002430418232606914
0.091	0.000024315325921816994
0.0915	0.000024326469517564846
0.092	0.0000243376131133127
0.0925	0.000024348756709060556
0.093	0.000024359900304808408
0.0935	0.000024371043900556263
0.094	0.00002438218749630412
0.0945	0.00002439333109205197
0.095	0.000024404474687799825
0.0955	0.000024415618283547677
0.096	0.000024426761879295532
0.0965	0.000024437905475043384
0.097	0.00002444904907079124
0.0975	0.000024460192666539094
0.098	0.000024471336262286946
0.0985	0.0000244824798580348
0.099	0.000024493623453782657
0.0995	0.00002450476704953051
0.1	0.000024515910645278364
0.1005	0.000024527054241026215
0.101	0.00002453819783677407
0.1015	0.000024549341432521922
0.10200000000000001	0.000024560485028269778
0.10250000000000001	0.000024571628624017633
0.10300000000000001	0.000024582772219765484
0.10350000000000001	0.00002459391581551334
0.10400000000000001	0.00002460505941126119
0.1045	0.000024616203007009047
0.105	0.0000246273466027569
0.1055	0.000024638490198504754
0.106	0.00002464963379425261
0.1065	0.00002466077739000046
0.107	0.000024671920985748316
0.1075	0.00002468306458149617
0.108	0.000024694208177244023
0.1085	0.000024705351772991878
0.109	0.00002471649536873973
0.1095	0.000024727638964487585
0.11	0.000024738782560235437
0.1105	0.000024749926155983292
0.111	0.000024761069751731147
0.1115	0.000024772213347479
0.112	0.000024783356943226854
0.1125	0.00002479450053897471
0.113	0.00002480564413472256
0.1135	0.000024816787730470416
0.114	0.000024827931326218268
0.1145	0.000024839074921966123
0.115	0.000024850218517713975
0.1155	0.00002486136211346183
0.116	0.000024872505709209685
0.1165	0.000024883649304957537
0.117	0.000024894792900705392
0.11750000000000001	0.000024905936496453244
0.11800000000000001	0.0000249170800922011
0.11850000000000001	0.000024928223687948954
0.11900000000000001	0.000024939367283696806
0.11950000000000001	0.00002495051087944466
0.12	0.000024961654475192513
0.1205	0.00002497279807094037
0.121	0.000024983941666688224
0.1215	0.000024995085262436075
0.122	0.00002500622885818393
0.1225	0.000025017372453931782
0.123	0.000025028516049679637
0.1235	0.00002503965964542749
0.124	0.000025050803241175344
0.1245	0.0000250619468369232
0.125	0.00002507309043267105
0.1255	0.000025084234028418907
0.126	0.000025095377624166762
0.1265	0.000025106521219914614
0.127	0.00002511766481566247
0.1275	0.00002512880841141032
0.128	0.000025139952007158176
0.1285	0.000025151095602906028
0.129	0.000025162239198653883
0.1295	0.000025173382794401738
0.13	0.00002518452639014959
0.1305	0.000025195669985897445
0.131	0.000025206813581645297
0.1315	0.000025217957177393152
0.132	0.000025229100773141007
0.1325	0.00002524024436888886
0.133	0.000025251387964636714
0.1335	0.000025262531560384566
0.134	0.00002527367515613242
0.1345	0.000025284818751880276
0.135	0.000025295962347628128
0.1355	0.000025307105943375983
0.136	0.000025318249539123835
0.1365	0.00002532939313487169
0.137	0.000025340536730619542
0.1375	0.000025351680326367397
0.138	0.000025362823922115252
0.1385	0.000025373967517863104
0.139	0.00002538511111361096
0.1395	0.000025396254709358814
0.14	0.000025407398305106666
0.1405	0.00002541854190085452
0.14100000000000001	0.000025429685496602373
0.14150000000000001	0.000025440829092350228
0.14200000000000002	0.00002545197268809808
0.14250000000000002	0.000025463116283845935
0.14300000000000002	0.00002547425987959379
0.14350000000000002	0.000025485403475341642
0.14400000000000002	0.000025496547071089497
0.1445	0.00002550769066683735
0.145	0.000025518834262585204
0.1455	0.000025529977858333056
0.146	0.00002554112145408091
0.1465	0.000025552265049828767
0.147	0.00002556340864557662
0.1475	0.000025574552241324474
0.148	0.00002558569583707233
0.1485	0.00002559683943282018
0.149	0.000025607983028568036
0.1495	0.000025619126624315887
0.15	0.000025630270220063743
0.1505	0.000025641413815811594
0.151	0.00002565255741155945
0.1515	0.000025663701007307305
0.152	0.000025674844603055157
0.1525	0.000025685988198803012
0.153	0.000025697131794550867
0.1535	0.00002570827539029872
0.154	0.000025719418986046574
0.1545	0.000025730562581794426
0.155	0.00002574170617754228
0.1555	0.000025752849773290133
0.156	0.000025763993369037988
0.1565	0.000025775136964785843
0.157	0.000025786280560533695
0.1575	0.00002579742415628155
0.158	0.000025808567752029402
0.1585	0.000025819711347777257
0.159	0.000025830854943525112
0.1595	0.000025841998539272964
0.16	0.00002585314213502082
0.1605	0.00002586428573076867
0.161	0.000025875429326516526
0.1615	0.00002588657292226438
0.162	0.000025897716518012233
0.1625	0.000025908860113760088
0.163	0.00002592000370950794
0.1635	0.000025931147305255795
0.164	0.000025942290901003647
0.1645	0.000025953434496751502
0.165	0.000025964578092499357
0.1655	0.00002597572168824721
0.166	0.000025986865283995064
0.1665	0.00002599800887974292
0.167	0.00002600915247549077
0.1675	0.000026020296071238627
0.168	0.000026031439666986478
0.1685	0.000026042583262734333
0.169	0.000026053726858482185
0.1695	0.00002606487045423004
0.17	0.000026076014049977896
0.1705	0.000026087157645725747
0.171	0.000026098301241473603
0.1715	0.000026109444837221458
0.17200000000000001	0.00002612058843296931
0.17250000000000001	0.000026131732028717165
0.17300000000000001	0.000026142875624465017
0.17350000000000002	0.000026154019220212872
0.17400000000000002	0.000026165162815960724
0.17450000000000002	0.00002617630641170858
0.17500000000000002	0.000026187450007456434
0.17550000000000002	0.000026198593603204286
0.176	0.00002620973719895214
0.1765	0.000026220880794699993
0.177	0.000026232024390447848
0.1775	0.0000262431679861957
0.178	0.000026254311581943555
0.1785	0.00002626545517769141
0.179	0.000026276598773439262
0.1795	0.000026287742369187117
0.18	0.000026298885964934972
0.1805	0.000026310029560682824
0.181	0.00002632117315643068
0.1815	0.00002633231675217853
0.182	0.000026343460347926386
0.1825	0.000026354603943674238
0.183	0.000026365747539422093
0.1835	0.000026376891135169948
0.184	0.0000263880347309178
0.1845	0.000026399178326665655
0.185	0.00002641032192241351
0.1855	0.000026421465518161362
0.186	0.000026432609113909214
0.1865	0.00002644375270965707
0.187	0.000026454896305404924
0.1875	0.000026466039901152776
0.188	0.00002647718349690063
0.1885	0.000026488327092648486
0.189	0.000026499470688396338
0.1895	0.000026510614284144193
0.19	0.000026521757879892045
0.1905	0.0000265329014756399
0.191	0.000026544045071387752
0.1915	0.000026555188667135607
0.192	0.000026566332262883463
0.1925	0.000026577475858631314
0.193	0.00002658861945437917
0.1935	0.000026599763050127025
0.194	0.000026610906645874877
0.1945	0.00002662205024162273
0.195	0.000026633193837370583
0.1955	0.00002664433743311844
0.196	0.00002665548102886629
0.1965	0.000026666624624614146
0.197	0.000026677768220362
0.1975	0.000026688911816109853
0.198	0.000026700055411857708
0.1985	0.000026711199007605563
0.199	0.000026722342603353415
0.1995	0.00002673348619910127
0.2	0.000026744629794849122
0.2005	0.000026755773390596977
0.201	0.00002676691698634483
0.2015	0.000026778060582092684
0.202	0.00002678920417784054
0.2025	0.00002680034777358839
0.203	0.000026811491369336246
0.20350000000000001	0.0000268226349650841
0.20400000000000001	0.000026833778560831953
0.20450000000000002	0.000026844922156579808
0.20500000000000002	0.00002685606575232766
0.20550000000000002	0.000026867209348075515
0.20600000000000002	0.000026878352943823367
0.20650000000000002	0.000026889496539571222
0.20700000000000002	0.000026900640135319077
0.20750000000000002	0.00002691178373106693
0.20800000000000002	0.000026922927326814784
0.2085	0.000026934070922562636
0.209	0.00002694521451831049
0.2095	0.000026956358114058343
0.21	0.000026967501709806198
0.2105	0.000026978645305554053
0.211	0.000026989788901301905
0.2115	0.00002700093249704976
0.212	0.000027012076092797616
0.2125	0.000027023219688545467
0.213	0.00002703436328429332
0.2135	0.000027045506880041174
0.214	0.00002705665047578903
0.2145	0.00002706779407153688
0.215	0.000027078937667284736
0.2155	0.00002709008126303259
0.216	0.000027101224858780443
0.2165	0.0000271123684545283
0.217	0.00002712351205027615
0.2175	0.000027134655646024006
0.218	0.000027145799241771857
0.2185	0.000027156942837519713
0.219	0.000027168086433267568
0.2195	0.00002717923002901542
0.22	0.000027190373624763275
0.2205	0.00002720151722051113
0.221	0.00002721266081625898
0.2215	0.000027223804412006837
0.222	0.00002723494800775469
0.2225	0.000027246091603502544
0.223	0.000027257235199250396
0.2235	0.00002726837879499825
0.224	0.000027279522390746106
0.2245	0.000027290665986493958
0.225	0.000027301809582241813
0.2255	0.000027312953177989668
0.226	0.00002732409677373752
0.2265	0.000027335240369485375
0.227	0.000027346383965233227
0.2275	0.000027357527560981082
0.228	0.000027368671156728934
0.2285	0.00002737981475247679
0.229	0.000027390958348224644
0.2295	0.000027402101943972496
0.23	0.00002741324553972035
0.2305	0.000027424389135468206
0.231	0.000027435532731216058
0.2315	0.000027446676326963913
0.232	0.000027457819922711765
0.2325	0.00002746896351845962
0.233	0.000027480107114207472
0.2335	0.000027491250709955327
0.234	0.000027502394305703182
0.23450000000000001	0.000027513537901451034
0.23500000000000001	0.00002752468149719889
0.23550000000000001	0.000027535825092946745
0.23600000000000002	0.000027546968688694596
0.23650000000000002	0.000027558112284442448
0.23700000000000002	0.000027569255880190303
0.23750000000000002	0.00002758039947593816
0.23800000000000002	0.00002759154307168601
0.23850000000000002	0.000027602686667433866
0.23900000000000002	0.00002761383026318172
0.23950000000000002	0.000027624973858929573
0.24	0.000027636117454677424
0.2405	0.00002764726105042528
0.241	0.000027658404646173135
0.2415	0.000027669548241920986
0.242	0.00002768069183766884
0.2425	0.000027691835433416697
0.243	0.00002770297902916455
0.2435	0.000027714122624912404
0.244	0.000027725266220660256
0.2445	0.00002773640981640811
0.245	0.000027747553412155963
0.2455	0.000027758697007903818
0.246	0.000027769840603651673
0.2465	0.000027780984199399525
0.247	0.00002779212779514738
0.2475	0.000027803271390895235
0.248	0.000027814414986643087
0.2485	0.000027825558582390942
0.249	0.000027836702178138794
0.2495	0.00002784784577388665
0.25	0.0000278589893696345
0.2505	0.000027870132965382356
0.251	0.00002788127656113021
0.2515	0.000027892420156878063
0.252	0.000027903563752625918
0.2525	0.000027914707348373773
0.253	0.000027925850944121625
0.2535	0.00002793699453986948
0.254	0.000027948138135617332
0.2545	0.000027959281731365187
0.255	0.00002797042532711304
0.2555	0.000027981568922860894
0.256	0.00002799271251860875
0.2565	0.0000280038561143566
0.257	0.000028014999710104456
0.2575	0.00002802614330585231
0.258	0.000028037286901600163
0.2585	0.00002804843049734802
0.259	0.00002805957409309587
0.2595	0.000028070717688843726
0.26	0.000028081861284591577
0.2605	0.000028093004880339432
0.261	0.000028104148476087288
0.2615	0.00002811529207183514
0.262	0.000028126435667582995
0.2625	0.00002813757926333085
0.263	0.0000281487228590787
0.2635	0.000028159866454826553
0.264	0.00002817101005057441
0.2645	0.000028182153646322264
0.265	0.000028193297242070116
0.2655	0.00002820444083781797
0.266	0.000028215584433565826
0.2665	0.000028226728029313678
0.267	0.000028237871625061533
0.2675	0.000028249015220809385
0.268	0.00002826015881655724
0.2685	0.00002827130241230509
0.269	0.000028282446008052947
0.2695	0.000028293589603800802
0.27	0.000028304733199548654
0.2705	0.00002831587679529651
0.271	0.000028327020391044364
0.2715	0.000028338163986792216
0.272	0.00002834930758254007
0.2725	0.000028360451178287923
0.273	0.000028371594774035778
0.2735	0.00002838273836978363
0.274	0.000028393881965531485
0.2745	0.00002840502556127934
0.275	0.000028416169157027192
0.2755	0.000028427312752775047
0.276	0.000028438456348522902
0.2765	0.000028449599944270754
0.277	0.00002846074354001861
0.2775	0.00002847188713576646
0.278	0.000028483030731514316
0.2785	0.000028494174327262168
0.279	0.000028505317923010023
0.2795	0.00002851646151875788
0.28	0.00002852760511450573
0.2805	0.000028538748710253585
0.281	0.00002854989230600144
0.28150000000000003	0.000028561035901749292
0.28200000000000003	0.000028572179497497148
0.28250000000000003	0.000028583323093245
0.28300000000000003	0.000028594466688992855
0.28350000000000003	0.000028605610284740706
0.28400000000000003	0.00002861675388048856
0.28450000000000003	0.000028627897476236417
0.28500000000000003	0.00002863904107198427
0.28550000000000003	0.000028650184667732124
0.28600000000000003	0.00002866132826347998
0.28650000000000003	0.00002867247185922783
0.28700000000000003	0.000028683615454975682
0.28750000000000003	0.000028694759050723538
0.28800000000000003	0.000028705902646471393
0.2885	0.000028717046242219245
0.289	0.000028728189837967096
0.2895	0.00002873933343371495
0.29	0.000028750477029462807
0.2905	0.00002876162062521066
0.291	0.000028772764220958514
0.2915	0.00002878390781670637
0.292	0.00002879505141245422
0.2925	0.000028806195008202076
0.293	0.00002881733860394993
0.2935	0.000028828482199697783
0.294	0.000028839625795445635
0.2945	0.00002885076939119349
0.295	0.000028861912986941345
0.2955	0.000028873056582689197
0.296	0.000028884200178437052
0.2965	0.000028895343774184907
0.297	0.00002890648736993276
0.2975	0.000028917630965680614
0.298	0.000028928774561428466
0.2985	0.00002893991815717632
0.299	0.000028951061752924173
0.2995	0.000028962205348672028
0.3	0.000028973348944419883
0.3005	0.000028984492540167735
0.301	0.00002899563613591559
0.3015	0.000029006779731663445
0.302	0.000029017923327411297
0.3025	0.000029029066923159152
0.303	0.000029040210518907004
0.3035	0.00002905135411465486
0.304	0.00002906249771040271
0.3045	0.000029073641306150566
0.305	0.00002908478490189842
0.3055	0.000029095928497646273
0.306	0.00002910707209339413
0.3065	0.000029118215689141984
0.307	0.000029129359284889835
0.3075	0.00002914050288063769
0.308	0.000029151646476385542
0.3085	0.000029162790072133398
0.309	0.00002917393366788125
0.3095	0.000029185077263629105
0.31	0.00002919622085937696
0.3105	0.00002920736445512481
0.311	0.000029218508050872667
0.3115	0.000029229651646620522
0.312	0.000029240795242368374
0.3125	0.000029251938838116226
0.313	0.00002926308243386408
0.3135	0.000029274226029611936
0.314	0.000029285369625359788
0.3145	0.000029296513221107643
0.315	0.000029307656816855498
0.3155	0.00002931880041260335
0.316	0.000029329944008351205
0.3165	0.00002934108760409906
0.317	0.000029352231199846912
0.3175	0.000029363374795594764
0.318	0.00002937451839134262
0.3185	0.000029385661987090474
0.319	0.000029396805582838326
0.3195	0.00002940794917858618
0.32	0.000029419092774334036
0.3205	0.000029430236370081888
0.321	0.000029441379965829743
0.3215	0.000029452523561577595
0.322	0.00002946366715732545
0.3225	0.000029474810753073302
0.323	0.000029485954348821157
0.3235	0.000029497097944569012
0.324	0.000029508241540316864
0.3245	0.00002951938513606472
0.325	0.000029530528731812575
0.3255	0.000029541672327560426
0.326	0.00002955281592330828
0.3265	0.000029563959519056133
0.327	0.00002957510311480399
0.3275	0.00002958624671055184
0.328	0.000029597390306299695
0.3285	0.00002960853390204755
0.329	0.000029619677497795402
0.3295	0.000029630821093543258
0.33	0.000029641964689291113
0.3305	0.000029653108285038965
0.331	0.00002966425188078682
0.3315	0.00002967539547653467
0.332	0.000029686539072282527
0.3325	0.00002969768266803038
0.333	0.000029708826263778234
0.3335	0.00002971996985952609
0.334	0.00002973111345527394
0.3345	0.000029742257051021796
0.335	0.00002975340064676965
0.3355	0.000029764544242517503
0.336	0.000029775687838265358
0.3365	0.00002978683143401321
0.337	0.000029797975029761065
0.3375	0.000029809118625508917
0.338	0.000029820262221256772
0.3385	0.000029831405817004627
0.339	0.00002984254941275248
0.3395	0.000029853693008500334
0.34	0.00002986483660424819
0.3405	0.00002987598019999604
0.341	0.000029887123795743893
0.3415	0.000029898267391491748
0.342	0.000029909410987239603
0.3425	0.000029920554582987455
0.343	0.00002993169817873531
0.3435	0.000029942841774483165
0.34400000000000003	0.000029953985370231017
0.34450000000000003	0.000029965128965978872
0.34500000000000003	0.000029976272561726728
0.34550000000000003	0.00002998741615747458
0.34600000000000003	0.00002999855975322243
0.34650000000000003	0.000030009703348970286
0.34700000000000003	0.00003002084694471814
0.34750000000000003	0.000030031990540465993
0.34800000000000003	0.00003004313413621385
0.34850000000000003	0.000030054277731961704
0.34900000000000003	0.000030065421327709555
0.34950000000000003	0.000030076564923457407
0.35000000000000003	0.000030087708519205266
0.35050000000000003	0.000030098852114953118
0.35100000000000003	0.00003010999571070097
0.35150000000000003	0.000030121139306448825
0.352	0.00003013228290219668
0.3525	0.00003014342649794453
0.353	0.000030154570093692383
0.3535	0.00003016571368944024
0.354	0.000030176857285188094
0.3545	0.000030188000880935945
0.355	0.0000301991444766838
0.3555	0.000030210288072431656
0.356	0.000030221431668179508
0.3565	0.00003023257526392736
0.357	0.000030243718859675218
0.3575	0.00003025486245542307
0.358	0.00003026600605117092
0.3585	0.000030277149646918777
0.359	0.000030288293242666632
0.3595	0.000030299436838414484
0.36	0.00003031058043416234
0.3605	0.000030321724029910194
0.361	0.000030332867625658046
0.3615	0.000030344011221405898
0.362	0.000030355154817153756
0.3625	0.000030366298412901608
0.363	0.00003037744200864946
0.3635	0.000030388585604397315
0.364	0.00003039972920014517
0.3645	0.000030410872795893022
0.365	0.000030422016391640877
0.3655	0.000030433159987388732
0.366	0.000030444303583136584
0.3665	0.000030455447178884436
0.367	0.00003046659077463229
0.3675	0.000030477734370380146
0.368	0.000030488877966127998
0.3685	0.000030500021561875853
0.369	0.00003051116515762371
0.3695	0.00003052230875337156
0.37	0.00003053345234911941
0.3705	0.00003054459594486727
0.371	0.00003055573954061512
0.3715	0.000030566883136362974
0.372	0.00003057802673211083
0.3725	0.000030589170327858684
0.373	0.000030600313923606536
0.3735	0.00003061145751935439
0.374	0.00003062260111510225
0.3745	0.0000306337447108501
0.375	0.00003064488830659796
0.3755	0.00003065603190234581
0.376	0.00003066717549809366
0.3765	0.00003067831909384151
0.377	0.000030689462689589364
0.3775	0.00003070060628533722
0.378	0.000030711749881085075
0.3785	0.00003072289347683293
0.379	0.000030734037072580785
0.3795	0.00003074518066832864
0.38	0.00003075632426407649
0.3805	0.00003076746785982435
0.381	0.0000307786114555722
0.3815	0.00003078975505132005
0.382	0.00003080089864706791
0.3825	0.00003081204224281576
0.383	0.00003082318583856361
0.3835	0.000030834329434311465
0.384	0.00003084547303005932
0.3845	0.000030856616625807175
0.385	0.00003086776022155503
0.3855	0.000030878903817302885
0.386	0.00003089004741305074
0.3865	0.00003090119100879859
0.387	0.00003091233460454644
0.3875	0.0000309234782002943
0.388	0.00003093462179604215
0.3885	0.00003094576539179001
0.389	0.00003095690898753786
0.3895	0.00003096805258328571
0.39	0.000030979196179033565
0.3905	0.00003099033977478142
0.391	0.000031001483370529275
0.3915	0.00003101262696627713
0.392	0.000031023770562024986
0.3925	0.00003103491415777284
0.393	0.00003104605775352069
0.3935	0.00003105720134926854
0.394	0.0000310683449450164
0.3945	0.00003107948854076425
0.395	0.0000310906321365121
0.3955	0.00003110177573225996
0.396	0.000031112919328007814
0.3965	0.000031124062923755665
0.397	0.00003113520651950352
0.3975	0.000031146350115251376
0.398	0.00003115749371099923
0.3985	0.000031168637306747086
0.399	0.00003117978090249494
0.3995	0.00003119092449824279
0.4	0.00003120206809399064
0.4005	0.00003121321168973849
0.401	0.00003122435528548635
0.4015	0.000031235498881234204
0.402	0.00003124664247698206
0.4025	0.000031257786072729914
0.403	0.000031268929668477766
0.4035	0.00003128007326422562
0.404	0.000031291216859973476
0.4045	0.00003130236045572133
0.405	0.00003131350405146918
0.4055	0.00003132464764721704
0.406	0.00003133579124296489
0.40650000000000003	0.00003134693483871274
0.40700000000000003	0.000031358078434460594
0.40750000000000003	0.00003136922203020845
0.40800000000000003	0.000031380365625956304
0.40850000000000003	0.000031391509221704156
0.40900000000000003	0.000031402652817452014
0.40950000000000003	0.000031413796413199866
0.41000000000000003	0.00003142494000894772
0.41050000000000003	0.00003143608360469557
0.41100000000000003	0.00003144722720044343
0.41150000000000003	0.00003145837079619128
0.41200000000000003	0.00003146951439193914
0.41250000000000003	0.00003148065798768699
0.41300000000000003	0.00003149180158343484
0.41350000000000003	0.000031502945179182694
0.41400000000000003	0.000031514088774930546
0.41450000000000004	0.000031525232370678404
0.41500000000000004	0.000031536375966426256
0.41550000000000004	0.000031547519562174115
0.41600000000000004	0.000031558663157921967
0.4165	0.00003156980675366982
0.417	0.00003158095034941767
0.4175	0.00003159209394516552
0.418	0.00003160323754091338
0.4185	0.00003161438113666123
0.419	0.00003162552473240909
0.4195	0.00003163666832815694
0.42	0.000031647811923904794
0.4205	0.000031658955519652646
0.421	0.0000316700991154005
0.4215	0.000031681242711148357
0.422	0.00003169238630689621
0.4225	0.00003170352990264407
0.423	0.00003171467349839192
0.4235	0.00003172581709413977
0.424	0.00003173696068988762
0.4245	0.00003174810428563548
0.425	0.00003175924788138333
0.4255	0.000031770391477131184
0.426	0.00003178153507287904
0.4265	0.000031792678668626895
0.427	0.00003180382226437475
0.4275	0.0000318149658601226
0.428	0.00003182610945587046
0.4285	0.00003183725305161831
0.429	0.00003184839664736616
0.4295	0.00003185954024311402
0.43	0.00003187068383886187
0.4305	0.00003188182743460972
0.431	0.000031892971030357575
0.4315	0.00003190411462610543
0.432	0.000031915258221853285
0.4325	0.000031926401817601143
0.433	0.000031937545413348995
0.4335	0.00003194868900909685
0.434	0.0000319598326048447
0.4345	0.00003197097620059256
0.435	0.00003198211979634041
0.4355	0.00003199326339208826
0.436	0.00003200440698783612
0.4365	0.00003201555058358397
0.437	0.00003202669417933182
0.4375	0.000032037837775079675
0.438	0.000032048981370827533
0.4385	0.000032060124966575385
0.439	0.00003207126856232324
0.4395	0.000032082412158071096
0.44	0.00003209355575381895
0.4405	0.0000321046993495668
0.441	0.00003211584294531465
0.4415	0.00003212698654106251
0.442	0.00003213813013681036
0.4425	0.00003214927373255822
0.443	0.00003216041732830607
0.4435	0.000032171560924053924
0.444	0.000032182704519801775
0.4445	0.00003219384811554963
0.445	0.000032204991711297486
0.4455	0.00003221613530704534
0.446	0.000032227278902793196
0.4465	0.00003223842249854105
0.447	0.0000322495660942889
0.4475	0.00003226070969003675
0.448	0.00003227185328578461
0.4485	0.00003228299688153246
0.449	0.000032294140477280314
0.4495	0.00003230528407302817
0.45	0.000032316427668776024
0.4505	0.000032327571264523876
0.451	0.00003233871486027173
0.4515	0.000032349858456019586
0.452	0.00003236100205176744
0.4525	0.000032372145647515296
0.453	0.00003238328924326315
0.4535	0.000032394432839011
0.454	0.00003240557643475885
0.4545	0.000032416720030506704
0.455	0.00003242786362625456
0.4555	0.000032439007222002414
0.456	0.00003245015081775027
0.4565	0.000032461294413498124
0.457	0.000032472438009245976
0.4575	0.00003248358160499383
0.458	0.000032494725200741686
0.4585	0.00003250586879648954
0.459	0.00003251701239223739
0.4595	0.00003252815598798525
0.46	0.0000325392995837331
0.4605	0.00003255044317948095
0.461	0.000032561586775228804
0.4615	0.00003257273037097666
0.462	0.000032583873966724514
0.4625	0.000032595017562472366
0.463	0.000032606161158220225
0.4635	0.000032617304753968077
0.464	0.00003262844834971593
0.4645	0.00003263959194546378
0.465	0.00003265073554121164
0.4655	0.00003266187913695949
0.466	0.00003267302273270735
0.4665	0.0000326841663284552
0.467	0.00003269530992420305
0.4675	0.000032706453519950904
0.468	0.000032717597115698756
0.4685	0.000032728740711446615
0.46900000000000003	0.000032739884307194467
0.46950000000000003	0.000032751027902942325
0.47000000000000003	0.00003276217149869018
0.47050000000000003	0.00003277331509443803
0.47100000000000003	0.00003278445869018588
0.47150000000000003	0.00003279560228593374
0.47200000000000003	0.00003280674588168159
0.47250000000000003	0.00003281788947742944
0.47300000000000003	0.0000328290330731773
0.47350000000000003	0.00003284017666892515
0.47400000000000003	0.000032851320264673005
0.47450000000000003	0.000032862463860420857
0.47500000000000003	0.000032873607456168715
0.47550000000000003	0.00003288475105191657
0.47600000000000003	0.000032895894647664426
0.47650000000000003	0.00003290703824341228
0.47700000000000004	0.00003291818183916013
0.47750000000000004	0.00003292932543490798
0.47800000000000004	0.00003294046903065583
0.47850000000000004	0.00003295161262640369
0.47900000000000004	0.00003296275622215154
0.47950000000000004	0.0000329738998178994
0.48	0.000032985043413647253
0.4805	0.000032996187009395105
0.481	0.00003300733060514296
0.4815	0.00003301847420089081
0.482	0.00003302961779663867
0.4825	0.00003304076139238652
0.483	0.00003305190498813437
0.4835	0.00003306304858388223
0.484	0.00003307419217963008
0.4845	0.00003308533577537793
0.485	0.000033096479371125785
0.4855	0.000033107622966873643
0.486	0.000033118766562621495
0.4865	0.000033129910158369354
0.487	0.000033141053754117206
0.4875	0.00003315219734986506
0.488	0.00003316334094561291
0.4885	0.00003317448454136077
0.489	0.00003318562813710862
0.4895	0.00003319677173285647
0.49	0.00003320791532860433
0.4905	0.00003321905892435218
0.491	0.000033230202520100033
0.4915	0.000033241346115847885
0.492	0.000033252489711595744
0.4925	0.000033263633307343596
0.493	0.00003327477690309145
0.4935	0.000033285920498839306
0.494	0.00003329706409458716
0.4945	0.00003330820769033501
0.495	0.00003331935128608286
0.4955	0.00003333049488183072
0.496	0.00003334163847757857
0.4965	0.00003335278207332643
0.497	0.00003336392566907428
0.4975	0.000033375069264822134
0.498	0.000033386212860569986
0.4985	0.00003339735645631784
0.499	0.000033408500052065696
0.4995	0.00003341964364781355
0.5	0.000033430787243561406
0.5005000000000001	0.00003344193083930926
0.501	0.00003345307443505711
0.5015000000000001	0.00003346421803080496
0.502	0.00003347536162655282
0.5025000000000001	0.00003348650522230067
0.503	0.000033497648818048524
0.5035000000000001	0.00003350879241379638
0.504	0.000033519936009544234
0.5045000000000001	0.000033531079605292086
0.505	0.00003354222320103994
0.5055000000000001	0.000033553366796787796
0.506	0.00003356451039253565
0.5065000000000001	0.00003357565398828351
0.507	0.00003358679758403136
0.5075000000000001	0.00003359794117977921
0.508	0.00003360908477552706
0.5085000000000001	0.00003362022837127492
0.509	0.00003363137196702277
0.5095000000000001	0.000033642515562770624
0.51	0.00003365365915851848
0.5105000000000001	0.000033664802754266335
0.511	0.000033675946350014186
0.5115000000000001	0.00003368708994576204
0.512	0.0000336982335415099
0.5125	0.00003370937713725775
0.513	0.0000337205207330056
0.5135	0.00003373166432875345
0.514	0.00003374280792450131
0.5145	0.00003375395152024916
0.515	0.000033765095115997014
0.5155	0.000033776238711744866
0.516	0.000033787382307492725
0.5165	0.000033798525903240577
0.517	0.000033809669498988435
0.5175	0.00003382081309473629
0.518	0.00003383195669048414
0.5185	0.00003384310028623199
0.519	0.00003385424388197985
0.5195	0.0000338653874777277
0.52	0.00003387653107347556
0.5205	0.00003388767466922341
0.521	0.00003389881826497126
0.5215	0.000033909961860719115
0.522	0.000033921105456466967
0.5225	0.000033932249052214825
0.523	0.00003394339264796268
0.5235	0.00003395453624371053
0.524	0.00003396567983945839
0.5245	0.00003397682343520624
0.525	0.00003398796703095409
0.5255	0.00003399911062670194
0.526	0.0000340102542224498
0.5265	0.00003402139781819765
0.527	0.00003403254141394551
0.5275	0.00003404368500969336
0.528	0.000034054828605441215
0.5285	0.00003406597220118907
0.529	0.000034077115796936926
0.5295	0.00003408825939268478
0.53	0.000034099402988432636
0.5305	0.00003411054658418049
0.531	0.00003412169017992834
0.5315	0.00003413283377567619
0.532	0.00003414397737142404
0.5325	0.0000341551209671719
0.533	0.000034166264562919753
0.5335	0.000034177408158667605
0.534	0.000034188551754415464
0.5345	0.000034199695350163316
0.535	0.00003421083894591117
0.5355	0.00003422198254165902
0.536	0.00003423312613740688
0.5365	0.00003424426973315473
0.537	0.00003425541332890259
0.5375	0.00003426655692465044
0.538	0.00003427770052039829
0.5385	0.000034288844116146143
0.539	0.000034299987711894
0.5395	0.000034311131307641854
0.54	0.000034322274903389706
0.5405	0.000034333418499137564
0.541	0.000034344562094885416
0.5415	0.00003435570569063327
0.542	0.00003436684928638112
0.5425	0.00003437799288212898
0.543	0.00003438913647787683
0.5435	0.00003440028007362468
0.544	0.00003441142366937254
0.5445	0.00003442256726512039
0.545	0.000034433710860868244
0.5455	0.000034444854456616096
0.546	0.000034455998052363954
0.5465	0.000034467141648111806
0.547	0.000034478285243859665
0.5475	0.000034489428839607516
0.548	0.00003450057243535537
0.5485	0.00003451171603110322
0.549	0.00003452285962685108
0.5495	0.00003453400322259893
0.55	0.00003454514681834678
0.5505	0.00003455629041409464
0.551	0.00003456743400984249
0.5515	0.000034578577605590344
0.552	0.000034589721201338196
0.5525	0.00003460086479708605
0.553	0.000034612008392833906
0.5535	0.00003462315198858176
0.554	0.00003463429558432962
0.5545	0.00003464543918007747
0.555	0.00003465658277582532
0.5555	0.00003466772637157317
0.556	0.00003467886996732103
0.5565	0.00003469001356306888
0.557	0.00003470115715881674
0.5575	0.00003471230075456459
0.558	0.000034723444350312445
0.5585	0.000034734587946060296
0.559	0.000034745731541808155
0.5595	0.00003475687513755601
0.56	0.00003476801873330386
0.5605	0.00003477916232905171
0.561	0.00003479030592479957
0.5615	0.00003480144952054742
0.562	0.00003481259311629527
0.5625	0.000034823736712043124
0.5630000000000001	0.00003483488030779098
0.5635	0.000034846023903538835
0.5640000000000001	0.00003485716749928669
0.5645	0.000034868311095034545
0.5650000000000001	0.0000348794546907824
0.5655	0.00003489059828653025
0.5660000000000001	0.00003490174188227811
0.5665	0.00003491288547802596
0.5670000000000001	0.00003492402907377382
0.5675	0.00003493517266952167
0.5680000000000001	0.00003494631626526952
0.5685	0.00003495745986101737
0.5690000000000001	0.000034968603456765225
0.5695	0.00003497974705251308
0.5700000000000001	0.000034990890648260935
0.5705	0.00003500203424400879
0.5710000000000001	0.000035013177839756645
0.5715	0.0000350243214355045
0.5720000000000001	0.00003503546503125235
0.5725	0.0000350466086270002
0.5730000000000001	0.00003505775222274806
0.5735	0.00003506889581849591
0.5740000000000001	0.00003508003941424377
0.5745	0.00003509118300999162
0.5750000000000001	0.00003510232660573947
0.5755	0.000035113470201487325
0.5760000000000001	0.000035124613797235184
0.5765	0.000035135757392983035
0.577	0.00003514690098873089
0.5775	0.000035158044584478746
0.578	0.0000351691881802266
0.5785	0.00003518033177597445
0.579	0.0000351914753717223
0.5795	0.00003520261896747016
0.58	0.00003521376256321801
0.5805	0.00003522490615896586
0.581	0.00003523604975471372
0.5815	0.000035247193350461574
0.582	0.000035258336946209426
0.5825	0.00003526948054195728
0.583	0.00003528062413770513
0.5835	0.00003529176773345299
0.584	0.00003530291132920084
0.5845	0.0000353140549249487
0.585	0.00003532519852069655
0.5855	0.0000353363421164444
0.586	0.000035347485712192253
0.5865	0.00003535862930794011
0.587	0.000035369772903687964
0.5875	0.00003538091649943582
0.588	0.000035392060095183674
0.5885	0.000035403203690931526
0.589	0.00003541434728667938
0.5895	0.000035425490882427236
0.59	0.00003543663447817509
0.5905	0.00003544777807392294
0.591	0.00003545892166967079
0.5915	0.00003547006526541865
0.592	0.0000354812088611665
0.5925	0.000035492352456914354
0.593	0.000035503496052662206
0.5935	0.000035514639648410064
0.594	0.000035525783244157916
0.5945	0.000035536926839905775
0.595	0.000035548070435653626
0.5955	0.00003555921403140148
0.596	0.00003557035762714933
0.5965	0.00003558150122289719
0.597	0.00003559264481864504
0.5975	0.0000356037884143929
0.598	0.00003561493201014075
0.5985	0.0000356260756058886
0.599	0.000035637219201636454
0.5995	0.000035648362797384306
0.6	0.000035659506393132165
0.6005	0.000035670649988880016
0.601	0.00003568179358462787
0.6015	0.00003569293718037573
0.602	0.00003570408077612358
0.6025	0.00003571522437187143
0.603	0.00003572636796761928
0.6035	0.00003573751156336714
0.604	0.00003574865515911499
0.6045	0.00003575979875486285
0.605	0.0000357709423506107
0.6055	0.000035782085946358555
0.606	0.000035793229542106406
0.6065	0.000035804373137854265
0.607	0.00003581551673360212
0.6075	0.000035826660329349975
0.608	0.00003583780392509783
0.6085	0.00003584894752084568
0.609	0.00003586009111659353
0.6095	0.00003587123471234138
0.61	0.00003588237830808924
0.6105	0.00003589352190383709
0.611	0.000035904665499584945
0.6115	0.0000359158090953328
0.612	0.000035926952691080655
0.6125	0.00003593809628682851
0.613	0.00003594923988257636
0.6135	0.00003596038347832422
0.614	0.00003597152707407207
0.6145	0.00003598267066981993
0.615	0.00003599381426556778
0.6155	0.00003600495786131563
0.616	0.00003601610145706348
0.6165	0.00003602724505281134
0.617	0.00003603838864855919
0.6175	0.000036049532244307045
0.618	0.000036060675840054904
0.6185	0.000036071819435802755
0.619	0.00003608296303155061
0.6195	0.00003609410662729846
0.62	0.00003610525022304632
0.6205	0.00003611639381879417
0.621	0.00003612753741454202
0.6215	0.00003613868101028988
0.622	0.00003614982460603773
0.6225	0.00003616096820178558
0.623	0.000036172111797533435
0.6235	0.000036183255393281294
0.624	0.000036194398989029145
0.6245	0.000036205542584777004
0.625	0.000036216686180524856
0.6255000000000001	0.00003622782977627271
0.626	0.00003623897337202056
0.6265000000000001	0.00003625011696776842
0.627	0.00003626126056351627
0.6275000000000001	0.00003627240415926412
0.628	0.00003628354775501198
0.6285000000000001	0.00003629469135075983
0.629	0.000036305834946507684
0.6295000000000001	0.000036316978542255535
0.63	0.00003632812213800339
0.6305000000000001	0.000036339265733751246
0.631	0.0000363504093294991
0.6315000000000001	0.000036361552925246956
0.632	0.00003637269652099481
0.6325000000000001	0.00003638384011674266
0.633	0.00003639498371249051
0.6335000000000001	0.00003640612730823837
0.634	0.00003641727090398622
0.6345000000000001	0.00003642841449973408
0.635	0.00003643955809548193
0.6355000000000001	0.000036450701691229784
0.636	0.000036461845286977636
0.6365000000000001	0.000036472988882725494
0.637	0.000036484132478473346
0.6375000000000001	0.0000364952760742212
0.638	0.00003650641966996905
0.6385000000000001	0.00003651756326571691
0.639	0.00003652870686146476
0.6395000000000001	0.00003653985045721261
0.64	0.000036550994052960464
0.6405	0.00003656213764870832
0.641	0.000036573281244456174
0.6415	0.000036584424840204026
0.642	0.000036595568435951884
0.6425	0.000036606712031699736
0.643	0.00003661785562744759
0.6435	0.00003662899922319544
0.644	0.0000366401428189433
0.6445	0.00003665128641469115
0.645	0.00003666243001043901
0.6455	0.00003667357360618686
0.646	0.00003668471720193471
0.6465	0.000036695860797682564
0.647	0.00003670700439343042
0.6475	0.000036718147989178275
0.648	0.000036729291584926126
0.6485	0.000036740435180673985
0.649	0.00003675157877642184
0.6495	0.00003676272237216969
0.65	0.00003677386596791754
0.6505	0.0000367850095636654
0.651	0.00003679615315941325
0.6515	0.0000368072967551611
0.652	0.00003681844035090896
0.6525	0.00003682958394665681
0.653	0.000036840727542404665
0.6535	0.000036851871138152516
0.654	0.000036863014733900375
0.6545	0.00003687415832964823
0.655	0.000036885301925396085
0.6555	0.00003689644552114394
0.656	0.00003690758911689179
0.6565	0.00003691873271263964
0.657	0.0000369298763083875
0.6575	0.00003694101990413535
0.658	0.0000369521634998832
0.6585	0.00003696330709563106
0.659	0.00003697445069137891
0.6595	0.000036985594287126765
0.66	0.00003699673788287462
0.6605	0.00003700788147862247
0.661	0.00003701902507437033
0.6615	0.00003703016867011818
0.662	0.00003704131226586604
0.6625	0.00003705245586161389
0.663	0.00003706359945736174
0.6635	0.00003707474305310959
0.664	0.00003708588664885745
0.6645	0.0000370970302446053
0.665	0.00003710817384035316
0.6655	0.000037119317436101014
0.666	0.000037130461031848865
0.6665	0.00003714160462759672
0.667	0.000037152748223344576
0.6675	0.00003716389181909243
0.668	0.00003717503541484028
0.6685	0.00003718617901058813
0.669	0.00003719732260633599
0.6695	0.00003720846620208384
0.67	0.00003721960979783169
0.6705	0.000037230753393579545
0.671	0.000037241896989327404
0.6715	0.000037253040585075255
0.672	0.000037264184180823114
0.6725	0.000037275327776570966
0.673	0.00003728647137231882
0.6735	0.00003729761496806667
0.674	0.00003730875856381453
0.6745	0.00003731990215956238
0.675	0.00003733104575531024
0.6755	0.00003734218935105809
0.676	0.00003735333294680594
0.6765	0.000037364476542553794
0.677	0.000037375620138301645
0.6775	0.000037386763734049504
0.678	0.000037397907329797356
0.6785	0.00003740905092554521
0.679	0.000037420194521293066
0.6795	0.00003743133811704092
0.68	0.00003744248171278877
0.6805	0.00003745362530853662
0.681	0.00003746476890428448
0.6815	0.00003747591250003233
0.682	0.00003748705609578019
0.6825	0.00003749819969152804
0.683	0.000037509343287275894
0.6835	0.000037520486883023746
0.684	0.000037531630478771604
0.6845	0.000037542774074519456
0.685	0.000037553917670267315
0.6855	0.000037565061266015167
0.686	0.00003757620486176302
0.6865	0.00003758734845751087
0.687	0.00003759849205325872
0.6875	0.000037609635649006574
0.6880000000000001	0.00003762077924475443
0.6885	0.00003763192284050229
0.6890000000000001	0.00003764306643625014
0.6895	0.000037654210031997994
0.6900000000000001	0.000037665353627745846
0.6905	0.0000376764972234937
0.6910000000000001	0.000037687640819241557
0.6915	0.00003769878441498941
0.6920000000000001	0.00003770992801073727
0.6925	0.00003772107160648512
0.6930000000000001	0.00003773221520223297
0.6935	0.00003774335879798082
0.6940000000000001	0.000037754502393728674
0.6945	0.00003776564598947653
0.6950000000000001	0.00003777678958522439
0.6955	0.00003778793318097224
0.6960000000000001	0.000037799076776720095
0.6965	0.00003781022037246795
0.6970000000000001	0.0000378213639682158
0.6975	0.00003783250756396365
0.6980000000000001	0.00003784365115971151
0.6985	0.00003785479475545936
0.6990000000000001	0.00003786593835120722
0.6995	0.00003787708194695507
0.7000000000000001	0.00003788822554270292
0.7005	0.000037899369138450775
0.7010000000000001	0.00003791051273419863
0.7015	0.000037921656329946485
0.7020000000000001	0.000037932799925694343
0.7025	0.000037943943521442195
0.7030000000000001	0.00003795508711719005
0.7035	0.0000379662307129379
0.704	0.00003797737430868575
0.7045	0.00003798851790443361
0.705	0.00003799966150018146
0.7055	0.00003801080509592932
0.706	0.00003802194869167717
0.7065	0.00003803309228742502
0.707	0.000038044235883172875
0.7075	0.00003805537947892073
0.708	0.00003806652307466858
0.7085	0.00003807766667041644
0.709	0.000038088810266164296
0.7095	0.00003809995386191215
0.71	0.00003811109745766
0.7105	0.00003812224105340785
0.711	0.0000381333846491557
0.7115	0.00003814452824490356
0.712	0.00003815567184065141
0.7125	0.00003816681543639927
0.713	0.000038177959032147124
0.7135	0.000038189102627894975
0.714	0.00003820024622364283
0.7145	0.000038211389819390686
0.715	0.00003822253341513854
0.7155	0.000038233677010886396
0.716	0.00003824482060663425
0.7165	0.0000382559642023821
0.717	0.00003826710779812995
0.7175	0.0000382782513938778
0.718	0.000038289394989625655
0.7185	0.000038300538585373514
0.719	0.00003831168218112137
0.7195	0.000038322825776869224
0.72	0.000038333969372617076
0.7205	0.00003834511296836493
0.721	0.00003835625656411278
0.7215	0.00003836740015986064
0.722	0.00003837854375560849
0.7225	0.00003838968735135635
0.723	0.0000384008309471042
0.7235	0.00003841197454285205
0.724	0.000038423118138599904
0.7245	0.000038434261734347755
0.725	0.000038445405330095614
0.7255	0.00003845654892584347
0.726	0.000038467692521591324
0.7265	0.000038478836117339176
0.727	0.00003848997971308703
0.7275	0.00003850112330883488
0.728	0.00003851226690458273
0.7285	0.00003852341050033059
0.729	0.00003853455409607844
0.7295	0.0000385456976918263
0.73	0.00003855684128757415
0.7305	0.000038567984883322004
0.731	0.000038579128479069856
0.7315	0.000038590272074817714
0.732	0.000038601415670565566
0.7325	0.000038612559266313425
0.733	0.000038623702862061277
0.7335	0.00003863484645780913
0.734	0.00003864599005355698
0.7345	0.00003865713364930483
0.735	0.00003866827724505269
0.7355	0.00003867942084080055
0.736	0.0000386905644365484
0.7365	0.00003870170803229625
0.737	0.000038712851628044104
0.7375	0.000038723995223791956
0.738	0.00003873513881953981
0.7385	0.000038746282415287667
0.739	0.00003875742601103552
0.7395	0.00003876856960678338
0.74	0.00003877971320253123
0.7405	0.00003879085679827908
0.741	0.00003880200039402693
0.7415	0.00003881314398977479
0.742	0.00003882428758552264
0.7425	0.0000388354311812705
0.743	0.00003884657477701835
0.7435	0.000038857718372766205
0.744	0.000038868861968514057
0.7445	0.00003888000556426191
0.745	0.00003889114916000977
0.7455	0.000038902292755757626
0.746	0.00003891343635150548
0.7465	0.00003892457994725333
0.747	0.00003893572354300118
0.7475	0.00003894686713874903
0.748	0.000038958010734496884
0.7485	0.00003896915433024474
0.749	0.000038980297925992595
0.7495	0.000038991441521740453
0.75	0.000039002585117488305
0.7505000000000001	0.00003901372871323616
0.751	0.00003902487230898401
0.7515000000000001	0.00003903601590473187
0.752	0.00003904715950047972
0.7525000000000001	0.00003905830309622758
0.753	0.00003906944669197543
0.7535000000000001	0.00003908059028772328
0.754	0.00003909173388347113
0.7545000000000001	0.000039102877479218985
0.755	0.00003911402107496684
0.7555000000000001	0.000039125164670714695
0.756	0.000039136308266462554
0.7565000000000001	0.000039147451862210406
0.757	0.00003915859545795826
0.7575000000000001	0.00003916973905370611
0.758	0.00003918088264945396
0.7585000000000001	0.00003919202624520182
0.759	0.00003920316984094967
0.7595000000000001	0.00003921431343669753
0.76	0.00003922545703244538
0.7605000000000001	0.000039236600628193233
0.761	0.000039247744223941085
0.7615000000000001	0.000039258887819688944
0.762	0.000039270031415436796
0.7625000000000001	0.000039281175011184654
0.763	0.000039292318606932506
0.7635000000000001	0.00003930346220268036
0.764	0.00003931460579842821
0.7645000000000001	0.00003932574939417606
0.765	0.00003933689298992391
0.7655000000000001	0.00003934803658567177
0.766	0.00003935918018141963
0.7665000000000001	0.00003937032377716748
0.767	0.000039381467372915334
0.7675000000000001	0.000039392610968663186
0.768	0.00003940375456441104
0.7685	0.00003941489816015889
0.769	0.00003942604175590675
0.7695	0.0000394371853516546
0.77	0.00003944832894740246
0.7705	0.00003945947254315031
0.771	0.00003947061613889816
0.7715	0.000039481759734646014
0.772	0.00003949290333039387
0.7725	0.000039504046926141724
0.773	0.00003951519052188958
0.7735	0.000039526334117637434
0.774	0.000039537477713385286
0.7745	0.00003954862130913314
0.775	0.00003955976490488099
0.7755	0.00003957090850062885
0.776	0.0000395820520963767
0.7765	0.00003959319569212456
0.777	0.00003960433928787241
0.7775	0.00003961548288362026
0.778	0.000039626626479368114
0.7785	0.000039637770075115966
0.779	0.000039648913670863824
0.7795	0.000039660057266611676
0.78	0.000039671200862359535
0.7805	0.000039682344458107386
0.781	0.00003969348805385524
0.7815	0.00003970463164960309
0.782	0.00003971577524535095
0.7825	0.0000397269188410988
0.783	0.00003973806243684666
0.7835	0.00003974920603259451
0.784	0.00003976034962834236
0.7845	0.000039771493224090214
0.785	0.000039782636819838066
0.7855	0.00003979378041558592
0.786	0.000039804924011333777
0.7865	0.000039816067607081635
0.787	0.00003982721120282949
0.7875	0.00003983835479857734
0.788	0.00003984949839432519
0.7885	0.00003986064199007304
0.789	0.0000398717855858209
0.7895	0.00003988292918156875
0.79	0.00003989407277731661
0.7905	0.00003990521637306446
0.791	0.000039916359968812315
0.7915	0.000039927503564560167
0.792	0.000039938647160308025
0.7925	0.00003994979075605588
0.793	0.000039960934351803735
0.7935	0.00003997207794755159
0.794	0.00003998322154329944
0.7945	0.00003999436513904729
0.795	0.00004000550873479514
0.7955	0.000040016652330542994
0.796	0.00004002779592629085
0.7965	0.00004003893952203871
0.797	0.00004005008311778656
0.7975	0.000040061226713534415
0.798	0.00004007237030928227
0.7985	0.00004008351390503012
0.799	0.00004009465750077798
0.7995	0.00004010580109652583
0.8	0.00004011694469227369
0.8005	0.00004012808828802154
0.801	0.00004013923188376939
0.8015	0.00004015037547951724
0.802	0.000040161519075265095
0.8025	0.000040172662671012953
0.803	0.00004018380626676081
0.8035	0.000040194949862508664
0.804	0.000040206093458256516
0.8045	0.00004021723705400437
0.805	0.00004022838064975222
0.8055	0.00004023952424550007
0.806	0.00004025066784124793
0.8065	0.00004026181143699578
0.807	0.00004027295503274364
0.8075	0.00004028409862849149
0.808	0.000040295242224239343
0.8085	0.000040306385819987195
0.809	0.000040317529415735054
0.8095	0.000040328673011482906
0.81	0.000040339816607230764
0.8105	0.000040350960202978616
0.811	0.00004036210379872647
0.8115	0.00004037324739447432
0.812	0.00004038439099022217
0.8125	0.00004039553458597003
0.8130000000000001	0.00004040667818171789
0.8135	0.00004041782177746574
0.8140000000000001	0.00004042896537321359
0.8145	0.000040440108968961444
0.8150000000000001	0.000040451252564709296
0.8155	0.00004046239616045715
0.8160000000000001	0.000040473539756205006
0.8165	0.00004048468335195286
0.8170000000000001	0.000040495826947700716
0.8175	0.00004050697054344857
0.8180000000000001	0.00004051811413919642
0.8185	0.00004052925773494427
0.8190000000000001	0.00004054040133069213
0.8195	0.00004055154492643998
0.8200000000000001	0.00004056268852218784
0.8205	0.00004057383211793569
0.8210000000000001	0.000040584975713683544
0.8215	0.000040596119309431396
0.8220000000000001	0.00004060726290517925
0.8225	0.000040618406500927106
0.8230000000000001	0.000040629550096674965
0.8235	0.00004064069369242282
0.8240000000000001	0.00004065183728817067
0.8245	0.00004066298088391852
0.8250000000000001	0.00004067412447966637
0.8255	0.000040685268075414224
0.8260000000000001	0.00004069641167116208
0.8265	0.000040707555266909934
0.8270000000000001	0.00004071869886265779
0.8275	0.000040729842458405645
0.8280000000000001	0.000040740986054153496
0.8285	0.00004075212964990135
0.8290000000000001	0.00004076327324564921
0.8295	0.00004077441684139706
0.8300000000000001	0.00004078556043714492
0.8305	0.00004079670403289277
0.8310000000000001	0.00004080784762864062
0.8315	0.00004081899122438847
0.8320000000000001	0.000040830134820136324
0.8325	0.000040841278415884176
0.833	0.000040852422011632035
0.8335	0.00004086356560737989
0.834	0.000040874709203127745
0.8345	0.0000408858527988756
0.835	0.00004089699639462345
0.8355	0.0000409081399903713
0.836	0.00004091928358611915
0.8365	0.00004093042718186701
0.837	0.00004094157077761486
0.8375	0.00004095271437336272
0.838	0.00004096385796911057
0.8385	0.000040975001564858425
0.839	0.000040986145160606277
0.8395	0.000040997288756354135
0.84	0.00004100843235210199
0.8405	0.000041019575947849845
0.841	0.0000410307195435977
0.8415	0.00004104186313934555
0.842	0.0000410530067350934
0.8425	0.00004106415033084125
0.843	0.00004107529392658911
0.8435	0.00004108643752233697
0.844	0.00004109758111808482
0.8445	0.00004110872471383267
0.845	0.000041119868309580525
0.8455	0.00004113101190532838
0.846	0.00004114215550107623
0.8465	0.00004115329909682409
0.847	0.00004116444269257194
0.8475	0.0000411755862883198
0.848	0.00004118672988406765
0.8485	0.0000411978734798155
0.849	0.00004120901707556335
0.8495	0.00004122016067131121
0.85	0.00004123130426705906
0.8505	0.00004124244786280692
0.851	0.000041253591458554774
0.8515	0.000041264735054302626
0.852	0.00004127587865005048
0.8525	0.00004128702224579833
0.853	0.00004129816584154619
0.8535	0.00004130930943729404
0.854	0.0000413204530330419
0.8545	0.00004133159662878975
0.855	0.0000413427402245376
0.8555	0.000041353883820285453
0.856	0.000041365027416033305
0.8565	0.000041376171011781164
0.857	0.000041387314607529016
0.8575	0.000041398458203276874
0.858	0.000041409601799024726
0.8585	0.00004142074539477258
0.859	0.00004143188899052043
0.8595	0.00004144303258626829
0.86	0.00004145417618201614
0.8605	0.000041465319777764
0.861	0.00004147646337351185
0.8615	0.0000414876069692597
0.862	0.000041498750565007554
0.8625	0.000041509894160755406
0.863	0.00004152103775650326
0.8635	0.000041532181352251116
0.864	0.000041543324947998975
0.8645	0.000041554468543746826
0.865	0.00004156561213949468
0.8655	0.00004157675573524253
0.866	0.00004158789933099038
0.8665	0.00004159904292673824
0.867	0.00004161018652248609
0.8675	0.00004162133011823395
0.868	0.0000416324737139818
0.8685	0.000041643617309729654
0.869	0.000041654760905477506
0.8695	0.000041665904501225365
0.87	0.000041677048096973216
0.8705	0.000041688191692721075
0.871	0.00004169933528846893
0.8715	0.00004171047888421678
0.872	0.00004172162247996463
0.8725	0.00004173276607571248
0.873	0.000041743909671460334
0.8735	0.00004175505326720819
0.874	0.00004176619686295605
0.8745	0.0000417773404587039
0.875	0.000041788484054451755
0.8755000000000001	0.000041799627650199606
0.876	0.00004181077124594746
0.8765000000000001	0.00004182191484169532
0.877	0.00004183305843744317
0.8775000000000001	0.00004184420203319103
0.878	0.00004185534562893888
0.8785000000000001	0.00004186648922468673
0.879	0.00004187763282043458
0.8795000000000001	0.000041888776416182434
0.88	0.00004189992001193029
0.8805000000000001	0.00004191106360767815
0.881	0.000041922207203426
0.8815000000000001	0.000041933350799173855
0.882	0.00004194449439492171
0.8825000000000001	0.00004195563799066956
0.883	0.00004196678158641741
0.8835000000000001	0.00004197792518216527
0.884	0.00004198906877791312
0.8845000000000001	0.00004200021237366098
0.885	0.00004201135596940883
0.8855000000000001	0.00004202249956515668
0.886	0.000042033643160904535
0.8865000000000001	0.00004204478675665239
0.887	0.000042055930352400245
0.8875000000000001	0.000042067073948148104
0.888	0.000042078217543895955
0.8885000000000001	0.00004208936113964381
0.889	0.00004210050473539166
0.8895000000000001	0.00004211164833113951
0.89	0.00004212279192688737
0.8905000000000001	0.00004213393552263523
0.891	0.00004214507911838308
0.8915000000000001	0.00004215622271413093
0.892	0.00004216736630987878
0.8925000000000001	0.000042178509905626635
0.893	0.00004218965350137449
0.8935000000000001	0.000042200797097122345
0.894	0.0000422119406928702
0.8945000000000001	0.000042223084288618056
0.895	0.00004223422788436591
0.8955000000000001	0.00004224537148011376
0.896	0.00004225651507586161
0.8965	0.00004226765867160946
0.897	0.00004227880226735732
0.8975	0.00004228994586310517
0.898	0.00004230108945885303
0.8985	0.000042312233054600884
0.899	0.000042323376650348735
0.8995	0.00004233452024609659
0.9	0.000042345663841844446
0.9005	0.0000423568074375923
0.901	0.000042367951033340156
0.9015	0.00004237909462908801
0.902	0.00004239023822483586
0.9025	0.00004240138182058371
0.903	0.00004241252541633156
0.9035	0.000042423669012079415
0.904	0.000042434812607827274
0.9045	0.00004244595620357513
0.905	0.000042457099799322984
0.9055	0.000042468243395070836
0.906	0.00004247938699081869
0.9065	0.00004249053058656654
0.907	0.0000425016741823144
0.9075	0.00004251281777806225
0.908	0.00004252396137381011
0.9085	0.00004253510496955796
0.909	0.00004254624856530581
0.9095	0.000042557392161053664
0.91	0.000042568535756801516
0.9105	0.000042579679352549374
0.911	0.00004259082294829723
0.9115	0.000042601966544045084
0.912	0.000042613110139792936
0.9125	0.00004262425373554079
0.913	0.00004263539733128864
0.9135	0.00004264654092703649
0.914	0.00004265768452278435
0.9145	0.0000426688281185322
0.915	0.00004267997171428006
0.9155	0.00004269111531002791
0.916	0.000042702258905775764
0.9165	0.000042713402501523616
0.917	0.000042724546097271475
0.9175	0.000042735689693019326
0.918	0.000042746833288767185
0.9185	0.00004275797688451504
0.919	0.00004276912048026289
0.9195	0.00004278026407601074
0.92	0.00004279140767175859
0.9205	0.00004280255126750645
0.921	0.00004281369486325431
0.9215	0.00004282483845900216
0.922	0.00004283598205475001
0.9225	0.000042847125650497865
0.923	0.000042858269246245716
0.9235	0.00004286941284199357
0.924	0.00004288055643774143
0.9245	0.00004289170003348928
0.925	0.00004290284362923714
0.9255	0.00004291398722498499
0.926	0.00004292513082073284
0.9265	0.00004293627441648069
0.927	0.00004294741801222855
0.9275	0.0000429585616079764
0.928	0.00004296970520372426
0.9285	0.00004298084879947211
0.929	0.000042991992395219965
0.9295	0.00004300313599096782
0.93	0.00004301427958671567
0.9305	0.00004302542318246353
0.931	0.00004303656677821138
0.9315	0.00004304771037395924
0.932	0.00004305885396970709
0.9325	0.00004306999756545494
0.933	0.00004308114116120279
0.9335	0.000043092284756950645
0.934	0.0000431034283526985
0.9345	0.000043114571948446355
0.935	0.000043125715544194214
0.9355	0.000043136859139942065
0.936	0.00004314800273568992
0.9365	0.00004315914633143777
0.937	0.00004317028992718563
0.9375	0.00004318143352293348
0.9380000000000001	0.00004319257711868134
0.9385	0.00004320372071442919
0.9390000000000001	0.00004321486431017704
0.9395	0.00004322600790592489
0.9400000000000001	0.000043237151501672745
0.9405	0.0000432482950974206
0.9410000000000001	0.000043259438693168455
0.9415	0.000043270582288916314
0.9420000000000001	0.000043281725884664166
0.9425	0.00004329286948041202
0.9430000000000001	0.00004330401307615987
0.9435	0.00004331515667190772
0.9440000000000001	0.00004332630026765558
0.9445	0.00004333744386340343
0.9450000000000001	0.00004334858745915129
0.9455	0.00004335973105489914
0.9460000000000001	0.000043370874650646994
0.9465	0.000043382018246394845
0.9470000000000001	0.000043393161842142704
0.9475	0.000043404305437890556
0.9480000000000001	0.000043415449033638414
0.9485	0.000043426592629386266
0.9490000000000001	0.00004343773622513412
0.9495	0.00004344887982088197
0.9500000000000001	0.00004346002341662982
0.9505	0.00004347116701237767
0.9510000000000001	0.00004348231060812553
0.9515	0.00004349345420387339
0.9520000000000001	0.00004350459779962124
0.9525	0.000043515741395369094
0.9530000000000001	0.000043526884991116946
0.9535	0.0000435380285868648
0.9540000000000001	0.000043549172182612656
0.9545	0.00004356031577836051
0.9550000000000001	0.000043571459374108367
0.9555	0.00004358260296985622
0.9560000000000001	0.00004359374656560407
0.9565	0.00004360489016135192
0.9570000000000001	0.000043616033757099774
0.9575	0.00004362717735284763
0.9580000000000001	0.00004363832094859549
0.9585	0.00004364946454434334
0.9590000000000001	0.000043660608140091194
0.9595	0.000043671751735839046
0.96	0.0000436828953315869
0.9605	0.00004369403892733475
0.961	0.00004370518252308261
0.9615	0.00004371632611883046
0.962	0.00004372746971457832
0.9625	0.00004373861331032617
0.963	0.00004374975690607402
0.9635	0.000043760900501821874
0.964	0.000043772044097569726
0.9645	0.000043783187693317584
0.965	0.000043794331289065436
0.9655	0.000043805474884813295
0.966	0.00004381661848056115
0.9665	0.000043827762076309
0.967	0.00004383890567205685
0.9675	0.00004385004926780471
0.968	0.00004386119286355256
0.9685	0.00004387233645930042
0.969	0.00004388348005504827
0.9695	0.00004389462365079612
0.97	0.000043905767246543975
0.9705	0.000043916910842291826
0.971	0.00004392805443803968
0.9715	0.00004393919803378754
0.972	0.000043950341629535395
0.9725	0.00004396148522528325
0.973	0.0000439726288210311
0.9735	0.00004398377241677895
0.974	0.0000439949160125268
0.9745	0.00004400605960827466
0.975	0.00004401720320402251
0.9755	0.00004402834679977037
0.976	0.00004403949039551822
0.9765	0.000044050633991266075
0.977	0.00004406177758701393
0.9775	0.000044072921182761785
0.978	0.00004408406477850964
0.9785	0.000044095208374257496
0.979	0.00004410635197000535
0.9795	0.0000441174955657532
0.98	0.00004412863916150105
0.9805	0.0000441397827572489
0.981	0.000044150926352996755
0.9815	0.00004416206994874461
0.982	0.00004417321354449247
0.9825	0.000044184357140240324
0.983	0.000044195500735988175
0.9835	0.00004420664433173603
0.984	0.00004421778792748388
0.9845	0.00004422893152323174
0.985	0.00004424007511897959
0.9855	0.00004425121871472745
0.986	0.0000442623623104753
0.9865	0.00004427350590622315
0.987	0.000044284649501971
0.9875	0.000044295793097718855
0.988	0.000044306936693466714
0.9885	0.00004431808028921457
0.989	0.000044329223884962424
0.9895	0.000044340367480710276
0.99	0.00004435151107645813
0.9905	0.00004436265467220598
0.991	0.00004437379826795383
0.9915	0.00004438494186370169
0.992	0.00004439608545944954
0.9925	0.0000444072290551974
0.993	0.00004441837265094525
0.9935	0.000044429516246693104
0.994	0.000044440659842440955
0.9945	0.000044451803438188814
0.995	0.000044462947033936666
0.9955	0.000044474090629684524
0.996	0.000044485234225432376
0.9965	0.00004449637782118023
0.997	0.00004450752141692808
0.9975	0.00004451866501267593
0.998	0.00004452980860842379
0.9985	0.00004454095220417165
0.999	0.0000445520957999195
0.9995	0.00004456323939566735