0.	-0.000022287191495707602
0.0005	-0.000022276047899959747
0.001	-0.000022264904304211895
0.0015	-0.00002225376070846404
0.002	-0.000022242617112716188
0.0025	-0.000022231473516968333
0.003	-0.000022220329921220478
0.0035	-0.000022209186325472626
0.004	-0.00002219804272972477
0.0045000000000000005	-0.00002218689913397692
0.005	-0.000022175755538229064
0.0055	-0.00002216461194248121
0.006	-0.000022153468346733357
0.006500000000000001	-0.0000221423247509855
0.007	-0.00002213118115523765
0.0075	-0.000022120037559489795
0.008	-0.000022108893963741943
0.0085	-0.000022097750367994088
0.009000000000000001	-0.000022086606772246232
0.0095	-0.00002207546317649838
0.01	-0.000022064319580750526
0.0105	-0.000022053175985002674
0.011	-0.00002204203238925482
0.0115	-0.000022030888793506963
0.012	-0.00002201974519775911
0.0125	-0.000022008601602011256
0.013000000000000001	-0.000021997458006263405
0.0135	-0.00002198631441051555
0.014	-0.000021975170814767694
0.0145	-0.000021964027219019842
0.015	-0.000021952883623271987
0.0155	-0.000021941740027524135
0.016	-0.00002193059643177628
0.0165	-0.000021919452836028425
0.017	-0.000021908309240280573
0.0175	-0.000021897165644532718
0.018000000000000002	-0.000021886022048784866
0.0185	-0.00002187487845303701
0.019	-0.000021863734857289156
0.0195	-0.000021852591261541304
0.02	-0.00002184144766579345
0.0205	-0.000021830304070045597
0.021	-0.000021819160474297742
0.021500000000000002	-0.000021808016878549887
0.022	-0.000021796873282802035
0.0225	-0.00002178572968705418
0.023	-0.000021774586091306328
0.0235	-0.000021763442495558473
0.024	-0.00002175229889981062
0.0245	-0.000021741155304062766
0.025	-0.00002173001170831491
0.025500000000000002	-0.00002171886811256706
0.026000000000000002	-0.000021707724516819204
0.0265	-0.000021696580921071352
0.027	-0.000021685437325323497
0.0275	-0.00002167429372957564
0.028	-0.00002166315013382779
0.0285	-0.000021652006538079935
0.029	-0.000021640862942332083
0.029500000000000002	-0.000021629719346584228
0.03	-0.000021618575750836373
0.0305	-0.00002160743215508852
0.031	-0.000021596288559340666
0.0315	-0.000021585144963592814
0.032	-0.00002157400136784496
0.0325	-0.000021562857772097103
0.033	-0.00002155171417634925
0.0335	-0.000021540570580601396
0.034	-0.000021529426984853545
0.0345	-0.00002151828338910569
0.035	-0.000021507139793357834
0.035500000000000004	-0.000021495996197609982
0.036000000000000004	-0.000021484852601862127
0.0365	-0.000021473709006114276
0.037	-0.00002146256541036642
0.0375	-0.00002145142181461857
0.038	-0.000021440278218870713
0.0385	-0.000021429134623122858
0.039	-0.000021417991027375006
0.0395	-0.00002140684743162715
0.04	-0.0000213957038358793
0.0405	-0.000021384560240131444
0.041	-0.00002137341664438359
0.0415	-0.000021362273048635737
0.042	-0.000021351129452887882
0.0425	-0.00002133998585714003
0.043000000000000003	-0.000021328842261392175
0.043500000000000004	-0.00002131769866564432
0.044	-0.000021306555069896468
0.0445	-0.000021295411474148613
0.045	-0.00002128426787840076
0.0455	-0.000021273124282652906
0.046	-0.00002126198068690505
0.0465	-0.0000212508370911572
0.047	-0.000021239693495409344
0.0475	-0.000021228549899661492
0.048	-0.000021217406303913637
0.0485	-0.00002120626270816578
0.049	-0.00002119511911241793
0.0495	-0.000021183975516670075
0.05	-0.000021172831920922223
0.0505	-0.000021161688325174368
0.051000000000000004	-0.000021150544729426516
0.051500000000000004	-0.00002113940113367866
0.052000000000000005	-0.000021128257537930806
0.0525	-0.000021117113942182954
0.053	-0.0000211059703464351
0.0535	-0.000021094826750687247
0.054	-0.00002108368315493939
0.0545	-0.000021072539559191536
0.055	-0.000021061395963443685
0.0555	-0.00002105025236769583
0.056	-0.000021039108771947978
0.0565	-0.000021027965176200123
0.057	-0.000021016821580452267
0.0575	-0.000021005677984704416
0.058	-0.00002099453438895656
0.0585	-0.00002098339079320871
0.059000000000000004	-0.000020972247197460853
0.059500000000000004	-0.000020961103601712998
0.06	-0.000020949960005965146
0.0605	-0.00002093881641021729
0.061	-0.00002092767281446944
0.0615	-0.000020916529218721584
0.062	-0.00002090538562297373
0.0625	-0.000020894242027225877
0.063	-0.000020883098431478022
0.0635	-0.00002087195483573017
0.064	-0.000020860811239982315
0.0645	-0.000020849667644234463
0.065	-0.000020838524048486608
0.0655	-0.000020827380452738753
0.066	-0.0000208162368569909
0.0665	-0.000020805093261243046
0.067	-0.00002079394966549519
0.0675	-0.00002078280606974734
0.068	-0.000020771662473999484
0.0685	-0.000020760518878251632
0.069	-0.000020749375282503777
0.0695	-0.000020738231686755925
0.07	-0.00002072708809100807
0.07050000000000001	-0.000020715944495260215
0.07100000000000001	-0.000020704800899512363
0.07150000000000001	-0.000020693657303764508
0.07200000000000001	-0.000020682513708016656
0.0725	-0.0000206713701122688
0.073	-0.000020660226516520946
0.0735	-0.000020649082920773094
0.074	-0.00002063793932502524
0.0745	-0.000020626795729277387
0.075	-0.00002061565213352953
0.0755	-0.000020604508537781677
0.076	-0.000020593364942033825
0.0765	-0.00002058222134628597
0.077	-0.000020571077750538118
0.0775	-0.000020559934154790263
0.078	-0.00002054879055904241
0.0785	-0.000020537646963294556
0.079	-0.0000205265033675467
0.0795	-0.00002051535977179885
0.08	-0.000020504216176050993
0.0805	-0.000020493072580303138
0.081	-0.000020481928984555286
0.0815	-0.00002047078538880743
0.082	-0.00002045964179305958
0.0825	-0.000020448498197311724
0.083	-0.000020437354601563873
0.0835	-0.000020426211005816017
0.084	-0.000020415067410068162
0.0845	-0.00002040392381432031
0.085	-0.000020392780218572455
0.0855	-0.000020381636622824603
0.08600000000000001	-0.000020370493027076748
0.08650000000000001	-0.000020359349431328893
0.08700000000000001	-0.00002034820583558104
0.08750000000000001	-0.000020337062239833186
0.088	-0.000020325918644085334
0.0885	-0.00002031477504833748
0.089	-0.000020303631452589624
0.0895	-0.000020292487856841772
0.09	-0.000020281344261093917
0.0905	-0.000020270200665346065
0.091	-0.00002025905706959821
0.0915	-0.000020247913473850358
0.092	-0.000020236769878102503
0.0925	-0.000020225626282354648
0.093	-0.000020214482686606796
0.0935	-0.00002020333909085894
0.094	-0.000020192195495111086
0.0945	-0.000020181051899363234
0.095	-0.00002016990830361538
0.0955	-0.000020158764707867527
0.096	-0.000020147621112119672
0.0965	-0.00002013647751637182
0.097	-0.000020125333920623965
0.0975	-0.00002011419032487611
0.098	-0.000020103046729128258
0.0985	-0.000020091903133380403
0.099	-0.000020080759537632547
0.0995	-0.000020069615941884696
0.1	-0.00002005847234613684
0.1005	-0.00002004732875038899
0.101	-0.000020036185154641133
0.1015	-0.00002002504155889328
0.10200000000000001	-0.000020013897963145427
0.10250000000000001	-0.00002000275436739757
0.10300000000000001	-0.00001999161077164972
0.10350000000000001	-0.000019980467175901864
0.10400000000000001	-0.000019969323580154013
0.1045	-0.000019958179984406157
0.105	-0.000019947036388658306
0.1055	-0.00001993589279291045
0.106	-0.000019924749197162595
0.1065	-0.000019913605601414743
0.107	-0.000019902462005666888
0.1075	-0.000019891318409919033
0.108	-0.00001988017481417118
0.1085	-0.000019869031218423326
0.109	-0.000019857887622675474
0.1095	-0.00001984674402692762
0.11	-0.000019835600431179767
0.1105	-0.000019824456835431912
0.111	-0.000019813313239684057
0.1115	-0.000019802169643936205
0.112	-0.00001979102604818835
0.1125	-0.000019779882452440495
0.113	-0.000019768738856692643
0.1135	-0.000019757595260944788
0.114	-0.000019746451665196936
0.1145	-0.00001973530806944908
0.115	-0.00001972416447370123
0.1155	-0.000019713020877953374
0.116	-0.00001970187728220552
0.1165	-0.000019690733686457667
0.117	-0.000019679590090709812
0.11750000000000001	-0.00001966844649496196
0.11800000000000001	-0.000019657302899214105
0.11850000000000001	-0.00001964615930346625
0.11900000000000001	-0.000019635015707718398
0.11950000000000001	-0.000019623872111970543
0.12	-0.00001961272851622269
0.1205	-0.000019601584920474836
0.121	-0.00001959044132472698
0.1215	-0.00001957929772897913
0.122	-0.000019568154133231274
0.1225	-0.000019557010537483422
0.123	-0.000019545866941735567
0.1235	-0.000019534723345987715
0.124	-0.00001952357975023986
0.1245	-0.000019512436154492004
0.125	-0.000019501292558744153
0.1255	-0.000019490148962996297
0.126	-0.000019479005367248442
0.1265	-0.00001946786177150059
0.127	-0.000019456718175752735
0.1275	-0.000019445574580004883
0.128	-0.000019434430984257028
0.1285	-0.000019423287388509177
0.129	-0.00001941214379276132
0.1295	-0.000019401000197013466
0.13	-0.000019389856601265614
0.1305	-0.00001937871300551776
0.131	-0.000019367569409769907
0.1315	-0.000019356425814022052
0.132	-0.000019345282218274197
0.1325	-0.000019334138622526345
0.133	-0.00001932299502677849
0.1335	-0.000019311851431030638
0.134	-0.000019300707835282783
0.1345	-0.000019289564239534928
0.135	-0.000019278420643787076
0.1355	-0.00001926727704803922
0.136	-0.00001925613345229137
0.1365	-0.000019244989856543514
0.137	-0.000019233846260795662
0.1375	-0.000019222702665047807
0.138	-0.000019211559069299952
0.1385	-0.0000192004154735521
0.139	-0.000019189271877804245
0.1395	-0.00001917812828205639
0.14	-0.000019166984686308538
0.1405	-0.000019155841090560683
0.14100000000000001	-0.00001914469749481283
0.14150000000000001	-0.000019133553899064976
0.14200000000000002	-0.000019122410303317124
0.14250000000000002	-0.00001911126670756927
0.14300000000000002	-0.000019100123111821414
0.14350000000000002	-0.000019088979516073562
0.14400000000000002	-0.000019077835920325707
0.1445	-0.000019066692324577855
0.145	-0.00001905554872883
0.1455	-0.000019044405133082148
0.146	-0.000019033261537334293
0.1465	-0.000019022117941586437
0.147	-0.000019010974345838586
0.1475	-0.00001899983075009073
0.148	-0.000018988687154342875
0.1485	-0.000018977543558595024
0.149	-0.00001896639996284717
0.1495	-0.000018955256367099317
0.15	-0.00001894411277135146
0.1505	-0.00001893296917560361
0.151	-0.000018921825579855754
0.1515	-0.0000189106819841079
0.152	-0.000018899538388360047
0.1525	-0.000018888394792612192
0.153	-0.000018877251196864337
0.1535	-0.000018866107601116485
0.154	-0.00001885496400536863
0.1545	-0.000018843820409620778
0.155	-0.000018832676813872923
0.1555	-0.00001882153321812507
0.156	-0.000018810389622377216
0.1565	-0.00001879924602662936
0.157	-0.00001878810243088151
0.1575	-0.000018776958835133654
0.158	-0.000018765815239385802
0.1585	-0.000018754671643637947
0.159	-0.000018743528047890092
0.1595	-0.00001873238445214224
0.16	-0.000018721240856394385
0.1605	-0.000018710097260646533
0.161	-0.000018698953664898678
0.1615	-0.000018687810069150823
0.162	-0.00001867666647340297
0.1625	-0.000018665522877655116
0.163	-0.000018654379281907264
0.1635	-0.00001864323568615941
0.164	-0.000018632092090411557
0.1645	-0.000018620948494663702
0.165	-0.000018609804898915847
0.1655	-0.000018598661303167995
0.166	-0.00001858751770742014
0.1665	-0.000018576374111672284
0.167	-0.000018565230515924433
0.1675	-0.000018554086920176578
0.168	-0.000018542943324428726
0.1685	-0.00001853179972868087
0.169	-0.00001852065613293302
0.1695	-0.000018509512537185164
0.17	-0.00001849836894143731
0.1705	-0.000018487225345689457
0.171	-0.0000184760817499416
0.1715	-0.000018464938154193746
0.17200000000000001	-0.000018453794558445894
0.17250000000000001	-0.00001844265096269804
0.17300000000000001	-0.000018431507366950187
0.17350000000000002	-0.000018420363771202332
0.17400000000000002	-0.00001840922017545448
0.17450000000000002	-0.000018398076579706625
0.17500000000000002	-0.00001838693298395877
0.17550000000000002	-0.00001837578938821092
0.176	-0.000018364645792463063
0.1765	-0.00001835350219671521
0.177	-0.000018342358600967356
0.1775	-0.000018331215005219504
0.178	-0.00001832007140947165
0.1785	-0.000018308927813723794
0.179	-0.000018297784217975942
0.1795	-0.000018286640622228087
0.18	-0.000018275497026480232
0.1805	-0.00001826435343073238
0.181	-0.000018253209834984525
0.1815	-0.000018242066239236673
0.182	-0.000018230922643488818
0.1825	-0.000018219779047740966
0.183	-0.00001820863545199311
0.1835	-0.000018197491856245256
0.184	-0.000018186348260497404
0.1845	-0.00001817520466474955
0.185	-0.000018164061069001694
0.1855	-0.000018152917473253842
0.186	-0.00001814177387750599
0.1865	-0.000018130630281758135
0.187	-0.00001811948668601028
0.1875	-0.000018108343090262428
0.188	-0.000018097199494514573
0.1885	-0.000018086055898766718
0.189	-0.000018074912303018866
0.1895	-0.00001806376870727101
0.19	-0.00001805262511152316
0.1905	-0.000018041481515775304
0.191	-0.000018030337920027452
0.1915	-0.000018019194324279597
0.192	-0.00001800805072853174
0.1925	-0.00001799690713278389
0.193	-0.000017985763537036034
0.1935	-0.00001797461994128818
0.194	-0.000017963476345540328
0.1945	-0.000017952332749792472
0.195	-0.00001794118915404462
0.1955	-0.000017930045558296765
0.196	-0.000017918901962548914
0.1965	-0.00001790775836680106
0.197	-0.000017896614771053203
0.1975	-0.00001788547117530535
0.198	-0.000017874327579557496
0.1985	-0.00001786318398380964
0.199	-0.00001785204038806179
0.1995	-0.000017840896792313934
0.2	-0.000017829753196566082
0.2005	-0.000017818609600818227
0.201	-0.000017807466005070375
0.2015	-0.00001779632240932252
0.202	-0.000017785178813574665
0.2025	-0.000017774035217826813
0.203	-0.000017762891622078958
0.20350000000000001	-0.000017751748026331103
0.20400000000000001	-0.00001774060443058325
0.20450000000000002	-0.000017729460834835396
0.20500000000000002	-0.000017718317239087544
0.20550000000000002	-0.00001770717364333969
0.20600000000000002	-0.000017696030047591837
0.20650000000000002	-0.000017684886451843982
0.20700000000000002	-0.000017673742856096127
0.20750000000000002	-0.000017662599260348275
0.20800000000000002	-0.00001765145566460042
0.2085	-0.000017640312068852568
0.209	-0.000017629168473104713
0.2095	-0.00001761802487735686
0.21	-0.000017606881281609006
0.2105	-0.00001759573768586115
0.211	-0.0000175845940901133
0.2115	-0.000017573450494365444
0.212	-0.00001756230689861759
0.2125	-0.000017551163302869737
0.213	-0.000017540019707121885
0.2135	-0.00001752887611137403
0.214	-0.000017517732515626175
0.2145	-0.000017506588919878323
0.215	-0.000017495445324130468
0.2155	-0.000017484301728382612
0.216	-0.00001747315813263476
0.2165	-0.000017462014536886905
0.217	-0.000017450870941139054
0.2175	-0.0000174397273453912
0.218	-0.000017428583749643347
0.2185	-0.00001741744015389549
0.219	-0.000017406296558147636
0.2195	-0.000017395152962399784
0.22	-0.00001738400936665193
0.2205	-0.000017372865770904074
0.221	-0.000017361722175156222
0.2215	-0.000017350578579408367
0.222	-0.000017339434983660515
0.2225	-0.00001732829138791266
0.223	-0.00001731714779216481
0.2235	-0.000017306004196416953
0.224	-0.000017294860600669098
0.2245	-0.000017283717004921246
0.225	-0.00001727257340917339
0.2255	-0.000017261429813425536
0.226	-0.000017250286217677684
0.2265	-0.00001723914262192983
0.227	-0.000017227999026181977
0.2275	-0.000017216855430434122
0.228	-0.00001720571183468627
0.2285	-0.000017194568238938415
0.229	-0.00001718342464319056
0.2295	-0.000017172281047442708
0.23	-0.000017161137451694853
0.2305	-0.000017149993855946998
0.231	-0.000017138850260199146
0.2315	-0.00001712770666445129
0.232	-0.00001711656306870344
0.2325	-0.000017105419472955584
0.233	-0.000017094275877207732
0.2335	-0.000017083132281459877
0.234	-0.00001707198868571202
0.23450000000000001	-0.00001706084508996417
0.23500000000000001	-0.000017049701494216315
0.23550000000000001	-0.00001703855789846846
0.23600000000000002	-0.000017027414302720608
0.23650000000000002	-0.000017016270706972756
0.23700000000000002	-0.0000170051271112249
0.23750000000000002	-0.000016993983515477045
0.23800000000000002	-0.000016982839919729194
0.23850000000000002	-0.00001697169632398134
0.23900000000000002	-0.000016960552728233483
0.23950000000000002	-0.00001694940913248563
0.24	-0.00001693826553673778
0.2405	-0.000016927121940989925
0.241	-0.00001691597834524207
0.2415	-0.000016904834749494218
0.242	-0.000016893691153746362
0.2425	-0.000016882547557998507
0.243	-0.000016871403962250655
0.2435	-0.0000168602603665028
0.244	-0.00001684911677075495
0.2445	-0.000016837973175007093
0.245	-0.00001682682957925924
0.2455	-0.000016815685983511386
0.246	-0.00001680454238776353
0.2465	-0.00001679339879201568
0.247	-0.000016782255196267824
0.2475	-0.00001677111160051997
0.248	-0.000016759968004772117
0.2485	-0.000016748824409024262
0.249	-0.00001673768081327641
0.2495	-0.000016726537217528555
0.25	-0.000016715393621780703
0.2505	-0.000016704250026032848
0.251	-0.000016693106430284993
0.2515	-0.00001668196283453714
0.252	-0.000016670819238789286
0.2525	-0.00001665967564304143
0.253	-0.00001664853204729358
0.2535	-0.000016637388451545724
0.254	-0.000016626244855797872
0.2545	-0.000016615101260050017
0.255	-0.000016603957664302165
0.2555	-0.00001659281406855431
0.256	-0.000016581670472806455
0.2565	-0.000016570526877058603
0.257	-0.000016559383281310748
0.2575	-0.000016548239685562892
0.258	-0.00001653709608981504
0.2585	-0.000016525952494067185
0.259	-0.000016514808898319334
0.2595	-0.00001650366530257148
0.26	-0.000016492521706823627
0.2605	-0.00001648137811107577
0.261	-0.000016470234515327916
0.2615	-0.000016459090919580065
0.262	-0.00001644794732383221
0.2625	-0.000016436803728084354
0.263	-0.000016425660132336502
0.2635	-0.00001641451653658865
0.264	-0.000016403372940840795
0.2645	-0.00001639222934509294
0.265	-0.00001638108574934509
0.2655	-0.000016369942153597233
0.266	-0.000016358798557849378
0.2665	-0.000016347654962101526
0.267	-0.00001633651136635367
0.2675	-0.00001632536777060582
0.268	-0.000016314224174857964
0.2685	-0.000016303080579110112
0.269	-0.000016291936983362257
0.2695	-0.000016280793387614402
0.27	-0.00001626964979186655
0.2705	-0.000016258506196118695
0.271	-0.00001624736260037084
0.2715	-0.000016236219004622988
0.272	-0.000016225075408875133
0.2725	-0.00001621393181312728
0.273	-0.000016202788217379426
0.2735	-0.000016191644621631574
0.274	-0.00001618050102588372
0.2745	-0.000016169357430135864
0.275	-0.000016158213834388012
0.2755	-0.000016147070238640157
0.276	-0.0000161359266428923
0.2765	-0.00001612478304714445
0.277	-0.000016113639451396595
0.2775	-0.000016102495855648743
0.278	-0.000016091352259900888
0.2785	-0.000016080208664153036
0.279	-0.00001606906506840518
0.2795	-0.000016057921472657326
0.28	-0.000016046777876909474
0.2805	-0.00001603563428116162
0.281	-0.000016024490685413763
0.28150000000000003	-0.00001601334708966591
0.28200000000000003	-0.000016002203493918056
0.28250000000000003	-0.000015991059898170205
0.28300000000000003	-0.00001597991630242235
0.28350000000000003	-0.000015968772706674498
0.28400000000000003	-0.000015957629110926642
0.28450000000000003	-0.000015946485515178787
0.28500000000000003	-0.000015935341919430935
0.28550000000000003	-0.00001592419832368308
0.28600000000000003	-0.000015913054727935225
0.28650000000000003	-0.000015901911132187373
0.28700000000000003	-0.00001589076753643952
0.28750000000000003	-0.000015879623940691666
0.28800000000000003	-0.00001586848034494381
0.2885	-0.00001585733674919596
0.289	-0.000015846193153448108
0.2895	-0.000015835049557700252
0.29	-0.000015823905961952397
0.2905	-0.000015812762366204545
0.291	-0.00001580161877045669
0.2915	-0.000015790475174708835
0.292	-0.000015779331578960983
0.2925	-0.000015768187983213128
0.293	-0.000015757044387465273
0.2935	-0.00001574590079171742
0.294	-0.00001573475719596957
0.2945	-0.000015723613600221714
0.295	-0.00001571247000447386
0.2955	-0.000015701326408726007
0.296	-0.000015690182812978152
0.2965	-0.000015679039217230297
0.297	-0.000015667895621482445
0.2975	-0.00001565675202573459
0.298	-0.000015645608429986738
0.2985	-0.000015634464834238883
0.299	-0.00001562332123849103
0.2995	-0.000015612177642743176
0.3	-0.00001560103404699532
0.3005	-0.00001558989045124747
0.301	-0.000015578746855499614
0.3015	-0.00001556760325975176
0.302	-0.000015556459664003907
0.3025	-0.00001554531606825605
0.303	-0.0000155341724725082
0.3035	-0.000015523028876760345
0.304	-0.000015511885281012493
0.3045	-0.000015500741685264638
0.305	-0.000015489598089516782
0.3055	-0.00001547845449376893
0.306	-0.000015467310898021076
0.3065	-0.00001545616730227322
0.307	-0.00001544502370652537
0.3075	-0.000015433880110777513
0.308	-0.00001542273651502966
0.3085	-0.000015411592919281806
0.309	-0.000015400449323533955
0.3095	-0.0000153893057277861
0.31	-0.000015378162132038244
0.3105	-0.000015367018536290392
0.311	-0.000015355874940542537
0.3115	-0.000015344731344794682
0.312	-0.00001533358774904683
0.3125	-0.00001532244415329898
0.313	-0.000015311300557551123
0.3135	-0.000015300156961803268
0.314	-0.000015289013366055416
0.3145	-0.00001527786977030756
0.315	-0.000015266726174559706
0.3155	-0.000015255582578811854
0.316	-0.000015244438983063999
0.3165	-0.000015233295387316146
0.317	-0.000015222151791568292
0.3175	-0.000015211008195820439
0.318	-0.000015199864600072585
0.3185	-0.00001518872100432473
0.319	-0.000015177577408576878
0.3195	-0.000015166433812829023
0.32	-0.00001515529021708117
0.3205	-0.000015144146621333316
0.321	-0.00001513300302558546
0.3215	-0.000015121859429837609
0.322	-0.000015110715834089754
0.3225	-0.0000150995722383419
0.323	-0.000015088428642594047
0.3235	-0.000015077285046846192
0.324	-0.00001506614145109834
0.3245	-0.000015054997855350485
0.325	-0.000015043854259602631
0.3255	-0.000015032710663854778
0.326	-0.000015021567068106923
0.3265	-0.00001501042347235907
0.327	-0.000014999279876611216
0.3275	-0.000014988136280863362
0.328	-0.000014976992685115509
0.3285	-0.000014965849089367653
0.329	-0.000014954705493619802
0.3295	-0.000014943561897871946
0.33	-0.000014932418302124093
0.3305	-0.00001492127470637624
0.331	-0.000014910131110628384
0.3315	-0.000014898987514880532
0.332	-0.000014887843919132677
0.3325	-0.000014876700323384824
0.333	-0.00001486555672763697
0.3335	-0.000014854413131889115
0.334	-0.000014843269536141263
0.3345	-0.000014832125940393408
0.335	-0.000014820982344645555
0.3355	-0.000014809838748897701
0.336	-0.000014798695153149846
0.3365	-0.000014787551557401994
0.337	-0.000014776407961654139
0.3375	-0.000014765264365906286
0.338	-0.000014754120770158432
0.3385	-0.000014742977174410579
0.339	-0.000014731833578662725
0.3395	-0.00001472068998291487
0.34	-0.000014709546387167016
0.3405	-0.000014698402791419163
0.341	-0.00001468725919567131
0.3415	-0.000014676115599923456
0.342	-0.0000146649720041756
0.3425	-0.000014653828408427747
0.343	-0.000014642684812679894
0.3435	-0.00001463154121693204
0.34400000000000003	-0.000014620397621184187
0.34450000000000003	-0.000014609254025436332
0.34500000000000003	-0.000014598110429688478
0.34550000000000003	-0.000014586966833940625
0.34600000000000003	-0.000014575823238192771
0.34650000000000003	-0.000014564679642444918
0.34700000000000003	-0.000014553536046697064
0.34750000000000003	-0.000014542392450949209
0.34800000000000003	-0.000014531248855201356
0.34850000000000003	-0.000014520105259453502
0.34900000000000003	-0.000014508961663705649
0.34950000000000003	-0.000014497818067957795
0.35000000000000003	-0.00001448667447220994
0.35050000000000003	-0.000014475530876462086
0.35100000000000003	-0.000014464387280714233
0.35150000000000003	-0.00001445324368496638
0.352	-0.000014442100089218526
0.3525	-0.000014430956493470673
0.353	-0.000014419812897722819
0.3535	-0.000014408669301974966
0.354	-0.000014397525706227112
0.3545	-0.000014386382110479257
0.355	-0.000014375238514731403
0.3555	-0.00001436409491898355
0.356	-0.000014352951323235696
0.3565	-0.000014341807727487843
0.357	-0.000014330664131739988
0.3575	-0.000014319520535992134
0.358	-0.00001430837694024428
0.3585	-0.000014297233344496427
0.359	-0.000014286089748748574
0.3595	-0.000014274946153000719
0.36	-0.000014263802557252865
0.3605	-0.000014252658961505012
0.361	-0.000014241515365757158
0.3615	-0.000014230371770009305
0.362	-0.00001421922817426145
0.3625	-0.000014208084578513596
0.363	-0.000014196940982765743
0.3635	-0.000014185797387017889
0.364	-0.000014174653791270036
0.3645	-0.000014163510195522182
0.365	-0.000014152366599774327
0.3655	-0.000014141223004026473
0.366	-0.00001413007940827862
0.3665	-0.000014118935812530766
0.367	-0.000014107792216782913
0.3675	-0.000014096648621035058
0.368	-0.000014085505025287204
0.3685	-0.00001407436142953935
0.369	-0.000014063217833791497
0.3695	-0.000014052074238043644
0.37	-0.000014040930642295789
0.3705	-0.000014029787046547935
0.371	-0.000014018643450800082
0.3715	-0.000014007499855052228
0.372	-0.000013996356259304375
0.3725	-0.00001398521266355652
0.373	-0.000013974069067808666
0.3735	-0.000013962925472060813
0.374	-0.000013951781876312959
0.3745	-0.000013940638280565106
0.375	-0.00001392949468481725
0.3755	-0.000013918351089069397
0.376	-0.000013907207493321543
0.3765	-0.00001389606389757369
0.377	-0.000013884920301825836
0.3775	-0.000013873776706077983
0.378	-0.000013862633110330128
0.3785	-0.000013851489514582274
0.379	-0.00001384034591883442
0.3795	-0.000013829202323086567
0.38	-0.000013818058727338714
0.3805	-0.000013806915131590859
0.381	-0.000013795771535843005
0.3815	-0.000013784627940095152
0.382	-0.000013773484344347298
0.3825	-0.000013762340748599445
0.383	-0.00001375119715285159
0.3835	-0.000013740053557103736
0.384	-0.000013728909961355883
0.3845	-0.000013717766365608029
0.385	-0.000013706622769860176
0.3855	-0.00001369547917411232
0.386	-0.000013684335578364467
0.3865	-0.000013673191982616613
0.387	-0.00001366204838686876
0.3875	-0.000013650904791120906
0.388	-0.000013639761195373053
0.3885	-0.000013628617599625198
0.389	-0.000013617474003877344
0.3895	-0.00001360633040812949
0.39	-0.000013595186812381637
0.3905	-0.000013584043216633784
0.391	-0.000013572899620885929
0.3915	-0.000013561756025138075
0.392	-0.000013550612429390222
0.3925	-0.000013539468833642368
0.393	-0.000013528325237894515
0.3935	-0.00001351718164214666
0.394	-0.000013506038046398806
0.3945	-0.000013494894450650953
0.395	-0.000013483750854903099
0.3955	-0.000013472607259155246
0.396	-0.00001346146366340739
0.3965	-0.000013450320067659537
0.397	-0.000013439176471911683
0.3975	-0.00001342803287616383
0.398	-0.000013416889280415977
0.3985	-0.000013405745684668121
0.399	-0.000013394602088920268
0.3995	-0.000013383458493172414
0.4	-0.000013372314897424561
0.4005	-0.000013361171301676707
0.401	-0.000013350027705928854
0.4015	-0.000013338884110180999
0.402	-0.000013327740514433145
0.4025	-0.000013316596918685292
0.403	-0.000013305453322937438
0.4035	-0.000013294309727189585
0.404	-0.00001328316613144173
0.4045	-0.000013272022535693876
0.405	-0.000013260878939946023
0.4055	-0.000013249735344198169
0.406	-0.000013238591748450316
0.40650000000000003	-0.00001322744815270246
0.40700000000000003	-0.000013216304556954607
0.40750000000000003	-0.000013205160961206753
0.40800000000000003	-0.0000131940173654589
0.40850000000000003	-0.000013182873769711047
0.40900000000000003	-0.000013171730173963191
0.40950000000000003	-0.000013160586578215338
0.41000000000000003	-0.000013149442982467484
0.41050000000000003	-0.000013138299386719631
0.41100000000000003	-0.000013127155790971777
0.41150000000000003	-0.000013116012195223922
0.41200000000000003	-0.000013104868599476069
0.41250000000000003	-0.000013093725003728215
0.41300000000000003	-0.000013082581407980362
0.41350000000000003	-0.000013071437812232508
0.41400000000000003	-0.000013060294216484655
0.41450000000000004	-0.0000130491506207368
0.41500000000000004	-0.000013038007024988946
0.41550000000000004	-0.000013026863429241093
0.41600000000000004	-0.000013015719833493239
0.4165	-0.000013004576237745386
0.417	-0.000012993432641997532
0.4175	-0.000012982289046249679
0.418	-0.000012971145450501825
0.4185	-0.000012960001854753972
0.419	-0.000012948858259006117
0.4195	-0.000012937714663258263
0.42	-0.00001292657106751041
0.4205	-0.000012915427471762556
0.421	-0.000012904283876014703
0.4215	-0.000012893140280266847
0.422	-0.000012881996684518994
0.4225	-0.00001287085308877114
0.423	-0.000012859709493023287
0.4235	-0.000012848565897275433
0.424	-0.000012837422301527578
0.4245	-0.000012826278705779725
0.425	-0.000012815135110031871
0.4255	-0.000012803991514284018
0.426	-0.000012792847918536164
0.4265	-0.00001278170432278831
0.427	-0.000012770560727040456
0.4275	-0.000012759417131292602
0.428	-0.000012748273535544749
0.4285	-0.000012737129939796895
0.429	-0.000012725986344049042
0.4295	-0.000012714842748301187
0.43	-0.000012703699152553333
0.4305	-0.00001269255555680548
0.431	-0.000012681411961057626
0.4315	-0.000012670268365309773
0.432	-0.000012659124769561917
0.4325	-0.000012647981173814064
0.433	-0.00001263683757806621
0.4335	-0.000012625693982318357
0.434	-0.000012614550386570503
0.4345	-0.000012603406790822648
0.435	-0.000012592263195074795
0.4355	-0.000012581119599326941
0.436	-0.000012569976003579088
0.4365	-0.000012558832407831234
0.437	-0.00001254768881208338
0.4375	-0.000012536545216335526
0.438	-0.000012525401620587672
0.4385	-0.000012514258024839819
0.439	-0.000012503114429091965
0.4395	-0.00001249197083334411
0.44	-0.000012480827237596257
0.4405	-0.000012469683641848403
0.441	-0.00001245854004610055
0.4415	-0.000012447396450352696
0.442	-0.000012436252854604843
0.4425	-0.000012425109258856987
0.443	-0.000012413965663109134
0.4435	-0.00001240282206736128
0.444	-0.000012391678471613427
0.4445	-0.000012380534875865574
0.445	-0.000012369391280117718
0.4455	-0.000012358247684369865
0.446	-0.000012347104088622011
0.4465	-0.000012335960492874158
0.447	-0.000012324816897126304
0.4475	-0.00001231367330137845
0.448	-0.000012302529705630596
0.4485	-0.000012291386109882742
0.449	-0.000012280242514134889
0.4495	-0.000012269098918387035
0.45	-0.00001225795532263918
0.4505	-0.000012246811726891327
0.451	-0.000012235668131143473
0.4515	-0.00001222452453539562
0.452	-0.000012213380939647766
0.4525	-0.000012202237343899911
0.453	-0.000012191093748152057
0.4535	-0.000012179950152404204
0.454	-0.00001216880655665635
0.4545	-0.000012157662960908497
0.455	-0.000012146519365160644
0.4555	-0.000012135375769412788
0.456	-0.000012124232173664935
0.4565	-0.000012113088577917081
0.457	-0.000012101944982169228
0.4575	-0.000012090801386421374
0.458	-0.00001207965779067352
0.4585	-0.000012068514194925666
0.459	-0.000012057370599177812
0.4595	-0.000012046227003429959
0.46	-0.000012035083407682105
0.4605	-0.00001202393981193425
0.461	-0.000012012796216186397
0.4615	-0.000012001652620438543
0.462	-0.00001199050902469069
0.4625	-0.000011979365428942836
0.463	-0.000011968221833194981
0.4635	-0.000011957078237447127
0.464	-0.000011945934641699274
0.4645	-0.00001193479104595142
0.465	-0.000011923647450203567
0.4655	-0.000011912503854455714
0.466	-0.000011901360258707858
0.4665	-0.000011890216662960005
0.467	-0.000011879073067212151
0.4675	-0.000011867929471464298
0.468	-0.000011856785875716444
0.4685	-0.00001184564227996859
0.46900000000000003	-0.000011834498684220736
0.46950000000000003	-0.000011823355088472882
0.47000000000000003	-0.000011812211492725029
0.47050000000000003	-0.000011801067896977175
0.47100000000000003	-0.00001178992430122932
0.47150000000000003	-0.000011778780705481467
0.47200000000000003	-0.000011767637109733613
0.47250000000000003	-0.00001175649351398576
0.47300000000000003	-0.000011745349918237906
0.47350000000000003	-0.000011734206322490051
0.47400000000000003	-0.000011723062726742198
0.47450000000000003	-0.000011711919130994344
0.47500000000000003	-0.00001170077553524649
0.47550000000000003	-0.000011689631939498637
0.47600000000000003	-0.000011678488343750782
0.47650000000000003	-0.000011667344748002928
0.47700000000000004	-0.000011656201152255075
0.47750000000000004	-0.000011645057556507221
0.47800000000000004	-0.000011633913960759368
0.47850000000000004	-0.000011622770365011514
0.47900000000000004	-0.00001161162676926366
0.47950000000000004	-0.000011600483173515806
0.48	-0.000011589339577767954
0.4805	-0.000011578195982020099
0.481	-0.000011567052386272245
0.4815	-0.000011555908790524392
0.482	-0.000011544765194776538
0.4825	-0.000011533621599028685
0.483	-0.000011522478003280831
0.4835	-0.000011511334407532976
0.484	-0.000011500190811785123
0.4845	-0.00001148904721603727
0.485	-0.000011477903620289416
0.4855	-0.000011466760024541562
0.486	-0.000011455616428793707
0.4865	-0.000011444472833045854
0.487	-0.000011433329237298
0.4875	-0.000011422185641550147
0.488	-0.000011411042045802293
0.4885	-0.000011399898450054438
0.489	-0.000011388754854306584
0.4895	-0.000011377611258558731
0.49	-0.000011366467662810877
0.4905	-0.000011355324067063024
0.491	-0.000011344180471315169
0.4915	-0.000011333036875567315
0.492	-0.000011321893279819462
0.4925	-0.000011310749684071608
0.493	-0.000011299606088323755
0.4935	-0.0000112884624925759
0.494	-0.000011277318896828046
0.4945	-0.000011266175301080193
0.495	-0.00001125503170533234
0.4955	-0.000011243888109584486
0.496	-0.000011232744513836632
0.4965	-0.000011221600918088777
0.497	-0.000011210457322340924
0.4975	-0.00001119931372659307
0.498	-0.000011188170130845217
0.4985	-0.000011177026535097363
0.499	-0.000011165882939349508
0.4995	-0.000011154739343601654
0.5	-0.000011143595747853801
0.5005000000000001	-0.000011132452152105946
0.501	-0.000011121308556358094
0.5015000000000001	-0.000011110164960610239
0.502	-0.000011099021364862385
0.5025000000000001	-0.00001108787776911453
0.503	-0.000011076734173366678
0.5035000000000001	-0.000011065590577618823
0.504	-0.00001105444698187097
0.5045000000000001	-0.000011043303386123116
0.505	-0.000011032159790375263
0.5055000000000001	-0.000011021016194627408
0.506	-0.000011009872598879556
0.5065000000000001	-0.0000109987290031317
0.507	-0.000010987585407383847
0.5075000000000001	-0.000010976441811635992
0.508	-0.00001096529821588814
0.5085000000000001	-0.000010954154620140285
0.509	-0.000010943011024392433
0.5095000000000001	-0.000010931867428644578
0.51	-0.000010920723832896725
0.5105000000000001	-0.00001090958023714887
0.511	-0.000010898436641401018
0.5115000000000001	-0.000010887293045653162
0.512	-0.000010876149449905309
0.5125	-0.000010865005854157457
0.513	-0.000010853862258409602
0.5135	-0.00001084271866266175
0.514	-0.000010831575066913895
0.5145	-0.000010820431471166041
0.515	-0.000010809287875418186
0.5155	-0.000010798144279670334
0.516	-0.00001078700068392248
0.5165	-0.000010775857088174626
0.517	-0.00001076471349242677
0.5175	-0.000010753569896678919
0.518	-0.000010742426300931064
0.5185	-0.000010731282705183212
0.519	-0.000010720139109435357
0.5195	-0.000010708995513687503
0.52	-0.000010697851917939648
0.5205	-0.000010686708322191796
0.521	-0.000010675564726443941
0.5215	-0.000010664421130696088
0.522	-0.000010653277534948234
0.5225	-0.00001064213393920038
0.523	-0.000010630990343452525
0.5235	-0.000010619846747704674
0.524	-0.000010608703151956818
0.5245	-0.000010597559556208965
0.525	-0.00001058641596046111
0.5255	-0.000010575272364713258
0.526	-0.000010564128768965403
0.5265	-0.000010552985173217551
0.527	-0.000010541841577469696
0.5275	-0.000010530697981721842
0.528	-0.000010519554385973987
0.5285	-0.000010508410790226135
0.529	-0.00001049726719447828
0.5295	-0.000010486123598730427
0.53	-0.000010474980002982572
0.5305	-0.00001046383640723472
0.531	-0.000010452692811486865
0.5315	-0.000010441549215739013
0.532	-0.000010430405619991158
0.5325	-0.000010419262024243304
0.533	-0.000010408118428495449
0.5335	-0.000010396974832747597
0.534	-0.000010385831236999742
0.5345	-0.000010374687641251888
0.535	-0.000010363544045504035
0.5355	-0.000010352400449756181
0.536	-0.000010341256854008326
0.5365	-0.000010330113258260475
0.537	-0.00001031896966251262
0.5375	-0.000010307826066764766
0.538	-0.00001029668247101691
0.5385	-0.000010285538875269059
0.539	-0.000010274395279521204
0.5395	-0.000010263251683773352
0.54	-0.000010252108088025497
0.5405	-0.000010240964492277643
0.541	-0.000010229820896529788
0.5415	-0.000010218677300781936
0.542	-0.000010207533705034081
0.5425	-0.000010196390109286228
0.543	-0.000010185246513538374
0.5435	-0.00001017410291779052
0.544	-0.000010162959322042665
0.5445	-0.000010151815726294814
0.545	-0.000010140672130546958
0.5455	-0.000010129528534799105
0.546	-0.00001011838493905125
0.5465	-0.000010107241343303398
0.547	-0.000010096097747555543
0.5475	-0.000010084954151807691
0.548	-0.000010073810556059836
0.5485	-0.000010062666960311982
0.549	-0.000010051523364564127
0.5495	-0.000010040379768816275
0.55	-0.00001002923617306842
0.5505	-0.000010018092577320567
0.551	-0.000010006948981572712
0.5515	-9.99580538582486e-6
0.552	-9.984661790077005e-6
0.5525	-9.973518194329153e-6
0.553	-9.962374598581298e-6
0.5535	-9.951231002833444e-6
0.554	-9.940087407085589e-6
0.5545	-9.928943811337737e-6
0.555	-9.917800215589882e-6
0.5555	-9.906656619842028e-6
0.556	-9.895513024094175e-6
0.5565	-9.884369428346322e-6
0.557	-9.873225832598466e-6
0.5575	-9.862082236850615e-6
0.558	-9.85093864110276e-6
0.5585	-9.839795045354906e-6
0.559	-9.82865144960705e-6
0.5595	-9.817507853859199e-6
0.56	-9.806364258111344e-6
0.5605	-9.795220662363492e-6
0.561	-9.784077066615637e-6
0.5615	-9.772933470867783e-6
0.562	-9.761789875119928e-6
0.5625	-9.750646279372076e-6
0.5630000000000001	-9.739502683624221e-6
0.5635	-9.728359087876368e-6
0.5640000000000001	-9.717215492128512e-6
0.5645	-9.70607189638066e-6
0.5650000000000001	-9.694928300632805e-6
0.5655	-9.683784704884954e-6
0.5660000000000001	-9.672641109137099e-6
0.5665	-9.661497513389245e-6
0.5670000000000001	-9.65035391764139e-6
0.5675	-9.639210321893538e-6
0.5680000000000001	-9.628066726145683e-6
0.5685	-9.61692313039783e-6
0.5690000000000001	-9.605779534649976e-6
0.5695	-9.594635938902122e-6
0.5700000000000001	-9.583492343154267e-6
0.5705	-9.572348747406415e-6
0.5710000000000001	-9.56120515165856e-6
0.5715	-9.550061555910707e-6
0.5720000000000001	-9.538917960162852e-6
0.5725	-9.527774364415e-6
0.5730000000000001	-9.516630768667145e-6
0.5735	-9.505487172919293e-6
0.5740000000000001	-9.494343577171438e-6
0.5745	-9.483199981423584e-6
0.5750000000000001	-9.472056385675729e-6
0.5755	-9.460912789927877e-6
0.5760000000000001	-9.449769194180022e-6
0.5765	-9.438625598432169e-6
0.577	-9.427482002684317e-6
0.5775	-9.416338406936462e-6
0.578	-9.40519481118861e-6
0.5785	-9.394051215440755e-6
0.579	-9.382907619692901e-6
0.5795	-9.371764023945046e-6
0.58	-9.360620428197194e-6
0.5805	-9.349476832449339e-6
0.581	-9.338333236701485e-6
0.5815	-9.32718964095363e-6
0.582	-9.316046045205778e-6
0.5825	-9.304902449457923e-6
0.583	-9.293758853710072e-6
0.5835	-9.282615257962216e-6
0.584	-9.271471662214363e-6
0.5845	-9.260328066466508e-6
0.585	-9.249184470718656e-6
0.5855	-9.2380408749708e-6
0.586	-9.226897279222947e-6
0.5865	-9.215753683475094e-6
0.587	-9.20461008772724e-6
0.5875	-9.193466491979385e-6
0.588	-9.182322896231533e-6
0.5885	-9.171179300483678e-6
0.589	-9.160035704735825e-6
0.5895	-9.14889210898797e-6
0.59	-9.137748513240118e-6
0.5905	-9.126604917492262e-6
0.591	-9.11546132174441e-6
0.5915	-9.104317725996555e-6
0.592	-9.093174130248702e-6
0.5925	-9.082030534500847e-6
0.593	-9.070886938752995e-6
0.5935	-9.05974334300514e-6
0.594	-9.048599747257286e-6
0.5945	-9.037456151509431e-6
0.595	-9.02631255576158e-6
0.5955	-9.015168960013724e-6
0.596	-9.004025364265872e-6
0.5965	-8.992881768518017e-6
0.597	-8.981738172770164e-6
0.5975	-8.970594577022309e-6
0.598	-8.959450981274457e-6
0.5985	-8.948307385526602e-6
0.599	-8.937163789778748e-6
0.5995	-8.926020194030895e-6
0.6	-8.914876598283041e-6
0.6005	-8.903733002535186e-6
0.601	-8.892589406787334e-6
0.6015	-8.881445811039479e-6
0.602	-8.870302215291626e-6
0.6025	-8.85915861954377e-6
0.603	-8.848015023795919e-6
0.6035	-8.836871428048063e-6
0.604	-8.825727832300212e-6
0.6045	-8.814584236552356e-6
0.605	-8.803440640804503e-6
0.6055	-8.792297045056648e-6
0.606	-8.781153449308796e-6
0.6065	-8.77000985356094e-6
0.607	-8.758866257813087e-6
0.6075	-8.747722662065232e-6
0.608	-8.73657906631738e-6
0.6085	-8.725435470569525e-6
0.609	-8.714291874821673e-6
0.6095	-8.703148279073818e-6
0.61	-8.692004683325965e-6
0.6105	-8.68086108757811e-6
0.611	-8.669717491830258e-6
0.6115	-8.658573896082402e-6
0.612	-8.647430300334549e-6
0.6125	-8.636286704586696e-6
0.613	-8.625143108838842e-6
0.6135	-8.613999513090987e-6
0.614	-8.602855917343135e-6
0.6145	-8.59171232159528e-6
0.615	-8.580568725847426e-6
0.6155	-8.569425130099571e-6
0.616	-8.55828153435172e-6
0.6165	-8.547137938603864e-6
0.617	-8.535994342856012e-6
0.6175	-8.524850747108157e-6
0.618	-8.513707151360304e-6
0.6185	-8.502563555612449e-6
0.619	-8.491419959864597e-6
0.6195	-8.480276364116742e-6
0.62	-8.469132768368888e-6
0.6205	-8.457989172621033e-6
0.621	-8.446845576873181e-6
0.6215	-8.435701981125326e-6
0.622	-8.424558385377474e-6
0.6225	-8.413414789629619e-6
0.623	-8.402271193881766e-6
0.6235	-8.39112759813391e-6
0.624	-8.379984002386059e-6
0.6245	-8.368840406638203e-6
0.625	-8.357696810890352e-6
0.6255000000000001	-8.346553215142496e-6
0.626	-8.335409619394643e-6
0.6265000000000001	-8.324266023646788e-6
0.627	-8.313122427898936e-6
0.6275000000000001	-8.30197883215108e-6
0.628	-8.290835236403227e-6
0.6285000000000001	-8.279691640655372e-6
0.629	-8.26854804490752e-6
0.6295000000000001	-8.257404449159665e-6
0.63	-8.246260853411813e-6
0.6305000000000001	-8.235117257663958e-6
0.631	-8.223973661916105e-6
0.6315000000000001	-8.21283006616825e-6
0.632	-8.201686470420398e-6
0.6325000000000001	-8.190542874672543e-6
0.633	-8.179399278924689e-6
0.6335000000000001	-8.168255683176836e-6
0.634	-8.157112087428982e-6
0.6345000000000001	-8.145968491681127e-6
0.635	-8.134824895933275e-6
0.6355000000000001	-8.12368130018542e-6
0.636	-8.112537704437566e-6
0.6365000000000001	-8.101394108689711e-6
0.637	-8.09025051294186e-6
0.6375000000000001	-8.079106917194004e-6
0.638	-8.067963321446152e-6
0.6385000000000001	-8.056819725698297e-6
0.639	-8.045676129950444e-6
0.6395000000000001	-8.034532534202589e-6
0.64	-8.023388938454737e-6
0.6405	-8.012245342706883e-6
0.641	-8.001101746959028e-6
0.6415	-7.989958151211176e-6
0.642	-7.978814555463321e-6
0.6425	-7.96767095971547e-6
0.643	-7.956527363967614e-6
0.6435	-7.94538376821976e-6
0.644	-7.934240172471906e-6
0.6445	-7.923096576724054e-6
0.645	-7.911952980976199e-6
0.6455	-7.900809385228345e-6
0.646	-7.88966578948049e-6
0.6465	-7.878522193732638e-6
0.647	-7.867378597984783e-6
0.6475	-7.856235002236931e-6
0.648	-7.845091406489076e-6
0.6485	-7.833947810741223e-6
0.649	-7.822804214993367e-6
0.6495	-7.811660619245516e-6
0.65	-7.80051702349766e-6
0.6505	-7.789373427749807e-6
0.651	-7.778229832001953e-6
0.6515	-7.7670862362541e-6
0.652	-7.755942640506245e-6
0.6525	-7.744799044758393e-6
0.653	-7.733655449010538e-6
0.6535	-7.722511853262684e-6
0.654	-7.711368257514829e-6
0.6545	-7.700224661766977e-6
0.655	-7.689081066019122e-6
0.6555	-7.67793747027127e-6
0.656	-7.666793874523415e-6
0.6565	-7.655650278775562e-6
0.657	-7.644506683027706e-6
0.6575	-7.633363087279855e-6
0.658	-7.6222194915319995e-6
0.6585	-7.611075895784146e-6
0.659	-7.599932300036291e-6
0.6595	-7.588788704288439e-6
0.66	-7.577645108540584e-6
0.6605	-7.566501512792732e-6
0.661	-7.555357917044877e-6
0.6615	-7.544214321297023e-6
0.662	-7.533070725549168e-6
0.6625	-7.5219271298013164e-6
0.663	-7.510783534053461e-6
0.6635	-7.499639938305608e-6
0.664	-7.488496342557754e-6
0.6645	-7.477352746809901e-6
0.665	-7.466209151062046e-6
0.6655	-7.455065555314194e-6
0.666	-7.443921959566339e-6
0.6665	-7.432778363818485e-6
0.667	-7.42163476807063e-6
0.6675	-7.410491172322778e-6
0.668	-7.399347576574923e-6
0.6685	-7.388203980827071e-6
0.669	-7.377060385079216e-6
0.6695	-7.3659167893313626e-6
0.67	-7.354773193583507e-6
0.6705	-7.343629597835656e-6
0.671	-7.3324860020878e-6
0.6715	-7.321342406339947e-6
0.672	-7.310198810592092e-6
0.6725	-7.29905521484424e-6
0.673	-7.287911619096385e-6
0.6735	-7.276768023348533e-6
0.674	-7.265624427600678e-6
0.6745	-7.254480831852824e-6
0.675	-7.243337236104969e-6
0.6755	-7.232193640357117e-6
0.676	-7.221050044609262e-6
0.6765	-7.209906448861409e-6
0.677	-7.198762853113555e-6
0.6775	-7.187619257365702e-6
0.678	-7.1764756616178465e-6
0.6785	-7.165332065869995e-6
0.679	-7.1541884701221395e-6
0.6795	-7.143044874374286e-6
0.68	-7.131901278626431e-6
0.6805	-7.120757682878579e-6
0.681	-7.109614087130724e-6
0.6815	-7.098470491382872e-6
0.682	-7.087326895635017e-6
0.6825	-7.0761832998871635e-6
0.683	-7.065039704139308e-6
0.6835	-7.0538961083914565e-6
0.684	-7.042752512643601e-6
0.6845	-7.031608916895748e-6
0.685	-7.020465321147893e-6
0.6855	-7.009321725400041e-6
0.686	-6.998178129652186e-6
0.6865	-6.987034533904334e-6
0.687	-6.975890938156479e-6
0.6875	-6.964747342408627e-6
0.6880000000000001	-6.953603746660772e-6
0.6885	-6.9424601509129165e-6
0.6890000000000001	-6.931316555165061e-6
0.6895	-6.9201729594172096e-6
0.6900000000000001	-6.909029363669354e-6
0.6905	-6.897885767921503e-6
0.6910000000000001	-6.886742172173647e-6
0.6915	-6.875598576425796e-6
0.6920000000000001	-6.8644549806779404e-6
0.6925	-6.853311384930089e-6
0.6930000000000001	-6.8421677891822335e-6
0.6935	-6.831024193434378e-6
0.6940000000000001	-6.8198805976865265e-6
0.6945	-6.808737001938671e-6
0.6950000000000001	-6.797593406190816e-6
0.6955	-6.786449810442964e-6
0.6960000000000001	-6.775306214695109e-6
0.6965	-6.764162618947257e-6
0.6970000000000001	-6.753019023199402e-6
0.6975	-6.74187542745155e-6
0.6980000000000001	-6.730731831703695e-6
0.6985	-6.7195882359558434e-6
0.6990000000000001	-6.708444640207988e-6
0.6995	-6.697301044460133e-6
0.7000000000000001	-6.686157448712278e-6
0.7005	-6.675013852964426e-6
0.7010000000000001	-6.663870257216571e-6
0.7015	-6.652726661468719e-6
0.7020000000000001	-6.641583065720864e-6
0.7025	-6.630439469973012e-6
0.7030000000000001	-6.619295874225157e-6
0.7035	-6.608152278477305e-6
0.704	-6.59700868272945e-6
0.7045	-6.585865086981595e-6
0.705	-6.574721491233743e-6
0.7055	-6.563577895485888e-6
0.706	-6.552434299738036e-6
0.7065	-6.541290703990181e-6
0.707	-6.530147108242329e-6
0.7075	-6.519003512494474e-6
0.708	-6.507859916746622e-6
0.7085	-6.496716320998767e-6
0.709	-6.485572725250912e-6
0.7095	-6.474429129503057e-6
0.71	-6.463285533755205e-6
0.7105	-6.45214193800735e-6
0.711	-6.440998342259498e-6
0.7115	-6.429854746511643e-6
0.712	-6.418711150763791e-6
0.7125	-6.407567555015936e-6
0.713	-6.396423959268084e-6
0.7135	-6.385280363520229e-6
0.714	-6.3741367677723735e-6
0.7145	-6.362993172024518e-6
0.715	-6.3518495762766665e-6
0.7155	-6.340705980528811e-6
0.716	-6.3295623847809596e-6
0.7165	-6.318418789033104e-6
0.717	-6.307275193285253e-6
0.7175	-6.296131597537397e-6
0.718	-6.284988001789546e-6
0.7185	-6.2738444060416904e-6
0.719	-6.262700810293835e-6
0.7195	-6.25155721454598e-6
0.72	-6.240413618798128e-6
0.7205	-6.229270023050273e-6
0.721	-6.218126427302421e-6
0.7215	-6.206982831554566e-6
0.722	-6.195839235806714e-6
0.7225	-6.184695640058859e-6
0.723	-6.173552044311007e-6
0.7235	-6.162408448563152e-6
0.724	-6.151264852815297e-6
0.7245	-6.140121257067445e-6
0.725	-6.12897766131959e-6
0.7255	-6.117834065571735e-6
0.726	-6.106690469823883e-6
0.7265	-6.095546874076028e-6
0.727	-6.084403278328176e-6
0.7275	-6.073259682580321e-6
0.728	-6.062116086832469e-6
0.7285	-6.050972491084614e-6
0.729	-6.039828895336762e-6
0.7295	-6.028685299588907e-6
0.73	-6.017541703841052e-6
0.7305	-6.006398108093197e-6
0.731	-5.995254512345345e-6
0.7315	-5.98411091659749e-6
0.732	-5.972967320849638e-6
0.7325	-5.961823725101783e-6
0.733	-5.950680129353931e-6
0.7335	-5.939536533606076e-6
0.734	-5.928392937858224e-6
0.7345	-5.917249342110369e-6
0.735	-5.9061057463625135e-6
0.7355	-5.894962150614658e-6
0.736	-5.883818554866807e-6
0.7365	-5.872674959118951e-6
0.737	-5.8615313633711e-6
0.7375	-5.8503877676232444e-6
0.738	-5.839244171875393e-6
0.7385	-5.8281005761275375e-6
0.739	-5.816956980379686e-6
0.7395	-5.8058133846318305e-6
0.74	-5.794669788883975e-6
0.7405	-5.78352619313612e-6
0.741	-5.772382597388268e-6
0.7415	-5.761239001640413e-6
0.742	-5.750095405892561e-6
0.7425	-5.738951810144706e-6
0.743	-5.727808214396854e-6
0.7435	-5.716664618648999e-6
0.744	-5.705521022901147e-6
0.7445	-5.694377427153292e-6
0.745	-5.683233831405437e-6
0.7455	-5.672090235657582e-6
0.746	-5.66094663990973e-6
0.7465	-5.649803044161875e-6
0.747	-5.638659448414023e-6
0.7475	-5.627515852666168e-6
0.748	-5.616372256918316e-6
0.7485	-5.605228661170461e-6
0.749	-5.594085065422609e-6
0.7495	-5.582941469674754e-6
0.75	-5.571797873926899e-6
0.7505000000000001	-5.560654278179047e-6
0.751	-5.549510682431192e-6
0.7515000000000001	-5.538367086683337e-6
0.752	-5.527223490935485e-6
0.7525000000000001	-5.51607989518763e-6
0.753	-5.504936299439778e-6
0.7535000000000001	-5.493792703691923e-6
0.754	-5.482649107944071e-6
0.7545000000000001	-5.471505512196216e-6
0.755	-5.460361916448364e-6
0.7555000000000001	-5.449218320700509e-6
0.756	-5.438074724952654e-6
0.7565000000000001	-5.426931129204798e-6
0.757	-5.415787533456947e-6
0.7575000000000001	-5.4046439377090914e-6
0.758	-5.39350034196124e-6
0.7585000000000001	-5.3823567462133845e-6
0.759	-5.371213150465533e-6
0.7595000000000001	-5.3600695547176775e-6
0.76	-5.348925958969826e-6
0.7605000000000001	-5.3377823632219705e-6
0.761	-5.326638767474115e-6
0.7615000000000001	-5.31549517172626e-6
0.762	-5.304351575978408e-6
0.7625000000000001	-5.293207980230553e-6
0.763	-5.282064384482701e-6
0.7635000000000001	-5.270920788734846e-6
0.764	-5.2597771929869944e-6
0.7645000000000001	-5.248633597239139e-6
0.765	-5.2374900014912875e-6
0.7655000000000001	-5.226346405743432e-6
0.766	-5.215202809995577e-6
0.7665000000000001	-5.204059214247722e-6
0.767	-5.19291561849987e-6
0.7675000000000001	-5.181772022752015e-6
0.768	-5.170628427004163e-6
0.7685	-5.159484831256311e-6
0.769	-5.148341235508456e-6
0.7695	-5.137197639760604e-6
0.77	-5.126054044012749e-6
0.7705	-5.114910448264894e-6
0.771	-5.103766852517039e-6
0.7715	-5.092623256769187e-6
0.772	-5.081479661021332e-6
0.7725	-5.07033606527348e-6
0.773	-5.059192469525625e-6
0.7735	-5.048048873777773e-6
0.774	-5.036905278029918e-6
0.7745	-5.025761682282066e-6
0.775	-5.014618086534211e-6
0.7755	-5.003474490786356e-6
0.776	-4.992330895038504e-6
0.7765	-4.981187299290649e-6
0.777	-4.970043703542794e-6
0.7775	-4.958900107794942e-6
0.778	-4.947756512047087e-6
0.7785	-4.936612916299235e-6
0.779	-4.92546932055138e-6
0.7795	-4.914325724803528e-6
0.78	-4.903182129055673e-6
0.7805	-4.892038533307821e-6
0.781	-4.880894937559966e-6
0.7815	-4.8697513418121106e-6
0.782	-4.858607746064255e-6
0.7825	-4.847464150316404e-6
0.783	-4.836320554568548e-6
0.7835	-4.825176958820697e-6
0.784	-4.8140333630728414e-6
0.7845	-4.80288976732499e-6
0.785	-4.7917461715771345e-6
0.7855	-4.780602575829283e-6
0.786	-4.7694589800814275e-6
0.7865	-4.758315384333572e-6
0.787	-4.747171788585717e-6
0.7875	-4.736028192837865e-6
0.788	-4.72488459709001e-6
0.7885	-4.713741001342158e-6
0.789	-4.702597405594303e-6
0.7895	-4.691453809846451e-6
0.79	-4.680310214098596e-6
0.7905	-4.6691666183507444e-6
0.791	-4.658023022602889e-6
0.7915	-4.646879426855034e-6
0.792	-4.635735831107179e-6
0.7925	-4.624592235359327e-6
0.793	-4.613448639611472e-6
0.7935	-4.60230504386362e-6
0.794	-4.591161448115765e-6
0.7945	-4.580017852367913e-6
0.795	-4.568874256620058e-6
0.7955	-4.557730660872206e-6
0.796	-4.546587065124351e-6
0.7965	-4.535443469376496e-6
0.797	-4.524299873628641e-6
0.7975	-4.513156277880789e-6
0.798	-4.502012682132934e-6
0.7985	-4.490869086385082e-6
0.799	-4.479725490637227e-6
0.7995	-4.468581894889375e-6
0.8	-4.45743829914152e-6
0.8005	-4.446294703393668e-6
0.801	-4.435151107645813e-6
0.8015	-4.4240075118979576e-6
0.802	-4.412863916150106e-6
0.8025	-4.401720320402251e-6
0.803	-4.390576724654395e-6
0.8035	-4.379433128906544e-6
0.804	-4.3682895331586884e-6
0.8045	-4.357145937410837e-6
0.805	-4.3460023416629815e-6
0.8055	-4.33485874591513e-6
0.806	-4.3237151501672745e-6
0.8065	-4.312571554419423e-6
0.807	-4.3014279586715675e-6
0.8075	-4.290284362923712e-6
0.808	-4.279140767175857e-6
0.8085	-4.267997171428005e-6
0.809	-4.25685357568015e-6
0.8095	-4.245709979932298e-6
0.81	-4.234566384184443e-6
0.8105	-4.2234227884365914e-6
0.811	-4.212279192688736e-6
0.8115	-4.2011355969408845e-6
0.812	-4.189992001193029e-6
0.8125	-4.178848405445174e-6
0.8130000000000001	-4.167704809697319e-6
0.8135	-4.156561213949467e-6
0.8140000000000001	-4.145417618201612e-6
0.8145	-4.13427402245376e-6
0.8150000000000001	-4.123130426705905e-6
0.8155	-4.111986830958053e-6
0.8160000000000001	-4.100843235210198e-6
0.8165	-4.089699639462346e-6
0.8170000000000001	-4.078556043714491e-6
0.8175	-4.067412447966636e-6
0.8180000000000001	-4.056268852218781e-6
0.8185	-4.045125256470929e-6
0.8190000000000001	-4.033981660723074e-6
0.8195	-4.022838064975222e-6
0.8200000000000001	-4.011694469227367e-6
0.8205	-4.000550873479515e-6
0.8210000000000001	-3.98940727773166e-6
0.8215	-3.978263681983808e-6
0.8220000000000001	-3.967120086235953e-6
0.8225	-3.955976490488098e-6
0.8230000000000001	-3.9448328947402424e-6
0.8235	-3.933689298992391e-6
0.8240000000000001	-3.9225457032445355e-6
0.8245	-3.911402107496684e-6
0.8250000000000001	-3.9002585117488285e-6
0.8255	-3.889114916000977e-6
0.8260000000000001	-3.8779713202531215e-6
0.8265	-3.86682772450527e-6
0.8270000000000001	-3.8556841287574145e-6
0.8275	-3.844540533009559e-6
0.8280000000000001	-3.8333969372617076e-6
0.8285	-3.822253341513852e-6
0.8290000000000001	-3.8111097457659972e-6
0.8295	-3.7999661500181454e-6
0.8300000000000001	-3.7888225542702902e-6
0.8305	-3.7776789585224384e-6
0.8310000000000001	-3.7665353627745833e-6
0.8315	-3.7553917670267315e-6
0.8320000000000001	-3.7442481712788763e-6
0.8325	-3.7331045755310245e-6
0.833	-3.7219609797831693e-6
0.8335	-3.710817384035314e-6
0.834	-3.6996737882874624e-6
0.8345	-3.688530192539607e-6
0.835	-3.6773865967917554e-6
0.8355	-3.6662430010439e-6
0.836	-3.6550994052960484e-6
0.8365	-3.6439558095481932e-6
0.837	-3.6328122138003414e-6
0.8375	-3.6216686180524863e-6
0.838	-3.610525022304631e-6
0.8385	-3.599381426556776e-6
0.839	-3.588237830808924e-6
0.8395	-3.577094235061069e-6
0.84	-3.565950639313217e-6
0.8405	-3.554807043565362e-6
0.841	-3.54366344781751e-6
0.8415	-3.532519852069655e-6
0.842	-3.521376256321803e-6
0.8425	-3.510232660573948e-6
0.843	-3.499089064826093e-6
0.8435	-3.4879454690782377e-6
0.844	-3.476801873330386e-6
0.8445	-3.4656582775825307e-6
0.845	-3.454514681834679e-6
0.8455	-3.4433710860868237e-6
0.846	-3.432227490338972e-6
0.8465	-3.4210838945911167e-6
0.847	-3.409940298843265e-6
0.8475	-3.3987967030954098e-6
0.848	-3.3876531073475546e-6
0.8485	-3.3765095115996994e-6
0.849	-3.3653659158518476e-6
0.8495	-3.3542223201039924e-6
0.85	-3.3430787243561406e-6
0.8505	-3.3319351286082855e-6
0.851	-3.3207915328604337e-6
0.8515	-3.3096479371125785e-6
0.852	-3.2985043413647267e-6
0.8525	-3.2873607456168715e-6
0.853	-3.2762171498690163e-6
0.8535	-3.2650735541211645e-6
0.854	-3.2539299583733094e-6
0.8545	-3.242786362625454e-6
0.855	-3.2316427668776024e-6
0.8555	-3.2204991711297472e-6
0.856	-3.2093555753818954e-6
0.8565	-3.1982119796340402e-6
0.857	-3.1870683838861884e-6
0.8575	-3.1759247881383333e-6
0.858	-3.1647811923904815e-6
0.8585	-3.1536375966426263e-6
0.859	-3.142494000894771e-6
0.8595	-3.131350405146916e-6
0.86	-3.120206809399064e-6
0.8605	-3.109063213651209e-6
0.861	-3.097919617903357e-6
0.8615	-3.086776022155502e-6
0.862	-3.07563242640765e-6
0.8625	-3.064488830659795e-6
0.863	-3.0533452349119432e-6
0.8635	-3.042201639164088e-6
0.864	-3.031058043416233e-6
0.8645	-3.0199144476683777e-6
0.865	-3.008770851920526e-6
0.8655	-2.9976272561726707e-6
0.866	-2.986483660424819e-6
0.8665	-2.9753400646769637e-6
0.867	-2.964196468929112e-6
0.8675	-2.9530528731812568e-6
0.868	-2.941909277433405e-6
0.8685	-2.93076568168555e-6
0.869	-2.9196220859376946e-6
0.8695	-2.9084784901898394e-6
0.87	-2.8973348944419877e-6
0.8705	-2.8861912986941325e-6
0.871	-2.8750477029462807e-6
0.8715	-2.8639041071984255e-6
0.872	-2.8527605114505737e-6
0.8725	-2.8416169157027185e-6
0.873	-2.8304733199548667e-6
0.8735	-2.8193297242070116e-6
0.874	-2.8081861284591564e-6
0.8745	-2.797042532711301e-6
0.875	-2.7858989369634494e-6
0.8755000000000001	-2.7747553412155942e-6
0.876	-2.7636117454677424e-6
0.8765000000000001	-2.7524681497198873e-6
0.877	-2.7413245539720355e-6
0.8775000000000001	-2.7301809582241803e-6
0.878	-2.7190373624763285e-6
0.8785000000000001	-2.7078937667284733e-6
0.879	-2.696750170980618e-6
0.8795000000000001	-2.6856065752327663e-6
0.88	-2.674462979484911e-6
0.8805000000000001	-2.663319383737056e-6
0.881	-2.652175787989204e-6
0.8815000000000001	-2.641032192241349e-6
0.882	-2.6298885964934972e-6
0.8825000000000001	-2.618745000745642e-6
0.883	-2.6076014049977902e-6
0.8835000000000001	-2.596457809249935e-6
0.884	-2.5853142135020833e-6
0.8845000000000001	-2.574170617754228e-6
0.885	-2.563027022006373e-6
0.8855000000000001	-2.5518834262585177e-6
0.886	-2.540739830510666e-6
0.8865000000000001	-2.5295962347628108e-6
0.887	-2.518452639014959e-6
0.8875000000000001	-2.5073090432671038e-6
0.888	-2.496165447519252e-6
0.8885000000000001	-2.485021851771397e-6
0.889	-2.473878256023545e-6
0.8895000000000001	-2.46273466027569e-6
0.89	-2.4515910645278347e-6
0.8905000000000001	-2.4404474687799795e-6
0.891	-2.4293038730321277e-6
0.8915000000000001	-2.4181602772842725e-6
0.892	-2.4070166815364207e-6
0.8925000000000001	-2.3958730857885655e-6
0.893	-2.3847294900407137e-6
0.8935000000000001	-2.3735858942928586e-6
0.894	-2.3624422985450068e-6
0.8945000000000001	-2.3512987027971516e-6
0.895	-2.3401551070492964e-6
0.8955000000000001	-2.3290115113014412e-6
0.896	-2.3178679155535894e-6
0.8965	-2.3067243198057377e-6
0.897	-2.2955807240578825e-6
0.8975	-2.2844371283100307e-6
0.898	-2.2732935325621755e-6
0.8985	-2.2621499368143237e-6
0.899	-2.2510063410664685e-6
0.8995	-2.2398627453186133e-6
0.9	-2.228719149570758e-6
0.9005	-2.2175755538229064e-6
0.901	-2.206431958075051e-6
0.9015	-2.1952883623271994e-6
0.902	-2.1841447665793442e-6
0.9025	-2.1730011708314924e-6
0.903	-2.1618575750836373e-6
0.9035	-2.1507139793357855e-6
0.904	-2.1395703835879303e-6
0.9045	-2.128426787840075e-6
0.905	-2.11728319209222e-6
0.9055	-2.106139596344368e-6
0.906	-2.094996000596513e-6
0.9065	-2.083852404848661e-6
0.907	-2.072708809100806e-6
0.9075	-2.061565213352954e-6
0.908	-2.050421617605099e-6
0.9085	-2.0392780218572472e-6
0.909	-2.028134426109392e-6
0.9095	-2.016990830361537e-6
0.91	-2.005847234613685e-6
0.9105	-1.99470363886583e-6
0.911	-1.9835600431179747e-6
0.9115	-1.972416447370123e-6
0.912	-1.9612728516222677e-6
0.9125	-1.950129255874416e-6
0.913	-1.9389856601265608e-6
0.9135	-1.927842064378709e-6
0.914	-1.9166984686308538e-6
0.9145	-1.905554872883002e-6
0.915	-1.8944112771351468e-6
0.9155	-1.8832676813872916e-6
0.916	-1.8721240856394365e-6
0.9165	-1.8609804898915847e-6
0.917	-1.8498368941437295e-6
0.9175	-1.8386932983958777e-6
0.918	-1.8275497026480225e-6
0.9185	-1.8164061069001707e-6
0.919	-1.8052625111523155e-6
0.9195	-1.7941189154044637e-6
0.92	-1.7829753196566086e-6
0.9205	-1.7718317239087534e-6
0.921	-1.7606881281608982e-6
0.9215	-1.7495445324130464e-6
0.922	-1.7384009366651912e-6
0.9225	-1.7272573409173394e-6
0.923	-1.7161137451694843e-6
0.9235	-1.7049701494216325e-6
0.924	-1.6938265536737773e-6
0.9245	-1.6826829579259255e-6
0.925	-1.6715393621780703e-6
0.9255	-1.6603957664302151e-6
0.926	-1.64925217068236e-6
0.9265	-1.6381085749345082e-6
0.927	-1.626964979186653e-6
0.9275	-1.6158213834388012e-6
0.928	-1.604677787690946e-6
0.9285	-1.5935341919430942e-6
0.929	-1.582390596195239e-6
0.9295	-1.5712470004473873e-6
0.93	-1.560103404699532e-6
0.9305	-1.5489598089516769e-6
0.931	-1.537816213203825e-6
0.9315	-1.52667261745597e-6
0.932	-1.5155290217081147e-6
0.9325	-1.504385425960263e-6
0.933	-1.4932418302124078e-6
0.9335	-1.482098234464556e-6
0.934	-1.4709546387167008e-6
0.9345	-1.459811042968849e-6
0.935	-1.4486674472209938e-6
0.9355	-1.437523851473142e-6
0.936	-1.4263802557252869e-6
0.9365	-1.4152366599774317e-6
0.937	-1.4040930642295765e-6
0.9375	-1.3929494684817247e-6
0.9380000000000001	-1.3818058727338695e-6
0.9385	-1.3706622769860177e-6
0.9390000000000001	-1.3595186812381626e-6
0.9395	-1.3483750854903108e-6
0.9400000000000001	-1.3372314897424556e-6
0.9405	-1.3260878939946038e-6
0.9410000000000001	-1.3149442982467486e-6
0.9415	-1.3038007024988934e-6
0.9420000000000001	-1.2926571067510382e-6
0.9425	-1.2815135110031865e-6
0.9430000000000001	-1.2703699152553313e-6
0.9435	-1.2592263195074795e-6
0.9440000000000001	-1.2480827237596243e-6
0.9445	-1.2369391280117725e-6
0.9450000000000001	-1.2257955322639173e-6
0.9455	-1.2146519365160655e-6
0.9460000000000001	-1.2035083407682104e-6
0.9465	-1.1923647450203552e-6
0.9470000000000001	-1.1812211492725e-6
0.9475	-1.1700775535246482e-6
0.9480000000000001	-1.158933957776793e-6
0.9485	-1.1477903620289412e-6
0.9490000000000001	-1.136646766281086e-6
0.9495	-1.1255031705332343e-6
0.9500000000000001	-1.114359574785379e-6
0.9505	-1.1032159790375273e-6
0.9510000000000001	-1.0920723832896721e-6
0.9515	-1.080928787541817e-6
0.9520000000000001	-1.0697851917939618e-6
0.9525	-1.05864159604611e-6
0.9530000000000001	-1.0474980002982548e-6
0.9535	-1.036354404550403e-6
0.9540000000000001	-1.0252108088025478e-6
0.9545	-1.014067213054696e-6
0.9550000000000001	-1.0029236173068408e-6
0.9555	-9.91780021558989e-7
0.9560000000000001	-9.806364258111339e-7
0.9565	-9.694928300632787e-7
0.9570000000000001	-9.583492343154269e-7
0.9575	-9.472056385675717e-7
0.9580000000000001	-9.360620428197165e-7
0.9585	-9.249184470718647e-7
0.9590000000000001	-9.137748513240096e-7
0.9595	-9.026312555761578e-7
0.96	-8.91487659828306e-7
0.9605	-8.803440640804508e-7
0.961	-8.692004683325956e-7
0.9615	-8.580568725847438e-7
0.962	-8.469132768368886e-7
0.9625	-8.357696810890335e-7
0.963	-8.246260853411817e-7
0.9635	-8.134824895933265e-7
0.964	-8.023388938454747e-7
0.9645	-7.911952980976195e-7
0.965	-7.800517023497677e-7
0.9655	-7.689081066019126e-7
0.966	-7.577645108540608e-7
0.9665	-7.466209151062056e-7
0.967	-7.354773193583504e-7
0.9675	-7.243337236104952e-7
0.968	-7.131901278626434e-7
0.9685	-7.020465321147882e-7
0.969	-6.909029363669365e-7
0.9695	-6.797593406190813e-7
0.97	-6.686157448712295e-7
0.9705	-6.574721491233743e-7
0.971	-6.463285533755225e-7
0.9715	-6.351849576276673e-7
0.972	-6.240413618798122e-7
0.9725	-6.12897766131957e-7
0.973	-6.017541703841052e-7
0.9735	-5.9061057463625e-7
0.974	-5.794669788883982e-7
0.9745	-5.68323383140543e-7
0.975	-5.571797873926912e-7
0.9755	-5.460361916448361e-7
0.976	-5.348925958969843e-7
0.9765	-5.237490001491291e-7
0.977	-5.126054044012739e-7
0.9775	-5.014618086534187e-7
0.978	-4.903182129055669e-7
0.9785	-4.791746171577118e-7
0.979	-4.6803102140985996e-7
0.9795	-4.568874256620048e-7
0.98	-4.45743829914153e-7
0.9805	-4.346002341662978e-7
0.981	-4.23456638418446e-7
0.9815	-4.1231304267059084e-7
0.982	-4.0116944692273566e-7
0.9825	-3.900258511748805e-7
0.983	-3.788822554270287e-7
0.9835	-3.677386596791735e-7
0.984	-3.565950639313217e-7
0.9845	-3.4545146818346653e-7
0.985	-3.3430787243561474e-7
0.9855	-3.2316427668775956e-7
0.986	-3.1202068093990777e-7
0.9865	-3.008770851920526e-7
0.987	-2.897334894441974e-7
0.9875	-2.785898936963456e-7
0.988	-2.6744629794849044e-7
0.9885	-2.5630270220063526e-7
0.989	-2.4515910645278347e-7
0.9895	-2.3401551070492829e-7
0.99	-2.228719149570765e-7
0.9905	-2.1172831920922131e-7
0.991	-2.0058472346136952e-7
0.9915	-1.8944112771351434e-7
0.992	-1.7829753196566255e-7
0.9925	-1.6715393621780737e-7
0.993	-1.560103404699522e-7
0.9935	-1.44866744722097e-7
0.994	-1.3372314897424522e-7
0.9945	-1.2257955322639004e-7
0.995	-1.1143595747853825e-7
0.9955	-1.0029236173068307e-7
0.996	-8.914876598283128e-8
0.9965	-7.80051702349761e-8
0.997	-6.68615744871243e-8
0.9975	-5.5717978739269124e-8
0.998	-4.4574382991413944e-8
0.9985	-3.3430787243558764e-8
0.999	-2.2287191495706972e-8
0.9995	-1.1143595747851792e-8