0.	0.
0.0005	1.4180835599676495e7
0.001	2.8361671199355192e7
0.0015	4.254250679903389e7
0.002	5.6723342398710385e7
0.0025	7.090417799838908e7
0.003	8.508501359806778e7
0.0035	9.926584919773987e7
0.004	1.1344668479741636e8
0.0045000000000000005	1.2762752039709507e8
0.005	1.4180835599677154e8
0.0055	1.5598919159644806e8
0.006	1.7017002719612673e8
0.006500000000000001	1.8435086279580542e8
0.007	1.9853169839548415e8
0.0075	2.1271253399516064e8
0.008	2.2689336959483492e8
0.0085	2.4107420519451803e8
0.009000000000000001	2.5525504079419455e8
0.0095	2.6943587639386445e8
0.01	2.836167119935453e8
0.0105	2.977975475932262e8
0.011	3.1197838319290054e8
0.0115	3.2615921879257697e8
0.012	3.403400543922557e8
0.0125	3.545208899919344e8
0.013000000000000001	3.6870172559161085e8
0.0135	3.828825611912896e8
0.014	3.970633967909661e8
0.0145	4.112442323906447e8
0.015	4.254250679903257e8
0.0155	4.3960590358999556e8
0.016	4.5378673918966985e8
0.0165	4.6796757478935295e8
0.017	4.8214841038902944e8
0.0175	4.9632924598870593e8
0.018000000000000002	5.1051008158838683e8
0.0185	5.246909171880612e8
0.019	5.388717527877399e8
0.0195	5.530525883874164e8
0.02	5.672334239870929e8
0.0205	5.814142595867715e8
0.021	5.95595095186448e8
0.021500000000000002	6.097759307861267e8
0.022	6.239567663858011e8
0.0225	6.381376019854797e8
0.023	6.523184375851583e8
0.0235	6.664992731848348e8
0.024	6.806801087845114e8
0.0245	6.948609443841901e8
0.025	7.090417799838666e8
0.025500000000000002	7.232226155835453e8
0.026000000000000002	7.374034511832217e8
0.0265	7.515842867829005e8
0.027	7.657651223825814e8
0.0275	7.799459579822513e8
0.028	7.941267935819278e8
0.0285	8.083076291816087e8
0.029	8.224884647812852e8
0.029500000000000002	8.366693003809615e8
0.03	8.508501359806404e8
0.0305	8.650309715803169e8
0.031	8.792118071799955e8
0.0315	8.93392642779672e8
0.032	9.075734783793507e8
0.0325	9.217543139790294e8
0.033	9.359351495787059e8
0.0335	9.501159851783803e8
0.034	9.642968207780545e8
0.0345	9.784776563777354e8
0.035	9.926584919774119e8
0.035500000000000004	1.0068393275770885e9
0.036000000000000004	1.0210201631767671e9
0.0365	1.0352009987764457e9
0.037	1.0493818343761224e9
0.0375	1.063562669975801e9
0.038	1.0777435055754797e9
0.0385	1.0919243411751583e9
0.039	1.1061051767748327e9
0.0395	1.1202860123745124e9
0.04	1.1344668479741836e9
0.0405	1.148647683573862e9
0.041	1.1628285191735387e9
0.0415	1.1770093547732174e9
0.042	1.1911901903728938e9
0.0425	1.2053710259725726e9
0.043000000000000003	1.219551861572251e9
0.043500000000000004	1.23373269717193e9
0.044	1.2479135327716064e9
0.0445	1.262094368371283e9
0.045	1.2762752039709616e9
0.0455	1.290456039570637e9
0.046	1.3046368751703124e9
0.0465	1.3188177107699888e9
0.047	1.3329985463696675e9
0.0475	1.3471793819693418e9
0.048	1.361360217569025e9
0.0485	1.3755410531687038e9
0.049	1.389721888768378e9
0.0495	1.4039027243680568e9
0.05	1.4180835599677353e9
0.0505	1.4322643955674117e9
0.051000000000000004	1.4464452311670907e9
0.051500000000000004	1.4606260667667649e9
0.052000000000000005	1.4748069023664415e9
0.0525	1.4889877379661179e9
0.053	1.5031685735657964e9
0.0535	1.517349409165473e9
0.054	1.5315302447651517e9
0.0545	1.545711080364828e9
0.055	1.5598919159645047e9
0.0555	1.5740727515641835e9
0.056	1.588253587163862e9
0.0565	1.6024344227635407e9
0.057	1.6166152583632174e9
0.0575	1.6307960939628925e9
0.058	1.6449769295625682e9
0.0585	1.659157765162249e9
0.059000000000000004	1.673338600761923e9
0.059500000000000004	1.6875194363616e9
0.06	1.7017002719612784e9
0.0605	1.7158811075609548e9
0.061	1.7300619431606338e9
0.0615	1.7442427787603123e9
0.062	1.758423614359991e9
0.0625	1.7726044499596674e9
0.063	1.7867852855593464e9
0.0635	1.800966121159024e9
0.064	1.815146956758695e9
0.0645	1.8293277923583734e9
0.065	1.84350862795805e9
0.0655	1.8576894635577288e9
0.066	1.8718702991574075e9
0.0665	1.886051134757084e9
0.067	1.9002319703567626e9
0.0675	1.9144128059564414e9
0.068	1.9285936415561202e9
0.0685	1.9427744771557987e9
0.069	1.956955312755475e9
0.0695	1.9711361483551517e9
0.07	1.9853169839548204e9
0.07050000000000001	1.9994978195545e9
0.07100000000000001	2.0136786551541789e9
0.07150000000000001	2.0278594907538598e9
0.07200000000000001	2.0420403263535342e9
0.0725	2.056221161953213e9
0.073	2.0704019975528915e9
0.0735	2.084582833152568e9
0.074	2.0987636687522426e9
0.0745	2.1129445043519232e9
0.075	2.127125339951602e9
0.0755	2.1413061755512795e9
0.076	2.155487011150951e9
0.0765	2.1696678467506294e9
0.077	2.183848682350308e9
0.0775	2.198029517949984e9
0.078	2.212210353549663e9
0.0785	2.2263911891493397e9
0.079	2.240572024749018e9
0.0795	2.254752860348695e9
0.08	2.268933695948374e9
0.0805	2.2831145315480523e9
0.081	2.297295367147729e9
0.0815	2.3114762027474074e9
0.082	2.325657038347076e9
0.0825	2.3398378739467535e9
0.083	2.354018709546435e9
0.0835	2.368199545146111e9
0.084	2.38238038074579e9
0.0845	2.3965612163454685e9
0.085	2.410742051945147e9
0.0855	2.4249228875448236e9
0.08600000000000001	2.439103723144502e9
0.08650000000000001	2.453284558744179e9
0.08700000000000001	2.467465394343858e9
0.08750000000000001	2.4816462299435344e9
0.088	2.495827065543208e9
0.0885	2.5100079011428847e9
0.089	2.5241887367425637e9
0.0895	2.53836957234224e9
0.09	2.552550407941919e9
0.0905	2.5667312435415955e9
0.091	2.580912079141274e9
0.0915	2.595092914740953e9
0.092	2.6092737503406296e9
0.0925	2.6234545859403076e9
0.093	2.637635421539984e9
0.0935	2.6518162571396627e9
0.094	2.665997092739334e9
0.0945	2.6801779283390117e9
0.095	2.6943587639386907e9
0.0955	2.7085395995383687e9
0.096	2.722720435138046e9
0.0965	2.7369012707377243e9
0.097	2.751082106337403e9
0.0975	2.7652629419370794e9
0.098	2.779443777536758e9
0.0985	2.7936246131364346e9
0.099	2.8078054487361135e9
0.0995	2.821986284335792e9
0.1	2.8361671199354677e9
0.1005	2.8503479555351405e9
0.101	2.8645287911348195e9
0.1015	2.8787096267344956e9
0.10200000000000001	2.89289046233417e9
0.10250000000000001	2.907071297933855e9
0.10300000000000001	2.9212521335335298e9
0.10350000000000001	2.9354329691332064e9
0.10400000000000001	2.949613804732885e9
0.1045	2.963794640332566e9
0.105	2.97797547593224e9
0.1055	2.9921563115319166e9
0.106	3.0063371471315923e9
0.1065	3.0205179827312694e9
0.107	3.034698818330946e9
0.1075	3.0488796539306245e9
0.108	3.0630604895303035e9
0.1085	3.07724132512998e9
0.109	3.091422160729656e9
0.1095	3.105602996329335e9
0.11	3.1197838319290137e9
0.1105	3.1339646675286903e9
0.111	3.1481455031283693e9
0.1115	3.1623263387280498e9
0.112	3.1765071743277254e9
0.1125	3.1906880099274015e9
0.113	3.2048688455270753e9
0.1135	3.2190496811267514e9
0.114	3.2332305167264304e9
0.1145	3.247411352326107e9
0.115	3.261592187925785e9
0.1155	3.275773023525464e9
0.116	3.2899538591251407e9
0.1165	3.304134694724819e9
0.117	3.318315530324498e9
0.11750000000000001	3.3324963659241767e9
0.11800000000000001	3.346677201523851e9
0.11850000000000001	3.3608580371235223e9
0.11900000000000001	3.3750388727232018e9
0.11950000000000001	3.3892197083228803e9
0.12	3.403400543922557e9
0.1205	3.417581379522236e9
0.121	3.4317622151219096e9
0.1215	3.445943050721591e9
0.122	3.46012388632127e9
0.1225	3.474304721920946e9
0.123	3.4884855575206246e9
0.1235	3.5026663931203012e9
0.124	3.516847228719983e9
0.1245	3.5310280643196573e9
0.125	3.5452088999193287e9
0.1255	3.5593897355190115e9
0.126	3.573570571118688e9
0.1265	3.5877514067183647e9
0.127	3.601932242318043e9
0.1275	3.61611307791772e9
0.128	3.6302939135173984e9
0.1285	3.644474749117075e9
0.129	3.6586555847167516e9
0.1295	3.67283642031643e9
0.13	3.687017255916109e9
0.1305	3.70119809151578e9
0.131	3.7153789271154575e9
0.1315	3.729559762715136e9
0.132	3.743740598314817e9
0.1325	3.7579214339144917e9
0.133	3.772102269514168e9
0.1335	3.786283105113847e9
0.134	3.8004639407135253e9
0.1345	3.8146447763132086e9
0.135	3.8288256119128804e9
0.1355	3.8430064475125613e9
0.136	3.8571872831122355e9
0.1365	3.871368118711913e9
0.137	3.885548954311592e9
0.1375	3.899729789911265e9
0.138	3.913910625510944e9
0.1385	3.928091461110618e9
0.139	3.9422722967102966e9
0.1395	3.9564531323099756e9
0.14	3.970633967909652e9
0.1405	3.9848148035093307e9
0.14100000000000001	3.9989956391090093e9
0.14150000000000001	4.013176474708686e9
0.14200000000000002	4.0273573103083625e9
0.14250000000000002	4.041538145908041e9
0.14300000000000002	4.0557189815077167e9
0.14350000000000002	4.069899817107392e9
0.14400000000000002	4.0840806527070727e9
0.1445	4.098261488306747e9
0.145	4.112442323906426e9
0.1455	4.1266231595061016e9
0.146	4.140803995105781e9
0.1465	4.1549848307054596e9
0.147	4.169165666305136e9
0.1475	4.183346501904813e9
0.148	4.1975273375044923e9
0.1485	4.211708173104173e9
0.149	4.2258890087038417e9
0.1495	4.2400698443035183e9
0.15	4.254250679903197e9
0.1505	4.2684315155028763e9
0.151	4.282612351102553e9
0.1515	4.296793186702231e9
0.152	4.310974022301908e9
0.1525	4.325154857901589e9
0.153	4.339335693501263e9
0.1535	4.353516529100942e9
0.154	4.367697364700621e9
0.1545	4.381878200300291e9
0.155	4.396059035899968e9
0.1555	4.410239871499648e9
0.156	4.424420707099326e9
0.1565	4.438601542699003e9
0.157	4.452782378298681e9
0.1575	4.466963213898358e9
0.158	4.481144049498036e9
0.1585	4.495324885097717e9
0.159	4.509505720697394e9
0.1595	4.5236865562970705e9
0.16	4.537867391896748e9
0.1605	4.552048227496425e9
0.161	4.566229063096104e9
0.1615	4.580409898695776e9
0.162	4.594590734295455e9
0.1625	4.608771569895131e9
0.163	4.622952405494808e9
0.1635	4.637133241094486e9
0.164	4.651314076694166e9
0.1645	4.665494912293844e9
0.165	4.679675747893525e9
0.1655	4.693856583493197e9
0.166	4.7080374190928755e9
0.1665	4.722218254692553e9
0.167	4.736399090292227e9
0.1675	4.750579925891908e9
0.168	4.764760761491582e9
0.1685	4.778941597091261e9
0.169	4.793122432690937e9
0.1695	4.807303268290616e9
0.17	4.821484103890294e9
0.1705	4.835664939489971e9
0.171	4.849845775089649e9
0.1715	4.864026610689329e9
0.17200000000000001	4.878207446289002e9
0.17250000000000001	4.8923882818886795e9
0.17300000000000001	4.9065691174883585e9
0.17350000000000002	4.920749953088036e9
0.17400000000000002	4.934930788687713e9
0.17450000000000002	4.94911162428739e9
0.17500000000000002	4.963292459887064e9
0.17550000000000002	4.977473295486745e9
0.176	4.991654131086421e9
0.1765	5.0058349666861e9
0.177	5.020015802285774e9
0.1775	5.034196637885451e9
0.178	5.048377473485132e9
0.1785	5.06255830908481e9
0.179	5.076739144684483e9
0.1795	5.090919980284163e9
0.18	5.105100815883838e9
0.1805	5.119281651483516e9
0.181	5.133462487083196e9
0.1815	5.147643322682871e9
0.182	5.161824158282546e9
0.1825	5.176004993882227e9
0.183	5.190185829481906e9
0.1835	5.204366665081582e9
0.184	5.218547500681256e9
0.1845	5.232728336280936e9
0.185	5.246909137714359e9
0.1855	5.261088829148733e9
0.186	5.275266898471045e9
0.1865	5.289443346084006e9
0.187	5.30361817239029e9
0.1875	5.317791377792562e9
0.188	5.331962962693452e9
0.1885	5.346132927495566e9
0.189	5.360301272601497e9
0.1895	5.374467998413802e9
0.19	5.388633105335016e9
0.1905	5.402796593767666e9
0.191	5.416958464114236e9
0.1915	5.4311187167771845e9
0.192	5.445277352158961e9
0.1925	5.459434370661986e9
0.193	5.473589772688652e9
0.1935	5.487743558641322e9
0.194	5.501895728922347e9
0.1945	5.516046283934046e9
0.195	5.530195224078708e9
0.1955	5.544342549758622e9
0.196	5.5584882613760195e9
0.1965	5.572632359333124e9
0.197	5.586774844032136e9
0.1975	5.600915715875226e9
0.198	5.615054975264552e9
0.1985	5.629192622602221e9
0.199	5.643328658290341e9
0.1995	5.65746308273098e9
0.2	5.67159589632619e9
0.2005	5.685727099477987e9
0.201	5.699856692588374e9
0.2015	5.713984676059324e9
0.202	5.728111050292778e9
0.2025	5.7422358156906595e9
0.203	5.756358972654864e9
0.20350000000000001	5.770480521587259e9
0.20400000000000001	5.784600462889694e9
0.20450000000000002	5.79871879696399e9
0.20500000000000002	5.812835524211929e9
0.20550000000000002	5.826950645035288e9
0.20600000000000002	5.841064159835804e9
0.20650000000000002	5.855176069015199e9
0.20700000000000002	5.869286372975158e9
0.20750000000000002	5.88339507211734e9
0.20800000000000002	5.897502166843391e9
0.2085	5.911607657554918e9
0.209	5.925711544653508e9
0.2095	5.93981382854072e9
0.21	5.953914509618081e9
0.2105	5.9680135882871065e9
0.211	5.982111064949272e9
0.2115	5.996206940006027e9
0.212	6.010301213858805e9
0.2125	6.024393886909008e9
0.213	6.038484959558002e9
0.2135	6.052574432207135e9
0.214	6.066662305257729e9
0.2145	6.08074857911107e9
0.215	6.094833254168442e9
0.2155	6.108916330831066e9
0.216	6.122997809500163e9
0.2165	6.13707769057692e9
0.217	6.151155974462489e9
0.2175	6.165232661558008e9
0.218	6.179307752264571e9
0.2185	6.19338124698326e9
0.219	6.207453146115123e9
0.2195	6.221523450061178e9
0.22	6.235592159222425e9
0.2205	6.249659273999825e9
0.221	6.263724794794311e9
0.2215	6.277788722006813e9
0.222	6.291851056038196e9
0.2225	6.305911797289319e9
0.223	6.3199709461610155e9
0.2235	6.334028503054084e9
0.224	6.348084468369291e9
0.2245	6.36213884250738e9
0.225	6.376191625869071e9
0.2255	6.39024281885505e9
0.226	6.404292421865967e9
0.2265	6.418340435302469e9
0.227	6.432386859565141e9
0.2275	6.446431695054573e9
0.228	6.460474942171298e9
0.2285	6.474516601315843e9
0.229	6.488556672888684e9
0.2295	6.502595157290292e9
0.23	6.516632054921089e9
0.2305	6.530667366181485e9
0.231	6.544701091471853e9
0.2315	6.55873323119253e9
0.232	6.572763785743837e9
0.2325	6.586792755526058e9
0.233	6.600820140939453e9
0.2335	6.6148459423842535e9
0.234	6.628870160260649e9
0.23450000000000001	6.642892794968817e9
0.23500000000000001	6.656913846908892e9
0.23550000000000001	6.670933316480995e9
0.23600000000000002	6.684951204085201e9
0.23650000000000002	6.698967510121562e9
0.23700000000000002	6.712982234990102e9
0.23750000000000002	6.726995379090819e9
0.23800000000000002	6.7410069428236685e9
0.23850000000000002	6.755016926588591e9
0.23900000000000002	6.769025330785482e9
0.23950000000000002	6.783032155814226e9
0.24	6.797037402074661e9
0.2405	6.811041069966609e9
0.241	6.825043159889843e9
0.2415	6.839043672244125e9
0.242	6.853042607429182e9
0.2425	6.867039965844704e9
0.243	6.881035747890351e9
0.2435	6.895029953965761e9
0.244	6.90902258447054e9
0.2445	6.923013639804252e9
0.245	6.937003120366445e9
0.2455	6.950991026556635e9
0.246	6.964977358774295e9
0.2465	6.978962117418882e9
0.247	6.992945302889817e9
0.2475	7.006926915586482e9
0.248	7.020906955908237e9
0.2485	7.034885424254418e9
0.249	7.04886232102431e9
0.2495	7.062837646617184e9
0.25	7.076811401432274e9
0.2505	7.09078358586878e9
0.251	7.104754200325879e9
0.2515	7.118723245202708e9
0.252	7.132690720898382e9
0.2525	7.146656627811974e9
0.253	7.160620966342534e9
0.2535	7.174583736889078e9
0.254	7.188544939850585e9
0.2545	7.202504575626014e9
0.255	7.216462644614281e9
0.2555	7.230419147214271e9
0.256	7.244374083824851e9
0.2565	7.258327454844842e9
0.257	7.272279260673032e9
0.2575	7.286229501708192e9
0.258	7.300178178349042e9
0.2585	7.314125290994288e9
0.259	7.328070840042592e9
0.2595	7.342014825892593e9
0.26	7.355957248942883e9
0.2605	7.369898109592034e9
0.261	7.383837408238581e9
0.2615	7.397775145281034e9
0.262	7.411711321117861e9
0.2625	7.425645936147496e9
0.263	7.439578990768356e9
0.2635	7.453510485378803e9
0.264	7.467440420377185e9
0.2645	7.481368796161813e9
0.265	7.495295613130956e9
0.2655	7.50922087168287e9
0.266	7.523144572215744e9
0.2665	7.537066715127775e9
0.267	7.550987300817094e9
0.2675	7.564906329681817e9
0.268	7.578823802120027e9
0.2685	7.592739718529754e9
0.269	7.606654079309023e9
0.2695	7.620566884855805e9
0.27	7.634478135568047e9
0.2705	7.648387831843658e9
0.271	7.662295974080519e9
0.2715	7.676202562676466e9
0.272	7.690107598029326e9
0.2725	7.704011080536864e9
0.273	7.717913010596823e9
0.2735	7.731813388606917e9
0.274	7.745712214964813e9
0.2745	7.759609490068168e9
0.275	7.773505214314572e9
0.2755	7.787399388101611e9
0.276	7.801292011826822e9
0.2765	7.815183085887706e9
0.277	7.829072610681742e9
0.2775	7.842960586606356e9
0.278	7.856847014058969e9
0.2785	7.870731893436926e9
0.279	7.884615225137581e9
0.2795	7.898497009558225e9
0.28	7.9123772470961275e9
0.2805	7.926255938148518e9
0.281	7.940133083112582e9
0.28150000000000003	7.954008682385493e9
0.28200000000000003	7.967882736364375e9
0.28250000000000003	7.981755245446317e9
0.28300000000000003	7.995626210028381e9
0.28350000000000003	8.009495630507583e9
0.28400000000000003	8.023363507280913e9
0.28450000000000003	8.03722984074532e9
0.28500000000000003	8.051094631297727e9
0.28550000000000003	8.064957879335013e9
0.28600000000000003	8.078819585254025e9
0.28650000000000003	8.092679749451569e9
0.28700000000000003	8.1065383723244295e9
0.28750000000000003	8.120395454269341e9
0.28800000000000003	8.13425099568301e9
0.2885	8.148104996962105e9
0.289	8.161957458503267e9
0.2895	8.175808380703092e9
0.29	8.189657763958132e9
0.2905	8.203505608664928e9
0.291	8.217351915219971e9
0.2915	8.23119668401971e9
0.292	8.2450399154605665e9
0.2925	8.258881609938929e9
0.293	8.27272176785114e9
0.2935	8.286560389593514e9
0.294	8.300397475562322e9
0.2945	8.314233026153805e9
0.295	8.328067041764174e9
0.2955	8.341899522789595e9
0.296	8.355730469626194e9
0.2965	8.369559882670063e9
0.297	8.383387762317276e9
0.2975	8.397214108963831e9
0.298	8.41103892300573e9
0.2985	8.424862204838914e9
0.299	8.438683954859296e9
0.2995	8.452504173462753e9
0.3	8.466322861045125e9
0.3005	8.480140018002205e9
0.301	8.4939556447297735e9
0.3015	8.50776974162354e9
0.302	8.521582309079208e9
0.3025	8.535393347492429e9
0.303	8.549202857258816e9
0.3035	8.563010838773949e9
0.304	8.576817292433372e9
0.3045	8.590622218632586e9
0.305	8.604425617767061e9
0.3055	8.618227490232227e9
0.306	8.632027836423481e9
0.3065	8.64582665673617e9
0.307	8.659623951565626e9
0.3075	8.673419721307114e9
0.308	8.687213966355885e9
0.3085	8.701006687107141e9
0.309	8.714797883956043e9
0.3095	8.728587557297733e9
0.31	8.742375707527296e9
0.3105	8.756162335039783e9
0.311	8.769947440230215e9
0.3115	8.78373102349356e9
0.312	8.79751308522477e9
0.3125	8.811293625818733e9
0.313	8.825072645670315e9
0.3135	8.838850145174355e9
0.314	8.85262612472562e9
0.3145	8.86640058471887e9
0.315	8.880173525548815e9
0.3155	8.893944947610119e9
0.316	8.907714851297419e9
0.3165	8.921483237005304e9
0.317	8.935250105128336e9
0.3175	8.949015456061024e9
0.318	8.96277929019785e9
0.3185	8.976541607933258e9
0.319	8.990302409661642e9
0.3195	9.004061695777359e9
0.32	9.017819466674747e9
0.3205	9.031575722748075e9
0.321	9.045330464391594e9
0.3215	9.059083691999502e9
0.322	9.07283540596597e9
0.3225	9.086585606685125e9
0.323	9.10033429455105e9
0.3235	9.1140814699578e9
0.324	9.127827133299374e9
0.3245	9.141571284969751e9
0.325	9.155313925362854e9
0.3255	9.169055054872576e9
0.326	9.182794673892765e9
0.3265	9.196532782817232e9
0.327	9.210269382039755e9
0.3275	9.224004471954052e9
0.328	9.237738052953825e9
0.3285	9.25147012543272e9
0.329	9.265200689784348e9
0.3295	9.278929746402285e9
0.33	9.292657295680061e9
0.3305	9.306383338011154e9
0.331	9.320107873789042e9
0.3315	9.333830903407112e9
0.332	9.347552427258743e9
0.3325	9.361272445737265e9
0.333	9.374990959235975e9
0.3335	9.388707968148111e9
0.334	9.402423472866888e9
0.3345	9.41613747378547e9
0.335	9.429849971296988e9
0.3355	9.443560965794529e9
0.336	9.457270457671135e9
0.3365	9.47097844731982e9
0.337	9.484684935133545e9
0.3375	9.49838992150523e9
0.338	9.512093406827757e9
0.3385	9.525795391493982e9
0.339	9.53949587589669e9
0.3395	9.55319486042865e9
0.34	9.566892345482574e9
0.3405	9.580588331451147e9
0.341	9.594282818727003e9
0.3415	9.60797580770273e9
0.342	9.621667298770893e9
0.3425	9.635357292323994e9
0.343	9.649045788754503e9
0.3435	9.662732788454866e9
0.34400000000000003	9.676418291817451e9
0.34450000000000003	9.690102299234615e9
0.34500000000000003	9.703784811098663e9
0.34550000000000003	9.717465827801853e9
0.34600000000000003	9.731145349736406e9
0.34650000000000003	9.744823377294502e9
0.34700000000000003	9.758499910868284e9
0.34750000000000003	9.772174950849836e9
0.34800000000000003	9.78584849763122e9
0.34850000000000003	9.799520551604445e9
0.34900000000000003	9.813191113161474e9
0.34950000000000003	9.826860182694242e9
0.35000000000000003	9.840527760594637e9
0.35050000000000003	9.85419384725449e9
0.35100000000000003	9.86785844306561e9
0.35150000000000003	9.881521548419752e9
0.352	9.895183163708633e9
0.3525	9.908843289323921e9
0.353	9.922501925657253e9
0.3535	9.936159073100208e9
0.354	9.949814732044346e9
0.3545	9.963468902881159e9
0.355	9.977121586002102e9
0.3555	9.990772781798597e9
0.356	1.0004422490662031e10
0.3565	1.0018070712983719e10
0.357	1.003171744915496e10
0.3575	1.004536269956698e10
0.358	1.005900646461101e10
0.3585	1.0072648744678186e10
0.359	1.0086289540159636e10
0.3595	1.0099928851446428e10
0.36	1.0113566678929596e10
0.3605	1.0127203023000122e10
0.361	1.0140837884048948e10
0.3615	1.0154471262466982e10
0.362	1.0168103158645071e10
0.3625	1.0181733572974035e10
0.363	1.019536250584464e10
0.3635	1.0208989957647608e10
0.364	1.022261592877362e10
0.3645	1.0236240419613323e10
0.365	1.0249863430557304e10
0.3655	1.0263484961996113e10
0.366	1.0277105014320257e10
0.3665	1.0290723587920208e10
0.367	1.0304340683186375e10
0.3675	1.031795630050913e10
0.368	1.0331570440278812e10
0.3685	1.0345183102885702e10
0.369	1.0358794288720045e10
0.3695	1.0372403998172037e10
0.37	1.0386012231631832e10
0.3705	1.0399618989489542e10
0.371	1.0413224272135227e10
0.3715	1.0426828079958912e10
0.372	1.0440430413350565e10
0.3725	1.0454031272700138e10
0.373	1.0467630658397486e10
0.3735	1.0481228570832478e10
0.374	1.0494825010394897e10
0.3745	1.0508419977474506e10
0.375	1.0522013472461006e10
0.3755	1.0535605495744059e10
0.376	1.0549196047713287e10
0.3765	1.0562785128758268e10
0.377	1.0576372739268517e10
0.3775	1.0589958879633526e10
0.378	1.060354355024273e10
0.3785	1.0617126751485521e10
0.379	1.0630708483751253e10
0.3795	1.0644288747429222e10
0.38	1.0657867542908686e10
0.3805	1.067144487057886e10
0.381	1.06850207308289e10
0.3815	1.069859512404795e10
0.382	1.0712168050625057e10
0.3825	1.0725739510949266e10
0.383	1.0739309505409557e10
0.3835	1.0752878034394876e10
0.384	1.07664450982941e10
0.3845	1.078001069749609e10
0.385	1.0793574832389639e10
0.3855	1.0807137503363514e10
0.386	1.0820698710806404e10
0.3865	1.0834258455106993e10
0.387	1.0847816736653881e10
0.3875	1.086137355583565e10
0.388	1.0874928913040827e10
0.3885	1.0888482808657879e10
0.389	1.0902035243075247e10
0.3895	1.0915586216681318e10
0.39	1.0929135729864428e10
0.3905	1.0942683783012873e10
0.391	1.0956230376514896e10
0.3915	1.0969775510758701e10
0.392	1.0983319186132448e10
0.3925	1.0996861403024231e10
0.393	1.1010402161822119e10
0.3935	1.1023941462914131e10
0.394	1.1037479306688227e10
0.3945	1.1051015693532326e10
0.395	1.1064550623834314e10
0.3955	1.1078084097982006e10
0.396	1.1091616116363182e10
0.3965	1.110514667936558e10
0.397	1.1118675787376884e10
0.3975	1.1132203440784739e10
0.398	1.1145729639976727e10
0.3985	1.1159254385340395e10
0.399	1.1172777677263245e10
0.3995	1.1186299516132727e10
0.4	1.119981990233624e10
0.4005	1.1213338836261143e10
0.401	1.1226856318294735e10
0.4015	1.1240372348824286e10
0.402	1.1253886928237011e10
0.4025	1.1267400056920067e10
0.403	1.1280911735260576e10
0.4035	1.1294421963645603e10
0.404	1.130793074246218e10
0.4045	1.132143807209727e10
0.405	1.1334943952937809e10
0.4055	1.1348448385370674e10
0.406	1.1361951369782696e10
0.40650000000000003	1.1375452906560654e10
0.40700000000000003	1.138895299609129e10
0.40750000000000003	1.1402451638761276e10
0.40800000000000003	1.141594883495727e10
0.40850000000000003	1.142944458506585e10
0.40900000000000003	1.1442938889473564e10
0.40950000000000003	1.1456431748566898e10
0.41000000000000003	1.146992316273231e10
0.41050000000000003	1.1483413132356186e10
0.41100000000000003	1.1496901657824883e10
0.41150000000000003	1.15103887395247e10
0.41200000000000003	1.1523874377841887e10
0.41250000000000003	1.1537358573162645e10
0.41300000000000003	1.155084132587313e10
0.41350000000000003	1.1564322636359457e10
0.41400000000000003	1.157780250500767e10
0.41450000000000004	1.1591280932203785e10
0.41500000000000004	1.160475791833376e10
0.41550000000000004	1.1618233463783506e10
0.41600000000000004	1.1631707568938885e10
0.4165	1.1645180234185709e10
0.417	1.1658651459909746e10
0.4175	1.1672121246496712e10
0.418	1.1685589594332266e10
0.4185	1.1699056503802027e10
0.419	1.171252197529157e10
0.4195	1.1725986009186403e10
0.42	1.1739448605872002e10
0.4205	1.1752909765733786e10
0.421	1.176636948915712e10
0.4215	1.1779827776527332e10
0.422	1.1793284628229685e10
0.4225	1.180674004464941e10
0.423	1.1820194026171673e10
0.4235	1.18336465731816e10
0.424	1.1847097686064266e10
0.4245	1.1860547365204695e10
0.425	1.187399561098785e10
0.4255	1.1887442423798658e10
0.426	1.1900887804022e10
0.4265	1.1914331752042702e10
0.427	1.1927774268245523e10
0.4275	1.1941215353015198e10
0.428	1.1954655006736404e10
0.4285	1.1968093229793758e10
0.429	1.198153002257183e10
0.4295	1.199496538545516e10
0.43	1.20083993188282e10
0.4305	1.202183182307538e10
0.431	1.2035262898581087e10
0.4315	1.2048692545729624e10
0.432	1.206212076490527e10
0.4325	1.2075547556492243e10
0.433	1.2088972920874725e10
0.4335	1.2102396858436815e10
0.434	1.211581936956261e10
0.4345	1.2129240454636099e10
0.435	1.2142660114041275e10
0.4355	1.215607834816204e10
0.436	1.2169495157382265e10
0.4365	1.218291054208577e10
0.437	1.2196324502656311e10
0.4375	1.220973703947761e10
0.438	1.2223148152933325e10
0.4385	1.2236557843407064e10
0.439	1.2249966111282402e10
0.4395	1.2263372956942825e10
0.44	1.2276778380771812e10
0.4405	1.229018238315276e10
0.441	1.2303584964469032e10
0.4415	1.231698612510392e10
0.442	1.2330385865440687e10
0.4425	1.234378418586253e10
0.443	1.23571810867526e10
0.4435	1.2370576568493994e10
0.444	1.2383970631469769e10
0.4445	1.23973632760629e10
0.445	1.241075450265635e10
0.4455	1.2424144311632998e10
0.446	1.243753270337569e10
0.4465	1.245091967826722e10
0.447	1.2464305236690315e10
0.4475	1.247768937902766e10
0.448	1.249107210566189e10
0.4485	1.2504453416975586e10
0.449	1.2517833313351282e10
0.4495	1.2531211795171444e10
0.45	1.25445888628185e10
0.4505	1.2557964516674824e10
0.451	1.2571338757122738e10
0.4515	1.2584711584544504e10
0.452	1.2598082999322344e10
0.4525	1.2611453001838419e10
0.453	1.262482159247483e10
0.4535	1.2638188771613651e10
0.454	1.2651554539636877e10
0.4545	1.2664918896926462e10
0.455	1.2678281843864319e10
0.4555	1.2691643380832277e10
0.456	1.2705003508212137e10
0.4565	1.2718362226385656e10
0.457	1.27317195357345e10
0.4575	1.2745075436640322e10
0.458	1.2758429929484705e10
0.4585	1.2771783014649168e10
0.459	1.2785134692515207e10
0.4595	1.279848496346424e10
0.46	1.2811833827877626e10
0.4605	1.2825181286136707e10
0.461	1.2838527338622734e10
0.4615	1.285187198571692e10
0.462	1.2865215227800432e10
0.4625	1.2878557065254374e10
0.463	1.289189749845979e10
0.4635	1.2905236527797695e10
0.464	1.2918574153649023e10
0.4645	1.2931910376394663e10
0.465	1.2945245196415472e10
0.4655	1.2958578614092216e10
0.466	1.2971910629805641e10
0.4665	1.298524124393642e10
0.467	1.2998570456865181e10
0.4675	1.3011898268972486e10
0.468	1.3025224680638865e10
0.4685	1.303854969224477e10
0.46900000000000003	1.3051873304170622e10
0.46950000000000003	1.3065195516796762e10
0.47000000000000003	1.3078516330503504e10
0.47050000000000003	1.309183574567109e10
0.47100000000000003	1.3105153762679712e10
0.47150000000000003	1.3118470381909515e10
0.47200000000000003	1.3131785603740585e10
0.47250000000000003	1.314509942855295e10
0.47300000000000003	1.3158411856726585e10
0.47350000000000003	1.3171722888641415e10
0.47400000000000003	1.3185032524677315e10
0.47450000000000003	1.319834076521409e10
0.47500000000000003	1.3211647610631498e10
0.47550000000000003	1.3224953061309256e10
0.47600000000000003	1.3238257117627003e10
0.47650000000000003	1.325155977996434e10
0.47700000000000004	1.326486104870081e10
0.47750000000000004	1.3278160924215904e10
0.47800000000000004	1.329145940688905e10
0.47850000000000004	1.3304756497099617e10
0.47900000000000004	1.3318052195226942e10
0.47950000000000004	1.3331346501650286e10
0.48	1.3344639416748863e10
0.4805	1.3357930940901836e10
0.481	1.3371221074488302e10
0.4815	1.338450981788732e10
0.482	1.3397797171477867e10
0.4825	1.3411083135638893e10
0.483	1.3424367710749279e10
0.4835	1.3437650897187855e10
0.484	1.3450932695333391e10
0.4845	1.3464213105564611e10
0.485	1.3477492128260176e10
0.4855	1.3490769763798683e10
0.486	1.3504046012558691e10
0.4865	1.3517320874918705e10
0.487	1.3530594351257153e10
0.4875	1.3543866441952425e10
0.488	1.3557137147382854e10
0.4885	1.3570406467926706e10
0.489	1.3583674403962212e10
0.4895	1.3596940955867527e10
0.49	1.361020612402076e10
0.4905	1.3623469908799963e10
0.491	1.3636732310583136e10
0.4915	1.3649993329748213e10
0.492	1.3663252966673082e10
0.4925	1.3676511221735567e10
0.493	1.3689768095313442e10
0.4935	1.3703023587784426e10
0.494	1.3716277699526178e10
0.4945	1.3729530430916304e10
0.495	1.3742781782332348e10
0.4955	1.3756031754151806e10
0.496	1.3769280346752108e10
0.4965	1.3782527560510633e10
0.497	1.3795773395804712e10
0.4975	1.380901785301161e10
0.498	1.3822260932508532e10
0.4985	1.3835502634672626e10
0.499	1.3848742959881006e10
0.4995	1.3861981908510706e10
0.5	1.3875219480938696e10
0.5005000000000001	1.388845567754193e10
0.501	1.390169049869726e10
0.5015000000000001	1.3914923944781504e10
0.502	1.3928156016171423e10
0.5025000000000001	1.3941386713243723e10
0.503	1.3954616036375025e10
0.5035000000000001	1.3967843985941942e10
0.504	1.3981070562320988e10
0.5045000000000001	1.3994295765888645e10
0.505	1.400751959702132e10
0.5055000000000001	1.4020742056095392e10
0.506	1.403396314348714e10
0.5065000000000001	1.404718285957282e10
0.507	1.4060401204728617e10
0.5075000000000001	1.4073618179330667e10
0.508	1.4086833783755035e10
0.5085000000000001	1.4100048018377747e10
0.509	1.4113260883574755e10
0.5095000000000001	1.4126472379721962e10
0.51	1.4139682507195206e10
0.5105000000000001	1.4152891266370283e10
0.511	1.4166098657622917e10
0.5115000000000001	1.4179304681328787e10
0.512	1.4192509337863493e10
0.5125	1.42057126276026e10
0.513	1.421891455092161e10
0.5135	1.4232115108195955e10
0.514	1.424531429980103e10
0.5145	1.4258512126112148e10
0.515	1.4271708587504581e10
0.5155	1.4284903684353539e10
0.516	1.429809741703418e10
0.5165	1.4311289785921587e10
0.517	1.4324480791390806e10
0.5175	1.4337670433816805e10
0.518	1.4350858713574516e10
0.5185	1.436404563103878e10
0.519	1.437723118658443e10
0.5195	1.4390415380586184e10
0.52	1.4403598213418745e10
0.5205	1.4416779685456738e10
0.521	1.4429959797074736e10
0.5215	1.4443138548647236e10
0.522	1.4456315940548714e10
0.5225	1.446949197315355e10
0.523	1.448266664683609e10
0.5235	1.4495839961970594e10
0.524	1.4509011918931307e10
0.5245	1.4522182518092377e10
0.525	1.4535351759827911e10
0.5255	1.4548519644511938e10
0.526	1.4561686172518469e10
0.5265	1.4574851344221409e10
0.527	1.4588015159994625e10
0.5275	1.4601177620211943e10
0.528	1.4614338725247103e10
0.5285	1.4627498475473787e10
0.529	1.4640656871265646e10
0.5295	1.4653813912996225e10
0.53	1.4666969601039066e10
0.5305	1.4680123935767612e10
0.531	1.4693276917555256e10
0.5315	1.470642854677534e10
0.532	1.4719578823801138e10
0.5325	1.4732727749005863e10
0.533	1.4745875322762684e10
0.5335	1.475902154544469e10
0.534	1.4772166417424927e10
0.5345	1.4785309939076376e10
0.535	1.4798452110771957e10
0.5355	1.4811592932884523e10
0.536	1.4824732405786894e10
0.5365	1.4837870529851791e10
0.537	1.4851007305451912e10
0.5375	1.4864142732959875e10
0.538	1.487727681274825e10
0.5385	1.4890409545189526e10
0.539	1.4903540930656166e10
0.5395	1.4916670969520535e10
0.54	1.4929799662154964e10
0.5405	1.4942927008931725e10
0.541	1.495605301022302e10
0.5415	1.4969177666400991e10
0.542	1.4982300977837723e10
0.5425	1.499542294490523e10
0.543	1.5008543567975492e10
0.5435	1.5021662847420403e10
0.544	1.5034780783611816e10
0.5445	1.504789737692151e10
0.545	1.5061012627721209e10
0.5455	1.5074126536382572e10
0.546	1.5087239103277208e10
0.5465	1.5100350328776657e10
0.547	1.5113460213252403e10
0.5475	1.5126568757075867e10
0.548	1.5139675960618412e10
0.5485	1.5152781824251333e10
0.549	1.5165886348345877e10
0.5495	1.5178989533273224e10
0.55	1.5192091379404488e10
0.5505	1.5205191887110725e10
0.551	1.5218291056762941e10
0.5515	1.5231388888732067e10
0.552	1.5244485383388983e10
0.5525	1.5257580541104504e10
0.553	1.5270674362249382e10
0.5535	1.5283766847194305e10
0.554	1.5296857996309921e10
0.5545	1.530994780996679e10
0.555	1.5323036288535425e10
0.5555	1.5336123432386274e10
0.556	1.5349209241889727e10
0.5565	1.5362293717416115e10
0.557	1.5375376859335707e10
0.5575	1.5388458668018694e10
0.558	1.5401539143835228e10
0.5585	1.541461828715539e10
0.559	1.5427696098349209e10
0.5595	1.5440772577786633e10
0.56	1.545384772583757e10
0.5605	1.5466921542871843e10
0.561	1.5479994029259245e10
0.5615	1.5493065185369474e10
0.562	1.55061350115722e10
0.5625	1.5519203508236998e10
0.5630000000000001	1.5532270675733402e10
0.5635	1.5545336514430887e10
0.5640000000000001	1.5558401024698845e10
0.5645	1.5571464206906631e10
0.5650000000000001	1.5584526061423525e10
0.5655	1.5597586588618746e10
0.5660000000000001	1.5610645788861456e10
0.5665	1.562370366252074e10
0.5670000000000001	1.563676020996565e10
0.5675	1.564981543156515e10
0.5680000000000001	1.5662869327688147e10
0.5685	1.5675921898703497e10
0.5690000000000001	1.5688973144979984e10
0.5695	1.5702023066886326e10
0.5700000000000001	1.57150716647912e10
0.5705	1.5728118939063192e10
0.5710000000000001	1.5741164890070852e10
0.5715	1.5754209518182646e10
0.5720000000000001	1.5767252823767e10
0.5725	1.5780294807192244e10
0.5730000000000001	1.579333546882669e10
0.5735	1.5806374809038548e10
0.5740000000000001	1.5819412828195992e10
0.5745	1.5832449526667126e10
0.5750000000000001	1.5845484904819967e10
0.5755	1.5858518963022516e10
0.5760000000000001	1.5871551701642685e10
0.5765	1.588458312104831e10
0.577	1.589761322160719e10
0.5775	1.5910642003687052e10
0.578	1.5923669467655548e10
0.5785	1.593669561388029e10
0.579	1.5949720442728806e10
0.5795	1.5962743954568584e10
0.58	1.5975766149767023e10
0.5805	1.5988787028691483e10
0.581	1.600180659170924e10
0.5815	1.6014824839187517e10
0.582	1.6027841771493483e10
0.5825	1.6040857388994225e10
0.583	1.6053871692056787e10
0.5835	1.6066884681048126e10
0.584	1.6079896356335167e10
0.5845	1.6092906718284735e10
0.585	1.610591576726362e10
0.5855	1.6118923503638546e10
0.586	1.6131929927776157e10
0.5865	1.614493504004305e10
0.587	1.615793884080575e10
0.5875	1.6170941330430725e10
0.588	1.6183942509284369e10
0.5885	1.6196942377733027e10
0.589	1.6209940936142958e10
0.5895	1.6222938184880396e10
0.59	1.6235934124311468e10
0.5905	1.6248928754802265e10
0.591	1.6261922076718801e10
0.5915	1.6274914090427042e10
0.592	1.6287904796292864e10
0.5925	1.6300894194682106e10
0.593	1.6313882285960533e10
0.5935	1.6326869070493845e10
0.594	1.633985454864767e10
0.5945	1.6352838720787586e10
0.595	1.63658215872791e10
0.5955	1.6378803148487667e10
0.596	1.6391783404778654e10
0.5965	1.6404762356517378e10
0.597	1.6417740004069101e10
0.5975	1.6430716347799e10
0.598	1.6443691388072205e10
0.5985	1.6456665125253778e10
0.599	1.6469637559708715e10
0.5995	1.6482608691801947e10
0.6	1.6495578521898329e10
0.6005	1.6508547050362679e10
0.601	1.6521514277559732e10
0.6015	1.6534480203854156e10
0.602	1.6547444829610567e10
0.6025	1.6560408155193508e10
0.603	1.6573370180967455e10
0.6035	1.658633090729683e10
0.604	1.6599290334545973e10
0.6045	1.6612248463079193e10
0.605	1.6625205293260689e10
0.6055	1.6638160825454634e10
0.606	1.6651115060025114e10
0.6065	1.6664067997336151e10
0.607	1.667701963775172e10
0.6075	1.6689969981635715e10
0.608	1.6702919029351967e10
0.6085	1.6715866781264244e10
0.609	1.6728813237736256e10
0.6095	1.6741758399131634e10
0.61	1.675470226581396e10
0.6105	1.6767644838146727e10
0.611	1.6780586116493395e10
0.6115	1.6793526101217339e10
0.612	1.6806464792681866e10
0.6125	1.6819402191250229e10
0.613	1.6832338297285612e10
0.6135	1.6845273111151134e10
0.614	1.685820663320984e10
0.6145	1.6871138863824722e10
0.615	1.68840698033587e10
0.6155	1.6896999452174635e10
0.616	1.6909927810635303e10
0.6165	1.6922854879103458e10
0.617	1.6935780657941732e10
0.6175	1.6948705147512743e10
0.618	1.6961628348178999e10
0.6185	1.6974550260302975e10
0.619	1.6987470884247066e10
0.6195	1.7000390220373606e10
0.62	1.7013308269044865e10
0.6205	1.702622503062304e10
0.621	1.7039140505470264e10
0.6215	1.7052054693948608e10
0.622	1.7064967596420076e10
0.6225	1.707787921324661e10
0.623	1.7090789544790071e10
0.6235	1.710369859141228e10
0.624	1.7116606353474966e10
0.6245	1.712951283133981e10
0.625	1.714241802536842e10
0.6255000000000001	1.7155321935922323e10
0.626	1.7168224563363012e10
0.6265000000000001	1.7181125908051895e10
0.627	1.719402597035031e10
0.6275000000000001	1.720692475061955e10
0.628	1.72198222492208e10
0.6285000000000001	1.723271846651522e10
0.629	1.724561340286389e10
0.6295000000000001	1.7258507058627834e10
0.63	1.7271399434167973e10
0.6305000000000001	1.7284290529845203e10
0.631	1.7297180346020336e10
0.6315000000000001	1.731006888305411e10
0.632	1.732295614130722e10
0.6325000000000001	1.7335842121140278e10
0.633	1.734872682291382e10
0.6335000000000001	1.736161024698834e10
0.634	1.7374492393724247e10
0.6345000000000001	1.738737326348189e10
0.635	1.740025285662155e10
0.6355000000000001	1.741313117350345e10
0.636	1.7426008214487713e10
0.6365000000000001	1.7438883979934444e10
0.637	1.745175847020365e10
0.6375000000000001	1.746463168565529e10
0.638	1.747750362664922e10
0.6385000000000001	1.7490374293545277e10
0.639	1.750324368670319e10
0.6395000000000001	1.7516111806482662e10
0.64	1.7528978653243286e10
0.6405	1.7541844227344612e10
0.641	1.7554708529146137e10
0.6415	1.756757155900724e10
0.642	1.7580433317287292e10
0.6425	1.7593293804345562e10
0.643	1.7606153020541267e10
0.6435	1.761901096623354e10
0.644	1.7631867641781464e10
0.6445	1.7644723047544052e10
0.645	1.7657577183880234e10
0.6455	1.76704300511489e10
0.646	1.7683281649708843e10
0.6465	1.7696131979918808e10
0.647	1.7708981042137478e10
0.6475	1.7721828836723434e10
0.648	1.7734675364035236e10
0.6485	1.7747520624431343e10
0.649	1.7760364618270164e10
0.6495	1.7773207345910027e10
0.65	1.7786048807709206e10
0.6505	1.779888900402589e10
0.651	1.781172793521822e10
0.6515	1.782456560164426e10
0.652	1.7837402003662006e10
0.6525	1.7850237141629387e10
0.653	1.7863071015904266e10
0.6535	1.7875903626844437e10
0.654	1.788873497480761e10
0.6545	1.7901565060151463e10
0.655	1.791439388323358e10
0.6555	1.7927221444411476e10
0.656	1.7940047744042614e10
0.6565	1.7952872782484375e10
0.657	1.7965696560094078e10
0.6575	1.7978519077228973e10
0.658	1.799134033424624e10
0.6585	1.800416033150299e10
0.659	1.801697906935628e10
0.6595	1.802979654816307e10
0.66	1.8042612768280293e10
0.6605	1.8055427730064766e10
0.661	1.8068241433873276e10
0.6615	1.8081053880062523e10
0.662	1.8093865068989143e10
0.6625	1.8106675001009697e10
0.663	1.8119483676480705e10
0.6635	1.8132291095758575e10
0.664	1.814509725919968e10
0.6645	1.8157902167160313e10
0.665	1.8170705819996708e10
0.6655	1.8183508218065006e10
0.666	1.8196309361721313e10
0.6665	1.820910925132163e10
0.667	1.822190788722192e10
0.6675	1.8234705269778057e10
0.668	1.824750139934587e10
0.6685	1.826029627628109e10
0.669	1.8273089900939407e10
0.6695	1.828588227367641e10
0.67	1.829867339484766e10
0.6705	1.831146326480861e10
0.671	1.8324251883914665e10
0.6715	1.8337039252521164e10
0.672	1.834982537098337e10
0.6725	1.8362610239656467e10
0.673	1.8375393858895596e10
0.6735	1.8388176229055798e10
0.674	1.8400957350492073e10
0.6745	1.841373722355933e10
0.675	1.8426515848612427e10
0.6755	1.843929322600614e10
0.676	1.8452069356095177e10
0.6765	1.84648442392342e10
0.677	1.847761787577775e10
0.6775	1.849039026608035e10
0.678	1.8503161410496437e10
0.6785	1.8515931309380363e10
0.679	1.8528699963086433e10
0.6795	1.8541467371968876e10
0.68	1.8554233536381844e10
0.6805	1.856699845667942e10
0.681	1.857976213321564e10
0.6815	1.859252456634443e10
0.682	1.8605285756419685e10
0.6825	1.861804570379521e10
0.683	1.863080440882475e10
0.6835	1.8643561871861965e10
0.684	1.8656318093260468e10
0.6845	1.8669073073373783e10
0.685	1.868182681255537e10
0.6855	1.869457931115863e10
0.686	1.870733056953688e10
0.6865	1.8720080588043377e10
0.687	1.87328293670313e10
0.6875	1.874557690685376e10
0.6880000000000001	1.8758323207863815e10
0.6885	1.8771068270414413e10
0.6890000000000001	1.8783812094858475e10
0.6895	1.8796554681548832e10
0.6900000000000001	1.8809296030838257e10
0.6905	1.8822036143079433e10
0.6910000000000001	1.8834775018624985e10
0.6915	1.884751265782746e10
0.6920000000000001	1.8860249061039356e10
0.6925	1.8872984228613083e10
0.6930000000000001	1.888571816090098e10
0.6935	1.8898450858255325e10
0.6940000000000001	1.8911182321028316e10
0.6945	1.892391254957209e10
0.6950000000000001	1.893664154423872e10
0.6955	1.8949369305380188e10
0.6960000000000001	1.896209583334841e10
0.6965	1.8974821128495247e10
0.6970000000000001	1.8987545191172485e10
0.6975	1.9000268021731834e10
0.6980000000000001	1.901298962052492e10
0.6985	1.9025709987903336e10
0.6990000000000001	1.903842912421858e10
0.6995	1.9051147029822063e10
0.7000000000000001	1.9063863705065166e10
0.7005	1.9076579150299164e10
0.7010000000000001	1.9089293365875282e10
0.7015	1.9102006352144665e10
0.7020000000000001	1.91147181094584e10
0.7025	1.912742863816748e10
0.7030000000000001	1.914013793862285e10
0.7035	1.9152846011175373e10
0.704	1.916555285617584e10
0.7045	1.9178258473974987e10
0.705	1.9190962864923454e10
0.7055	1.920366602937183e10
0.706	1.9216367967670628e10
0.7065	1.9229068680170284e10
0.707	1.9241768167221176e10
0.7075	1.92544664291736e10
0.708	1.926716346637778e10
0.7085	1.927985927918389e10
0.709	1.929255386794199e10
0.7095	1.9305247233002113e10
0.71	1.9317939374714207e10
0.7105	1.933063029342813e10
0.711	1.93433199894937e10
0.7115	1.9356008463260635e10
0.712	1.9368695715078606e10
0.7125	1.938138174529719e10
0.713	1.939406655426593e10
0.7135	1.940675014233425e10
0.714	1.9419432509851532e10
0.7145	1.943211365716708e10
0.715	1.9444793584630127e10
0.7155	1.9457472292589844e10
0.716	1.9470149781395306e10
0.7165	1.9482826051395542e10
0.717	1.94955011029395e10
0.7175	1.950817493637605e10
0.718	1.9520847552054005e10
0.7185	1.9533518950322094e10
0.719	1.9546189131528976e10
0.7195	1.955885809602326e10
0.72	1.9571525844153435e10
0.7205	1.9584192376267975e10
0.721	1.9596857692715244e10
0.7215	1.9609521793843548e10
0.722	1.962218468000112e10
0.7225	1.963484635153612e10
0.723	1.9647506808796642e10
0.7235	1.966016605213071e10
0.724	1.9672824081886253e10
0.7245	1.968548089841116e10
0.725	1.9698136502053223e10
0.7255	1.9710790893160175e10
0.726	1.972344407207968e10
0.7265	1.9736096039159325e10
0.727	1.9748746794746624e10
0.7275	1.976139633918902e10
0.728	1.9774044672833885e10
0.7285	1.9786691796028522e10
0.729	1.9799337709120148e10
0.7295	1.981198241245593e10
0.73	1.9824625906382942e10
0.7305	1.9837268191248203e10
0.731	1.9849909267398663e10
0.7315	1.9862549135181164e10
0.732	1.9875187794942516e10
0.7325	1.9887825247029438e10
0.733	1.9900461491788597e10
0.7335	1.9913096529566547e10
0.734	1.992573036070981e10
0.7345	1.993836298556482e10
0.735	1.9950994404477932e10
0.7355	1.9963624617795444e10
0.736	1.9976253625863564e10
0.7365	1.998888142902845e10
0.737	2.0001508027636173e10
0.7375	2.001413342203272e10
0.738	2.0026757612564034e10
0.7385	2.0039380599575962e10
0.739	2.0052002383414288e10
0.7395	2.0064622964424732e10
0.74	2.0077242342952915e10
0.7405	2.0089860519344418e10
0.741	2.0102477493944736e10
0.7415	2.0115093267099274e10
0.742	2.0127707839153397e10
0.7425	2.0140321210452374e10
0.743	2.01529333813414e10
0.7435	2.0165544352165615e10
0.744	2.0178154123270077e10
0.7445	2.0190762694999763e10
0.745	2.0203370067699596e10
0.7455	2.021597624171441e10
0.746	2.0228581217388958e10
0.7465	2.024118499506797e10
0.747	2.0253787575096016e10
0.7475	2.026638895781769e10
0.748	2.027898914357745e10
0.7485	2.029158813271969e10
0.749	2.030418592558875e10
0.7495	2.0316782522528885e10
0.75	2.0329377923884277e10
0.7505000000000001	2.034197212999904e10
0.751	2.03545651412172e10
0.7515000000000001	2.0367156957882736e10
0.752	2.037974758033953e10
0.7525000000000001	2.0392337008931408e10
0.753	2.0404925244002113e10
0.7535000000000001	2.041751228589531e10
0.754	2.0430098134954605e10
0.7545000000000001	2.0442682791523525e10
0.755	2.045526625594551e10
0.7555000000000001	2.0467848528563965e10
0.756	2.0480429609722176e10
0.7565000000000001	2.0493009499763382e10
0.757	2.050558819903073e10
0.7575000000000001	2.0518165707867332e10
0.758	2.053074202661618e10
0.7585000000000001	2.0543317155620224e10
0.759	2.055589109522233e10
0.7595000000000001	2.056846384576529e10
0.76	2.0581035407591812e10
0.7605000000000001	2.0593605781044563e10
0.761	2.0606174966466103e10
0.7615000000000001	2.0618742964198933e10
0.762	2.0631309774585476e10
0.7625000000000001	2.064387539796809e10
0.763	2.065643983468905e10
0.7635000000000001	2.066900308509056e10
0.764	2.068156514951476e10
0.7645000000000001	2.0694126028303696e10
0.765	2.0706685721799366e10
0.7655000000000001	2.071924423034367e10
0.766	2.0731801554278435e10
0.7665000000000001	2.0744357693945446e10
0.767	2.075691264968639e10
0.7675000000000001	2.0769466421842873e10
0.768	2.078201901075644e10
0.7685	2.079457041676855e10
0.769	2.0807120640220623e10
0.7695	2.081966968145395e10
0.77	2.0832217540809807e10
0.7705	2.084476421862934e10
0.771	2.085730971525366e10
0.7715	2.0869854031023792e10
0.772	2.0882397166280685e10
0.7725	2.0894939121365227e10
0.773	2.0907479896618206e10
0.7735	2.0920019492380356e10
0.774	2.0932557908992348e10
0.7745	2.0945095146794735e10
0.775	2.095763120612804e10
0.7755	2.0970166087332695e10
0.776	2.098269979074906e10
0.7765	2.0995232316717415e10
0.777	2.1007763665577988e10
0.7775	2.102029383767089e10
0.778	2.10328228333362e10
0.7785	2.1045350652913895e10
0.779	2.10578772967439e10
0.7795	2.1070402765166042e10
0.78	2.1082927058520107e10
0.7805	2.1095450177145763e10
0.781	2.1107972121382645e10
0.7815	2.1120492891570286e10
0.782	2.1133012488048157e10
0.7825	2.114553091115564e10
0.783	2.1158048161232086e10
0.7835	2.1170564238616703e10
0.784	2.1183079143648678e10
0.7845	2.1195592876667118e10
0.785	2.120810543801102e10
0.7855	2.122061682801936e10
0.786	2.1233127047030987e10
0.7865	2.1245636095384705e10
0.787	2.1258143973419247e10
0.7875	2.127065068147325e10
0.788	2.1283156219885296e10
0.7885	2.129566058899388e10
0.789	2.1308163789137436e10
0.7895	2.1320665820654305e10
0.79	2.1333166683882767e10
0.7905	2.134566637916102e10
0.791	2.135816490682719e10
0.7915	2.1370662267219337e10
0.792	2.1383158460675423e10
0.7925	2.139565348753337e10
0.793	2.1408147348130997e10
0.7935	2.142064004280604e10
0.794	2.14331315718962e10
0.7945	2.1445621935739075e10
0.795	2.1458111134672184e10
0.7955	2.1470599169032986e10
0.796	2.1483086039158863e10
0.7965	2.1495571745387108e10
0.797	2.150805628805496e10
0.7975	2.152053966749956e10
0.798	2.1533021884058006e10
0.7985	2.154550293806728e10
0.799	2.1557982829864326e10
0.7995	2.1570461559785988e10
0.8	2.1582939128169044e10
0.8005	2.159541553535021e10
0.801	2.16078907816661e10
0.8015	2.1620364867453274e10
0.802	2.1632837793048206e10
0.8025	2.16453095587873e10
0.803	2.1657780165006893e10
0.8035	2.1670249612043217e10
0.804	2.1682717900232468e10
0.8045	2.1695185029910736e10
0.805	2.170765100141406e10
0.8055	2.1720115815078373e10
0.806	2.173257947123958e10
0.8065	2.1745041970233448e10
0.807	2.1757503312395718e10
0.8075	2.1769963498062042e10
0.808	2.1782422527568e10
0.8085	2.1794880401249077e10
0.809	2.180733711944072e10
0.8095	2.1819792682478237e10
0.81	2.1832247090696945e10
0.8105	2.184470034443202e10
0.811	2.185715244401858e10
0.8115	2.1869603389791687e10
0.812	2.1882053182086304e10
0.8125	2.1894501821237316e10
0.8130000000000001	2.1906949307579567e10
0.8135	2.191939564144778e10
0.8140000000000001	2.193184082317664e10
0.8145	2.194428485310073e10
0.8150000000000001	2.1956727731554573e10
0.8155	2.1969169458872604e10
0.8160000000000001	2.19816100353892e10
0.8165	2.199404946143864e10
0.8170000000000001	2.200648773735515e10
0.8175	2.2018924863472862e10
0.8180000000000001	2.2031360840125854e10
0.8185	2.2043795667648087e10
0.8190000000000001	2.2056229346373497e10
0.8195	2.2068661876635914e10
0.8200000000000001	2.2081093258769093e10
0.8205	2.2093523493106724e10
0.8210000000000001	2.2105952579982418e10
0.8215	2.2118380519729702e10
0.8220000000000001	2.213080731268204e10
0.8225	2.2143232959172806e10
0.8230000000000001	2.2155657459535313e10
0.8235	2.2168080814102783e10
0.8240000000000001	2.218050302320838e10
0.8245	2.219292408718517e10
0.8250000000000001	2.220534400636616e10
0.8255	2.2217762781084282e10
0.8260000000000001	2.2230180411672375e10
0.8265	2.224259689846322e10
0.8270000000000001	2.2255012241789516e10
0.8275	2.2267426441983868e10
0.8280000000000001	2.2279839499378845e10
0.8285	2.22922514143069e10
0.8290000000000001	2.2304662187100445e10
0.8295	2.2317071818091766e10
0.8300000000000001	2.2329480307613136e10
0.8305	2.2341887655996704e10
0.8310000000000001	2.2354293863574562e10
0.8315	2.2366698930678726e10
0.8320000000000001	2.2379102857641125e10
0.8325	2.2391505644793617e10
0.833	2.2403907292468e10
0.8335	2.241630780099597e10
0.834	2.2428707170709164e10
0.8345	2.2441105401939137e10
0.835	2.245350249501736e10
0.8355	2.246589845027525e10
0.836	2.2478293268044117e10
0.8365	2.2490686948655228e10
0.837	2.250307949243974e10
0.8375	2.251547089972876e10
0.838	2.2527861170853302e10
0.8385	2.2540250306144318e10
0.839	2.2552638305932667e10
0.8395	2.2565025170549152e10
0.84	2.257741090032447e10
0.8405	2.2589795495589283e10
0.841	2.2602178956674133e10
0.8415	2.2614561283909515e10
0.842	2.262694247762584e10
0.8425	2.2639322538153435e10
0.843	2.2651701465822556e10
0.8435	2.2664079260963383e10
0.844	2.2676455923906013e10
0.8445	2.268883145498048e10
0.845	2.270120585451673e10
0.8455	2.2713579122844646e10
0.846	2.272595126029401e10
0.8465	2.273832226719454e10
0.847	2.2750692143875893e10
0.8475	2.2763060890667618e10
0.848	2.277542850789921e10
0.8485	2.27877949959001e10
0.849	2.2800160354999596e10
0.8495	2.2812524585526978e10
0.85	2.2824887687811417e10
0.8505	2.283724966218202e10
0.851	2.28496105089678e10
0.8515	2.286197022849775e10
0.852	2.28743288211007e10
0.8525	2.2886686287105484e10
0.853	2.2899042626840797e10
0.8535	2.2911397840635307e10
0.854	2.292375192881756e10
0.8545	2.293610489171605e10
0.855	2.29484567296592e10
0.8555	2.296080744297534e10
0.856	2.2973157031992733e10
0.8565	2.2985505497039555e10
0.857	2.2997852838443928e10
0.8575	2.301019905653386e10
0.858	2.302254415163731e10
0.8585	2.3034888124082165e10
0.859	2.30472309741962e10
0.8595	2.305957270230715e10
0.86	2.307191330874267e10
0.8605	2.308425279383029e10
0.861	2.3096591157897537e10
0.8615	2.3108928401271805e10
0.862	2.312126452428043e10
0.8625	2.3133599527250675e10
0.863	2.3145933410509716e10
0.8635	2.3158266174384647e10
0.864	2.3170597819202507e10
0.8645	2.3182928345290257e10
0.865	2.3195257752974735e10
0.8655	2.3207586042582767e10
0.866	2.3219913214441048e10
0.8665	2.3232239268876236e10
0.867	2.324456420621489e10
0.8675	2.3256888026783478e10
0.868	2.326921073090843e10
0.8685	2.3281532318916065e10
0.869	2.3293852791132637e10
0.8695	2.3306172147884335e10
0.87	2.331849038949723e10
0.8705	2.3330807516297375e10
0.871	2.334312352861069e10
0.8715	2.335543842676305e10
0.872	2.3367752211080254e10
0.8725	2.3380064881888004e10
0.873	2.339237643951193e10
0.8735	2.34046868842776e10
0.874	2.3416996216510475e10
0.8745	2.3429304436535976e10
0.875	2.3441611544679417e10
0.8755000000000001	2.3453917541266052e10
0.876	2.3466222426621037e10
0.8765000000000001	2.3478526201069485e10
0.877	2.3490828864936382e10
0.8775000000000001	2.35031304185467e10
0.878	2.351543086222526e10
0.8785000000000001	2.3527730196296875e10
0.879	2.3540028421086227e10
0.8795000000000001	2.3552325536917953e10
0.88	2.3564621544116596e10
0.8805000000000001	2.357691644300663e10
0.881	2.3589210233912453e10
0.8815000000000001	2.360150291715837e10
0.882	2.3613794493068626e10
0.8825000000000001	2.3626084961967384e10
0.883	2.3638374324178707e10
0.8835000000000001	2.365066258002663e10
0.884	2.3662949729835056e10
0.8845000000000001	2.3675235773927837e10
0.885	2.368752071262875e10
0.8855000000000001	2.36998045462615e10
0.886	2.3712087275149685e10
0.8865000000000001	2.3724368899616848e10
0.887	2.373664941998645e10
0.8875000000000001	2.3748928836581867e10
0.888	2.3761207149726414e10
0.8885000000000001	2.3773484359743313e10
0.889	2.378576046695571e10
0.8895000000000001	2.3798035471686684e10
0.89	2.381030937425922e10
0.8905000000000001	2.3822582174996243e10
0.891	2.3834853874220573e10
0.8915000000000001	2.3847124472254982e10
0.892	2.3859393969422153e10
0.8925000000000001	2.3871662366044678e10
0.893	2.3883929662445087e10
0.8935000000000001	2.389619585894584e10
0.894	2.3908460955869286e10
0.8945000000000001	2.3920724953537727e10
0.895	2.3932987852273376e10
0.8955000000000001	2.3945249652398373e10
0.896	2.3957510354234764e10
0.8965	2.3969769958104534e10
0.897	2.3982028464329582e10
0.8975	2.399428587323174e10
0.898	2.4006542185132732e10
0.8985	2.401879740035426e10
0.899	2.4031051519217876e10
0.8995	2.4043304542045105e10
0.9	2.4055556469157387e10
0.9005	2.4067807300876057e10
0.901	2.4080057037522427e10
0.9015	2.4092305679417652e10
0.902	2.410455322688288e10
0.9025	2.4116799680239136e10
0.903	2.4129045039807396e10
0.9035	2.4141289305908543e10
0.904	2.4153532478863384e10
0.9045	2.4165774558992645e10
0.905	2.417801554661697e10
0.9055	2.4190255442056934e10
0.906	2.420249424563305e10
0.9065	2.4214731957665703e10
0.907	2.4226968578475246e10
0.9075	2.4239204108381943e10
0.908	2.4251438547705975e10
0.9085	2.4263671896767426e10
0.909	2.4275904155886337e10
0.9095	2.4288135325382645e10
0.91	2.430036540557623e10
0.9105	2.431259439678686e10
0.911	2.4324822299334267e10
0.9115	2.4337049113538063e10
0.912	2.434927483971782e10
0.9125	2.4361499478193e10
0.913	2.437372302928301e10
0.9135	2.4385945493307156e10
0.914	2.4398166870584682e10
0.9145	2.441038716143476e10
0.915	2.4422606366176468e10
0.9155	2.4434824485128807e10
0.916	2.4447041518610695e10
0.9165	2.4459257466940998e10
0.917	2.4471472330438465e10
0.9175	2.44836861094218e10
0.918	2.4495898804209614e10
0.9185	2.450811041512043e10
0.919	2.4520320942472717e10
0.9195	2.4532530386584835e10
0.92	2.4544738747775105e10
0.9205	2.455694602636172e10
0.921	2.4569152222662838e10
0.9215	2.458135733699651e10
0.922	2.459356136968073e10
0.9225	2.460576432103339e10
0.923	2.461796619137231e10
0.9235	2.4630166981015266e10
0.924	2.464236669027991e10
0.9245	2.4654565319483826e10
0.925	2.4666762868944534e10
0.9255	2.4678959338979454e10
0.926	2.4691154729905956e10
0.9265	2.470334904204131e10
0.927	2.4715542275702705e10
0.9275	2.4727734431207268e10
0.928	2.4739925508872032e10
0.9285	2.475211550901396e10
0.929	2.476430443194993e10
0.9295	2.477649227799674e10
0.93	2.4788679047471127e10
0.9305	2.4800864740689728e10
0.931	2.4813049357969105e10
0.9315	2.482523289962575e10
0.932	2.483741536597608e10
0.9325	2.484959675733641e10
0.933	2.4861777074023003e10
0.9335	2.4873956316352016e10
0.934	2.4886134484639557e10
0.9345	2.4898311579201633e10
0.935	2.4910487600354183e10
0.9355	2.492266254841306e10
0.936	2.493483642369404e10
0.9365	2.494700922651282e10
0.937	2.495918095718503e10
0.9375	2.4971351616026207e10
0.9380000000000001	2.4983521203351807e10
0.9385	2.4995689719477215e10
0.9390000000000001	2.5007857164717735e10
0.9395	2.50200235393886e10
0.9400000000000001	2.5032188843804947e10
0.9405	2.5044353078281837e10
0.9410000000000001	2.5056516243134277e10
0.9415	2.5068678338677166e10
0.9420000000000001	2.508083936522533e10
0.9425	2.5092999323093517e10
0.9430000000000001	2.5105158212596413e10
0.9435	2.5117316034048595e10
0.9440000000000001	2.5129472787764595e10
0.9445	2.5141628474058834e10
0.9450000000000001	2.515378309324567e10
0.9455	2.516593664563938e10
0.9460000000000001	2.517808913155417e10
0.9465	2.519024055130415e10
0.9470000000000001	2.5202390905203358e10
0.9475	2.5214540193565754e10
0.9480000000000001	2.5226688416705223e10
0.9485	2.523883557493557e10
0.9490000000000001	2.525098166857051e10
0.9495	2.5263126697923695e10
0.9500000000000001	2.527527066330869e10
0.9505	2.5287413565038967e10
0.9510000000000001	2.5299555403427944e10
0.9515	2.531169617878895e10
0.9520000000000001	2.532383589143522e10
0.9525	2.5335974541679947e10
0.9530000000000001	2.5348112129836197e10
0.9535	2.536024865621698e10
0.9540000000000001	2.5372384121135246e10
0.9545	2.5384518524903843e10
0.9550000000000001	2.539665186783552e10
0.9555	2.5408784150242992e10
0.9560000000000001	2.542091537243888e10
0.9565	2.54330455347357e10
0.9570000000000001	2.544517463744591e10
0.9575	2.54573026808819e10
0.9580000000000001	2.546942966535596e10
0.9585	2.5481555591180313e10
0.9590000000000001	2.549368045866708e10
0.9595	2.550580426812833e10
0.96	2.5517927019876053e10
0.9605	2.5530048714222137e10
0.961	2.5542169351478413e10
0.9615	2.5554288931956615e10
0.962	2.55664074559684e10
0.9625	2.557852492382537e10
0.963	2.5590641335839024e10
0.9635	2.560275669232077e10
0.964	2.561487099358197e10
0.9645	2.5626984239933884e10
0.965	2.563909643168769e10
0.9655	2.565120756915451e10
0.966	2.566331765264536e10
0.9665	2.5675426682471207e10
0.967	2.568753465894289e10
0.9675	2.569964158237123e10
0.968	2.571174745306691e10
0.9685	2.5723852271340572e10
0.969	2.5735956037502785e10
0.9695	2.5748058751863983e10
0.97	2.576016041473459e10
0.9705	2.5772261026424896e10
0.971	2.5784360587245148e10
0.9715	2.57964590975055e10
0.972	2.580855655751602e10
0.9725	2.582065296758671e10
0.973	2.5832748328027477e10
0.9735	2.5844842639148167e10
0.974	2.5856935901258514e10
0.9745	2.586902811466823e10
0.975	2.588111927968688e10
0.9755	2.5893209396623997e10
0.976	2.5905298465789017e10
0.9765	2.59173864874913e10
0.977	2.592947346204012e10
0.9775	2.5941559389744682e10
0.978	2.595364427091411e10
0.9785	2.5965728105857426e10
0.979	2.5977810894883602e10
0.9795	2.598989263830153e10
0.98	2.6001973336419994e10
0.9805	2.601405298954772e10
0.981	2.6026131597993366e10
0.9815	2.6038209162065468e10
0.982	2.6050285682072525e10
0.9825	2.606236115832295e10
0.983	2.6074435591125046e10
0.9835	2.608650898078707e10
0.984	2.609858132761718e10
0.9845	2.6110652631923462e10
0.985	2.6122722894013924e10
0.9855	2.6134792114196495e10
0.986	2.614686029277902e10
0.9865	2.6158927430069256e10
0.987	2.6170993526374893e10
0.9875	2.618305858200354e10
0.988	2.6195122597262737e10
0.9885	2.6207185572459904e10
0.989	2.6219247507902435e10
0.9895	2.62313084038976e10
0.99	2.6243368260752613e10
0.9905	2.625542707877461e10
0.991	2.626748485827063e10
0.9915	2.6279541599547646e10
0.992	2.6291597302912537e10
0.9925	2.6303651968672146e10
0.993	2.6315705597133152e10
0.9935	2.6327758188602253e10
0.994	2.633980974338599e10
0.9945	2.6351860261790867e10
0.995	2.6363909744123283e10
0.9955	2.637595819068959e10
0.996	2.6388005601796017e10
0.9965	2.640005197774874e10
0.997	2.6412097318853863e10
0.9975	2.642414162541739e10
0.998	2.6436184897745243e10
0.9985	2.64482271361433e10
0.999	2.64602683409173e10
0.9995	2.6472308512372963e10