0.	-7.6276423661815964e-6
0.0005	-7.623700854885978e-6
0.001	-7.6197593024965284e-6
0.0015	-7.615817702943255e-6
0.002	-7.6118760501554094e-6
0.0025	-7.607934339103216e-6
0.003	-7.603992561724513e-6
0.0035	-7.6000507128811525e-6
0.004	-7.596108786495861e-6
0.0045000000000000005	-7.592166776490343e-6
0.005	-7.588224676785236e-6
0.0055	-7.584281537103448e-6
0.006	-7.5803343837935055e-6
0.006500000000000001	-7.576387171200928e-6
0.007	-7.572439934278956e-6
0.0075	-7.568492707981909e-6
0.008	-7.564545527261716e-6
0.0085	-7.560598427064405e-6
0.009000000000000001	-7.556651442326586e-6
0.0095	-7.552704607971881e-6
0.01	-7.548757958907357e-6
0.0105	-7.544811530019898e-6
0.011	-7.540865356172585e-6
0.0115	-7.536919472201017e-6
0.012	-7.5329739129096295e-6
0.0125	-7.529028713067971e-6
0.013000000000000001	-7.525083907406958e-6
0.0135	-7.521139530615109e-6
0.014	-7.517195617334731e-6
0.0145	-7.513252202158109e-6
0.015	-7.5093093196236465e-6
0.0155	-7.505366975467135e-6
0.016	-7.501425256293479e-6
0.0165	-7.497484172959223e-6
0.017	-7.493543759910188e-6
0.0175	-7.4896040515413504e-6
0.018000000000000002	-7.485665082193182e-6
0.0185	-7.481726886148021e-6
0.019	-7.477796580375691e-6
0.0195	-7.473874562337699e-6
0.02	-7.469953232577046e-6
0.0205	-7.466032504029714e-6
0.021	-7.46211228973573e-6
0.021500000000000002	-7.458192502820883e-6
0.022	-7.454273056478729e-6
0.0225	-7.450353863952929e-6
0.023	-7.446434838519864e-6
0.0235	-7.4425158934715545e-6
0.024	-7.438596942098858e-6
0.0245	-7.434677897674958e-6
0.025	-7.43075867343912e-6
0.025500000000000002	-7.426839182580721e-6
0.026000000000000002	-7.422919338223544e-6
0.0265	-7.418999053410325e-6
0.027	-7.415078241087568e-6
0.0275	-7.411156814090594e-6
0.028	-7.4072346851288374e-6
0.0285	-7.403311672282697e-6
0.029	-7.3993878707445505e-6
0.029500000000000002	-7.39546310611172e-6
0.03	-7.3915372906377995e-6
0.0305	-7.387610336338664e-6
0.031	-7.383682154972796e-6
0.0315	-7.379752658021434e-6
0.032	-7.375821756668546e-6
0.0325	-7.3718755433398555e-6
0.033	-7.367919588538961e-6
0.0335	-7.36396223891052e-6
0.034	-7.360003591237236e-6
0.0345	-7.356043742622138e-6
0.035	-7.352082790466126e-6
0.035500000000000004	-7.348120832445284e-6
0.036000000000000004	-7.344157966487962e-6
0.0365	-7.340194290751663e-6
0.037	-7.336229903599691e-6
0.0375	-7.332264903577632e-6
0.038	-7.328299389389628e-6
0.0385	-7.3243334598744716e-6
0.039	-7.320367213981534e-6
0.0395	-7.31640075074653e-6
0.04	-7.3124341692671316e-6
0.0405	-7.308467568678431e-6
0.041	-7.304501048128279e-6
0.0415	-7.300534706752491e-6
0.042	-7.29656864417006e-6
0.0425	-7.292602958719798e-6
0.043000000000000003	-7.2886377495841135e-6
0.043500000000000004	-7.284673115577041e-6
0.044	-7.280709155371941e-6
0.0445	-7.276745967477232e-6
0.045	-7.272783650212162e-6
0.0455	-7.268823069930749e-6
0.046	-7.264879530900201e-6
0.0465	-7.26093699429947e-6
0.047	-7.25699541591247e-6
0.0475	-7.253054751629186e-6
0.048	-7.249114957440757e-6
0.0485	-7.2451759894345784e-6
0.049	-7.241237803789446e-6
0.0495	-7.237300356770701e-6
0.05	-7.233363604725394e-6
0.0505	-7.229427504077472e-6
0.051000000000000004	-7.225492011322972e-6
0.051500000000000004	-7.221557083025232e-6
0.052000000000000005	-7.217622675810115e-6
0.0525	-7.213688746361243e-6
0.053	-7.209755251415237e-6
0.0535	-7.205822147756976e-6
0.054	-7.201889392214843e-6
0.0545	-7.197956941656016e-6
0.055	-7.194024751165797e-6
0.0555	-7.1900927815593585e-6
0.056	-7.186160987795188e-6
0.0565	-7.182229326833727e-6
0.057	-7.178297755647418e-6
0.0575	-7.174366231216415e-6
0.058	-7.170434710524362e-6
0.0585	-7.1665031505541795e-6
0.059000000000000004	-7.1625693247835715e-6
0.059500000000000004	-7.158629661425207e-6
0.06	-7.154689913578904e-6
0.0605	-7.150750104465926e-6
0.061	-7.146810257309839e-6
0.0615	-7.142870395334813e-6
0.062	-7.138930541763895e-6
0.0625	-7.134990719817309e-6
0.063	-7.131050952710718e-6
0.0635	-7.12711126365353e-6
0.064	-7.123171675847155e-6
0.0645	-7.119232212483306e-6
0.065	-7.11529289674226e-6
0.0655	-7.111353751791148e-6
0.066	-7.1074148007822335e-6
0.0665	-7.1034760668512e-6
0.067	-7.099537573115418e-6
0.0675	-7.095599342672252e-6
0.068	-7.091661369938748e-6
0.0685	-7.087723730447771e-6
0.069	-7.083786423432687e-6
0.0695	-7.079849472053065e-6
0.07	-7.075912899456119e-6
0.07050000000000001	-7.071976728773763e-6
0.07100000000000001	-7.068040983119569e-6
0.07150000000000001	-7.064105685585648e-6
0.07200000000000001	-7.0601708592394325e-6
0.0725	-7.056236527120379e-6
0.073	-7.052316312794847e-6
0.0735	-7.048391819208658e-6
0.074	-7.044467697061687e-6
0.0745	-7.040543894759305e-6
0.075	-7.036620360750428e-6
0.0755	-7.032697043525263e-6
0.076	-7.028773891613143e-6
0.0765	-7.024850853580509e-6
0.077	-7.020927878028991e-6
0.0775	-7.017004913593633e-6
0.078	-7.013081908941235e-6
0.0785	-7.009158812768834e-6
0.079	-7.00523557380235e-6
0.0795	-7.001312140795353e-6
0.08	-6.9973884625280175e-6
0.0805	-6.993464487806215e-6
0.081	-6.9895401764497285e-6
0.0815	-6.985615467756783e-6
0.082	-6.98169031160415e-6
0.0825	-6.977764656478736e-6
0.083	-6.9738384507421385e-6
0.0835	-6.969911642626879e-6
0.084	-6.965984180232963e-6
0.0845	-6.962056011524717e-6
0.085	-6.958127084327917e-6
0.0855	-6.954201252045747e-6
0.08600000000000001	-6.950258214549847e-6
0.08650000000000001	-6.94631432134569e-6
0.08700000000000001	-6.9423696244802115e-6
0.08750000000000001	-6.938424176150278e-6
0.088	-6.9344780286908856e-6
0.0885	-6.930531234563193e-6
0.089	-6.926583846342409e-6
0.0895	-6.922635916705544e-6
0.09	-6.918687498419045e-6
0.0905	-6.914738644326286e-6
0.091	-6.9107894073349975e-6
0.0915	-6.90683984040457e-6
0.092	-6.902889996533284e-6
0.0925	-6.8989399287454645e-6
0.093	-6.894989690078601e-6
0.0935	-6.891039333570377e-6
0.094	-6.887088912245704e-6
0.0945	-6.883138489276377e-6
0.095	-6.879188104370585e-6
0.0955	-6.8752378120430015e-6
0.096	-6.871287664967858e-6
0.0965	-6.867337715813621e-6
0.097	-6.863388017235874e-6
0.0975	-6.859438621870104e-6
0.098	-6.85548958232444e-6
0.0985	-6.85154095117234e-6
0.099	-6.847592780945212e-6
0.0995	-6.843647941007629e-6
0.1	-6.839703628219622e-6
0.1005	-6.835759885033583e-6
0.101	-6.831816740082835e-6
0.1015	-6.827874221961018e-6
0.10200000000000001	-6.82393235921951e-6
0.10250000000000001	-6.819991180364806e-6
0.10300000000000001	-6.8160507138558905e-6
0.10350000000000001	-6.812110988101581e-6
0.10400000000000001	-6.808172031457809e-6
0.1045	-6.80423387222492e-6
0.105	-6.800296538644907e-6
0.1055	-6.7963600588986295e-6
0.106	-6.7924244611030035e-6
0.1065	-6.788489773308156e-6
0.107	-6.784556023494539e-6
0.1075	-6.780623248608067e-6
0.108	-6.77669145783349e-6
0.1085	-6.772760688307968e-6
0.109	-6.76883096771589e-6
0.1095	-6.764902323666809e-6
0.11	-6.760974783693558e-6
0.1105	-6.757048375250377e-6
0.111	-6.753123125711049e-6
0.1115	-6.749199062367084e-6
0.112	-6.74527621242587e-6
0.1125	-6.7413591571924056e-6
0.113	-6.737458385837167e-6
0.1135	-6.733558691923117e-6
0.114	-6.729659941820223e-6
0.1145	-6.725762002215563e-6
0.115	-6.7218647400671125e-6
0.1155	-6.717968022557872e-6
0.116	-6.7140717170504014e-6
0.1165	-6.710175691041651e-6
0.117	-6.706279812118118e-6
0.11750000000000001	-6.702383947911262e-6
0.11800000000000001	-6.698487966053159e-6
0.11850000000000001	-6.694591734132382e-6
0.11900000000000001	-6.6906951196500545e-6
0.11950000000000001	-6.686797989976067e-6
0.12	-6.682900212305432e-6
0.1205	-6.6790016529996975e-6
0.121	-6.675102181002511e-6
0.1215	-6.671201661379177e-6
0.122	-6.667299960161946e-6
0.1225	-6.663396942977955e-6
0.123	-6.659492475003908e-6
0.1235	-6.655586420920194e-6
0.124	-6.6516786448643965e-6
0.1245	-6.647769010384114e-6
0.125	-6.643857380389079e-6
0.1255	-6.639943617102531e-6
0.126	-6.636020110014758e-6
0.1265	-6.63206877968856e-6
0.127	-6.628115176678537e-6
0.1275	-6.624159438092485e-6
0.128	-6.620201701800082e-6
0.1285	-6.616242106386328e-6
0.129	-6.612280791104001e-6
0.1295	-6.6083178958251356e-6
0.13	-6.604353560991523e-6
0.1305	-6.600387927564277e-6
0.131	-6.596421136972454e-6
0.1315	-6.59245333106078e-6
0.132	-6.5884846520364516e-6
0.1325	-6.5845152424151015e-6
0.133	-6.580545244965878e-6
0.1335	-6.576574809143894e-6
0.134	-6.572604062276405e-6
0.1345	-6.568633155663937e-6
0.135	-6.564662232616925e-6
0.1355	-6.560691436472045e-6
0.136	-6.556720910537142e-6
0.1365	-6.55275079803638e-6
0.137	-6.548781242055717e-6
0.1375	-6.544812385488699e-6
0.138	-6.54084437098267e-6
0.1385	-6.536877340885418e-6
0.139	-6.5329114371923125e-6
0.1395	-6.52896155235707e-6
0.14	-6.525020488070744e-6
0.1405	-6.521080637633937e-6
0.14100000000000001	-6.517141952845091e-6
0.14150000000000001	-6.513204385635787e-6
0.14200000000000002	-6.509267888065028e-6
0.14250000000000002	-6.505332412313607e-6
0.14300000000000002	-6.501397910678608e-6
0.14350000000000002	-6.497464335567998e-6
0.14400000000000002	-6.49353163949535e-6
0.1445	-6.489599775074658e-6
0.145	-6.4856686950152644e-6
0.1455	-6.48173835211691e-6
0.146	-6.477808699264855e-6
0.1465	-6.473879689425146e-6
0.147	-6.46995128660536e-6
0.1475	-6.466023420704006e-6
0.148	-6.462096057112299e-6
0.1485	-6.458169149113833e-6
0.149	-6.454242650048728e-6
0.1495	-6.450316513308598e-6
0.15	-6.446390692331566e-6
0.1505	-6.442465140597323e-6
0.151	-6.43853981162225e-6
0.1515	-6.434614658954567e-6
0.152	-6.430689636169567e-6
0.1525	-6.4267646968648646e-6
0.153	-6.422834043593093e-6
0.1535	-6.418902502918327e-6
0.154	-6.414971010443688e-6
0.1545	-6.411039575374645e-6
0.155	-6.407108206912893e-6
0.1555	-6.403176914255996e-6
0.156	-6.399245706597051e-6
0.1565	-6.395314593124329e-6
0.157	-6.391383583020922e-6
0.1575	-6.38745268546441e-6
0.158	-6.383521909626494e-6
0.1585	-6.379591264672643e-6
0.159	-6.375660759761748e-6
0.1595	-6.371730404045774e-6
0.16	-6.367800166434167e-6
0.1605	-6.363870131534321e-6
0.161	-6.359940273483955e-6
0.1615	-6.356010601564332e-6
0.162	-6.352081125058916e-6
0.1625	-6.348151853251813e-6
0.163	-6.344222795426147e-6
0.1635	-6.340293960862382e-6
0.164	-6.336365358836543e-6
0.1645	-6.332436998618387e-6
0.165	-6.3285088894694706e-6
0.1655	-6.3245810406411584e-6
0.166	-6.320653461372524e-6
0.1665	-6.316730805329518e-6
0.167	-6.312808161120203e-6
0.1675	-6.308885736966991e-6
0.168	-6.304963505141137e-6
0.1685	-6.301041437933949e-6
0.169	-6.297119507660548e-6
0.1695	-6.293197686663834e-6
0.17	-6.289275947318756e-6
0.1705	-6.285354262036835e-6
0.171	-6.281432603270989e-6
0.1715	-6.277510943520677e-6
0.17200000000000001	-6.2735892553373555e-6
0.17250000000000001	-6.269667511330297e-6
0.17300000000000001	-6.265745675240326e-6
0.17350000000000002	-6.261823741517524e-6
0.17400000000000002	-6.257901673174629e-6
0.17450000000000002	-6.2539794429404034e-6
0.17500000000000002	-6.250057023471934e-6
0.17550000000000002	-6.246134387355284e-6
0.176	-6.242211507106403e-6
0.1765	-6.238288355172352e-6
0.177	-6.234364903932786e-6
0.1775	-6.230441125701728e-6
0.178	-6.226516992729623e-6
0.1785	-6.222592477205651e-6
0.179	-6.218674110318747e-6
0.1795	-6.214740533422177e-6
0.18	-6.210806498337462e-6
0.1805	-6.206872046130015e-6
0.181	-6.2029372179574125e-6
0.1815	-6.1990020550579716e-6
0.182	-6.195066598739078e-6
0.1825	-6.191130890365287e-6
0.183	-6.187194971346229e-6
0.1835	-6.183258883124302e-6
0.184	-6.179322667162199e-6
0.1845	-6.1753863649302695e-6
0.185	-6.171450017893748e-6
0.1855	-6.1675136674998455e-6
0.186	-6.163577387142062e-6
0.1865	-6.159641164718204e-6
0.187	-6.155705061318811e-6
0.1875	-6.151769117877883e-6
0.188	-6.147833375324045e-6
0.1885	-6.1438978745761724e-6
0.189	-6.139962656539014e-6
0.1895	-6.136027762098744e-6
0.19	-6.132093232118483e-6
0.1905	-6.1281591074337775e-6
0.191	-6.1242254288480325e-6
0.1915	-6.120292237127907e-6
0.192	-6.116359572998664e-6
0.1925	-6.112427477139475e-6
0.193	-6.1084989261933875e-6
0.1935	-6.1045749273755864e-6
0.194	-6.100651533485616e-6
0.1945	-6.0967287277919285e-6
0.195	-6.092806493583012e-6
0.1955	-6.088884814166923e-6
0.196	-6.084963672870859e-6
0.1965	-6.081043053040706e-6
0.197	-6.07712293804062e-6
0.1975	-6.073203311252606e-6
0.198	-6.0692841560761146e-6
0.1985	-6.065365455927635e-6
0.199	-6.061447194240322e-6
0.1995	-6.057529354174689e-6
0.2	-6.053611919622795e-6
0.2005	-6.0496948739139945e-6
0.201	-6.045778200553887e-6
0.2015	-6.041861883063576e-6
0.202	-6.037945904978985e-6
0.2025	-6.034030249850149e-6
0.203	-6.030114901240516e-6
0.20350000000000001	-6.026199842726254e-6
0.20400000000000001	-6.0222850578955665e-6
0.20450000000000002	-6.018370530347987e-6
0.20500000000000002	-6.0144562436937085e-6
0.20550000000000002	-6.010542181552883e-6
0.20600000000000002	-6.00662832755495e-6
0.20650000000000002	-6.002716824461367e-6
0.20700000000000002	-5.9988073159196165e-6
0.20750000000000002	-5.994897915185523e-6
0.20800000000000002	-5.990988572998626e-6
0.2085	-5.987079240105429e-6
0.209	-5.983169867253237e-6
0.2095	-5.9792604051840085e-6
0.21	-5.975350804628212e-6
0.2105	-5.971441016298716e-6
0.211	-5.967530990884652e-6
0.2115	-5.963620679045312e-6
0.212	-5.959710031404035e-6
0.2125	-5.955798996459379e-6
0.213	-5.951887528825355e-6
0.2135	-5.947975577030841e-6
0.214	-5.944063091495395e-6
0.2145	-5.9401500225707965e-6
0.215	-5.936236320534871e-6
0.2155	-5.932321935585283e-6
0.216	-5.928406817833282e-6
0.2165	-5.924490917297421e-6
0.217	-5.9205741838972406e-6
0.2175	-5.916656567446886e-6
0.218	-5.912738017648707e-6
0.2185	-5.908818484086791e-6
0.219	-5.904897916220457e-6
0.2195	-5.9009762633776885e-6
0.22	-5.8970442158358195e-6
0.2205	-5.893105343981823e-6
0.221	-5.889165424075161e-6
0.2215	-5.885224530748643e-6
0.222	-5.881282738821033e-6
0.2225	-5.87734012328287e-6
0.223	-5.8733967592821045e-6
0.2235	-5.86945272210962e-6
0.224	-5.865508087184605e-6
0.2245	-5.861562930039781e-6
0.225	-5.8576173263065234e-6
0.2255	-5.85367135817693e-6
0.226	-5.8497250870266105e-6
0.2265	-5.84577859638273e-6
0.227	-5.8418319621713965e-6
0.2275	-5.837885260350915e-6
0.228	-5.833938566896102e-6
0.2285	-5.829991957782644e-6
0.229	-5.82604550897147e-6
0.2295	-5.822099296393195e-6
0.23	-5.818153395932587e-6
0.2305	-5.814207883413132e-6
0.231	-5.810262834581633e-6
0.2315	-5.8063183250929094e-6
0.232	-5.802374430494581e-6
0.2325	-5.798431226211935e-6
0.233	-5.794488094214802e-6
0.2335	-5.790554178260163e-6
0.234	-5.786621113981254e-6
0.23450000000000001	-5.782688911546682e-6
0.23500000000000001	-5.778757581099665e-6
0.23550000000000001	-5.774827132757625e-6
0.23600000000000002	-5.770897576611772e-6
0.23650000000000002	-5.7669689227266955e-6
0.23700000000000002	-5.763041181139947e-6
0.23750000000000002	-5.759114361861619e-6
0.23800000000000002	-5.7551884748739405e-6
0.23850000000000002	-5.7512635382743395e-6
0.23900000000000002	-5.7473395436283815e-6
0.23950000000000002	-5.743416510911466e-6
0.24	-5.739494450047518e-6
0.2405	-5.735573370935545e-6
0.241	-5.731653283449354e-6
0.2415	-5.727734197437287e-6
0.242	-5.723816122721938e-6
0.2425	-5.719899069099877e-6
0.243	-5.715983046341384e-6
0.2435	-5.712068064190152e-6
0.244	-5.708154132363035e-6
0.2445	-5.7042412605497436e-6
0.245	-5.700329458412583e-6
0.2455	-5.6964187355861715e-6
0.246	-5.692509101677151e-6
0.2465	-5.6886005662639175e-6
0.247	-5.684708237076541e-6
0.2475	-5.6808162067510595e-6
0.248	-5.67692505029285e-6
0.2485	-5.673034659799717e-6
0.249	-5.669144927581928e-6
0.2495	-5.665255746132775e-6
0.25	-5.661367008099199e-6
0.2505	-5.6574786062524626e-6
0.251	-5.6535904334588546e-6
0.2515	-5.649702382650398e-6
0.252	-5.64581434829964e-6
0.2525	-5.641926222794544e-6
0.253	-5.638037898042774e-6
0.2535	-5.634149266864583e-6
0.254	-5.63026022200483e-6
0.2545	-5.626370656105169e-6
0.255	-5.622480461676051e-6
0.2555	-5.618589531068519e-6
0.256	-5.614697756445799e-6
0.2565	-5.61080502975463e-6
0.257	-5.606911242696352e-6
0.2575	-5.603016286697691e-6
0.258	-5.599120052881259e-6
0.2585	-5.595222432035699e-6
0.259	-5.591323314585509e-6
0.2595	-5.587422590560461e-6
0.26	-5.583520149564638e-6
0.2605	-5.579592118490331e-6
0.261	-5.575661797683997e-6
0.2615	-5.571729791341817e-6
0.262	-5.56779619026785e-6
0.2625	-5.563861085631336e-6
0.263	-5.559924568944199e-6
0.2635	-5.555986732038119e-6
0.264	-5.552047667041159e-6
0.2645	-5.548107466353945e-6
0.265	-5.544166294428408e-6
0.2655	-5.540224100146962e-6
0.266	-5.536281046511507e-6
0.2665	-5.532337226872486e-6
0.267	-5.5283927348114385e-6
0.2675	-5.524447664114504e-6
0.268	-5.520502108745838e-6
0.2685	-5.516556162820902e-6
0.269	-5.5126099205797084e-6
0.2695	-5.508663476360022e-6
0.27	-5.504716924570514e-6
0.2705	-5.500770359663938e-6
0.271	-5.496823876110292e-6
0.2715	-5.4928775683700555e-6
0.272	-5.4889315308674565e-6
0.2725	-5.4849858579638175e-6
0.273	-5.481040643931042e-6
0.2735	-5.4770991049376585e-6
0.274	-5.47316741945147e-6
0.2745	-5.4692363381171374e-6
0.275	-5.465305850566322e-6
0.2755	-5.461375946440983e-6
0.276	-5.4574466153933696e-6
0.2765	-5.453517847086027e-6
0.277	-5.449589631191835e-6
0.2775	-5.445661957394058e-6
0.278	-5.44173485366374e-6
0.2785	-5.4378082309662124e-6
0.279	-5.433882119130783e-6
0.2795	-5.429956507947857e-6
0.28	-5.426031387221058e-6
0.2805	-5.42210674676699e-6
0.281	-5.418182576414981e-6
0.28150000000000003	-5.414258866006863e-6
0.28200000000000003	-5.410335605396703e-6
0.28250000000000003	-5.4064127844505896e-6
0.28300000000000003	-5.402490393046388e-6
0.28350000000000003	-5.398568421073499e-6
0.28400000000000003	-5.394646858432634e-6
0.28450000000000003	-5.3907256950355775e-6
0.28500000000000003	-5.386804920804961e-6
0.28550000000000003	-5.38288452567403e-6
0.28600000000000003	-5.378964499586428e-6
0.28650000000000003	-5.375044832495951e-6
0.28700000000000003	-5.371122725127698e-6
0.28750000000000003	-5.367197008039233e-6
0.28800000000000003	-5.363271700954041e-6
0.2885	-5.3593468500364055e-6
0.289	-5.355422501391555e-6
0.2895	-5.351498701060461e-6
0.29	-5.3475754950145995e-6
0.2905	-5.343652929150812e-6
0.291	-5.33973094789578e-6
0.2915	-5.335809785171893e-6
0.292	-5.331889400185909e-6
0.2925	-5.327969838937655e-6
0.293	-5.324051147360682e-6
0.2935	-5.320133371312716e-6
0.294	-5.316216556565842e-6
0.2945	-5.312300748796469e-6
0.295	-5.308385993575015e-6
0.2955	-5.304472336355302e-6
0.296	-5.300559822463705e-6
0.2965	-5.296648497087994e-6
0.297	-5.292738405265868e-6
0.2975	-5.288829591873204e-6
0.298	-5.284922101611969e-6
0.2985	-5.281015978997808e-6
0.299	-5.27711126834729e-6
0.2995	-5.273208013764823e-6
0.3	-5.2693062591291645e-6
0.3005	-5.2654060480796e-6
0.301	-5.261546047766137e-6
0.3015	-5.2576742561635615e-6
0.302	-5.253803576894912e-6
0.3025	-5.24993384631633e-6
0.303	-5.2460649014036985e-6
0.3035	-5.242196579709328e-6
0.304	-5.23832871931924e-6
0.3045	-5.234461171744369e-6
0.305	-5.230593739370048e-6
0.3055	-5.226726296113676e-6
0.306	-5.222858681733927e-6
0.3065	-5.218990735704685e-6
0.307	-5.215122297144788e-6
0.3075	-5.2112532047488555e-6
0.308	-5.207383296719154e-6
0.3085	-5.203512410698484e-6
0.309	-5.199640383704045e-6
0.3095	-5.195767052062249e-6
0.31	-5.191892251344442e-6
0.3105	-5.188015816303517e-6
0.311	-5.18413758081137e-6
0.3115	-5.1802573777971885e-6
0.312	-5.176375039186508e-6
0.3125	-5.1724903958410605e-6
0.313	-5.168603277499327e-6
0.3135	-5.164741650274438e-6
0.314	-5.160807880041876e-6
0.3145	-5.156871125479764e-6
0.315	-5.152931556311331e-6
0.3155	-5.148989343546247e-6
0.316	-5.145044659386829e-6
0.3165	-5.141097677133392e-6
0.317	-5.137148571088884e-6
0.3175	-5.13319721181655e-6
0.318	-5.129244423759661e-6
0.3185	-5.12529004077375e-6
0.319	-5.1213342390041824e-6
0.3195	-5.117377195200639e-6
0.32	-5.1134190866418375e-6
0.3205	-5.109460091059699e-6
0.321	-5.105500386563117e-6
0.3215	-5.101540151561304e-6
0.322	-5.097579564686875e-6
0.3225	-5.093618804718652e-6
0.323	-5.089658050504306e-6
0.3235	-5.085697480882895e-6
0.324	-5.0817372746073475e-6
0.3245	-5.077777610266991e-6
0.325	-5.073818666210167e-6
0.3255	-5.069860620466996e-6
0.326	-5.065903650672412e-6
0.3265	-5.061947933989444e-6
0.327	-5.057993647032901e-6
0.3275	-5.054059900330006e-6
0.328	-5.050136977740486e-6
0.3285	-5.046215578365429e-6
0.329	-5.042295640328531e-6
0.3295	-5.038377101975376e-6
0.33	-5.034459901863842e-6
0.3305	-5.03054394698146e-6
0.331	-5.026629242344739e-6
0.3315	-5.022715692981233e-6
0.332	-5.018803238135998e-6
0.3325	-5.014891817222124e-6
0.333	-5.010981369811896e-6
0.3335	-5.007071835628128e-6
0.334	-5.003163154535628e-6
0.3345	-4.999255266532801e-6
0.335	-4.995348111743416e-6
0.3355	-4.99144163040846e-6
0.336	-4.987535762878192e-6
0.3365	-4.983630449604266e-6
0.337	-4.979725631132035e-6
0.3375	-4.975821248092952e-6
0.338	-4.9719172411971155e-6
0.3385	-4.968013551225926e-6
0.339	-4.964110119024877e-6
0.3395	-4.960206885496455e-6
0.34	-4.956303791593173e-6
0.3405	-4.952400778310699e-6
0.341	-4.948487185777683e-6
0.3415	-4.944569736719301e-6
0.342	-4.940652397996805e-6
0.3425	-4.936735230207372e-6
0.343	-4.932818293887252e-6
0.3435	-4.928901548786757e-6
0.34400000000000003	-4.924985228418291e-6
0.34450000000000003	-4.9210693191388155e-6
0.34500000000000003	-4.917153882074726e-6
0.34550000000000003	-4.913238978377417e-6
0.34600000000000003	-4.909324669203909e-6
0.34650000000000003	-4.905411015696798e-6
0.34700000000000003	-4.901498078963479e-6
0.34750000000000003	-4.8975859200546295e-6
0.34800000000000003	-4.893674599941889e-6
0.34850000000000003	-4.889764179494737e-6
0.34900000000000003	-4.885854719456497e-6
0.34950000000000003	-4.88194628041946e-6
0.35000000000000003	-4.878038922799057e-6
0.35050000000000003	-4.8741327068070686e-6
0.35100000000000003	-4.870227692423794e-6
0.35150000000000003	-4.866323939369168e-6
0.352	-4.862421507072747e-6
0.3525	-4.858520454642536e-6
0.353	-4.854620840832595e-6
0.3535	-4.850722724009356e-6
0.354	-4.84682616211662e-6
0.3545	-4.842931212639151e-6
0.355	-4.839087156882724e-6
0.3555	-4.835222604645906e-6
0.356	-4.8313591568993005e-6
0.3565	-4.827496648947575e-6
0.357	-4.823634988877189e-6
0.3575	-4.819773818268008e-6
0.358	-4.81591312555545e-6
0.3585	-4.812052750743279e-6
0.359	-4.80819253340109e-6
0.3595	-4.804332312600024e-6
0.36	-4.80047192685189e-6
0.3605	-4.796611214051767e-6
0.361	-4.792750011423985e-6
0.3615	-4.788888155471538e-6
0.362	-4.785025481928826e-6
0.3625	-4.781161825717794e-6
0.363	-4.777297020907331e-6
0.3635	-4.773430900675987e-6
0.364	-4.769563297277926e-6
0.3645	-4.76569404201208e-6
0.365	-4.761822965194467e-6
0.3655	-4.757949896133622e-6
0.366	-4.7540746631091114e-6
0.3665	-4.750197093353025e-6
0.367	-4.746317013034458e-6
0.3675	-4.742454435813268e-6
0.368	-4.738524118916252e-6
0.3685	-4.734590876108288e-6
0.369	-4.73065490616693e-6
0.3695	-4.726716409162943e-6
0.37	-4.722774540272207e-6
0.3705	-4.718831737706155e-6
0.371	-4.714887014426478e-6
0.3715	-4.710940569692057e-6
0.372	-4.706992603654974e-6
0.3725	-4.703043317269014e-6
0.373	-4.699092912196752e-6
0.3735	-4.695141590715256e-6
0.374	-4.691189555620519e-6
0.3745	-4.687237010130636e-6
0.375	-4.68328415778784e-6
0.3755	-4.679331202359451e-6
0.376	-4.6753783477377975e-6
0.3765	-4.671425797839227e-6
0.377	-4.6674737565022345e-6
0.3775	-4.66352242738482e-6
0.378	-4.659572013861155e-6
0.3785	-4.655622718917626e-6
0.379	-4.651674745048335e-6
0.3795	-4.647728294150175e-6
0.38	-4.643783567417514e-6
0.3805	-4.6398407652366275e-6
0.381	-4.635900087079925e-6
0.3815	-4.631993651471924e-6
0.382	-4.628095074993519e-6
0.3825	-4.6241985704004994e-6
0.383	-4.620303982267272e-6
0.3835	-4.61641127616065e-6
0.384	-4.612520298265122e-6
0.3845	-4.608630934960176e-6
0.385	-4.604743073078123e-6
0.3855	-4.6008565998712065e-6
0.386	-4.5969714029793586e-6
0.3865	-4.593087370398531e-6
0.387	-4.589204390449652e-6
0.3875	-4.585322351748142e-6
0.388	-4.581441143174002e-6
0.3885	-4.577560653842444e-6
0.389	-4.57368077307505e-6
0.3895	-4.569801390371458e-6
0.39	-4.565922395381534e-6
0.3905	-4.562043677878048e-6
0.391	-4.55816512772981e-6
0.3915	-4.55428663487528e-6
0.392	-4.550408089296604e-6
0.3925	-4.546529380994114e-6
0.393	-4.542650399961211e-6
0.3935	-4.538771036159688e-6
0.394	-4.534891179495427e-6
0.3945	-4.5310107197945e-6
0.395	-4.527118243925399e-6
0.3955	-4.52322082328576e-6
0.396	-4.519322677530673e-6
0.3965	-4.5154239935556495e-6
0.397	-4.51152445601725e-6
0.3975	-4.507624237189264e-6
0.398	-4.503723352366551e-6
0.3985	-4.499821816912036e-6
0.399	-4.4959196462548865e-6
0.3995	-4.492016855888609e-6
0.4	-4.48811346136902e-6
0.4005	-4.484209478312142e-6
0.401	-4.480304922391961e-6
0.4015	-4.476399809338088e-6
0.402	-4.47249415493326e-6
0.4025	-4.4685879750107344e-6
0.403	-4.46468128545152e-6
0.4035	-4.460774102181462e-6
0.404	-4.456866441168157e-6
0.4045	-4.452958318417687e-6
0.405	-4.449049749971188e-6
0.4055	-4.4451407519011915e-6
0.406	-4.441231340307789e-6
0.40650000000000003	-4.437321531314539e-6
0.40700000000000003	-4.433411341064175e-6
0.40750000000000003	-4.429500785714027e-6
0.40800000000000003	-4.425589881431205e-6
0.40850000000000003	-4.421677080742044e-6
0.40900000000000003	-4.417763452319459e-6
0.40950000000000003	-4.413849542871911e-6
0.41000000000000003	-4.409935422376907e-6
0.41050000000000003	-4.406021094903303e-6
0.41100000000000003	-4.402106593487477e-6
0.41150000000000003	-4.398191951283662e-6
0.41200000000000003	-4.3942772015556835e-6
0.41250000000000003	-4.390362377668161e-6
0.41300000000000003	-4.386447513077217e-6
0.41350000000000003	-4.382532641320671e-6
0.41400000000000003	-4.378617796007752e-6
0.41450000000000004	-4.374703010808369e-6
0.41500000000000004	-4.370788319441913e-6
0.41550000000000004	-4.366873755665653e-6
0.41600000000000004	-4.3629593532627215e-6
0.4165	-4.359045146029734e-6
0.417	-4.355131167764044e-6
0.4175	-4.351217452250687e-6
0.418	-4.347304033249014e-6
0.4185	-4.343390944479065e-6
0.419	-4.3394782196077025e-6
0.4195	-4.335565892234538e-6
0.42	-4.331653995877664e-6
0.4205	-4.327742563959267e-6
0.421	-4.323831629791108e-6
0.4215	-4.319920236029584e-6
0.422	-4.31601633581595e-6
0.4225	-4.312113149116926e-6
0.423	-4.308210309616458e-6
0.4235	-4.304307987175861e-6
0.424	-4.300406166100169e-6
0.4245	-4.296504830691457e-6
0.425	-4.29260396524881e-6
0.4255	-4.288703554068376e-6
0.426	-4.284803581443401e-6
0.4265	-4.28090403166432e-6
0.427	-4.277004889018878e-6
0.4275	-4.273106137792256e-6
0.428	-4.269207762267257e-6
0.4285	-4.26530974672452e-6
0.429	-4.261412075442755e-6
0.4295	-4.257514732699044e-6
0.43	-4.253617702769151e-6
0.4305	-4.249720969927896e-6
0.431	-4.245824518449567e-6
0.4315	-4.2419283326083745e-6
0.432	-4.2380323966789555e-6
0.4325	-4.234136694936939e-6
0.433	-4.230241211659548e-6
0.4335	-4.226345931126274e-6
0.434	-4.222450837619594e-6
0.4345	-4.218555915425774e-6
0.435	-4.214661148835704e-6
0.4355	-4.210765138021503e-6
0.436	-4.206868914333468e-6
0.4365	-4.202972825072652e-6
0.437	-4.1990768688059405e-6
0.4375	-4.195181044100711e-6
0.438	-4.191285349524819e-6
0.4385	-4.1873897836466e-6
0.439	-4.18349434503485e-6
0.4395	-4.179599032258827e-6
0.44	-4.17570384388824e-6
0.4405	-4.171808778493238e-6
0.441	-4.167913834644411e-6
0.4415	-4.164019010912767e-6
0.442	-4.160124305869744e-6
0.4425	-4.156229718087185e-6
0.443	-4.152335246137338e-6
0.4435	-4.148440888592857e-6
0.444	-4.144546644026774e-6
0.4445	-4.140652511012508e-6
0.445	-4.136758488123856e-6
0.4455	-4.132864573934979e-6
0.446	-4.1289707670203975e-6
0.4465	-4.12507706595499e-6
0.447	-4.121183469313975e-6
0.4475	-4.117289975672915e-6
0.448	-4.113396583607705e-6
0.4485	-4.109503291694562e-6
0.449	-4.105610108738768e-6
0.4495	-4.101717027410446e-6
0.45	-4.0978240417645525e-6
0.4505	-4.0939311502590705e-6
0.451	-4.090038351352126e-6
0.4515	-4.086145643501993e-6
0.452	-4.082253025167101e-6
0.4525	-4.078360494806006e-6
0.453	-4.0744680508774106e-6
0.4535	-4.070575691840143e-6
0.454	-4.0666834161531736e-6
0.4545	-4.062791222275599e-6
0.455	-4.0588991086666445e-6
0.4555	-4.055007073785665e-6
0.456	-4.05111511609215e-6
0.4565	-4.047223234045714e-6
0.457	-4.043331426106104e-6
0.4575	-4.039439690733202e-6
0.458	-4.035548026387028e-6
0.4585	-4.0316564315277345e-6
0.459	-4.027764904615626e-6
0.4595	-4.023873444111142e-6
0.46	-4.019982048474888e-6
0.4605	-4.016090716167611e-6
0.461	-4.0121994456502315e-6
0.4615	-4.0083082353838395e-6
0.462	-4.004417085511937e-6
0.4625	-4.000525672842864e-6
0.463	-3.996634176877342e-6
0.4635	-3.992742741399173e-6
0.464	-3.988851368636036e-6
0.4645	-3.984960060815298e-6
0.465	-3.981068820163985e-6
0.4655	-3.977177648908786e-6
0.466	-3.973286549276025e-6
0.4665	-3.969395523491655e-6
0.467	-3.96550457378124e-6
0.4675	-3.961613702369942e-6
0.468	-3.9577229114825005e-6
0.4685	-3.953832203343232e-6
0.46900000000000003	-3.949941580176002e-6
0.46950000000000003	-3.946051044204214e-6
0.47000000000000003	-3.942160597650792e-6
0.47050000000000003	-3.9382702427381734e-6
0.47100000000000003	-3.934379981688281e-6
0.47150000000000003	-3.930489816722518e-6
0.47200000000000003	-3.926599750061746e-6
0.47250000000000003	-3.9227097839262705e-6
0.47300000000000003	-3.918819920535826e-6
0.47350000000000003	-3.914930162109554e-6
0.47400000000000003	-3.911040510865998e-6
0.47450000000000003	-3.907150969023067e-6
0.47500000000000003	-3.9032615385497816e-6
0.47550000000000003	-3.89937222215803e-6
0.47600000000000003	-3.895483019143284e-6
0.47650000000000003	-3.891593932736856e-6
0.47700000000000004	-3.887704966870242e-6
0.47750000000000004	-3.883816123792944e-6
0.47800000000000004	-3.879927405753768e-6
0.47850000000000004	-3.876038815000787e-6
0.47900000000000004	-3.872150353781333e-6
0.47950000000000004	-3.868262024341992e-6
0.48	-3.864373828928587e-6
0.4805	-3.860485769786165e-6
0.481	-3.856597849158979e-6
0.4815	-3.852710069290489e-6
0.482	-3.848822432423328e-6
0.4825	-3.844934940799315e-6
0.483	-3.841047596659412e-6
0.4835	-3.837160402243745e-6
0.484	-3.8332733597915606e-6
0.4845	-3.829386471541233e-6
0.485	-3.825499739730242e-6
0.4855	-3.821613166595162e-6
0.486	-3.81772675437165e-6
0.4865	-3.8138405052944343e-6
0.487	-3.8099544215972994e-6
0.4875	-3.80606850551307e-6
0.488	-3.8021827592768007e-6
0.4885	-3.798297185113045e-6
0.489	-3.7944117852547883e-6
0.4895	-3.7905272735646285e-6
0.49	-3.7866436075022564e-6
0.4905	-3.7827601051474007e-6
0.491	-3.7788767574425783e-6
0.4915	-3.7749935553339037e-6
0.492	-3.771110489770876e-6
0.4925	-3.7672275517061847e-6
0.493	-3.7633447320954717e-6
0.4935	-3.7594620218971446e-6
0.494	-3.7555794120721494e-6
0.4945	-3.7516968935837684e-6
0.495	-3.7478144573974107e-6
0.4955	-3.743932094480394e-6
0.496	-3.74004979580174e-6
0.4965	-3.736167552331963e-6
0.497	-3.7322853550428596e-6
0.4975	-3.7284031949072973e-6
0.498	-3.7245210628990057e-6
0.4985	-3.7206389499923653e-6
0.499	-3.7167568471621975e-6
0.4995	-3.7128747453835588e-6
0.5	-3.70899263563152e-6
0.5005000000000001	-3.7051105088809654e-6
0.501	-3.7012283561063837e-6
0.5015000000000001	-3.6973461683182065e-6
0.502	-3.6934639364243397e-6
0.5025000000000001	-3.689581651425119e-6
0.503	-3.6856984324824233e-6
0.5035000000000001	-3.681813729276387e-6
0.504	-3.677928971557785e-6
0.5045000000000001	-3.6740441689933317e-6
0.505	-3.6701593312508624e-6
0.5055000000000001	-3.6662744679990734e-6
0.506	-3.662389588907298e-6
0.5065000000000001	-3.6585047036452523e-6
0.507	-3.654619821882797e-6
0.5075000000000001	-3.6507349532897006e-6
0.508	-3.646850107535396e-6
0.5085000000000001	-3.6429652942887283e-6
0.509	-3.6390805232177385e-6
0.5095000000000001	-3.635195803989396e-6
0.51	-3.6313111462693754e-6
0.5105000000000001	-3.627426559721807e-6
0.511	-3.623542054009042e-6
0.5115000000000001	-3.619657638791405e-6
0.512	-3.615773323726969e-6
0.5125	-3.6118891184712923e-6
0.513	-3.6080050326771982e-6
0.5135	-3.6041210759945313e-6
0.514	-3.600237258069911e-6
0.5145	-3.5963535885453107e-6
0.515	-3.592470077062515e-6
0.5155	-3.5885867332559377e-6
0.516	-3.5847035667569342e-6
0.5165	-3.5808209732622654e-6
0.517	-3.5769396744290164e-6
0.5175	-3.5730585662707642e-6
0.518	-3.5691776462785774e-6
0.5185	-3.5652969119447334e-6
0.519	-3.5614163607626985e-6
0.5195	-3.5575359902271125e-6
0.52	-3.553655797833775e-6
0.5205	-3.549775781079636e-6
0.521	-3.545895937462756e-6
0.5215	-3.5420162644823195e-6
0.522	-3.5381367596385956e-6
0.5225	-3.534257420432937e-6
0.523	-3.530378244367747e-6
0.5235	-3.5264992289464867e-6
0.524	-3.522620371673636e-6
0.5245	-3.518741670054689e-6
0.525	-3.5148631215961375e-6
0.5255	-3.5109847238054564e-6
0.526	-3.507106474191076e-6
0.5265	-3.5032283702623845e-6
0.527	-3.499350409529691e-6
0.5275	-3.4954725896648398e-6
0.528	-3.4915949078499734e-6
0.5285	-3.487717361766606e-6
0.529	-3.483839948928826e-6
0.5295	-3.4799626668515582e-6
0.53	-3.4760854979998863e-6
0.5305	-3.4722083223518154e-6
0.531	-3.468331271352166e-6
0.5315	-3.4644543437202407e-6
0.532	-3.4605775381757297e-6
0.5325	-3.456700853438711e-6
0.533	-3.4528242882296508e-6
0.5335	-3.448947841269385e-6
0.534	-3.4450715112791295e-6
0.5345	-3.44119529698047e-6
0.535	-3.437319197095357e-6
0.5355	-3.433443210346108e-6
0.536	-3.4295673354553937e-6
0.5365	-3.4256915711462446e-6
0.537	-3.4218159161420395e-6
0.5375	-3.417940369166506e-6
0.538	-3.414064928943718e-6
0.5385	-3.410189594198083e-6
0.539	-3.4063143636543503e-6
0.5395	-3.4024392360376e-6
0.54	-3.398564210073242e-6
0.5405	-3.3946892841980176e-6
0.541	-3.390814457701556e-6
0.5415	-3.386939729038473e-6
0.542	-3.3830650969358137e-6
0.5425	-3.3791905601209206e-6
0.543	-3.3753161173214393e-6
0.5435	-3.3714418029601125e-6
0.544	-3.367567098194853e-6
0.5445	-3.3636924869942783e-6
0.545	-3.359817971711248e-6
0.5455	-3.355943554698054e-6
0.546	-3.35206923830638e-6
0.5465	-3.348195024887315e-6
0.547	-3.3443209167913197e-6
0.5475	-3.3404469163682206e-6
0.548	-3.3365730259671814e-6
0.5485	-3.3326992479367018e-6
0.549	-3.3288255846245964e-6
0.5495	-3.3249520383779764e-6
0.55	-3.3210786115432313e-6
0.5505	-3.317205306466023e-6
0.551	-3.313332125491265e-6
0.5515	-3.3094590709631017e-6
0.552	-3.305586145224895e-6
0.5525	-3.3017133506192167e-6
0.553	-3.2978406894878174e-6
0.5535	-3.293968164171624e-6
0.554	-3.290095777457612e-6
0.5545	-3.286223530793342e-6
0.555	-3.282351426957386e-6
0.5555	-3.2784794682871117e-6
0.556	-3.274607657119011e-6
0.5565	-3.27073599578868e-6
0.557	-3.26686448663081e-6
0.5575	-3.262993524075188e-6
0.558	-3.2591228669589484e-6
0.5585	-3.25525236136213e-6
0.559	-3.2513820052104358e-6
0.5595	-3.247511796430359e-6
0.56	-3.2436417329491825e-6
0.5605	-3.239771812694961e-6
0.561	-3.235902033596505e-6
0.5615	-3.2320323935833882e-6
0.562	-3.228162890585912e-6
0.5625	-3.2242935225351145e-6
0.5630000000000001	-3.2204242873627463e-6
0.5635	-3.216555183001265e-6
0.5640000000000001	-3.212686207383828e-6
0.5645	-3.208817358444272e-6
0.5650000000000001	-3.2049486341171057e-6
0.5655	-3.2010800323375068e-6
0.5660000000000001	-3.1972115510412955e-6
0.5665	-3.193343188164937e-6
0.5670000000000001	-3.189474941620903e-6
0.5675	-3.185606809396539e-6
0.5680000000000001	-3.181738789405348e-6
0.5685	-3.1778708795862375e-6
0.5690000000000001	-3.1740030778786947e-6
0.5695	-3.1701353822227864e-6
0.5700000000000001	-3.166267790559135e-6
0.5705	-3.1624003008289274e-6
0.5710000000000001	-3.158532722681786e-6
0.5715	-3.154665049632714e-6
0.5720000000000001	-3.150797476989766e-6
0.5725	-3.1469300057891423e-6
0.5730000000000001	-3.143062637066759e-6
0.5735	-3.13919537185827e-6
0.5740000000000001	-3.135328211199045e-6
0.5745	-3.1314611561241667e-6
0.5750000000000001	-3.127594207668444e-6
0.5755	-3.123727366866391e-6
0.5760000000000001	-3.119860634752232e-6
0.5765	-3.115994012359905e-6
0.577	-3.1121275007230485e-6
0.5775	-3.1082611008750023e-6
0.578	-3.104394813848805e-6
0.5785	-3.1005286406771964e-6
0.579	-3.096662582392608e-6
0.5795	-3.092796640027159e-6
0.58	-3.0889308145286205e-6
0.5805	-3.0850651070947966e-6
0.581	-3.0811995186753406e-6
0.5815	-3.0773340503011484e-6
0.582	-3.0734687030028003e-6
0.5825	-3.0696034778105445e-6
0.583	-3.0657383757543105e-6
0.5835	-3.061873397863693e-6
0.584	-3.0580085451679503e-6
0.5845	-3.0541437947300077e-6
0.585	-3.0502790977174303e-6
0.5855	-3.04641452998039e-6
0.586	-3.042550093338226e-6
0.5865	-3.0386857896096564e-6
0.587	-3.0348216206127676e-6
0.5875	-3.030957588165015e-6
0.588	-3.027093694083203e-6
0.5885	-3.0232299401834833e-6
0.589	-3.01936632828135e-6
0.5895	-3.0155028601916196e-6
0.59	-3.011639537728431e-6
0.5905	-3.0077763627052365e-6
0.591	-3.0039133369347905e-6
0.5915	-3.0000504622291457e-6
0.592	-2.996187740399639e-6
0.5925	-2.992325173256885e-6
0.593	-2.9884627627426176e-6
0.5935	-2.9846005104038256e-6
0.594	-2.980738418178028e-6
0.5945	-2.976876487872844e-6
0.595	-2.973014721295137e-6
0.5955	-2.9691531202509903e-6
0.596	-2.9652916865457153e-6
0.5965	-2.961430421983835e-6
0.597	-2.9575693283690747e-6
0.5975	-2.953708407504352e-6
0.598	-2.9498476471033133e-6
0.5985	-2.945987584644373e-6
0.599	-2.942127696290199e-6
0.5995	-2.938267979749257e-6
0.6	-2.9344084327310296e-6
0.6005	-2.9305490529459967e-6
0.601	-2.926689838105624e-6
0.6015	-2.9228307859223502e-6
0.602	-2.9189718941095703e-6
0.6025	-2.9151131603816283e-6
0.603	-2.9112545824537955e-6
0.6035	-2.9073961580422624e-6
0.604	-2.9035378848641252e-6
0.6045	-2.8996797606373663e-6
0.605	-2.895821783080849e-6
0.6055	-2.891963949914297e-6
0.606	-2.8881062588582887e-6
0.6065	-2.884248707556596e-6
0.607	-2.880391293887105e-6
0.6075	-2.8765340154955263e-6
0.608	-2.872676870105697e-6
0.6085	-2.868819855442228e-6
0.609	-2.8649629692305098e-6
0.6095	-2.861106209196675e-6
0.61	-2.8572495730676064e-6
0.6105	-2.8533930585709088e-6
0.611	-2.849536663434901e-6
0.6115	-2.8456803853886073e-6
0.612	-2.8418238710354775e-6
0.6125	-2.8379672959956472e-6
0.613	-2.8341108383469174e-6
0.6135	-2.83025450005914e-6
0.614	-2.8263982831015745e-6
0.6145	-2.8225421894428493e-6
0.615	-2.8186862210509614e-6
0.6155	-2.8148303798932665e-6
0.616	-2.8109746679364732e-6
0.6165	-2.8071190871466244e-6
0.617	-2.803263639489094e-6
0.6175	-2.7994083269285744e-6
0.618	-2.7955531514290658e-6
0.6185	-2.791698114953869e-6
0.619	-2.787843219465572e-6
0.6195	-2.7839884669010815e-6
0.62	-2.7801338592709463e-6
0.6205	-2.776279398511341e-6
0.621	-2.772425086581931e-6
0.6215	-2.7685709254416167e-6
0.622	-2.764716917048523e-6
0.6225	-2.7608630633600035e-6
0.623	-2.7570093663326175e-6
0.6235	-2.7531558279221293e-6
0.624	-2.7493024500834872e-6
0.6245	-2.745449234770823e-6
0.625	-2.7415961839374427e-6
0.6255000000000001	-2.7377433703672214e-6
0.626	-2.733890863372074e-6
0.6265000000000001	-2.7300385244326764e-6
0.627	-2.7261863538172146e-6
0.6275000000000001	-2.7223343517937384e-6
0.628	-2.718482518630184e-6
0.6285000000000001	-2.714630854594359e-6
0.629	-2.710779359953958e-6
0.6295000000000001	-2.706928034976541e-6
0.63	-2.7030768799295493e-6
0.6305000000000001	-2.6992258950803016e-6
0.631	-2.695375080695991e-6
0.6315000000000001	-2.6915244370436866e-6
0.632	-2.6876739643903375e-6
0.6325000000000001	-2.6838236631405994e-6
0.633	-2.679973533285762e-6
0.6335000000000001	-2.6761235752287545e-6
0.634	-2.672273789236031e-6
0.6345000000000001	-2.6684241755739176e-6
0.635	-2.6645747345086135e-6
0.6355000000000001	-2.6607254663061957e-6
0.636	-2.65687637123262e-6
0.6365000000000001	-2.6530274495537052e-6
0.637	-2.6491787015351543e-6
0.6375000000000001	-2.6453301274425396e-6
0.638	-2.641481727541305e-6
0.6385000000000001	-2.637633502096772e-6
0.639	-2.633785447789475e-6
0.6395000000000001	-2.6299377277772944e-6
0.64	-2.6260901817767013e-6
0.6405	-2.6222428088052957e-6
0.641	-2.6183956078811155e-6
0.6415	-2.614548578022631e-6
0.642	-2.6107017182487447e-6
0.6425	-2.606855027578782e-6
0.643	-2.6030085050324974e-6
0.6435	-2.599162149630068e-6
0.644	-2.5953159603920812e-6
0.6445	-2.591469936339557e-6
0.645	-2.587624076493917e-6
0.6455	-2.58377837974549e-6
0.646	-2.579932845377894e-6
0.6465	-2.5760874722850766e-6
0.647	-2.5722422594901176e-6
0.6475	-2.568397206016508e-6
0.648	-2.5645523108881335e-6
0.6485	-2.56070757312928e-6
0.649	-2.556862991764622e-6
0.6495	-2.5530185658192357e-6
0.65	-2.549174294318579e-6
0.6505	-2.5453301762884996e-6
0.651	-2.541486210755228e-6
0.6515	-2.5376423967453836e-6
0.652	-2.5337987332859555e-6
0.6525	-2.5299552194043166e-6
0.653	-2.5261116200813487e-6
0.6535	-2.5222680022456876e-6
0.654	-2.5184245362000425e-6
0.6545	-2.5145812241835725e-6
0.655	-2.510738068434537e-6
0.6555	-2.5068950711902738e-6
0.656	-2.503052234687201e-6
0.6565	-2.4992095611607927e-6
0.657	-2.4953670528455695e-6
0.6575	-2.4915247119750867e-6
0.658	-2.4876825407819204e-6
0.6585	-2.4838405414976613e-6
0.659	-2.4799987164170646e-6
0.6595	-2.4761570676422567e-6
0.66	-2.4723155974644457e-6
0.6605	-2.4684743081111e-6
0.661	-2.464633201808625e-6
0.6615	-2.46079228078237e-6
0.662	-2.4569515472565977e-6
0.6625	-2.4531110034544853e-6
0.663	-2.4492706515980963e-6
0.6635	-2.4454304939083805e-6
0.664	-2.4415905326051568e-6
0.6645	-2.4377507699071026e-6
0.665	-2.433911208031736e-6
0.6655	-2.4300718491954106e-6
0.666	-2.4262326956132966e-6
0.6665	-2.422393812228628e-6
0.667	-2.4185554713583665e-6
0.6675	-2.4147173386590238e-6
0.668	-2.4108794131855953e-6
0.6685	-2.4070416939935865e-6
0.669	-2.403204180138992e-6
0.6695	-2.399366870678308e-6
0.67	-2.3955297646685213e-6
0.6705	-2.391692861167114e-6
0.671	-2.3878561592320514e-6
0.6715	-2.3840196579217904e-6
0.672	-2.3801833563440964e-6
0.6725	-2.3763472534607705e-6
0.673	-2.3725113483800796e-6
0.6735	-2.368675640162401e-6
0.674	-2.3648401278685838e-6
0.6745	-2.361004810559953e-6
0.675	-2.357169687298296e-6
0.6755	-2.3533347571458732e-6
0.676	-2.3495000191654055e-6
0.6765	-2.3456654724200783e-6
0.677	-2.3418311159735365e-6
0.6775	-2.337996948889878e-6
0.678	-2.3341629702336644e-6
0.6785	-2.3303291790699006e-6
0.679	-2.3264955744640444e-6
0.6795	-2.3226621554820052e-6
0.68	-2.3188289211901326e-6
0.6805	-2.3149955110614207e-6
0.681	-2.3111621275303455e-6
0.6815	-2.3073289329451683e-6
0.682	-2.3034959304932695e-6
0.6825	-2.299663123360419e-6
0.683	-2.295830514730758e-6
0.6835	-2.291998107786765e-6
0.684	-2.2881659057092345e-6
0.6845	-2.284333911677252e-6
0.685	-2.2805021287249748e-6
0.6855	-2.2766705603101874e-6
0.686	-2.2728392094688983e-6
0.6865	-2.269008079373179e-6
0.687	-2.2651771731932616e-6
0.6875	-2.2613464940975203e-6
0.6880000000000001	-2.2575160452524248e-6
0.6885	-2.2536858298225413e-6
0.6890000000000001	-2.2498558509704935e-6
0.6895	-2.2460261118569315e-6
0.6900000000000001	-2.2421966156405195e-6
0.6905	-2.238367365477902e-6
0.6910000000000001	-2.234538364523678e-6
0.6915	-2.230709615930381e-6
0.6920000000000001	-2.2268811228484464e-6
0.6925	-2.2230528884261966e-6
0.6930000000000001	-2.2192249158098026e-6
0.6935	-2.2153972081432693e-6
0.6940000000000001	-2.211569455030577e-6
0.6945	-2.2077406593606766e-6
0.6950000000000001	-2.203912153825978e-6
0.6955	-2.200083954484661e-6
0.6960000000000001	-2.1962560773820075e-6
0.6965	-2.192428538549746e-6
0.6970000000000001	-2.18860135400537e-6
0.6975	-2.184774539751495e-6
0.6980000000000001	-2.180948111775183e-6
0.6985	-2.1771220863304823e-6
0.6990000000000001	-2.173296478815702e-6
0.6995	-2.169471305437206e-6
0.7000000000000001	-2.1656465821129847e-6
0.7005	-2.1618223247421917e-6
0.7010000000000001	-2.1579985492044742e-6
0.7015	-2.154175271359331e-6
0.7020000000000001	-2.1503525070454657e-6
0.7025	-2.1465302720801296e-6
0.7030000000000001	-2.142708582258481e-6
0.7035	-2.138887453352947e-6
0.704	-2.135066901112565e-6
0.7045	-2.1312469412623587e-6
0.705	-2.127427589502701e-6
0.7055	-2.1236088615086583e-6
0.706	-2.1197907729293853e-6
0.7065	-2.1159733393874715e-6
0.707	-2.112156576478329e-6
0.7075	-2.1083404997695572e-6
0.708	-2.104531077418234e-6
0.7085	-2.1007257065740494e-6
0.709	-2.096920943746292e-6
0.7095	-2.0931167315192157e-6
0.71	-2.089313012559998e-6
0.7105	-2.085509729609995e-6
0.711	-2.0817068254760113e-6
0.7115	-2.0779042426955237e-6
0.712	-2.0741019248955577e-6
0.7125	-2.0702998146450824e-6
0.713	-2.0664978549239906e-6
0.7135	-2.062695988733961e-6
0.714	-2.0588941590898346e-6
0.7145	-2.0550923090109775e-6
0.715	-2.0512903815126827e-6
0.7155	-2.047488319597555e-6
0.716	-2.0436860662468907e-6
0.7165	-2.039883564412094e-6
0.717	-2.0360807570060413e-6
0.7175	-2.0322775868944768e-6
0.718	-2.0284739968873825e-6
0.7185	-2.0246699297303414e-6
0.719	-2.020865328095888e-6
0.7195	-2.0170601345748306e-6
0.72	-2.0132542916675862e-6
0.7205	-2.00944774177545e-6
0.721	-2.0056404271918764e-6
0.7215	-2.0018331865093975e-6
0.722	-1.9980088343528064e-6
0.7225	-1.9941836469461172e-6
0.723	-1.9903576873423186e-6
0.7235	-1.986531018720569e-6
0.724	-1.9827037043758196e-6
0.7245	-1.978875810516201e-6
0.725	-1.9750473946326675e-6
0.7255	-1.97121852348977e-6
0.726	-1.967389260753308e-6
0.7265	-1.9635596701518236e-6
0.727	-1.9597298154658888e-6
0.7275	-1.955899760517385e-6
0.728	-1.952069569158812e-6
0.7285	-1.948239305262567e-6
0.729	-1.9444090327102707e-6
0.7295	-1.94057881538208e-6
0.73	-1.9367487171460395e-6
0.7305	-1.9329188018474396e-6
0.731	-1.929089133298218e-6
0.7315	-1.9252597752663913e-6
0.732	-1.9214307914655017e-6
0.7325	-1.9176022455441315e-6
0.733	-1.9137742010754483e-6
0.7335	-1.9099467215467997e-6
0.734	-1.9061198703493565e-6
0.7345	-1.9022937107678182e-6
0.735	-1.8984683059701784e-6
0.7355	-1.8946481504715723e-6
0.736	-1.8908348766103127e-6
0.7365	-1.8870224215499622e-6
0.737	-1.8832107654388914e-6
0.7375	-1.879399879710114e-6
0.738	-1.875589761005689e-6
0.7385	-1.8717803821172982e-6
0.739	-1.8679717233740648e-6
0.7395	-1.8641637651372624e-6
0.74	-1.8603564877995017e-6
0.7405	-1.8565498717838967e-6
0.741	-1.8527438975432638e-6
0.7415	-1.8489385455593358e-6
0.742	-1.8451337963419871e-6
0.7425	-1.8413296304284582e-6
0.743	-1.8375260283826215e-6
0.7435	-1.8337229707942412e-6
0.744	-1.8299204382782548e-6
0.7445	-1.8261184114740697e-6
0.745	-1.8223168710448807e-6
0.7455	-1.818515797676984e-6
0.746	-1.8147151720791355e-6
0.7465	-1.8109149749818967e-6
0.747	-1.8071151871370188e-6
0.7475	-1.8033157893168252e-6
0.748	-1.7995167623136352e-6
0.7485	-1.7957180869391727e-6
0.749	-1.7919197440240265e-6
0.7495	-1.7881200332407143e-6
0.75	-1.784320024337717e-6
0.7505000000000001	-1.7805203220466969e-6
0.751	-1.7767209231481334e-6
0.7515000000000001	-1.7729218287882685e-6
0.752	-1.7691230371443013e-6
0.7525000000000001	-1.7653245469475776e-6
0.753	-1.7615263569300147e-6
0.7535000000000001	-1.7577284658240548e-6
0.754	-1.753930872362625e-6
0.7545000000000001	-1.7501335752790924e-6
0.755	-1.7463365733072088e-6
0.7555000000000001	-1.7425398651810744e-6
0.756	-1.7387434496350978e-6
0.7565000000000001	-1.7349473254039468e-6
0.757	-1.7311514912225e-6
0.7575000000000001	-1.7273559458258183e-6
0.758	-1.723560687949102e-6
0.7585000000000001	-1.719765716327641e-6
0.759	-1.715971029696784e-6
0.7595000000000001	-1.7121766267918958e-6
0.76	-1.7083825063483316e-6
0.7605000000000001	-1.7045886671013795e-6
0.761	-1.7007951077862497e-6
0.7615000000000001	-1.6970018271380242e-6
0.762	-1.6932088238916283e-6
0.7625000000000001	-1.6894160967818015e-6
0.763	-1.6856236539315232e-6
0.7635000000000001	-1.6818308524869345e-6
0.764	-1.6780383407321075e-6
0.7645000000000001	-1.6742460973270998e-6
0.765	-1.6704541382059919e-6
0.7655000000000001	-1.6666624669448376e-6
0.766	-1.6628710871170115e-6
0.7665000000000001	-1.6590800022931683e-6
0.767	-1.6552892160412225e-6
0.7675000000000001	-1.6514987319262906e-6
0.768	-1.6477085535106826e-6
0.7685	-1.6439186843538375e-6
0.769	-1.640129128012314e-6
0.7695	-1.6363398880397298e-6
0.77	-1.6325509679867353e-6
0.7705	-1.6287623714009805e-6
0.771	-1.6249741018270682e-6
0.7715	-1.6211861628065243e-6
0.772	-1.6173985578777463e-6
0.7725	-1.6136112905759845e-6
0.773	-1.60982436443328e-6
0.7735	-1.606037782978444e-6
0.774	-1.6022515497370093e-6
0.7745	-1.5984656682311856e-6
0.775	-1.5946801419798297e-6
0.7755	-1.5908949744984023e-6
0.776	-1.5871101692989143e-6
0.7765	-1.5833257298898985e-6
0.777	-1.57953741154719e-6
0.7775	-1.5757300151317421e-6
0.778	-1.5719232230926502e-6
0.7785	-1.5681172258813344e-6
0.779	-1.564312213550804e-6
0.7795	-1.560508375662291e-6
0.78	-1.5567059011923997e-6
0.7805	-1.552904978440931e-6
0.781	-1.549105794939405e-6
0.7815	-1.5453085373604303e-6
0.782	-1.5415133914279617e-6
0.7825	-1.5377205418285918e-6
0.783	-1.5339301721239148e-6
0.7835	-1.5301424646640597e-6
0.784	-1.5263576005025042e-6
0.7845	-1.5225757593122073e-6
0.785	-1.5187971193031713e-6
0.7855	-1.5150218571414906e-6
0.786	-1.5112501478699877e-6
0.7865	-1.5074821648304608e-6
0.787	-1.5037180795876566e-6
0.7875	-1.4999580618550182e-6
0.788	-1.4962022794222646e-6
0.7885	-1.492450898084852e-6
0.789	-1.4887040815754097e-6
0.7895	-1.484961991497162e-6
0.79	-1.4812247823712124e-6
0.7905	-1.4774926203267366e-6
0.791	-1.4737925036475321e-6
0.7915	-1.4701609573212034e-6
0.792	-1.4665337073286454e-6
0.7925	-1.46291027361361e-6
0.793	-1.4592901813267993e-6
0.7935	-1.4556729601348007e-6
0.794	-1.4520581435427649e-6
0.7945	-1.4484452682288425e-6
0.795	-1.4448338733882838e-6
0.7955	-1.4412235000853144e-6
0.796	-1.437613690610839e-6
0.7965	-1.4340039878440987e-6
0.797	-1.43039393461643e-6
0.7975	-1.4267830730752417e-6
0.798	-1.423170944046389e-6
0.7985	-1.4195570863930893e-6
0.799	-1.4159410363694824e-6
0.7995	-1.4123223269669526e-6
0.8	-1.40870048725128e-6
0.8005	-1.405075041688643e-6
0.801	-1.4014455094584238e-6
0.8015	-1.3978114037507248e-6
0.802	-1.3941722310464342e-6
0.8025	-1.3905274903775417e-6
0.803	-1.3868766725653582e-6
0.8035	-1.3832228081869773e-6
0.804	-1.3795586129728534e-6
0.8045	-1.3758867223337891e-6
0.805	-1.3723099312707758e-6
0.8055	-1.3684769432919803e-6
0.806	-1.364633769160445e-6
0.8065	-1.3607809480922079e-6
0.807	-1.3569190326660723e-6
0.8075	-1.3530485878857734e-6
0.808	-1.3491701902113665e-6
0.8085	-1.3452844265639282e-6
0.809	-1.3413918933077905e-6
0.8095	-1.3374931952145673e-6
0.81	-1.3335889444132504e-6
0.8105	-1.3296797593306964e-6
0.811	-1.3257662636267595e-6
0.8115	-1.321849085128309e-6
0.812	-1.3179288547662465e-6
0.8125	-1.3140062055195874e-6
0.8130000000000001	-1.310081771370463e-6
0.8135	-1.3061561862738546e-6
0.8140000000000001	-1.3022300831455613e-6
0.8145	-1.2983040928718573e-6
0.8150000000000001	-1.2943788433439475e-6
0.8155	-1.2904549585202456e-6
0.8160000000000001	-1.2865330575191419e-6
0.8165	-1.2826108670109298e-6
0.8170000000000001	-1.2786936237815215e-6
0.8175	-1.274780049772928e-6
0.8180000000000001	-1.270870777131903e-6
0.8185	-1.2669664382916575e-6
0.8190000000000001	-1.2630676648078872e-6
0.8195	-1.259175086150581e-6
0.8200000000000001	-1.255289328450815e-6
0.8205	-1.2517316342362568e-6
0.8210000000000001	-1.2479550935112145e-6
0.8215	-1.2441836113166426e-6
0.8220000000000001	-1.2404169912073356e-6
0.8225	-1.2366550372151623e-6
0.8230000000000001	-1.2328975538921315e-6
0.8235	-1.2291443463573324e-6
0.8240000000000001	-1.2253952203489593e-6
0.8245	-1.22164998228258e-6
0.8250000000000001	-1.2179084393170642e-6
0.8255	-1.2141703994295675e-6
0.8260000000000001	-1.2104356715012343e-6
0.8265	-1.206704065415389e-6
0.8270000000000001	-1.2029753921702128e-6
0.8275	-1.1992494640081154e-6
0.8280000000000001	-1.195526094564254e-6
0.8285	-1.1918050990370244e-6
0.8290000000000001	-1.188086294383554e-6
0.8295	-1.1843729516334895e-6
0.8300000000000001	-1.1806572151102715e-6
0.8305	-1.1769431815238936e-6
0.8310000000000001	-1.173230702932542e-6
0.8315	-1.1695196303369387e-6
0.8320000000000001	-1.1658098135041992e-6
0.8325	-1.1621204721023533e-6
0.833	-1.1583906926819048e-6
0.8335	-1.1546616919934991e-6
0.834	-1.1509334717665937e-6
0.8345	-1.1472060337062488e-6
0.835	-1.1434793794775798e-6
0.8355	-1.1397535106900985e-6
0.836	-1.1360284288820387e-6
0.8365	-1.132304135504766e-6
0.837	-1.1285806319073733e-6
0.8375	-1.1248579193215692e-6
0.838	-1.1211359988469524e-6
0.8385	-1.1174148714367606e-6
0.839	-1.1136945378842293e-6
0.8395	-1.1099749988095826e-6
0.84	-1.1062562546478229e-6
0.8405	-1.1025383056373277e-6
0.841	-1.0988211518093897e-6
0.8415	-1.0951047929787196e-6
0.842	-1.0913892287349999e-6
0.8425	-1.0876758480501355e-6
0.843	-1.0839618420423861e-6
0.8435	-1.0802486110995146e-6
0.844	-1.0765361550342146e-6
0.8445	-1.0728244736588562e-6
0.845	-1.0691135667851948e-6
0.8455	-1.0654034342240334e-6
0.846	-1.061694075784905e-6
0.8465	-1.0579854912757284e-6
0.847	-1.0542763145230692e-6
0.8475	-1.0505756142714637e-6
0.848	-1.0468756457189844e-6
0.8485	-1.0431763621609598e-6
0.849	-1.0394777169419494e-6
0.8495	-1.035779663451044e-6
0.85	-1.0320821551172639e-6
0.8505	-1.0283851454050441e-6
0.851	-1.0246885878098367e-6
0.8515	-1.0209924358537967e-6
0.852	-1.0172966430816036e-6
0.8525	-1.0136011630563455e-6
0.853	-1.0099059493555717e-6
0.8535	-1.006210955567423e-6
0.854	-1.0025161352869037e-6
0.8545	-9.988214421122695e-7
0.855	-9.951268296415705e-7
0.8555	-9.914322514693015e-7
0.856	-9.877376629412718e-7
0.8565	-9.840430153059073e-7
0.857	-9.8034826266297e-7
0.8575	-9.76653358568788e-7
0.858	-9.729582565603843e-7
0.8585	-9.692629101497106e-7
0.859	-9.655672728178575e-7
0.8595	-9.618712980092936e-7
0.86	-9.58174939126069e-7
0.8605	-9.54478149522046e-7
0.861	-9.50780882497112e-7
0.8615	-9.470781847016868e-7
0.862	-9.43362545865851e-7
0.8625	-9.396464472930466e-7
0.863	-9.359299712511891e-7
0.8635	-9.322132000874074e-7
0.864	-9.284962162100777e-7
0.8645	-9.247791020708087e-7
0.865	-9.210619401464479e-7
0.8655	-9.173448129211089e-7
0.866	-9.136278028682e-7
0.8665	-9.099109924324847e-7
0.867	-9.061944640121879e-7
0.8675	-9.024782999411285e-7
0.868	-8.987625824709208e-7
0.8685	-8.950473937532202e-7
0.869	-8.913328160258305e-7
0.8695	-8.876189300905187e-7
0.87	-8.839058184503295e-7
0.8705	-8.801935627096067e-7
0.871	-8.764822442927746e-7
0.8715	-8.727719444264742e-7
0.872	-8.6906274412169e-7
0.8725	-8.653547241558671e-7
0.873	-8.616479650550501e-7
0.8735	-8.579425470760025e-7
0.874	-8.542385501883512e-7
0.8745	-8.505360540567517e-7
0.875	-8.468351380230555e-7
0.8755000000000001	-8.431358810885109e-7
0.876	-8.394572429680313e-7
0.8765000000000001	-8.357822475119861e-7
0.877	-8.321088248850972e-7
0.8775000000000001	-8.28436900483124e-7
0.878	-8.247664000036181e-7
0.8785000000000001	-8.210972494315823e-7
0.879	-8.17429375025283e-7
0.8795000000000001	-8.137627033021394e-7
0.88	-8.100971610247745e-7
0.8805000000000001	-8.064326751871162e-7
0.881	-8.027691730006308e-7
0.8815000000000001	-7.991065818806353e-7
0.882	-7.954448156313491e-7
0.8825000000000001	-7.91783828143352e-7
0.883	-7.881235357035892e-7
0.8835000000000001	-7.844638664493017e-7
0.884	-7.808047486239726e-7
0.8845000000000001	-7.771461105625495e-7
0.885	-7.734878806769002e-7
0.8855000000000001	-7.698299874414596e-7
0.886	-7.66172359379094e-7
0.8865000000000001	-7.625149250471659e-7
0.887	-7.588576130238202e-7
0.8875000000000001	-7.552003518944617e-7
0.888	-7.51543070238449e-7
0.8885000000000001	-7.478856966159875e-7
0.889	-7.442281595552264e-7
0.8895000000000001	-7.405703875395636e-7
0.89	-7.369096038880692e-7
0.8905000000000001	-7.332322724684741e-7
0.891	-7.29554642534883e-7
0.8915000000000001	-7.258767800778938e-7
0.892	-7.22198751127292e-7
0.8925000000000001	-7.185206217383259e-7
0.893	-7.148424579779837e-7
0.8935000000000001	-7.111643259112534e-7
0.894	-7.074862915873994e-7
0.8945000000000001	-7.038084210262286e-7
0.895	-7.00130795402896e-7
0.8955000000000001	-6.964534523078052e-7
0.896	-6.927764700698263e-7
0.8965	-6.890999143873169e-7
0.897	-6.854238508913018e-7
0.8975	-6.817483451341302e-7
0.898	-6.780734625780566e-7
0.8985	-6.743992685837836e-7
0.899	-6.707258283989482e-7
0.8995	-6.670532071465498e-7
0.9	-6.633814698133228e-7
0.9005	-6.597106812380561e-7
0.901	-6.560409060998618e-7
0.9015	-6.523722089063889e-7
0.902	-6.487046539819676e-7
0.9025	-6.45038305455715e-7
0.903	-6.413732272495757e-7
0.9035	-6.377094830663189e-7
0.904	-6.340471363774462e-7
0.9045	-6.303908482758373e-7
0.905	-6.267413377854892e-7
0.9055	-6.230932967640815e-7
0.906	-6.194467163657393e-7
0.9065	-6.158015877694901e-7
0.907	-6.121579021788596e-7
0.9075	-6.085156508215081e-7
0.908	-6.04874824948848e-7
0.9085	-6.012354128622128e-7
0.909	-5.975974083883353e-7
0.9095	-5.939608031660146e-7
0.91	-5.903255886323019e-7
0.9105	-5.866917562544664e-7
0.911	-5.830592975295975e-7
0.9115	-5.794282039842361e-7
0.912	-5.757984671739899e-7
0.9125	-5.721700786831548e-7
0.913	-5.685430301243287e-7
0.9135	-5.649173131380538e-7
0.914	-5.612929193924175e-7
0.9145	-5.576698405827118e-7
0.915	-5.540480684310257e-7
0.9155	-5.504275946859138e-7
0.916	-5.468084111220156e-7
0.9165	-5.431905095396911e-7
0.917	-5.395738817646797e-7
0.9175	-5.359585196477328e-7
0.918	-5.323444150642767e-7
0.9185	-5.287315599140563e-7
0.919	-5.251175688420758e-7
0.9195	-5.215019090342257e-7
0.92	-5.178875341097243e-7
0.9205	-5.142744733255295e-7
0.921	-5.106627558280792e-7
0.9215	-5.070524449875274e-7
0.922	-5.034435020095016e-7
0.9225	-4.998359887029368e-7
0.923	-4.962299337303477e-7
0.9235	-4.926253656350947e-7
0.924	-4.89022312839369e-7
0.9245	-4.85420803642172e-7
0.925	-4.818208662173358e-7
0.9255	-4.782225286115704e-7
0.926	-4.7462581874251377e-7
0.9265	-4.7103076439684015e-7
0.927	-4.674373932283489e-7
0.9275	-4.6384573275611957e-7
0.928	-4.6025581036266035e-7
0.9285	-4.566676532921045e-7
0.929	-4.530812886484067e-7
0.9295	-4.4949674339358994e-7
0.93	-4.4591404434599354e-7
0.9305	-4.423332181785704e-7
0.931	-4.3875429141718287e-7
0.9315	-4.3517729043894626e-7
0.932	-4.3160224147058636e-7
0.9325	-4.2802917058682316e-7
0.933	-4.2445810370878344e-7
0.9335	-4.208894726801212e-7
0.934	-4.173253668481185e-7
0.9345	-4.1376329609027837e-7
0.935	-4.102033015977472e-7
0.9355	-4.066453716655119e-7
0.936	-4.030895118202018e-7
0.9365	-3.9953572754606054e-7
0.937	-3.9598402428496096e-7
0.9375	-3.924344074364578e-7
0.9380000000000001	-3.888868823578162e-7
0.9385	-3.8534145436404916e-7
0.9390000000000001	-3.8179812872796926e-7
0.9395	-3.782569106802122e-7
0.9400000000000001	-3.7471780540928747e-7
0.9405	-3.711808180616234e-7
0.9410000000000001	-3.6764595374160437e-7
0.9415	-3.6411321751161464e-7
0.9420000000000001	-3.6058261439208676e-7
0.9425	-3.57054149361548e-7
0.9430000000000001	-3.535278273566621e-7
0.9435	-3.500036532722829e-7
0.9440000000000001	-3.4648163196149685e-7
0.9445	-3.4296176823568036e-7
0.9450000000000001	-3.394440668645389e-7
0.9455	-3.3592853257617223e-7
0.9460000000000001	-3.324151700571179e-7
0.9465	-3.2890398395240166e-7
0.9470000000000001	-3.253949788656029e-7
0.9475	-3.218881719258505e-7
0.9480000000000001	-3.183835428738627e-7
0.9485	-3.148762291962093e-7
0.9490000000000001	-3.113613533110507e-7
0.9495	-3.078488396150058e-7
0.9500000000000001	-3.0433879000589004e-7
0.9505	-3.0083130565017793e-7
0.9510000000000001	-2.9732648695656536e-7
0.9515	-2.9382443355012445e-7
0.9520000000000001	-2.9032524424702915e-7
0.9525	-2.8682901702987974e-7
0.9530000000000001	-2.8333584902362314e-7
0.9535	-2.798458364721031e-7
0.9540000000000001	-2.7635907471520344e-7
0.9545	-2.728756581666553e-7
0.9550000000000001	-2.6939568029245127e-7
0.9555	-2.6591923358992897e-7
0.9560000000000001	-2.6244640956748944e-7
0.9565	-2.589772987249744e-7
0.9570000000000001	-2.5551199053472116e-7
0.9575	-2.520505734232559e-7
0.9580000000000001	-2.485931347536871e-7
0.9585	-2.451397608087442e-7
0.9590000000000001	-2.416905367745189e-7
0.9595	-2.3824554672485776e-7
0.96	-2.3480487360645019e-7
0.9605	-2.3136859922459104e-7
0.961	-2.2793669675512598e-7
0.9615	-2.2450945324806254e-7
0.962	-2.2108684754034275e-7
0.9625	-2.1766895686899764e-7
0.963	-2.142558572808773e-7
0.9635	-2.108568915745376e-7
0.964	-2.0723453310370274e-7
0.9645	-2.0364484470300538e-7
0.965	-2.0008601223034762e-7
0.9655	-1.965563295715407e-7
0.966	-1.9305418960917365e-7
0.9665	-1.8957807602527633e-7
0.967	-1.861265558471801e-7
0.9675	-1.8269827265695838e-7
0.968	-1.7929194039431253e-7
0.9685	-1.759063376909541e-7
0.969	-1.7254030268174166e-7
0.9695	-1.6919272824401073e-7
0.97	-1.6586255762196262e-7
0.9705	-1.6254878039773489e-7
0.971	-1.5925042877498553e-7
0.9715	-1.5596657414432213e-7
0.972	-1.5269632390330385e-7
0.9725	-1.4943881850640886e-7
0.973	-1.4619322872291954e-7
0.9735	-1.429587530828663e-7
0.974	-1.3972447494521935e-7
0.9745	-1.3651196816062422e-7
0.975	-1.3330796970431836e-7
0.9755	-1.3011181652521672e-7
0.976	-1.2692285614072419e-7
0.9765	-1.2374044573642905e-7
0.977	-1.2056395126539808e-7
0.9775	-1.1739274654743376e-7
0.978	-1.1422621236803683e-7
0.9785	-1.1106373557640241e-7
0.979	-1.0790470818135438e-7
0.9795	-1.0475603995038351e-7
0.98	-1.016118604854735e-7
0.9805	-9.845549690158844e-8
0.981	-9.529286188470845e-8
0.9815	-9.212996943487549e-8
0.982	-8.89728325052225e-8
0.9825	-8.582735909061525e-8
0.983	-8.270494783174348e-8
0.9835	-7.960764213087188e-8
0.984	-7.652932557649201e-8
0.9845	-7.346902691720555e-8
0.985	-7.042271479219704e-8
0.9855	-6.739661329360423e-8
0.986	-6.439250295467005e-8
0.9865	-6.140709144117731e-8
0.987	-5.844684447380681e-8
0.9875	-5.551684055712653e-8
0.988	-5.262415466203171e-8
0.9885	-4.9796476663604916e-8
0.989	-4.700257592385371e-8
0.9895	-4.423647107840237e-8
0.99	-4.1468937274784836e-8
0.9905	-3.8673669900540485e-8
0.991	-3.5920625983778486e-8
0.9915	-3.3229659804855386e-8
0.992	-3.061610918565108e-8
0.9925	-2.8084291389914255e-8
0.993	-2.564825732541375e-8
0.9935	-2.3317849171243452e-8
0.994	-2.0303115739410943e-8
0.9945	-1.742873100044336e-8
0.995	-1.5528506587952324e-8
0.9955	-1.4072424500121834e-8
0.996	-1.2602188809087353e-8
0.9965	-9.536559887075308e-9
0.997	-8.18697703721354e-9
0.9975	-6.616366675946212e-9
0.998	-6.1397245500547525e-9
0.9985	-5.173287287506581e-9
0.999	-5.80117658347498e-9
0.9995	-1.8065087187979042e-9