0.	0.
0.001	51111.38309408791
0.002	102222.77922675756
0.003	153334.20143653668
0.004	204445.66276183998
0.005	255557.17624090236
0.006	306668.75491170166
0.007	357780.41181192565
0.008	408892.1599789046
0.009000000000000001	460004.01244957594
0.01	511115.9822603632
0.011	562228.082447181
0.012	613340.3260453198
0.013000000000000001	664452.726089451
0.014	715565.295613485
0.015	766678.0476506004
0.016	817790.995233125
0.017	868904.15139247
0.018000000000000002	920017.5291591256
0.019	971131.141562553
0.02	1.0222450016311436e6
0.021	1.0733591223921385e6
0.022	1.1244735168716165e6
0.023	1.1755881980943885e6
0.024	1.2267031790839485e6
0.025	1.2778184728624164e6
0.026000000000000002	1.3289340924505075e6
0.027	1.3800500508673918e6
0.028	1.431166361130755e6
0.029	1.4822830362566223e6
0.03	1.533400089259383e6
0.031	1.5845175331516687e6
0.032	1.635635380944322e6
0.033	1.6867536456463602e6
0.034	1.7378723402648848e6
0.035	1.7889914778050154e6
0.036000000000000004	1.8401110712698407e6
0.037	1.8912311336603789e6
0.038	1.9423516779754898e6
0.039	1.9934727172118418e6
0.04	2.0445942643637883e6
0.041	2.0957163324234216e6
0.042	2.1468389343804056e6
0.043000000000000003	2.1979620832219566e6
0.044	2.2490857918542e6
0.045	2.300210061630374e6
0.046	2.3513348971950677e6
0.047	2.4024603115013e6
0.048	2.453586317502987e6
0.049	2.5047129281549384e6
0.05	2.55584015641276e6
0.051000000000000004	2.6069680152328755e6
0.052000000000000005	2.658096517572443e6
0.053	2.709225676389292e6
0.054	2.7603555046419655e6
0.055	2.8114860152895856e6
0.056	2.8626172212918536e6
0.057	2.913749135609043e6
0.058	2.964881771201895e6
0.059000000000000004	3.0160151410315908e6
0.06	3.0671492580597475e6
0.061	3.1182841352483635e6
0.062	3.1694197855597367e6
0.063	3.220556221956487e6
0.064	3.2716934574014517e6
0.065	3.322831504857698e6
0.066	3.3739703772884444e6
0.067	3.425110087657024e6
0.068	3.476250648926877e6
0.069	3.5273920740614957e6
0.07	3.5785343760243347e6
0.07100000000000001	3.6296775677788346e6
0.07200000000000001	3.680821662288345e6
0.073	3.731966672516101e6
0.074	3.7831126114251767e6
0.075	3.834259491978433e6
0.076	3.885407327138495e6
0.077	3.9365561298676967e6
0.078	3.9877059131280566e6
0.079	4.0388566898811897e6
0.08	4.0900084730883543e6
0.081	4.1411612757103518e6
0.082	4.192315110707443e6
0.083	4.24346999103943e6
0.084	4.294625929665469e6
0.085	4.345782939544183e6
0.08600000000000001	4.396941033633488e6
0.08700000000000001	4.44810022489061e6
0.088	4.499260526272074e6
0.089	4.550421950733586e6
0.09	4.601584511230085e6
0.091	4.652748220715625e6
0.092	4.7039130921433605e6
0.093	4.755079138465524e6
0.094	4.806246372633357e6
0.095	4.857414807597108e6
0.096	4.908584456305918e6
0.097	4.9597553317078855e6
0.098	5.010927446749946e6
0.099	5.0621008143778285e6
0.1	5.113275447536084e6
0.101	5.164451359167977e6
0.10200000000000001	5.215628562215469e6
0.10300000000000001	5.266807069619196e6
0.10400000000000001	5.317986894318409e6
0.105	5.369168049250925e6
0.106	5.420350547353091e6
0.107	5.471534401559766e6
0.108	5.52271962480427e6
0.109	5.573906230018309e6
0.11	5.625094230132006e6
0.111	5.676283638073772e6
0.112	5.727474466770355e6
0.113	5.778666729146727e6
0.114	5.829860438126076e6
0.115	5.881055606629785e6
0.116	5.932252247577363e6
0.117	5.983450373886383e6
0.11800000000000001	6.0346499984725015e6
0.11900000000000001	6.08585113424937e6
0.12	6.137053794128622e6
0.121	6.188257991019826e6
0.122	6.239463737830413e6
0.123	6.290671047465713e6
0.124	6.341879932828809e6
0.125	6.3930904068205925e6
0.126	6.4443024823396765e6
0.127	6.495516172282369e6
0.128	6.546731489542605e6
0.129	6.597948447011955e6
0.13	6.649167057579536e6
0.131	6.700387334131999e6
0.132	6.751609289553508e6
0.133	6.802832936725637e6
0.134	6.854058288527385e6
0.135	6.905285357835119e6
0.136	6.956514157522523e6
0.137	7.0077447004605895e6
0.138	7.058976999517528e6
0.139	7.110211067558783e6
0.14	7.161446917446931e6
0.14100000000000001	7.212684562041714e6
0.14200000000000002	7.263924014199926e6
0.14300000000000002	7.315165286775417e6
0.14400000000000002	7.366408392619058e6
0.145	7.417653344578644e6
0.146	7.4689001554989405e6
0.147	7.520148838084626e6
0.148	7.571399389375052e6
0.149	7.62265181144213e6
0.15	7.673906117167508e6
0.151	7.725162319433549e6
0.152	7.776420431123218e6
0.153	7.827680465119992e6
0.154	7.878942434307791e6
0.155	7.9302063515709415e6
0.156	7.981472229794114e6
0.157	8.032740081862194e6
0.158	8.084009920660344e6
0.159	8.1352817590737995e6
0.16	8.186555609987932e6
0.161	8.237831486288136e6
0.162	8.289109400859733e6
0.163	8.340389366587961e6
0.164	8.391671396357892e6
0.165	8.442955503054399e6
0.166	8.494241699562017e6
0.167	8.545529998764994e6
0.168	8.596820413547138e6
0.169	8.648112956791777e6
0.17	8.699407641381742e6
0.171	8.750704480199262e6
0.17200000000000001	8.80200348612588e6
0.17300000000000001	8.853304672042487e6
0.17400000000000002	8.904608050829168e6
0.17500000000000002	8.955913635365156e6
0.176	9.007221438528819e6
0.177	9.05853147319756e6
0.178	9.109843752247766e6
0.179	9.161158288554728e6
0.18	9.212475094992634e6
0.181	9.263794184434436e6
0.182	9.315115569751868e6
0.183	9.366439263815304e6
0.184	9.417765279493762e6
0.185	9.469093629654815e6
0.186	9.520424327164533e6
0.187	9.571757384887433e6
0.188	9.62309281568639e6
0.189	9.674430632422624e6
0.19	9.725770847955609e6
0.191	9.77711347514301e6
0.192	9.828458526840618e6
0.193	9.879806015902331e6
0.194	9.931155955180032e6
0.195	9.982508357523596e6
0.196	1.003386323578079e7
0.197	1.0085220602797203e7
0.198	1.013658047141622e7
0.199	1.0187942854478924e7
0.2	1.0239307764824094e7
0.201	1.0290675215288078e7
0.202	1.034204521870478e7
0.203	1.0393417787905581e7
0.20400000000000001	1.0444792935719289e7
0.20500000000000002	1.0496170674972063e7
0.20600000000000002	1.0547551018487379e7
0.20700000000000002	1.0598933979085932e7
0.20800000000000002	1.0650319569585646e7
0.209	1.0701707802801538e7
0.21	1.075309869154567e7
0.211	1.0804492248627173e7
0.212	1.0855888486852076e7
0.213	1.0907287419023313e7
0.214	1.0958689057940649e7
0.215	1.1010093416400615e7
0.216	1.1061500507196449e7
0.217	1.1112910343118068e7
0.218	1.1164322936951112e7
0.219	1.1215738298866732e7
0.22	1.1267156430395545e7
0.221	1.1318577343011128e7
0.222	1.137000104947227e7
0.223	1.142142756253734e7
0.224	1.1472856894964188e7
0.225	1.1524289059510183e7
0.226	1.1575724068932107e7
0.227	1.1627161935986126e7
0.228	1.1678602673427742e7
0.229	1.1730046294011794e7
0.23	1.1781492810492346e7
0.231	1.1832942235622691e7
0.232	1.1884394582155285e7
0.233	1.1935849862841718e7
0.234	1.1987308090432653e7
0.23500000000000001	1.2038769277677797e7
0.23600000000000002	1.2090233437325874e7
0.23700000000000002	1.2141700582124531e7
0.23800000000000002	1.219317072482035e7
0.23900000000000002	1.2244643878158763e7
0.24	1.2296120054884043e7
0.241	1.234759926773923e7
0.242	1.2399081529466119e7
0.243	1.245056685280519e7
0.244	1.2502055250495583e7
0.245	1.2553546735275041e7
0.246	1.2605041319879876e7
0.247	1.2656539017044937e7
0.248	1.2708039839503549e7
0.249	1.275954379998747e7
0.25	1.2811050911226893e7
0.251	1.2862561185950303e7
0.252	1.2914074636884563e7
0.253	1.2965591276754748e7
0.254	1.3017111118284214e7
0.255	1.3068634174194487e7
0.256	1.312016045720523e7
0.257	1.3171689980034221e7
0.258	1.3223222755397268e7
0.259	1.3274758796008231e7
0.26	1.332629811457896e7
0.261	1.3377840723819206e7
0.262	1.3429386636436624e7
0.263	1.3480935865136726e7
0.264	1.3532488422622843e7
0.265	1.3584044321596052e7
0.266	1.3635603574755184e7
0.267	1.3687166194796722e7
0.268	1.3738732194414832e7
0.269	1.3790301586301256e7
0.27	1.3841874383145308e7
0.271	1.3893450597633818e7
0.272	1.3945030242451115e7
0.273	1.3996613330278926e7
0.274	1.4048199873796405e7
0.275	1.4099789885680057e7
0.276	1.4151383378603695e7
0.277	1.420298036523841e7
0.278	1.4254580858252535e7
0.279	1.430618487031157e7
0.28	1.435779241407819e7
0.281	1.4409403502212152e7
0.28200000000000003	1.446101814737033e7
0.28300000000000003	1.4512636362206563e7
0.28400000000000003	1.4564258159371736e7
0.28500000000000003	1.4615883551513629e7
0.28600000000000003	1.4667512551276999e7
0.28700000000000003	1.471914517130339e7
0.28800000000000003	1.4770781424231209e7
0.289	1.4822421322695648e7
0.29	1.487406487932865e7
0.291	1.4925712106758833e7
0.292	1.4977363017611511e7
0.293	1.502901762450862e7
0.294	1.5080675940068634e7
0.295	1.5132337976906622e7
0.296	1.5184003747634131e7
0.297	1.5235673264859185e7
0.298	1.528734654118619e7
0.299	1.533902358921599e7
0.3	1.5390704421545751e7
0.301	1.5442389050768906e7
0.302	1.5494077489475194e7
0.303	1.554576975025055e7
0.304	1.5597465845677115e7
0.305	1.5649165788333144e7
0.306	1.5700869590793028e7
0.307	1.5752577265627177e7
0.308	1.5804288825402055e7
0.309	1.5856004282680105e7
0.31	1.5907723650019707e7
0.311	1.5959446939975146e7
0.312	1.6011174165096585e7
0.313	1.606290533792998e7
0.314	1.6114640471017092e7
0.315	1.6166379576895436e7
0.316	1.6218122668098202e7
0.317	1.6269869757154291e7
0.318	1.6321620856588198e7
0.319	1.637337597892001e7
0.32	1.642513513666536e7
0.321	1.6476898342335392e7
0.322	1.6528665608436735e7
0.323	1.6580436947471447e7
0.324	1.6632212371936932e7
0.325	1.6683991894325996e7
0.326	1.6735775527126757e7
0.327	1.6787563282822557e7
0.328	1.683935517389201e7
0.329	1.6891151212808944e7
0.33	1.6942951412042297e7
0.331	1.699475578405615e7
0.332	1.7046564341309663e7
0.333	1.7098377096257e7
0.334	1.7150194061347384e7
0.335	1.720201524902496e7
0.336	1.725384067172882e7
0.337	1.7305670341892876e7
0.338	1.735750427194597e7
0.339	1.7409342474311683e7
0.34	1.7461184961408403e7
0.341	1.7513031745649233e7
0.342	1.7564882839441948e7
0.343	1.7616738255188998e7
0.34400000000000003	1.7668598005287427e7
0.34500000000000003	1.7720462102128875e7
0.34600000000000003	1.7772330558099486e7
0.34700000000000003	1.7824203385579903e7
0.34800000000000003	1.7876080596945245e7
0.34900000000000003	1.7927962204565056e7
0.35000000000000003	1.797984822080321e7
0.35100000000000003	1.803173865801798e7
0.352	1.8083633528561898e7
0.353	1.8135532844781794e7
0.354	1.8187436619018685e7
0.355	1.8239344863607828e7
0.356	1.8291257590878565e7
0.357	1.834317481315439e7
0.358	1.8395096542752862e7
0.359	1.8447022791985556e7
0.36	1.8498953567778192e7
0.361	1.8550888855398614e7
0.362	1.860282866346745e7
0.363	1.865477300434427e7
0.364	1.8706721890386652e7
0.365	1.8758675333950043e7
0.366	1.8810633347387765e7
0.367	1.8862595943050973e7
0.368	1.891456313328848e7
0.369	1.8966534930446815e7
0.37	1.9018511346870106e7
0.371	1.9070492394899987e7
0.372	1.912247808687561e7
0.373	1.9174468435133528e7
0.374	1.922646345200762e7
0.375	1.9278463149829093e7
0.376	1.9330467540926367e7
0.377	1.9382476637625016e7
0.378	1.9434490452247716e7
0.379	1.948650899711422e7
0.38	1.9538532284541026e7
0.381	1.959056032453083e7
0.382	1.964259312091433e7
0.383	1.969463068520603e7
0.384	1.9746673029702045e7
0.385	1.979872016669804e7
0.386	1.985077210848913e7
0.387	1.9902828867369864e7
0.388	1.9954890455634203e7
0.389	2.0006956885575365e7
0.39	2.005902816948594e7
0.391	2.0111104319657676e7
0.392	2.0163185348381545e7
0.393	2.0215271267947614e7
0.394	2.0267362090645056e7
0.395	2.0319457828762088e7
0.396	2.0371558494585894e7
0.397	2.0423664100402597e7
0.398	2.0475774658497203e7
0.399	2.052789018115357e7
0.4	2.0580010680654347e7
0.401	2.063213616928092e7
0.402	2.0684266659313362e7
0.403	2.0736402163030382e7
0.404	2.0788542692709345e7
0.405	2.0840688260626093e7
0.406	2.0892838879055016e7
0.40700000000000003	2.0944994560268946e7
0.40800000000000003	2.0997155316539105e7
0.40900000000000003	2.1049321160135116e7
0.41000000000000003	2.1101492103324868e7
0.41100000000000003	2.115366815837456e7
0.41200000000000003	2.1205849337548554e7
0.41300000000000003	2.1258035653109424e7
0.41400000000000003	2.1310227117317874e7
0.41500000000000004	2.1362423742432646e7
0.41600000000000004	2.1414625540710554e7
0.417	2.1466832524406344e7
0.418	2.1519044705772758e7
0.419	2.157126209706041e7
0.42	2.16234847105177e7
0.421	2.1675712558390908e7
0.422	2.1727945652924027e7
0.423	2.178018400635876e7
0.424	2.1832427630934455e7
0.425	2.1884676538888093e7
0.426	2.1936930742454216e7
0.427	2.1989190253864877e7
0.428	2.2041455085349623e7
0.429	2.209372524913542e7
0.43	2.214600075744663e7
0.431	2.2198281622504935e7
0.432	2.2250567856529314e7
0.433	2.230285947173604e7
0.434	2.235515648033851e7
0.435	2.2407458894547373e7
0.436	2.2459766726570304e7
0.437	2.251207998861208e7
0.438	2.2564398692874555e7
0.439	2.2616722851556495e7
0.44	2.2669052476853624e7
0.441	2.2721387580958564e7
0.442	2.2773728176060777e7
0.443	2.282607427434653e7
0.444	2.287842588799883e7
0.445	2.293078302919745e7
0.446	2.2983145710118778e7
0.447	2.3035513942935854e7
0.448	2.3087887739818316e7
0.449	2.3140267112932295e7
0.45	2.3192652074440464e7
0.451	2.324504263650193e7
0.452	2.3297438811272196e7
0.453	2.3349840610903148e7
0.454	2.3402248047542986e7
0.455	2.3454661133336183e7
0.456	2.350707988042348e7
0.457	2.355950430094176e7
0.458	2.3611934407024104e7
0.459	2.3664370210799646e7
0.46	2.371681172439365e7
0.461	2.3769258959927343e7
0.462	2.3821711929517955e7
0.463	2.387417064527867e7
0.464	2.3926635119318523e7
0.465	2.397910536374243e7
0.466	2.4031581390651107e7
0.467	2.4084063212141056e7
0.468	2.4136550840304457e7
0.46900000000000003	2.418904428722923e7
0.47000000000000003	2.42415435649989e7
0.47100000000000003	2.4294048685692605e7
0.47200000000000003	2.434655966138502e7
0.47300000000000003	2.4399076504146338e7
0.47400000000000003	2.4451599226042267e7
0.47500000000000003	2.45041278391339e7
0.47600000000000003	2.455666235547773e7
0.47700000000000004	2.4609202787125632e7
0.47800000000000004	2.4661749146124724e7
0.47900000000000004	2.4714301444517463e7
0.48	2.4766859694341462e7
0.481	2.4819423907629587e7
0.482	2.4871994096409794e7
0.483	2.4924570272705153e7
0.484	2.4977152448533826e7
0.485	2.5029740635908958e7
0.486	2.5082334846838683e7
0.487	2.5134935093326073e7
0.488	2.518754138736911e7
0.489	2.5240153740960628e7
0.49	2.5292772166088287e7
0.491	2.534539667473449e7
0.492	2.5398027278876405e7
0.493	2.5450663990485907e7
0.494	2.5503306821529496e7
0.495	2.5555955783968307e7
0.496	2.5608610889758047e7
0.497	2.5661272150848966e7
0.498	2.571393957918579e7
0.499	2.5766613186707735e7
0.5	2.581929298534838e7
0.503	2.5977369647234205e7
0.506	2.6135502458254162e7
0.509	2.6293691739687756e7
0.512	2.6451937812336598e7
0.515	2.6610240996515013e7
0.518	2.676860161204048e7
0.521	2.6927019978224315e7
0.524	2.7085496413862236e7
0.527	2.724403123722508e7
0.53	2.740262476604952e7
0.533	2.7561277316257767e7
0.536	2.771998915254275e7
0.539	2.787876056375193e7
0.542	2.803759186546898e7
0.545	2.819648337290091e7
0.548	2.835543540087104e7
0.551	2.8514448263812266e7
0.554	2.8673522275760334e7
0.557	2.8832657750347015e7
0.56	2.8991855000793446e7
0.563	2.9151114339903597e7
0.5660000000000001	2.931043608005747e7
0.569	2.946982053320468e7
0.5720000000000001	2.962926801085785e7
0.575	2.9788778824086152e7
0.578	2.9948353283508852e7
0.581	3.010799169928884e7
0.584	3.026769438112627e7
0.587	3.0427461638252236e7
0.59	3.058729377942236e7
0.593	3.0747191112910617e7
0.596	3.0907153946502972e7
0.599	3.106718258749119e7
0.602	3.122727734247065e7
0.605	3.13874382818979e7
0.608	3.1547665503516596e7
0.611	3.1707959315622333e7
0.614	3.18683200263191e7
0.617	3.2028747943505734e7
0.62	3.2189243374863375e7
0.623	3.2349806627843007e7
0.626	3.251043800965308e7
0.629	3.2671137827247217e7
0.632	3.2831906387312096e7
0.635	3.2992743996255316e7
0.638	3.3153650960193455e7
0.641	3.331462758494017e7
0.644	3.3475674175994396e7
0.647	3.363679103852869e7
0.65	3.379797847737757e7
0.653	3.3959236797026046e7
0.656	3.412056630159822e7
0.659	3.4281967294845924e7
0.662	3.444344008013745e7
0.665	3.460498496044646e7
0.668	3.476660223834099e7
0.671	3.4928292215972304e7
0.674	3.509005519506419e7
0.677	3.5251891476544395e7
0.6799999999999999	3.541380132398658e7
0.683	3.557578501278374e7
0.6859999999999999	3.573784284293677e7
0.6890000000000001	3.589997511413982e7
0.692	3.606218212577168e7
0.6950000000000001	3.622446417688711e7
0.698	3.638682156620827e7
0.7010000000000001	3.654925459211635e7
0.704	3.671176355264308e7
0.7070000000000001	3.687434874546245e7
0.71	3.703701046788256e7
0.713	3.719974901683739e7
0.716	3.7362564688878775e7
0.719	3.75254577801684e7
0.722	3.768842858646985e7
0.725	3.785147740314082e7
0.728	3.8014604525125265e7
0.731	3.817781024694579e7
0.734	3.834109486269595e7
0.737	3.850445866603263e7
0.74	3.866790195016873e7
0.743	3.883142500786558e7
0.746	3.899502813142557e7
0.749	3.915871161268496e7
0.752	3.932247574300658e7
0.755	3.948632081327267e7
0.758	3.965024711387778e7
0.761	3.9814254934721686e7
0.764	3.9978344565202475e7
0.767	4.014251629420955e7
0.77	4.0306770410116814e7
0.773	4.047110720077582e7
0.776	4.063552695350905e7
0.779	4.080002995510321e7
0.782	4.096461649180257e7
0.785	4.1129286849302374e7
0.788	4.129404131274238e7
0.7909999999999999	4.145888016670028e7
0.794	4.162380369518528e7
0.7969999999999999	4.178881218163181e7
0.8	4.195390590889308e7
0.8029999999999999	4.211908515923488e7
0.806	4.2284350214329354e7
0.8089999999999999	4.244970135524871e7
0.812	4.261513886245923e7
0.815	4.278066301509159e7
0.8180000000000001	4.2946274060820915e7
0.821	4.3111972261394024e7
0.8240000000000001	4.3277757894910164e7
0.827	4.344363123898104e7
0.8300000000000001	4.360959257072614e7
0.833	4.377564216676825e7
0.8360000000000001	4.3941780303228915e7
0.839	4.4108007255723916e7
0.8420000000000001	4.427432329935884e7
0.845	4.444072870872474e7
0.8480000000000001	4.460722375789375e7
0.851	4.477380872041471e7
0.854	4.494048386930895e7
0.857	4.5107249477065936e7
0.86	4.527410581563918e7
0.863	4.544105315644197e7
0.866	4.560809177034326e7
0.869	4.57752219276635e7
0.872	4.59424438981706e7
0.875	4.61097579510759e7
0.878	4.627716435503005e7
0.881	4.6444663378119156e7
0.884	4.6612255287860624e7
0.887	4.677994035119944e7
0.89	4.694771853979614e7
0.893	4.711558979378465e7
0.896	4.728355438230736e7
0.899	4.745161257447188e7
0.902	4.761976463910524e7
0.905	4.778801084474349e7
0.908	4.795635145962137e7
0.911	4.8124786751662046e7
0.914	4.8293316988467015e7
0.917	4.846194243730609e7
0.9199999999999999	4.863066336510735e7
0.923	4.879948003844764e7
0.9259999999999999	4.896839272354253e7
0.929	4.9137401686236955e7
0.9319999999999999	4.930650719199555e7
0.935	4.9475709505893454e7
0.938	4.9645008892606795e7
0.9410000000000001	4.981440561640377e7
0.944	4.9983899941135205e7
0.9470000000000001	5.015349213022589e7
0.95	5.032318242739548e7
0.9530000000000001	5.049297107553673e7
0.956	5.066285833683827e7
0.9590000000000001	5.083284447315413e7
0.962	5.100292974599557e7
0.9650000000000001	5.117311441652376e7
0.968	5.13433987455423e7
0.9710000000000001	5.151378299349008e7
0.974	5.1684267420433916e7
0.9770000000000001	5.185485228606168e7
0.98	5.202553784967508e7
0.983	5.2196324370182976e7
0.986	5.236721210609427e7
0.989	5.253820131551145e7
0.992	5.2709292256123684e7
0.995	5.2880485185200416e7
0.998	5.305178035958467e7
1.001	5.322317803568689e7
1.004	5.339467846947837e7
1.0070000000000001	5.3566281916485116e7
1.01	5.37379886317815e7
1.013	5.390979886998445e7
1.016	5.4081712885247104e7
1.0190000000000001	5.425373093125298e7
1.022	5.442585326121011e7
1.025	5.4598080127845205e7
1.028	5.4770411783397846e7
1.0310000000000001	5.494284847961488e7
1.034	5.51153904677448e7
1.037	5.528803799853213e7
1.04	5.546079132221211e7
1.0430000000000001	5.5633650688505076e7
1.046	5.580661634661129e7
1.049	5.5979688545205586e7
1.052	5.61528675324322e7
1.0550000000000002	5.632615355589951e7
1.058	5.649954686267502e7
1.061	5.66730476992804e7
1.064	5.6846656311686374e7
1.0670000000000002	5.702037294530789e7
1.07	5.719419784499912e7
1.073	5.736813125504892e7
1.076	5.754217341792244e7
1.079	5.771632455490028e7
1.0819999999999999	5.7890584900606714e7
1.085	5.806495469714616e7
1.088	5.8239434186141655e7
1.091	5.8414023608730935e7
1.0939999999999999	5.858872320556287e7
1.097	5.876353321679377e7
1.1	5.893845388208377e7
1.103	5.9113485440593325e7
1.1059999999999999	5.9288628130979635e7
1.109	5.946388219139327e7
1.112	5.96392478594747e7
1.115	5.981472537235091e7
1.1179999999999999	5.999031496663217e7
1.121	6.0166016878408656e7
1.124	6.034183134324723e7
1.127	6.051775859618824e7
1.13	6.069379887174237e7
1.133	6.086995240388754e7
1.1360000000000001	6.104621942606574e7
1.139	6.1222600171180114e7
1.142	6.139909487159181e7
1.145	6.157570375911712e7
1.1480000000000001	6.175242706502444e7
1.151	6.1929265020031475e7
1.154	6.210621785430235e7
1.157	6.228328579744468e7
1.1600000000000001	6.2460469078506924e7
1.163	6.263776792597541e7
1.166	6.281518256777186e7
1.169	6.299271323125046e7
1.1720000000000002	6.317036014319532e7
1.175	6.334812352981775e7
1.178	6.352600361675372e7
1.181	6.370400062906121e7
1.1840000000000002	6.3882114791217685e7
1.187	6.406034632711751e7
1.19	6.423869546006957e7
1.193	6.441716241279468e7
1.1960000000000002	6.459574740742319e7
1.199	6.4774450665492564e7
1.202	6.4953272399797276e7
1.205	6.513221281429056e7
1.208	6.5311272128322706e7
1.2109999999999999	6.5490450561197214e7
1.214	6.566974833170419e7
1.217	6.5849165658118546e7
1.22	6.6028702758198395e7
1.2229999999999999	6.620835984918329e7
1.226	6.638813714779263e7
1.229	6.6568034870224e7
1.232	6.674805323215151e7
1.2349999999999999	6.6928192448724225e7
1.238	6.7108452595247895e7
1.241	6.72888332195803e7
1.244	6.746933445331882e7
1.2469999999999999	6.764995651549974e7
1.25	6.78306996249037e7
1.2530000000000001	6.801156400004785e7
1.256	6.819254985917823e7
1.259	6.837365742026232e7
1.262	6.855488690098135e7
1.2650000000000001	6.873623851872294e7
1.268	6.891771249057393e7
1.271	6.909930903331314e7
1.274	6.928102836340426e7
1.2770000000000001	6.946287069698879e7
1.28	6.964483624987929e7
1.283	6.982692523755243e7
1.286	7.000913787514241e7
1.2890000000000001	7.019147437743424e7
1.292	7.037393495885716e7
1.295	7.055651983347845e7
1.298	7.073922921499683e7
1.3010000000000002	7.092206331673628e7
1.304	7.110502235163993e7
1.307	7.128810653226386e7
1.31	7.147131607077135e7
1.3130000000000002	7.16546511789266e7
1.316	7.183811206808919e7
1.319	7.202169894920832e7
1.322	7.220541203135873e7
1.3250000000000002	7.238925150974318e7
1.328	7.257321759017615e7
1.331	7.275731048201905e7
1.334	7.294153039427269e7
1.337	7.312587753557223e7
1.3399999999999999	7.331035211418268e7
1.343	7.349495433799416e7
1.346	7.367968441451709e7
1.349	7.386454255087787e7
1.3519999999999999	7.404952895381442e7
1.355	7.423464382967159e7
1.358	7.441988738439703e7
1.361	7.460525982353689e7
1.3639999999999999	7.479076135223159e7
1.367	7.497639217521174e7
1.37	7.516215249679402e7
1.373	7.534804252087733e7
1.376	7.553406245093875e7
1.379	7.572021249002971e7
1.3820000000000001	7.59064928407722e7
1.385	7.609290370535505e7
1.388	7.627944528553027e7
1.391	7.646611778260933e7
1.3940000000000001	7.66529213974598e7
1.397	7.683985633050162e7
1.4	7.702692278170384e7
1.403	7.72141209505812e7
1.4060000000000001	7.74014510361907e7
1.409	7.758891323712845e7
1.412	7.77765077515264e7
1.415	7.796423477704917e7
1.4180000000000001	7.815209451089089e7
1.421	7.834008714977224e7
1.424	7.852821288993743e7
1.427	7.871647192715108e7
1.4300000000000002	7.890486445669542e7
1.433	7.909339067336747e7
1.436	7.92820507714761e7
1.439	7.94708449448395e7
1.4420000000000002	7.965977338079683e7
1.445	7.984883626180969e7
1.448	8.003803378008533e7
1.451	8.022736612757978e7
1.4540000000000002	8.041683349581097e7
1.457	8.060643607585631e7
1.46	8.079617405835089e7
1.463	8.098604763348491e7
1.466	8.117605699100198e7
1.4689999999999999	8.136620232019696e7
1.472	8.155648380991407e7
1.475	8.174690164854462e7
1.478	8.193745602402553e7
1.4809999999999999	8.212814712383716e7
1.484	8.231897513500164e7
1.487	8.25099402440808e7
1.49	8.270104263717465e7
1.4929999999999999	8.289228249991956e7
1.496	8.308366001748657e7
1.499	8.327517537457953e7
1.502	8.346682875543368e7
1.5050000000000001	8.36586203438141e7
1.508	8.385055032301351e7
1.5110000000000001	8.404261887585157e7
1.514	8.423482618467279e7
1.5170000000000001	8.442717243134521e7
1.52	8.461965779725891e7
1.5230000000000001	8.481228246332447e7
1.526	8.500504660997167e7
1.529	8.519795041714804e7
1.532	8.539099406431752e7
1.535	8.558417773045905e7
1.538	8.577750159406531e7
1.541	8.597096583314137e7
1.544	8.616457062520356e7
1.547	8.635831614727797e7
1.55	8.655220257589948e7
1.553	8.674623008711034e7
1.556	8.694039885639365e7
1.559	8.713470905079794e7
1.562	8.732916083936928e7
1.565	8.752375439623839e7
1.568	8.771848989509377e7
1.571	8.791336750918062e7
1.574	8.810838741130039e7
1.577	8.83035497738096e7
1.58	8.849885476861934e7
1.583	8.869430256719437e7
1.586	8.888989334055248e7
1.589	8.908562725926366e7
1.592	8.928150449344951e7
1.595	8.947752521278238e7
1.598	8.967368958648497e7
1.601	8.986999778332926e7
1.604	9.006644997163635e7
1.607	9.026304631927538e7
1.61	9.045978699366319e7
1.613	9.065667216176361e7
1.616	9.085370199008697e7
1.619	9.105087664468929e7
1.622	9.124819629117201e7
1.625	9.144566109468119e7
1.6280000000000001	9.164327121990715e7
1.631	9.184102683108377e7
1.6340000000000001	9.203892809198816e7
1.637	9.223697516593997e7
1.6400000000000001	9.243516821580108e7
1.643	9.263350740397479e7
1.6460000000000001	9.283199289240587e7
1.649	9.303062484257957e7
1.6520000000000001	9.32294034155215e7
1.655	9.342832877179691e7
1.658	9.362740107151063e7
1.661	9.382662047430633e7
1.664	9.402598713936612e7
1.667	9.422550122541025e7
1.67	9.442516289069429e7
1.673	9.462497228716236e7
1.676	9.482492956677598e7
1.679	9.502503488646214e7
1.682	9.522528840273166e7
1.685	9.542569027167924e7
1.688	9.562624064898299e7
1.691	9.58269390545163e7
1.694	9.602778493666333e7
1.697	9.622877845768836e7
1.7	9.64299197802287e7
1.703	9.663120906672257e7
1.706	9.683264647940348e7
1.709	9.703423218029493e7
1.712	9.723596633120506e7
1.715	9.743784909372154e7
1.718	9.763988062920631e7
1.721	9.784206109879065e7
1.724	9.804439066337012e7
1.727	9.824686948359965e7
1.73	9.844949771988878e7
1.733	9.865227553239697e7
1.736	9.885520308102876e7
1.739	9.905828052542935e7
1.742	9.926150802497996e7
1.745	9.946488573879349e7
1.748	9.966841382571009e7
1.7510000000000001	9.987209244429278e7
1.754	1.000759217528234e8
1.7570000000000001	1.0027990190929835e8
1.76	1.0048403307142445e8
1.7630000000000001	1.0068831539661507e8
1.766	1.0089274904198602e8
1.7690000000000001	1.0109733416435167e8
1.772	1.0130207092022143e8
1.7750000000000001	1.015069594657955e8
1.778	1.0171199995696163e8
1.781	1.0191719254929124e8
1.784	1.021225373966992e8
1.787	1.0232803464711285e8
1.79	1.0253368445415254e8
1.793	1.0273948697216204e8
1.796	1.0294544235519256e8
1.799	1.0315155075699985e8
1.802	1.0335781233104095e8
1.805	1.035642272304713e8
1.808	1.0377079560814172e8
1.811	1.0397751761659572e8
1.814	1.0418439340806656e8
1.817	1.0439142313447434e8
1.82	1.0459860694742362e8
1.823	1.0480594499820052e8
1.826	1.0501343743777023e8
1.829	1.0522108441677433e8
1.832	1.0542888608552843e8
1.835	1.0563684259401965e8
1.838	1.0584495409190433e8
1.841	1.0605322072850536e8
1.844	1.0626164265281026e8
1.847	1.0647022001346871e8
1.85	1.0667895295879038e8
1.853	1.068878416367427e8
1.856	1.0709688619494893e8
1.859	1.0730608678068578e8
1.862	1.0751544354088175e8
1.865	1.077249566221148e8
1.868	1.0793462617061058e8
1.871	1.081444523322404e8
1.874	1.0835443525251968e8
1.877	1.0856457507660559e8
1.8800000000000001	1.0877487194929579e8
1.883	1.0898532601502636e8
1.8860000000000001	1.0919593741787021e8
1.889	1.0940670630153544e8
1.8920000000000001	1.0961763280936351e8
1.895	1.0982871708306584e8
1.8980000000000001	1.1003995925941795e8
1.901	1.1025135947995155e8
1.9040000000000001	1.1046291788659084e8
1.907	1.1067463462092103e8
1.91	1.1088650982418707e8
1.913	1.1109854363729228e8
1.916	1.1131073620079704e8
1.919	1.115230876549179e8
1.922	1.1173559813952604e8
1.925	1.1194826779414624e8
1.928	1.1216109675795592e8
1.931	1.1237408516978383e8
1.934	1.1258723316810909e8
1.937	1.128005408910601e8
1.94	1.1301400847641358e8
1.943	1.1322763606159364e8
1.946	1.1344142378367066e8
1.949	1.1365537177936056e8
1.952	1.1386948018502374e8
1.955	1.1408374913666429e8
1.958	1.142981787699291e8
1.961	1.1451276922010706e8
1.964	1.1472752062212822e8
1.967	1.1494243311056302e8
1.97	1.151575068196216e8
1.973	1.1537274188315289e8
1.976	1.1558813843464406e8
1.979	1.1580369660721983e8
1.982	1.160194165336416e8
1.985	1.162352983463071e8
1.988	1.1645134217724942e8
1.991	1.1666754815813671e8
1.994	1.1688391642027143e8
1.997	1.1710044709458968e8
2.	1.1731714031166083e8
2.003	1.1753399620167468e8
2.0060000000000002	1.1775101489079762e8
2.0090000000000003	1.1796819650560696e8
2.012	1.181855411752406e8
2.015	1.1840304902849713e8
2.018	1.1862072019383577e8
2.021	1.1883855479937583e8
2.024	1.190565529728965e8
2.027	1.1927471484183641e8
2.0300000000000002	1.1949304053329356e8
2.0330000000000004	1.1971153017402482e8
2.036	1.1993018389044563e8
2.0389999999999997	1.2014900180862997e8
2.042	1.2036798405431001e8
2.045	1.2058713075287579e8
2.048	1.2080644202937506e8
2.051	1.2102591800851315e8
2.0540000000000003	1.2124555881465265e8
2.057	1.2146536457181334e8
2.06	1.2168533540367198e8
2.0629999999999997	1.2190547143356211e8
2.066	1.2212577278447402e8
2.069	1.2234623957905442e8
2.072	1.2256687193960655e8
2.075	1.2278766998808981e8
2.0780000000000003	1.2300863384611997e8
2.081	1.2322976363496877e8
2.084	1.2345105947556399e8
2.0869999999999997	1.2367252148848937e8
2.09	1.2389414979398458e8
2.093	1.2411594451194488e8
2.096	1.2433790576192161e8
2.099	1.2456003366312161e8
2.1020000000000003	1.2478232833440748e8
2.105	1.2500478989429745e8
2.108	1.2522741846096551e8
2.1109999999999998	1.2545021415224123e8
2.114	1.2567317708303055e8
2.117	1.2589630736750288e8
2.12	1.2611960512248418e8
2.123	1.2634307046448591e8
2.1260000000000003	1.265667035097015e8
2.129	1.2679050437400618e8
2.132	1.270144731729573e8
2.135	1.2723861002179429e8
2.138	1.2746291503543904e8
2.141	1.2768738832849573e8
2.144	1.2791203001525109e8
2.1470000000000002	1.281368402096745e8
2.1500000000000004	1.2836181902541837e8
2.153	1.2858696657581785e8
2.156	1.2881228297389147e8
2.159	1.2903776833234084e8
2.162	1.2926342276355113e8
2.165	1.2948924637959126e8
2.168	1.2971523929221372e8
2.1710000000000003	1.299414016128551e8
2.174	1.3016773345263611e8
2.177	1.3039423492236193e8
2.1799999999999997	1.3062090613252203e8
2.183	1.3084774719329092e8
2.186	1.310747582145277e8
2.189	1.3130193930577676e8
2.192	1.3152929057626772e8
2.1950000000000003	1.3175681213491581e8
2.198	1.3198450409032188e8
2.201	1.3221236655077277e8
2.2039999999999997	1.3244039962424143e8
2.207	1.3266860341838725e8
2.21	1.3289697804055606e8
2.213	1.3312552359778056e8
2.216	1.3335424019678041e8
2.2190000000000003	1.3358312794383809e8
2.222	1.3381218694184937e8
2.225	1.3404141729520671e8
2.2279999999999998	1.3427081910941532e8
2.231	1.3450039248969123e8
2.234	1.3473013754096133e8
2.237	1.3496005436786386e8
2.24	1.3519014307474875e8
2.2430000000000003	1.3542040376567766e8
2.246	1.3565083654442453e8
2.249	1.3588144151447585e8
2.252	1.3611221877903068e8
2.255	1.3634316844100145e8
2.258	1.365742906030136e8
2.261	1.368055853674066e8
2.2640000000000002	1.3703705283623368e8
2.2670000000000003	1.372686931112624e8
2.27	1.37500506293975e8
2.273	1.3773249248556846e8
2.276	1.3796465178695506e8
2.279	1.381969842987626e8
2.282	1.3842949012133452e8
2.285	1.3866216935473052e8
2.2880000000000003	1.3889502209872675e8
2.2910000000000004	1.391280484528158e8
2.294	1.393612485162076e8
2.2969999999999997	1.3959462238782927e8
2.3	1.398281701663256e8
2.303	1.4006189195005926e8
2.306	1.402957878371112e8
2.309	1.405298579252809e8
2.3120000000000003	1.4076410231208676e8
2.315	1.4099852109476626e8
2.318	1.4123311437027642e8
2.3209999999999997	1.4146788184988913e8
2.324	1.4170282194954234e8
2.327	1.4193793457948315e8
2.33	1.42173219846345e8
2.333	1.424086778591942e8
2.3360000000000003	1.4264430872704977e8
2.339	1.428801125588167e8
2.342	1.4311608946328187e8
2.3449999999999998	1.4335223954911005e8
2.348	1.4358856292484054e8
2.351	1.4382505969888282e8
2.354	1.4406172997951326e8
2.357	1.4429857387487146e8
2.3600000000000003	1.4453559149295664e8
2.363	1.4477278294162425e8
2.366	1.4501014832858235e8
2.3689999999999998	1.4524768776138827e8
2.372	1.4548540134744567e8
2.375	1.4572328919400066e8
2.378	1.4596135140813902e8
2.3810000000000002	1.4619958809678298e8
2.3840000000000003	1.464379993666882e8
2.387	1.4667658532444057e8
2.39	1.4691534607645336e8
2.393	1.4715428172896427e8
2.396	1.473933923880327e8
2.399	1.4763267815953675e8
2.402	1.478721391491705e8
2.4050000000000002	1.4811177546244144e8
2.4080000000000004	1.4835158720466772e8
2.411	1.4859157448097557e8
2.414	1.4883173739629686e8
2.417	1.4907207605536643e8
2.42	1.4931259056271976e8
2.423	1.4955328102269068e8
2.426	1.4979414753940877e8
2.4290000000000003	1.5003519021679717e8
2.432	1.502764091576957e8
2.435	1.5051780446317264e8
2.4379999999999997	1.507593762363926e8
2.441	1.5100112458046675e8
2.444	1.5124304959830585e8
2.447	1.5148515139261883e8
2.45	1.517274300659102e8
2.4530000000000003	1.5196988572047898e8
2.456	1.522125184584161e8
2.459	1.5245532838160318e8
2.4619999999999997	1.5269831559171027e8
2.465	1.5294148019019458e8
2.468	1.531848222782983e8
2.471	1.5342834195625487e8
2.474	1.5367203932640707e8
2.4770000000000003	1.539159144885991e8
2.48	1.5415996754319814e8
2.483	1.5440419859034896e8
2.4859999999999998	1.5464860772997212e8
2.489	1.5489319506176254e8
2.492	1.5513796068518865e8
2.495	1.5538290469949043e8
2.498	1.5562802720367825e8
2.501	1.558733282965318e8
2.504	1.5611880807659882e8
2.507	1.5636446664219362e8
2.5100000000000002	1.56610304091396e8
2.513	1.5685632052205026e8
2.516	1.571025160317641e8
2.519	1.5734889071790722e8
2.5220000000000002	1.575954446776105e8
2.525	1.578421780077648e8
2.528	1.5808909080502042e8
2.531	1.5833618316578558e8
2.5340000000000003	1.5858345518622562e8
2.537	1.5883090696114835e8
2.54	1.5907853858439997e8
2.543	1.5932635015140328e8
2.5460000000000003	1.5957434175737712e8
2.549	1.598225134973078e8
2.552	1.6007086546594912e8
2.555	1.6031939775782084e8
2.558	1.6056811046720845e8
2.561	1.6081700368816248e8
2.564	1.610660775144976e8
2.567	1.613153320397923e8
2.57	1.6156476735738784e8
2.573	1.6181438356038833e8
2.576	1.620641807416594e8
2.579	1.6231415899382836e8
2.582	1.62564318409283e8
2.585	1.628146590801718e8
2.588	1.6306518109840286e8
2.591	1.6331588455564365e8
2.594	1.6356676954332066e8
2.597	1.6381783615261897e8
2.6	1.6406908447448167e8
2.603	1.6432051459960955e8
2.606	1.645721266184609e8
2.609	1.6482392062125084e8
2.612	1.650758966979513e8
2.615	1.6532805493829063e8
2.618	1.6558039543175292e8
2.621	1.6583291826757854e8
2.624	1.6608562353476295e8
2.6270000000000002	1.6633851132205704e8
2.63	1.6659158171796668e8
2.633	1.6684483481075263e8
2.636	1.670982706884301e8
2.6390000000000002	1.6735188943868217e8
2.642	1.6760569114725214e8
2.645	1.6785967590072167e8
2.648	1.6811384378614408e8
2.6510000000000002	1.6836819489033955e8
2.654	1.686227292998949e8
2.657	1.6887744710116354e8
2.66	1.691323483802656e8
2.6630000000000003	1.6938743322308755e8
2.666	1.696427017152821e8
2.669	1.698981539422688e8
2.672	1.7015378998923317e8
2.6750000000000003	1.7040960994112712e8
2.678	1.7066561388266885e8
2.681	1.7092180189834303e8
2.684	1.7117817407240057e8
2.687	1.7143473048885873e8
2.69	1.7169147123150113e8
2.693	1.7194839638387784e8
2.696	1.7220550602930537e8
2.699	1.7246280025086674e8
2.702	1.7272027913141173e8
2.705	1.729779427535566e8
2.708	1.732357911996844e8
2.711	1.7349382455194515e8
2.714	1.7375204289225557e8
2.717	1.7401044630229977e8
2.72	1.7426903486352876e8
2.723	1.7452780865716097e8
2.726	1.7478676776418227e8
2.729	1.7504591226534602e8
2.732	1.7530524224117333e8
2.735	1.7556475777195314e8
2.738	1.7582445893774247e8
2.741	1.7608434581836647e8
2.744	1.7634441849256763e8
2.747	1.766046770383487e8
2.75	1.7686512153483725e8
2.753	1.771257520609586e8
2.7560000000000002	1.7738656869541904e8
2.759	1.776475715167054e8
2.762	1.7790876060308555e8
2.765	1.781701360326085e8
2.7680000000000002	1.7843169788310486e8
2.771	1.786934462321866e8
2.774	1.78955381157248e8
2.777	1.792175027354652e8
2.7800000000000002	1.794798110437969e8
2.783	1.797423061589843e8
2.786	1.8000498815755183e8
2.789	1.8026785711580664e8
2.7920000000000003	1.8053091310983974e8
2.795	1.8079415621552557e8
2.798	1.8105758650852278e8
2.801	1.813212040642741e8
2.8040000000000003	1.8158500895800692e8
2.807	1.8184900126473337e8
2.81	1.8211318105925077e8
2.813	1.8237754841614178e8
2.816	1.8264210340977454e8
2.819	1.829068461143037e8
2.822	1.8317177660366973e8
2.825	1.8343689495159972e8
2.828	1.8370220123160785e8
2.831	1.8396769551699525e8
2.834	1.8423337788085082e8
2.837	1.844992483960508e8
2.84	1.8476530713525993e8
2.843	1.8503155417093125e8
2.846	1.8529798957484892e8
2.849	1.8556461341765574e8
2.852	1.8583142577108723e8
2.855	1.8609842670677435e8
2.858	1.8636561629614815e8
2.861	1.8663299461043993e8
2.864	1.8690056172068167e8
2.867	1.8716831769770694e8
2.87	1.874362626121502e8
2.873	1.8770439653444803e8
2.876	1.8797271953483894e8
2.879	1.8824123168336403e8
2.882	1.8850993304986724e8
2.8850000000000002	1.887788237039955e8
2.888	1.890479037151992e8
2.891	1.893171731527331e8
2.894	1.8958663208565548e8
2.8970000000000002	1.898562805828296e8
2.9	1.9012611871292347e8
2.903	1.9039614654441053e8
2.906	1.906663641455696e8
2.9090000000000003	1.9093677158448553e8
2.912	1.9120736892904946e8
2.915	1.914781562469594e8
2.918	1.9174913360572004e8
2.9210000000000003	1.920203010726436e8
2.924	1.9229165871485004e8
2.927	1.9256320659926742e8
2.93	1.9283494479263225e8
2.933	1.931068733614894e8
2.936	1.9337899237219355e8
2.939	1.9365130189090836e8
2.942	1.939238019836075e8
2.945	1.941964927160748e8
2.948	1.9446937415351006e8
2.951	1.9474244636010337e8
2.954	1.9501570940099478e8
2.957	1.9528916334123102e8
2.96	1.9556280824567965e8
2.963	1.9583664417902958e8
2.966	1.9611067120579106e8
2.969	1.963848893902963e8
2.972	1.966592987967e8
2.975	1.969338994889793e8
2.978	1.972086915309346e8
2.981	1.9748367498618922e8
2.984	1.977588499181907e8
2.987	1.9803421639021042e8
2.99	1.9830977446534437e8
2.993	1.9858552420651326e8
2.996	1.9886146567646283e8
2.999	1.9913759893776464e8
3.0020000000000002	1.9941392405281597e8
3.005	1.996904410838403e8
3.008	1.999671500928878e8
3.011	2.002440511418355e8
3.0140000000000002	2.005211442938731e8
3.017	2.007984296075128e8
3.02	2.0107590714565018e8
3.023	2.0135357696947345e8
3.0260000000000002	2.016314391399998e8
3.029	2.0190949371807516e8
3.032	2.0218774076437524e8
3.035	2.0246618033940524e8
3.0380000000000003	2.0274481250350046e8
3.041	2.0302363731682664e8
3.044	2.0330265483938047e8
3.047	2.0358186513098943e8
3.0500000000000003	2.038612682507824e8
3.053	2.041408642573129e8
3.056	2.0442065320989588e8
3.059	2.0470063516770467e8
3.062	2.049808101897533e8
3.065	2.0526117833489674e8
3.068	2.0554173966183138e8
3.071	2.0582249422909522e8
3.074	2.0610344209506848e8
3.077	2.063845833179736e8
3.08	2.0666591795587596e8
3.083	2.0694744606668374e8
3.086	2.0722916770814863e8
3.089	2.0751108293786627e8
3.092	2.0779319181327614e8
3.095	2.080754943916622e8
3.098	2.0835799073015305e8
3.101	2.0864068088572273e8
3.104	2.089235649151901e8
3.107	2.092066428752203e8
3.11	2.0948991482232413e8
3.113	2.0977338081285912e8
3.116	2.100570409030292e8
3.119	2.1034089514888564e8
3.122	2.1062494360632676e8
3.125	2.109091863310987e8
3.128	2.111936233787956e8
3.1310000000000002	2.1147825480485988e8
3.134	2.1176308066458252e8
3.137	2.1204810101310378e8
3.14	2.1233331590541267e8
3.1430000000000002	2.126187253963482e8
3.146	2.129043295405989e8
3.149	2.1319012839268702e8
3.152	2.1347612200617144e8
3.1550000000000002	2.1376231043483543e8
3.158	2.140486937327812e8
3.161	2.1433527195396972e8
3.164	2.1462204515222034e8
3.1670000000000003	2.1490901338121143e8
3.17	2.15196176694481e8
3.173	2.154835351454262e8
3.176	2.157710887873046e8
3.1790000000000003	2.1605883767323357e8
3.182	2.1634678185619134e8
3.185	2.166349213890168e8
3.188	2.1692325632441008e8
3.191	2.1721178671493262e8
3.194	2.1750051261300778e8
3.197	2.1778943407092077e8
3.2	2.180785511408191e8
3.203	2.1836786387471312e8
3.206	2.18657372324476e8
3.209	2.18947076541844e8
3.212	2.1923697657841694e8
3.215	2.1952707248565847e8
3.218	2.1981736431489608e8
3.221	2.2010785211732206e8
3.224	2.2039853594399276e8
3.227	2.2068941584582984e8
3.23	2.2098049187362012e8
3.233	2.2127176407801569e8
3.236	2.2156323250953457e8
3.239	2.218548972185607e8
3.242	2.2214675825534442e8
3.245	2.2243881567000252e8
3.248	2.227310695125188e8
3.251	2.2302351983252364e8
3.254	2.2331616667888704e8
3.257	2.2360901010111704e8
3.2600000000000002	2.2390205014868e8
3.263	2.2419528687091693e8
3.266	2.2448872031704336e8
3.269	2.247823505361497e8
3.2720000000000002	2.250761775772017e8
3.275	2.2537020148904023e8
3.278	2.2566442232038248e8
3.281	2.259588401198211e8
3.2840000000000003	2.2625345493582523e8
3.287	2.265482668167405e8
3.29	2.2684327581078935e8
3.293	2.2713848196607113e8
3.2960000000000003	2.2743388533056265e8
3.299	2.2772948595211807e8
3.302	2.2802528387846953e8
3.305	2.2832127915722725e8
3.3080000000000003	2.2861747183587962e8
3.311	2.2891386214653152e8
3.314	2.2921045090779752e8
3.317	2.2950723823133048e8
3.32	2.2980422414051682e8
3.323	2.3010140865881494e8
3.326	2.3039879180975497e8
3.329	2.3069637361693904e8
3.332	2.3099415410404098e8
3.335	2.312921332948064e8
3.338	2.315903112130525e8
3.341	2.318886878826682e8
3.344	2.321872633276135e8
3.347	2.3248603757192022e8
3.35	2.3278501063966933e8
3.353	2.3308418255435804e8
3.356	2.3338355333991265e8
3.359	2.3368312302065784e8
3.362	2.3398289162099463e8
3.365	2.342828591654e8
3.368	2.3458302567842647e8
3.371	2.3488339118470278e8
3.374	2.3518395570893264e8
3.3770000000000002	2.3548471927589536e8
3.38	2.35785681910445e8
3.383	2.3608684363751078e8
3.386	2.363882044820964e8
3.3890000000000002	2.3668976446927977e8
3.392	2.3699152362421322e8
3.395	2.372934819721229e8
3.398	2.375956395383084e8
3.4010000000000002	2.378979963481428e8
3.404	2.3820055242707217e8
3.407	2.385033078006154e8
3.41	2.388062624943637e8
3.4130000000000003	2.3910941653398073e8
3.416	2.394127699452015e8
3.419	2.397163227538331e8
3.422	2.4002007498575327e8
3.4250000000000003	2.4032402666691092e8
3.428	2.4062817782332525e8
3.431	2.4093252848108563e8
3.434	2.4123707866635102e8
3.4370000000000003	2.415418284053501e8
3.44	2.4184677772438002e8
3.443	2.4215192664980683e8
3.446	2.4245727520806473e8
3.449	2.4276282342565557e8
3.452	2.4306857132877013e8
3.455	2.43374518943523e8
3.458	2.4368066629661998e8
3.461	2.4398701341484132e8
3.464	2.4429356032503772e8
3.467	2.4460030705412996e8
3.47	2.4490725362910837e8
3.473	2.4521440007703227e8
3.476	2.455217464250298e8
3.479	2.4582929270029712e8
3.482	2.4613703893009824e8
3.485	2.4644498514176393e8
3.488	2.4675313136269215e8
3.491	2.4706147762034655e8
3.494	2.473700239422566e8
3.497	2.4767877035601678e8
3.5	2.4798771688928625e8
3.503	2.4829686356952924e8
3.5060000000000002	2.486062104250334e8
3.509	2.489157574834051e8
3.512	2.4922550477255654e8
3.515	2.495354523204612e8
3.5180000000000002	2.4984560015515393e8
3.521	2.5015594830473024e8
3.524	2.5046649679734564e8
3.527	2.5077724566121516e8
3.5300000000000002	2.510881949246128e8
3.533	2.513993446158706e8
3.536	2.5171069476337865e8
3.539	2.5202224539558366e8
3.5420000000000003	2.523339965409891e8
3.545	2.5264594822815415e8
3.548	2.5295810048569322e8
3.551	2.5327045334205818e8
3.5540000000000003	2.5358300682541364e8
3.557	2.5389576096451253e8
3.56	2.5420871578819355e8
3.563	2.545218713253514e8
3.5660000000000003	2.5483522760493684e8
3.569	2.551487846559555e8
3.572	2.5546254250746772e8
3.575	2.5577650118858743e8
3.578	2.5609066072848165e8
3.581	2.5640502115637025e8
3.584	2.5671958250152442e8
3.587	2.5703434479326653e8
3.59	2.5734930806096983e8
3.593	2.576644723340568e8
3.596	2.5797983764199913e8
3.599	2.5829540401431692e8
3.602	2.5861117148057792e8
3.605	2.58927140070397e8
3.608	2.5924330981343508e8
3.611	2.5955968073939884e8
3.614	2.598762528780397e8
3.617	2.6019302625915357e8
3.62	2.605100009125793e8
3.623	2.6082717686819896e8
3.626	2.6114455415593642e8
3.629	2.614621328057571e8
3.632	2.6177991284766668e8
3.6350000000000002	2.6209789431171116e8
3.638	2.6241607722797516e8
3.641	2.6273446162658253e8
3.644	2.630530475376941e8
3.6470000000000002	2.633718349915082e8
3.65	2.6369082401810363e8
3.653	2.6401001464723113e8
3.656	2.6432940690915814e8
3.6590000000000003	2.6464900083423185e8
3.662	2.649687964528368e8
3.665	2.6528879379539436e8
3.668	2.6560899289236122e8
3.6710000000000003	2.6592939377422982e8
3.674	2.6624999647152656e8
3.677	2.6657080101481202e8
3.68	2.6689180743467915e8
3.6830000000000003	2.6721301576175347e8
3.686	2.6753442602669197e8
3.689	2.678560382601824e8
3.692	2.681778524929425e8
3.6950000000000003	2.684998687557192e8
3.698	2.688220870792881e8
3.701	2.6914450749445283e8
3.704	2.694671300320439e8
3.707	2.6978995472291815e8
3.71	2.701129815979584e8
3.713	2.704362106880721e8
3.716	2.7075964202419096e8
3.719	2.710832756372703e8
3.722	2.714071115582881e8
3.725	2.717311498182443e8
3.728	2.7205539044816023e8
3.731	2.723798334790778e8
3.734	2.727044789420589e8
3.737	2.730293268681845e8
3.74	2.733543772885537e8
3.743	2.736796302342837e8
3.746	2.7400508573650855e8
3.749	2.743307438262308e8
3.7520000000000002	2.7465660453415704e8
3.755	2.749826678914389e8
3.758	2.753089339292789e8
3.761	2.756354026788966e8
3.7640000000000002	2.759620741715276e8
3.767	2.762889484384234e8
3.77	2.7661602551085037e8
3.773	2.769433054200889e8
3.7760000000000002	2.7727078819743294e8
3.779	2.7759847387418944e8
3.782	2.7792636248167723e8
3.785	2.7825445405122703e8
3.7880000000000003	2.7858274861417973e8
3.791	2.7891124620188653e8
3.794	2.7923994684570825e8
3.797	2.7956885057701415e8
3.8000000000000003	2.7989795742718166e8
3.803	2.802272674275956e8
3.806	2.805567806096476e8
3.809	2.80886497004735e8
3.8120000000000003	2.8121641664426064e8
3.815	2.815465395596324e8
3.818	2.8187686578226185e8
3.821	2.822073953435641e8
3.8240000000000003	2.8253812827495706e8
3.827	2.8286906460786045e8
3.83	2.83200204373696e8
3.833	2.835315476038859e8
3.836	2.8386309432985216e8
3.839	2.84194844583017e8
3.842	2.845267983948013e8
3.845	2.8485895579662406e8
3.848	2.8519131681972355e8
3.851	2.8552388149513185e8
3.854	2.8585664985425025e8
3.857	2.861896219284921e8
3.86	2.865227977492686e8
3.863	2.8685617734798926e8
3.866	2.871897607560603e8
3.869	2.875235480067233e8
3.872	2.8785753912768424e8
3.875	2.8819173415219176e8
3.878	2.8852613311163485e8
3.8810000000000002	2.8886073603739697e8
3.884	2.8919554296085477e8
3.887	2.895305539133783e8
3.89	2.8986576892633015e8
3.8930000000000002	2.902011880310642e8
3.896	2.905368112589263e8
3.899	2.9087263864125264e8
3.902	2.9120867020936966e8
3.9050000000000002	2.915449059945938e8
3.908	2.918813460282298e8
3.911	2.922179903415715e8
3.914	2.925548389659007e8
3.9170000000000003	2.928918919324865e8
3.92	2.932291492725847e8
3.923	2.9356661101743764e8
3.926	2.939042771982737e8
3.9290000000000003	2.9424214784630626e8
3.932	2.945802229927334e8
3.935	2.949185026687378e8
3.938	2.952569869054855e8
3.9410000000000003	2.9559567573412615e8
3.944	2.959345691857916e8
3.947	2.962736672913478e8
3.95	2.966129700816258e8
3.9530000000000003	2.9695247758770686e8
3.956	2.97292189840656e8
3.959	2.9763210687152123e8
3.962	2.9797222871133345e8
3.965	2.9831255539110553e8
3.968	2.986530869418322e8
3.971	2.9899382339448905e8
3.974	2.9933476478003263e8
3.977	2.9967591112939984e8
3.98	3.0001726247350717e8
3.983	3.003588188432506e8
3.986	3.0070058026950485e8
3.989	3.0104254678312325e8
3.992	3.013847184149372e8
3.995	3.017270951957555e8
3.998	3.020696771563641e8
4.0009999999999994	3.024124643275255e8
4.004	3.0275545673997897e8
4.007	3.0309865442443895e8
4.01	3.0344205741159576e8
4.013	3.0378566573211443e8
4.016	3.041294794166348e8
4.019	3.0447349849577075e8
4.022	3.0481772300011e8
4.025	3.0516215296021336e8
4.0280000000000005	3.055067884066149e8
4.031000000000001	3.0585162936982113e8
4.034000000000001	3.061966758803107e8
4.037	3.06541927968534e8
4.04	3.0688738566491324e8
4.043	3.07233048999826e8
4.046	3.075789180033165e8
4.0489999999999995	3.079249927055916e8
4.052	3.0827127313695943e8
4.055	3.086177593277003e8
4.058	3.089644513080661e8
4.061	3.0931134910828036e8
4.064	3.096584527585374e8
4.067	3.100057622890026e8
4.07	3.1035327772981125e8
4.073	3.10700999111069e8
4.0760000000000005	3.110489264628511e8
4.079000000000001	3.1139705981520206e8
4.082000000000001	3.117453991981353e8
4.085	3.1209394464163303e8
4.088	3.124426961756462e8
4.091	3.1279165383009285e8
4.093999999999999	3.1314081763485956e8
4.0969999999999995	3.134901876198001e8
4.1	3.138397638147351e8
4.103	3.141895462494519e8
4.106	3.145395349537047e8
4.109	3.148897299572135e8
4.112	3.152401312896645e8
4.115	3.15590738980709e8
4.118	3.159415530599638e8
4.121	3.16292573557011e8
4.1240000000000006	3.166438005013968e8
4.127000000000001	3.1699523392263216e8
4.13	3.17346873850192e8
4.133	3.176987203135155e8
4.136	3.1805077334200495e8
4.139	3.184030329650262e8
4.1419999999999995	3.1875549921183294e8
4.145	3.191081721114087e8
4.148	3.194610516929768e8
4.151	3.19814137985758e8
4.154	3.201674310189385e8
4.157	3.2052093082166743e8
4.16	3.208746374230589e8
4.163	3.2122855085218966e8
4.166	3.215826711381007e8
4.1690000000000005	3.2193699830979544e8
4.172000000000001	3.222915323962406e8
4.175000000000001	3.226462734263656e8
4.178	3.2300122142906183e8
4.181	3.2335637643318367e8
4.184	3.23711738467547e8
4.187	3.240673075609294e8
4.1899999999999995	3.244230837420703e8
4.193	3.247790670396703e8
4.196	3.25135257482391e8
4.199	3.2549165509885526e8
4.202	3.258482599176464e8
4.205	3.262050719673082e8
4.208	3.2656209127634495e8
4.211	3.26919317873221e8
4.214	3.272767517863603e8
4.2170000000000005	3.276343930441469e8
4.220000000000001	3.279922416749243e8
4.223	3.28350297706995e8
4.226	3.2870856116862106e8
4.229	3.290670320880234e8
4.232	3.2942571049338156e8
4.234999999999999	3.2978459641283375e8
4.2379999999999995	3.3014368987447673e8
4.241	3.3050299090617216e8
4.244	3.3086249953575045e8
4.247	3.312222157911858e8
4.25	3.315821397004121e8
4.253	3.3194227129132307e8
4.256	3.323026105917717e8
4.259	3.3266315762957096e8
4.2620000000000005	3.3302391243249255e8
4.265000000000001	3.333848750282673e8
4.268000000000001	3.337460454445855e8
4.271	3.3410742370909524e8
4.274	3.3446900984940434e8
4.277	3.348308038930785e8
4.28	3.351928058676419e8
4.2829999999999995	3.355550158005769e8
4.286	3.3591743371932405e8
4.289	3.362800596512817e8
4.292	3.366428936238062e8
4.295	3.3700593566421133e8
4.298	3.373691857997685e8
4.301	3.3773264405770665e8
4.304	3.3809631046521187e8
4.307	3.3846018504942757e8
4.3100000000000005	3.3882426783745414e8
4.313000000000001	3.391885588563487e8
4.316000000000001	3.395530581331258e8
4.319	3.3991776569475543e8
4.322	3.402826815681657e8
4.325	3.406478057802402e8
4.328	3.4101313835781926e8
4.3309999999999995	3.4137867932769895e8
4.334	3.4174442871663237e8
4.337	3.42110386551287e8
4.34	3.424765528580724e8
4.343	3.428429276635669e8
4.346	3.432095109943502e8
4.349	3.4357630287695986e8
4.352	3.439433033378911e8
4.355	3.4431051240359604e8
4.3580000000000005	3.4467793010048443e8
4.361000000000001	3.450455564549233e8
4.364	3.454133914932363e8
4.367	3.457814352417048e8
4.37	3.461496877265667e8
4.373	3.4651814897401685e8
4.3759999999999994	3.4688681901020676e8
4.379	3.472556978612449e8
4.382	3.476247855531963e8
4.385	3.479940821120825e8
4.388	3.4836358756388116e8
4.391	3.4873330193452704e8
4.394	3.491032252499107e8
4.397	3.4947335753587925e8
4.4	3.4984369881823575e8
4.4030000000000005	3.502142491227395e8
4.406000000000001	3.5058500847510594e8
4.409000000000001	3.509559769010062e8
4.412	3.5132715442606777e8
4.415	3.5169854107587385e8
4.418	3.520701368759632e8
4.421	3.524419418518306e8
4.4239999999999995	3.5281395602892643e8
4.427	3.531861794326567e8
4.43	3.53558612088383e8
4.433	3.539312540214224e8
4.436	3.5430410525688475e8
4.439	3.546771658198535e8
4.442	3.550504357355147e8
4.445	3.554239150290114e8
4.448	3.5579760372544384e8
4.4510000000000005	3.561715018498689e8
4.454000000000001	3.5654560942730093e8
4.457000000000001	3.569199264827108e8
4.46	3.57294453041026e8
4.463	3.576691891271318e8
4.466	3.5804413476586926e8
4.468999999999999	3.5841928998203635e8
4.4719999999999995	3.587946548003884e8
4.475	3.591702292456366e8
4.478	3.595460133424494e8
4.481	3.599220071154513e8
4.484	3.602982105892238e8
4.487	3.606746237883046e8
4.49	3.6105124673718834e8
4.493	3.614280794603256e8
4.496	3.618051219821239e8
4.4990000000000006	3.621823743269467e8
4.502	3.625598365191141e8
4.505	3.6293750858290285e8
4.508	3.633153905425455e8
4.511	3.6369348242223114e8
4.514	3.640717842461053e8
4.517	3.644502960382697e8
4.5200000000000005	3.6482901782278204e8
4.523	3.652079496236565e8
4.526	3.6558709146486366e8
4.529	3.659664433703299e8
4.532	3.663460053638836e8
4.535	3.667257774691588e8
4.538	3.671057597099323e8
4.541	3.6748595210995877e8
4.5440000000000005	3.6786635469295025e8
4.547	3.682469674825766e8
4.55	3.6862779050246555e8
4.553	3.690088237762024e8
4.556	3.693900673273299e8
4.559	3.697715211793489e8
4.562	3.7015318535571754e8
4.565	3.705350598798517e8
4.5680000000000005	3.7091714477512485e8
4.571	3.712994400648682e8
4.574	3.7168194577237076e8
4.577	3.7206466192087865e8
4.58	3.7244758853359604e8
4.583	3.728307256336844e8
4.586	3.7321407324426305e8
4.589	3.7359763138840896e8
4.5920000000000005	3.739814000891563e8
4.595	3.7436537936949736e8
4.598	3.7474956925238174e8
4.601	3.751339697607167e8
4.604	3.75518580917367e8
4.607	3.7590340274515533e8
4.61	3.7628843526686156e8
4.613	3.766736785052234e8
4.616	3.7705913248293614e8
4.619	3.774447972226529e8
4.622	3.7783067274698406e8
4.625	3.7821675907849807e8
4.628	3.7860305623971105e8
4.631	3.7898956425292987e8
4.634	3.793762831405294e8
4.6370000000000005	3.797632129249104e8
4.64	3.80150353628434e8
4.643	3.8053770527341944e8
4.646	3.809252678821455e8
4.649	3.8131304147685003e8
4.652	3.8170102607973015e8
4.655	3.8208922171294194e8
4.658	3.8247762839860094e8
4.6610000000000005	3.828662461587817e8
4.664	3.8325507501551795e8
4.667	3.8364411499080294e8
4.67	3.840333661065888e8
4.673	3.8442282838478726e8
4.676	3.84812501847269e8
4.679	3.8520238651586413e8
4.682	3.855924824123621e8
4.6850000000000005	3.859827895585116e8
4.688	3.863733079760206e8
4.691	3.8676403768655664e8
4.694	3.8715497871174645e8
4.697	3.875461310731761e8
4.7	3.879374947923914e8
4.703	3.883290698908972e8
4.706	3.887208563901578e8
4.7090000000000005	3.891128543115972e8
4.712	3.895050636765987e8
4.715	3.898974845065052e8
4.718	3.9029011682261914e8
4.721	3.906829606462023e8
4.724	3.910760159984764e8
4.727	3.91469282900514e8
4.73	3.9186276137333447e8
4.733	3.9225645143803966e8
4.736	3.92650353115693e8
4.739	3.9304446642731845e8
4.742	3.9343879139390135e8
4.745	3.938333280363881e8
4.748	3.9422807637568575e8
4.751	3.94623036432663e8
4.7540000000000004	3.950182082281491e8
4.757	3.954135917829352e8
4.76	3.9580918711777276e8
4.763	3.962049942533751e8
4.766	3.9660101321041644e8
4.769	3.969972440095325e8
4.772	3.973936866713198e8
4.775	3.977903412163366e8
4.7780000000000005	3.9818720766510254e8
4.781	3.985842860380981e8
4.784	3.989815763557658e8
4.787	3.9937907863850904e8
4.79	3.9977679290669316e8
4.793	4.0017471918064433e8
4.796	4.0057285748065084e8
4.799	4.0097120782696193e8
4.8020000000000005	4.013697702397891e8
4.805	4.017685447393047e8
4.808	4.021675313456433e8
4.811	4.0256673007890064e8
4.814	4.029661409591344e8
4.817	4.033657640063639e8
4.82	4.0376559924057025e8
4.823	4.0416564668164253e8
4.8260000000000005	4.0456590634933823e8
4.829	4.049663782635164e8
4.832	4.053670624440084e8
4.835	4.057679589106079e8
4.838	4.061690676830721e8
4.841	4.065703887811213e8
4.844	4.069719222244391e8
4.847	4.0737366803267217e8
4.8500000000000005	4.077756262254305e8
4.853	4.081777968222873e8
4.856	4.085801798427793e8
4.859	4.089827753064064e8
4.862	4.0938558323263174e8
4.865	4.097886036408823e8
4.868	4.1019183655054826e8
4.871	4.1059528198098314e8
4.874	4.1099893995150435e8
4.877	4.1140281048139244e8
4.88	4.11806893589892e8
4.883	4.122111892962109e8
4.886	4.126156976195208e8
4.889	4.1302041857895684e8
4.892	4.134253521936182e8
4.8950000000000005	4.1383049848256767e8
4.898	4.142358574648316e8
4.901	4.1464142915940076e8
4.904	4.150472135852291e8
4.907	4.15453210761235e8
4.91	4.158594207063004e8
4.913	4.162658434392714e8
4.916	4.16672478978958e8
4.9190000000000005	4.1707932734411e8
4.922	4.1748638855332255e8
4.925	4.1789366262527573e8
4.928	4.1830114957863784e8
4.931	4.187088494320429e8
4.934	4.191167622040899e8
4.937	4.1952488791334337e8
4.94	4.1993322657833344e8
4.9430000000000005	4.2034177821755517e8
4.946	4.2075054284946954e8
4.949	4.211595204925027e8
4.952	4.2156871116504663e8
4.955	4.219781148854585e8
4.958	4.223877316720613e8
4.961	4.227975615431439e8
4.964	4.232076045169605e8
4.9670000000000005	4.236178606117309e8
4.97	4.2402832984564096e8
4.973	4.244390122368424e8
4.976	4.248499078034524e8
4.979	4.252610165635542e8
4.982	4.2567233853519696e8
4.985	4.260838737363957e8
4.988	4.2649562218513155e8
4.991	4.269075838993513e8
4.994	4.2731975889696807e8
4.997	4.277321471958612e8