0.	0.
0.0005	12774.91630384031
0.001	25549.832562675016
0.0015	38324.74873456884
0.002	51099.66477946215
0.0025	63874.5806573942
0.003	76649.49632841325
0.0035	89424.41175266905
0.004	102199.32689034473
0.0045000000000000005	114974.24170169924
0.005	127749.1561470468
0.0055	140524.07018675163
0.006	153298.98378125258
0.006500000000000001	166073.89689104236
0.007	178848.80947666513
0.0075	191623.72149874596
0.008	204398.63291793945
0.0085	217173.5436949902
0.009000000000000001	229948.45379069407
0.0095	242723.36316589845
0.01	255498.27178151993
0.0105	268273.1795985331
0.011	281048.08657797927
0.0115	293822.99268095236
0.012	306597.8978686183
0.0125	319372.80210218666
0.013000000000000001	332147.7053283902
0.0135	344922.60744380835
0.014	357697.50839352567
0.0145	370472.40813423874
0.015	383247.30663003726
0.0155	396022.20384600933
0.016	408797.09974817815
0.0165	421571.99430355994
0.017	434346.88748010754
0.0175	447121.7792467616
0.018000000000000002	459896.6695734161
0.0185	472671.558430931
0.019	485446.4457911375
0.0195	498221.3316268302
0.02	510996.2159117585
0.0205	523771.09862065536
0.021	536545.9797292036
0.021500000000000002	549320.8592140544
0.022	562095.7370528263
0.0225	574870.6132240938
0.023	587645.4877074166
0.0235	600420.3604832909
0.024	613195.231533206
0.0245	625970.1008395953
0.025	638744.9683858638
0.025500000000000002	651519.8341563819
0.026000000000000002	664294.6981385448
0.0265	677069.5603371623
0.027	689844.420679679
0.0275	702619.2790733846
0.028	715394.1355083821
0.0285	728168.9899770974
0.029	740943.8424739571
0.029500000000000002	753718.6929954173
0.03	766493.5415399361
0.0305	779268.3881080172
0.031	792043.2327021568
0.0315	804818.0753268908
0.032	817592.9159887622
0.0325	830367.7546963332
0.033	843142.5914601819
0.0335	855917.4262929078
0.034	868692.2592091322
0.0345	881467.0902254782
0.035	894241.9193605995
0.035500000000000004	907016.7466351545
0.036000000000000004	919791.5720718176
0.0365	932566.395695276
0.037	945341.2175322587
0.0375	958116.037611456
0.038	970890.8559636162
0.0385	983665.6726214843
0.039	996440.4876193464
0.0395	1.0092153009813965e6
0.04	1.0219901127599799e6
0.0405	1.0347649230394049e6
0.041	1.047539731863878e6
0.0415	1.0603145392775433e6
0.042	1.0730893453261314e6
0.0425	1.0858641500570034e6
0.043000000000000003	1.0986389535191099e6
0.043500000000000004	1.1114137557630267e6
0.044	1.1241885568409266e6
0.0445	1.1369633568065932e6
0.045	1.1497381557154136e6
0.0455	1.1625129536243808e6
0.046	1.1752877505920893e6
0.0465	1.1880625466787526e6
0.047	1.2008373419461655e6
0.0475	1.2136121364577494e6
0.048	1.2263869302785082e6
0.0485	1.239161723475061e6
0.049	1.2519365161156203e6
0.0495	1.2647113082700074e6
0.05	1.2774861000096325e6
0.0505	1.2902608914075166e6
0.051000000000000004	1.3030356825382714e6
0.051500000000000004	1.3158104734781086e6
0.052000000000000005	1.3285852643047993e6
0.0525	1.3413600550496143e6
0.053	1.3541348457800462e6
0.0535	1.3669096367058114e6
0.054	1.3796844279262295e6
0.0545	1.3924592195267715e6
0.055	1.405234011593834e6
0.0555	1.4180088042147006e6
0.056	1.4307835974775779e6
0.0565	1.4435583914715594e6
0.057	1.4563331862866513e6
0.0575	1.4691079820137618e6
0.058	1.481882778744703e6
0.0585	1.4946575765721966e6
0.059000000000000004	1.5074323755898399e6
0.059500000000000004	1.520207175892168e6
0.06	1.5329819775746008e6
0.0605	1.5457567807334587e6
0.061	1.5585315854659788e6
0.0615	1.5713063918702786e6
0.062	1.5840812000453908e6
0.0625	1.5968560100912473e6
0.063	1.6096308221086853e6
0.0635	1.622405636199439e6
0.064	1.635180452466136e6
0.0645	1.6479552710123202e6
0.065	1.6607300919424167e6
0.0655	1.6735049153677507e6
0.066	1.68627974143909e6
0.0665	1.6990545706254616e6
0.067	1.7118294031301404e6
0.0675	1.724604239053417e6
0.068	1.737379078492045e6
0.0685	1.750153921539185e6
0.069	1.7629287682844638e6
0.0695	1.7757036188139312e6
0.07	1.7884784732100707e6
0.07050000000000001	1.8012533315518359e6
0.07100000000000001	1.8140281939145974e6
0.07150000000000001	1.826803060370179e6
0.07200000000000001	1.8395779309868608e6
0.0725	1.8523528058293585e6
0.073	1.8651276849588484e6
0.0735	1.8779025684329371e6
0.074	1.8906774563056994e6
0.0745	1.9034523486276623e6
0.075	1.9162272454457972e6
0.0755	1.9290021468035365e6
0.076	1.9417770527407597e6
0.0765	1.9545519632938153e6
0.077	1.967326878495493e6
0.0775	1.980101798375052e6
0.078	1.9928767229582064e6
0.0785	2.0056516522539386e6
0.079	2.0184265862255816e6
0.0795	2.0312015246111506e6
0.08	2.04397646725017e6
0.0805	2.0567514141589282e6
0.081	2.0695263653547696e6
0.0815	2.0823013208560122e6
0.082	2.0950762806820003e6
0.0825	2.1078512448530714e6
0.083	2.1206262133905846e6
0.0835	2.133401186316899e6
0.084	2.146176163655391e6
0.0845	2.158951145430439e6
0.085	2.171726131667436e6
0.0855	2.1845011223927727e6
0.08600000000000001	2.1972761176338536e6
0.08650000000000001	2.2100511174191097e6
0.08700000000000001	2.2228261217779443e6
0.08750000000000001	2.2356011307407934e6
0.088	2.2483761443390916e6
0.0885	2.2611511626052964e6
0.089	2.2739261855728575e6
0.0895	2.2867012132762396e6
0.09	2.299476245750913e6
0.0905	2.312251283033362e6
0.091	2.325026325161071e6
0.0915	2.3378013721866864e6
0.092	2.3505764242871213e6
0.0925	2.363351481534893e6
0.093	2.376126543966163e6
0.0935	2.388901611618774e6
0.094	2.4016766845300025e6
0.0945	2.414451762736549e6
0.095	2.4272268462745068e6
0.0955	2.4400019351793947e6
0.096	2.4527770294861505e6
0.0965	2.4655521292290958e6
0.097	2.478327234442e6
0.0975	2.4911023451580056e6
0.098	2.503877461409701e6
0.0985	2.5166525832290705e6
0.099	2.52942771064751e6
0.0995	2.5422028436958347e6
0.1	2.5549779824042604e6
0.1005	2.567753126802428e6
0.101	2.5805282769193756e6
0.1015	2.5933034327835636e6
0.10200000000000001	2.606078594422864e6
0.10250000000000001	2.6188537618645593e6
0.10300000000000001	2.631628935135344e6
0.10350000000000001	2.644404114261316e6
0.10400000000000001	2.657179299268002e6
0.1045	2.669954490178659e6
0.105	2.6827296869434454e6
0.1055	2.6955048895518617e6
0.106	2.708280098049832e6
0.1065	2.721055312464711e6
0.107	2.7338305328216865e6
0.1075	2.746605759146116e6
0.108	2.759380991463536e6
0.1085	2.772156229799655e6
0.109	2.784931474180366e6
0.1095	2.7977067246317267e6
0.11	2.810481981179979e6
0.1105	2.82325724385154e6
0.111	2.8360325126729966e6
0.1115	2.848807787671118e6
0.112	2.861583068872846e6
0.1125	2.8743583563052975e6
0.113	2.887133649995775e6
0.1135	2.899908949971742e6
0.114	2.9126842562608505e6
0.1145	2.9254595688909297e6
0.115	2.9382348878899645e6
0.1155	2.9510102132861405e6
0.116	2.963785545107804e6
0.1165	2.9765608833834976e6
0.117	2.9893362281419127e6
0.11750000000000001	3.0021115794119323e6
0.11800000000000001	3.014886937228262e6
0.11850000000000001	3.027662301628952e6
0.11900000000000001	3.040437672670123e6
0.11950000000000001	3.0532130503894654e6
0.12	3.06598843481577e6
0.1205	3.0787638259775667e6
0.121	3.0915392239031373e6
0.1215	3.1043146286204807e6
0.122	3.1170900401573614e6
0.1225	3.1298654585412685e6
0.123	3.142640883799442e6
0.1235	3.155416315958851e6
0.124	3.168191755046236e6
0.1245	3.1809672010880345e6
0.125	3.193742654110462e6
0.1255	3.206518114139452e6
0.126	3.2192935812006975e6
0.1265	3.2320690553196217e6
0.127	3.244844536521389e6
0.1275	3.2576200248309225e6
0.128	3.2703955202728547e6
0.1285	3.2831710228715944e6
0.129	3.2959465326512614e6
0.1295	3.308722049635746e6
0.13	3.3214975738486587e6
0.1305	3.3342731053133714e6
0.131	3.347048644080845e6
0.1315	3.35982419024797e6
0.132	3.372599743878349e6
0.1325	3.3853753050243845e6
0.133	3.3981508737042337e6
0.1335	3.4109264499342246e6
0.134	3.423702033728892e6
0.1345	3.436477625100981e6
0.135	3.4492532240614234e6
0.1355	3.462028830619367e6
0.136	3.474804444782149e6
0.1365	3.4875800665553147e6
0.137	3.5003556959426077e6
0.1375	3.5131313329459727e6
0.138	3.5259069775655577e6
0.1385	3.538682629799705e6
0.139	3.5514582896449687e6
0.1395	3.564233957096091e6
0.14	3.5770096321460265e6
0.1405	3.589785314785929e6
0.14100000000000001	3.602561005005146e6
0.14150000000000001	3.61533670279123e6
0.14200000000000002	3.628112408129936e6
0.14250000000000002	3.640888121005225e6
0.14300000000000002	3.6536638413992375e6
0.14350000000000002	3.6664395692923465e6
0.14400000000000002	3.6792153046596735e6
0.1445	3.6919910474578883e6
0.145	3.7047667976473863e6
0.1455	3.717542555174615e6
0.146	3.730318320010903e6
0.1465	3.743094092127543e6
0.147	3.7558698714945875e6
0.1475	3.7686456580808894e6
0.148	3.7814214518540697e6
0.1485	3.7941972527805357e6
0.149	3.8069730608254736e6
0.1495	3.819748875952856e6
0.15	3.8325246981254495e6
0.1505	3.84530052730476e6
0.151	3.8580763634511186e6
0.1515	3.870852206523619e6
0.152	3.883628056480138e6
0.1525	3.8964039132773373e6
0.153	3.909179776870644e6
0.1535	3.9219556472142884e6
0.154	3.93473152426127e6
0.1545	3.947507407963361e6
0.155	3.9602832982711317e6
0.1555	3.973059195133919e6
0.156	3.985835098499846e6
0.1565	3.9986110083158268e6
0.157	4.011386924473501e6
0.1575	4.024162845975261e6
0.158	4.0369387724341964e6
0.1585	4.049714703842799e6
0.159	4.0624906401794166e6
0.1595	4.0752665814272035e6
0.16	4.0880425275794556e6
0.1605	4.1008184786395687e6
0.161	4.1135944346211124e6
0.1615	4.126370395547756e6
0.162	4.1391463614533166e6
0.1625	4.1519223323817626e6
0.163	4.164698308387182e6
0.1635	4.177474289533836e6
0.164	4.19025027589611e6
0.1645	4.203026267558568e6
0.165	4.215802264615908e6
0.1655	4.2285782671730295e6
0.166	4.241354275344972e6
0.1665	4.254130289256958e6
0.167	4.266906309044398e6
0.1675	4.279682334852902e6
0.168	4.292458366838269e6
0.1685	4.305234405166495e6
0.169	4.318010450013808e6
0.1695	4.330786501566645e6
0.17	4.343562560031316e6
0.1705	4.356338628563684e6
0.171	4.369114709695082e6
0.1715	4.381890803571009e6
0.17200000000000001	4.394666910306556e6
0.17250000000000001	4.407443029985648e6
0.17300000000000001	4.420219162655998e6
0.17350000000000002	4.432995308329146e6
0.17400000000000002	4.445771466980391e6
0.17450000000000002	4.458547638548846e6
0.17500000000000002	4.471323822937362e6
0.17550000000000002	4.4841000200125985e6
0.176	4.496876229604973e6
0.1765	4.509652451508727e6
0.177	4.522428685481875e6
0.1775	4.535204931246267e6
0.178	4.547981188487599e6
0.1785	4.560757456855417e6
0.179	4.5735337359631695e6
0.1795	4.586310025388232e6
0.18	4.599086324671917e6
0.1805	4.611862633319569e6
0.181	4.624638950800545e6
0.1815	4.637415276548301e6
0.182	4.650191609960432e6
0.1825	4.662967950398723e6
0.183	4.675744297189207e6
0.1835	4.688520646407943e6
0.184	4.701296992629809e6
0.1845	4.714073335180263e6
0.185	4.726849673466517e6
0.1855	4.739626006875805e6
0.186	4.752402334828135e6
0.1865	4.76517865677628e6
0.187	4.777954972205743e6
0.1875	4.790731280634679e6
0.188	4.803507581613908e6
0.1885	4.816283874726828e6
0.189	4.829060159589432e6
0.1895	4.841836435850216e6
0.19	4.854612703190224e6
0.1905	4.867388961322976e6
0.191	4.880165209994466e6
0.1915	4.892941448983161e6
0.192	4.905717678099968e6
0.1925	4.918493897188246e6
0.193	4.931270106123788e6
0.1935	4.94404630481484e6
0.194	4.956822493202095e6
0.1945	4.969598671258676e6
0.195	4.982374838990207e6
0.1955	4.995150996434779e6
0.196	5.007927143662986e6
0.1965	5.0207032817439e6
0.197	5.033479414740902e6
0.1975	5.046255543203939e6
0.198	5.0590316672640415e6
0.1985	5.071807787013516e6
0.199	5.084583902529334e6
0.1995	5.097360013874454e6
0.2	5.110136121097797e6
0.2005	5.122912224234249e6
0.201	5.135688323304629e6
0.2015	5.148464418315718e6
0.202	5.1612405092602065e6
0.2025	5.174016596116726e6
0.203	5.1867926788498275e6
0.20350000000000001	5.199568757409959e6
0.20400000000000001	5.212344831733484e6
0.20450000000000002	5.225120901742656e6
0.20500000000000002	5.237896967345632e6
0.20550000000000002	5.250673028436449e6
0.20600000000000002	5.263449084895033e6
0.20650000000000002	5.276225136587189e6
0.20700000000000002	5.289001183364588e6
0.20750000000000002	5.3017772250647815e6
0.20800000000000002	5.314553261511185e6
0.2085	5.327329292513082e6
0.209	5.340105317865624e6
0.2095	5.352881337250529e6
0.21	5.3656573493666835e6
0.2105	5.3784333535373015e6
0.211	5.391209348762993e6
0.2115	5.403985334706824e6
0.212	5.416761311146481e6
0.2125	5.429537277867213e6
0.213	5.442313234661803e6
0.2135	5.455089181330628e6
0.214	5.467865117681612e6
0.2145	5.480641043530254e6
0.215	5.493416958699632e6
0.2155	5.5061928630204005e6
0.216	5.51896875633079e6
0.2165	5.531744638476622e6
0.217	5.544520509311304e6
0.2175	5.557296368695833e6
0.218	5.570072216498795e6
0.2185	5.582848052596387e6
0.219	5.595623876872379e6
0.2195	5.608399689218166e6
0.22	5.6211754895327315e6
0.2205	5.63395127772267e6
0.221	5.646727053702184e6
0.2215	5.659502817393084e6
0.222	5.672278568724786e6
0.2225	5.685054307636273e6
0.223	5.697830034210147e6
0.2235	5.710605748517214e6
0.224	5.723381450844163e6
0.2245	5.736157141231459e6
0.225	5.748932819639668e6
0.2255	5.76170848603108e6
0.226	5.774484140369718e6
0.2265	5.787259782621321e6
0.227	5.800035412753363e6
0.2275	5.812811030735049e6
0.228	5.825586636537302e6
0.2285	5.83836223013278e6
0.229	5.851137811495873e6
0.2295	5.863913380602687e6
0.23	5.87668893743108e6
0.2305	5.889464481960611e6
0.231	5.902240014172588e6
0.2315	5.915015534050045e6
0.232	5.927791041577732e6
0.2325	5.940566536742151e6
0.233	5.953342019531519e6
0.2335	5.966117489935788e6
0.234	5.97889294794663e6
0.23450000000000001	5.991668393557458e6
0.23500000000000001	6.004443826763415e6
0.23550000000000001	6.017219247561366e6
0.23600000000000002	6.029994655845728e6
0.23650000000000002	6.04277005146728e6
0.23700000000000002	6.055545434504242e6
0.23750000000000002	6.068320804994567e6
0.23800000000000002	6.081096162949809e6
0.23850000000000002	6.093871508384553e6
0.23900000000000002	6.106646841316452e6
0.23950000000000002	6.119422161766178e6
0.24	6.132197469757471e6
0.2405	6.144972765317109e6
0.241	6.157748048474923e6
0.2415	6.170523319263784e6
0.242	6.1832985777196195e6
0.2425	6.1960738238813905e6
0.243	6.208849057791111e6
0.2435	6.22162427949384e6
0.244	6.234399489037681e6
0.2445	6.247174686473786e6
0.245	6.259949871856352e6
0.2455	6.272725045242609e6
0.246	6.28550020669285e6
0.2465	6.2982753562704e6
0.247	6.311050494041617e6
0.2475	6.323825620075933e6
0.248	6.3366007344457945e6
0.2485	6.349375837226714e6
0.249	6.36215092855408e6
0.2495	6.374926008702219e6
0.25	6.387701077903642e6
0.2505	6.400476136326404e6
0.251	6.413251184050767e6
0.2515	6.426026221155763e6
0.252	6.438801247719201e6
0.2525	6.451576263817676e6
0.253	6.464351269526568e6
0.2535	6.477126264920029e6
0.254	6.489901250070972e6
0.2545	6.502676225051121e6
0.255	6.515451189930958e6
0.2555	6.5282261447797455e6
0.256	6.541001089665527e6
0.2565	6.55377602465513e6
0.257	6.566550949814154e6
0.2575	6.579325865206983e6
0.258	6.592100770896768e6
0.2585	6.604875666945453e6
0.259	6.617650553413755e6
0.2595	6.63042543036117e6
0.26	6.64320029784598e6
0.2605	6.65597515592514e6
0.261	6.668750004654717e6
0.2615	6.681524844089159e6
0.262	6.694299674257711e6
0.2625	6.707074495008738e6
0.263	6.719849306331626e6
0.2635	6.732624108260724e6
0.264	6.745398900851963e6
0.2645	6.758173684162871e6
0.265	6.770948458252417e6
0.2655	6.7837232231811145e6
0.266	6.796497979010954e6
0.2665	6.809272725805446e6
0.267	6.822047463629598e6
0.2675	6.834822192549925e6
0.268	6.847596912634433e6
0.2685	6.860371623952651e6
0.269	6.873146326575583e6
0.2695	6.885921020575769e6
0.27	6.898695706027228e6
0.2705	6.911470383005496e6
0.271	6.924245051587601e6
0.2715	6.937019711852086e6
0.272	6.94979436387899e6
0.2725	6.962569007749854e6
0.273	6.975343643547722e6
0.2735	6.9881182713571545e6
0.274	7.000892891264098e6
0.2745	7.01366750335638e6
0.275	7.026442107729249e6
0.2755	7.039216704728487e6
0.276	7.051991294616679e6
0.2765	7.064765877565982e6
0.277	7.077540453663525e6
0.2775	7.090315022990653e6
0.278	7.103089585625668e6
0.2785	7.11586414164382e6
0.279	7.12863869111731e6
0.2795	7.141413234115272e6
0.28	7.154187770703807e6
0.2805	7.166962300945935e6
0.281	7.179736824901641e6
0.28150000000000003	7.192511342627853e6
0.28200000000000003	7.205285854178457e6
0.28250000000000003	7.218060359604272e6
0.28300000000000003	7.230834858953056e6
0.28350000000000003	7.243609352269539e6
0.28400000000000003	7.256383839595385e6
0.28450000000000003	7.269158320969209e6
0.28500000000000003	7.281932796426572e6
0.28550000000000003	7.294707265999988e6
0.28600000000000003	7.3074817297189105e6
0.28650000000000003	7.320256187609764e6
0.28700000000000003	7.333030639695715e6
0.28750000000000003	7.345805085997556e6
0.28800000000000003	7.358579526532171e6
0.2885	7.371353961105758e6
0.289	7.384128389488161e6
0.2895	7.3969028117436655e6
0.29	7.409677227891827e6
0.2905	7.422451637947355e6
0.291	7.435226041925376e6
0.2915	7.448000439841395e6
0.292	7.460774831711322e6
0.2925	7.473549217551476e6
0.293	7.486323597378558e6
0.2935	7.499097971209689e6
0.294	7.511872339062364e6
0.2945	7.524646700954506e6
0.295	7.537421056904411e6
0.2955	7.550195406930795e6
0.296	7.5629697510527605e6
0.2965	7.57574408928982e6
0.297	7.588518421661876e6
0.2975	7.601292748189234e6
0.298	7.614067068892609e6
0.2985	7.626841383793092e6
0.299	7.639615692912205e6
0.2995	7.6523899962718515e6
0.3	7.665164293894337e6
0.3005	7.677938585802373e6
0.301	7.690712872019068e6
0.3015	7.703487152567939e6
0.302	7.716261427504712e6
0.3025	7.729035697123338e6
0.303	7.741809961506997e6
0.3035	7.754584220674717e6
0.304	7.76735847464275e6
0.3045	7.780132723424562e6
0.305	7.792906967030858e6
0.3055	7.805681205469558e6
0.306	7.818455438745819e6
0.3065	7.831229666861992e6
0.307	7.8440038898177e6
0.3075	7.856778107609759e6
0.308	7.869552320232206e6
0.3085	7.882326527676309e6
0.309	7.895100729930583e6
0.3095	7.907874926980719e6
0.31	7.920649118809663e6
0.3105	7.93342330539757e6
0.311	7.946197486721815e6
0.3115	7.958971662756997e6
0.312	7.971745833474929e6
0.3125	7.9845199988446385e6
0.313	7.997294158832375e6
0.3135	8.010068312921163e6
0.314	8.022842462432764e6
0.3145	8.0356166023391215e6
0.315	8.048390705693933e6
0.3155	8.061164763956886e6
0.316	8.073938773044095e6
0.3165	8.08671272873763e6
0.317	8.099486626692024e6
0.3175	8.112260462435903e6
0.318	8.125034231373588e6
0.3185	8.137807928786814e6
0.319	8.150581549836449e6
0.3195	8.163355089635544e6
0.32	8.176128543019459e6
0.3205	8.188901904841691e6
0.321	8.201675169805897e6
0.3215	8.21444833250538e6
0.322	8.227221387425008e6
0.3225	8.239994328943275e6
0.323	8.252767151334263e6
0.3235	8.265539848769665e6
0.324	8.278312415320828e6
0.3245	8.291084844960784e6
0.325	8.303857131566332e6
0.3255	8.316629268920048e6
0.326	8.329401250712405e6
0.3265	8.342173070543787e6
0.327	8.3549447219266165e6
0.3275	8.367716198287373e6
0.328	8.380487492970137e6
0.3285	8.393258599679556e6
0.329	8.406029511945724e6
0.3295	8.418800222861415e6
0.33	8.431570725436786e6
0.3305	8.444341012601417e6
0.331	8.457111077206362e6
0.3315	8.469880912026139e6
0.332	8.482650509760763e6
0.3325	8.495419863037726e6
0.333	8.508188964413976e6
0.3335	8.520957806377908e6
0.334	8.533726381351257e6
0.3345	8.546494681691088e6
0.335	8.559262699691685e6
0.3355	8.572030427586438e6
0.336	8.584797857549742e6
0.3365	8.597564981698822e6
0.337	8.610331792095594e6
0.3375	8.623098280748455e6
0.338	8.635864439614093e6
0.3385	8.648630260599235e6
0.339	8.66139573556239e6
0.3395	8.674160856315587e6
0.34	8.68692561462605e6
0.3405	8.69969000221787e6
0.341	8.712454010773638e6
0.3415	8.725217630487703e6
0.342	8.737980851203226e6
0.3425	8.75074366452317e6
0.343	8.763506062048376e6
0.3435	8.776268035374744e6
0.34400000000000003	8.789029576094719e6
0.34450000000000003	8.801790675798789e6
0.34500000000000003	8.814551326077012e6
0.34550000000000003	8.827311518520419e6
0.34600000000000003	8.840071244722463e6
0.34650000000000003	8.852830496280394e6
0.34700000000000003	8.865589264796657e6
0.34750000000000003	8.87834754188018e6
0.34800000000000003	8.891105319147728e6
0.34850000000000003	8.903862588225182e6
0.34900000000000003	8.916619340748766e6
0.34950000000000003	8.9293755683663e6
0.35000000000000003	8.942131262738382e6
0.35050000000000003	8.95488641553958e6
0.35100000000000003	8.96764101845956e6
0.35150000000000003	8.980395063204214e6
0.352	8.993148541496733e6
0.3525	9.005901445078714e6
0.353	9.01865376571114e6
0.3535	9.031405495175438e6
0.354	9.04415662527445e6
0.3545	9.056907148199368e6
0.355	9.06965705622997e6
0.3555	9.08240634122946e6
0.356	9.095154995078223e6
0.3565	9.107903009675454e6
0.357	9.120650376939971e6
0.3575	9.133397088811072e6
0.358	9.146143137249252e6
0.3585	9.158888514237054e6
0.359	9.171633211779747e6
0.3595	9.184377221906073e6
0.36	9.197120536668949e6
0.3605	9.209863148146123e6
0.361	9.222605048440859e6
0.3615	9.235346229682557e6
0.362	9.248086684027355e6
0.3625	9.26082640365877e6
0.363	9.27356538078821e6
0.3635	9.28630360765558e6
0.364	9.2990410765298e6
0.3645	9.311777779709341e6
0.365	9.324513709522678e6
0.3655	9.33724885832885e6
0.366	9.349983218517834e6
0.3665	9.362716782511078e6
0.367	9.37544954276187e6
0.3675	9.38818149199023e6
0.368	9.40091262295202e6
0.3685	9.413642928192176e6
0.369	9.426372400284858e6
0.3695	9.439101031833757e6
0.37	9.451828815472463e6
0.3705	9.464555743864767e6
0.371	9.477281809705023e6
0.3715	9.490007005718345e6
0.372	9.50273132466101e6
0.3725	9.515454759320645e6
0.373	9.528177302516498e6
0.3735	9.540898947099706e6
0.374	9.553619685953526e6
0.3745	9.56633951199351e6
0.375	9.579058418167772e6
0.3755	9.59177639745716e6
0.376	9.604493442875434e6
0.3765	9.617209547469458e6
0.377	9.629924704319347e6
0.3775	9.642638906538647e6
0.378	9.655352147274464e6
0.3785	9.668064419707587e6
0.379	9.680775717052648e6
0.3795	9.69348603255821e6
0.38	9.706195359506892e6
0.3805	9.718903691908497e6
0.381	9.731611022166478e6
0.3815	9.744317344190352e6
0.382	9.75702265139366e6
0.3825	9.769726937221961e6
0.383	9.782430195152901e6
0.3835	9.795132418696279e6
0.384	9.807833601394076e6
0.3845	9.820533736820512e6
0.385	9.833232818582078e6
0.3855	9.84593084031753e6
0.386	9.858627795697961e6
0.3865	9.871323678426776e6
0.387	9.88401848223972e6
0.3875	9.896712200904874e6
0.388	9.90940482822265e6
0.3885	9.922096358025784e6
0.389	9.93478678417933e6
0.3895	9.947476100580633e6
0.39	9.960164301159305e6
0.3905	9.972851379877213e6
0.391	9.985537330728406e6
0.3915	9.998222147739133e6
0.392	1.0010905824967768e7
0.3925	1.0023588356504763e7
0.393	1.0036269736472614e7
0.3935	1.0048949959336938e7
0.394	1.0061629019617667e7
0.3945	1.0074306911524523e7
0.395	1.0086983629293235e7
0.3955	1.0099659167185526e7
0.396	1.0112333519489093e7
0.3965	1.0125006680517513e7
0.397	1.013767864461021e7
0.3975	1.0150349406132331e7
0.398	1.0163018959474713e7
0.3985	1.017568729905377e7
0.399	1.0188354419311427e7
0.3995	1.0201020314715048e7
0.4	1.0213684979757333e7
0.4005	1.0226348408956213e7
0.401	1.0239010596854793e7
0.4015	1.0251671538021257e7
0.402	1.0264331227048723e7
0.4025	1.0276989658555219e7
0.403	1.0289646827183513e7
0.4035	1.0302302727601068e7
0.404	1.0314957354499923e7
0.4045	1.0327610702596558e7
0.405	1.0340262766631823e7
0.4055	1.0352913541370839e7
0.406	1.0365563021602856e7
0.40650000000000003	1.0378211201974664e7
0.40700000000000003	1.0390858077067904e7
0.40750000000000003	1.0403503641745986e7
0.40800000000000003	1.0416147890902663e7
0.40850000000000003	1.0428790819459023e7
0.40900000000000003	1.0441432422363361e7
0.40950000000000003	1.0454072694591064e7
0.41000000000000003	1.0466711631144505e7
0.41050000000000003	1.0479349227052892e7
0.41100000000000003	1.0491985477372186e7
0.41150000000000003	1.050462037718494e7
0.41200000000000003	1.051725392160021e7
0.41250000000000003	1.0529886105753407e7
0.41300000000000003	1.0542516924806178e7
0.41350000000000003	1.0555146373946313e7
0.41400000000000003	1.0567774448387565e7
0.41450000000000004	1.0580401143369565e7
0.41500000000000004	1.0593026454157695e7
0.41550000000000004	1.0605650376042932e7
0.41600000000000004	1.0618272904341768e7
0.4165	1.0630894034396036e7
0.417	1.0643513761572823e7
0.4175	1.0656132081264313e7
0.418	1.0668748988887677e7
0.4185	1.0681364479884947e7
0.419	1.0693978549722876e7
0.4195	1.0706591194119914e7
0.42	1.0719202409167223e7
0.4205	1.0731812190424303e7
0.421	1.074442053343903e7
0.4215	1.0757027433776103e7
0.422	1.0769632887016872e7
0.4225	1.0782236888759293e7
0.423	1.0794839434617726e7
0.4235	1.0807440520222863e7
0.424	1.0820040141221609e7
0.4245	1.0832638293276912e7
0.425	1.0845234972067704e7
0.4255	1.0857830173288714e7
0.426	1.0870423892650427e7
0.4265	1.0883016125878857e7
0.427	1.089560686871553e7
0.4275	1.090819611691729e7
0.428	1.0920783866256205e7
0.4285	1.0933370112519467e7
0.429	1.0945954851509213e7
0.4295	1.0958538079042463e7
0.43	1.097111979095097e7
0.4305	1.0983699983081115e7
0.431	1.0996278651293749e7
0.4315	1.1008855791464137e7
0.432	1.1021431399481777e7
0.4325	1.1034005471292237e7
0.433	1.104657800302802e7
0.4335	1.1059148990648568e7
0.434	1.1071718430094086e7
0.4345	1.1084286317315953e7
0.435	1.1096852648276577e7
0.4355	1.11094174189493e7
0.436	1.1121980625318266e7
0.4365	1.11345422633783e7
0.437	1.114710232913481e7
0.4375	1.115966081860366e7
0.438	1.1172217727811057e7
0.4385	1.1184773052793419e7
0.439	1.1197326789597295e7
0.4395	1.1209878934279209e7
0.44	1.1222429482905595e7
0.4405	1.123497843155262e7
0.441	1.1247525776306117e7
0.4415	1.1260071513261463e7
0.442	1.1272615638523456e7
0.4425	1.1285158148206193e7
0.443	1.1297699038432993e7
0.4435	1.1310238305336239e7
0.444	1.1322775945057305e7
0.4445	1.1335311953746414e7
0.445	1.1347846327562539e7
0.4455	1.1360379062763536e7
0.446	1.1372910156759538e7
0.4465	1.138543960611553e7
0.447	1.139796740699729e7
0.4475	1.141049355556384e7
0.448	1.1423018047967246e7
0.4485	1.1435540880352555e7
0.449	1.1448062048857663e7
0.4495	1.1460581549613148e7
0.45	1.1473099378742209e7
0.4505	1.1485615532360481e7
0.451	1.1498130006575929e7
0.4515	1.1510642797488732e7
0.452	1.1523153901191132e7
0.4525	1.1535663313767308e7
0.453	1.1548171031293249e7
0.4535	1.1560677049836598e7
0.454	1.1573181364516245e7
0.4545	1.1585683973291213e7
0.455	1.1598184871234803e7
0.4555	1.1610684054379936e7
0.456	1.1623181518750552e7
0.4565	1.1635677260361394e7
0.457	1.1648171275217908e7
0.4575	1.1660663559316082e7
0.458	1.1673154108642317e7
0.4585	1.168564291919236e7
0.459	1.1698129988119379e7
0.4595	1.1710615312074088e7
0.46	1.1723098886976905e7
0.4605	1.1735580708721045e7
0.461	1.1748060773172388e7
0.4615	1.1760539076169211e7
0.462	1.1773015613522021e7
0.4625	1.178549038101329e7
0.463	1.1797963374397261e7
0.4635	1.18104345893997e7
0.464	1.1822904021717673e7
0.4645	1.1835371667019274e7
0.465	1.1847837520943427e7
0.4655	1.1860301579099586e7
0.466	1.1872763837067503e7
0.4665	1.1885224290396962e7
0.467	1.1897682934607493e7
0.4675	1.1910139765188124e7
0.468	1.1922594777597066e7
0.4685	1.1935047967261462e7
0.46900000000000003	1.1947499329577062e7
0.46950000000000003	1.1959948859907944e7
0.47000000000000003	1.1972396553586205e7
0.47050000000000003	1.1984842405911643e7
0.47100000000000003	1.1997286412151437e7
0.47150000000000003	1.200972856744224e7
0.47200000000000003	1.2022168859576037e7
0.47250000000000003	1.2034607279146425e7
0.47300000000000003	1.204704382144418e7
0.47350000000000003	1.2059478481836569e7
0.47400000000000003	1.2071911255767664e7
0.47450000000000003	1.2084342138758592e7
0.47500000000000003	1.2096771126407793e7
0.47550000000000003	1.2109198214391274e7
0.47600000000000003	1.2121623398462854e7
0.47650000000000003	1.2134046674454363e7
0.47700000000000004	1.2146468038275871e7
0.47750000000000004	1.2158887485915879e7
0.47800000000000004	1.2171305013441516e7
0.47850000000000004	1.2183720616998702e7
0.47900000000000004	1.2196134292812305e7
0.47950000000000004	1.2208546037186304e7
0.48	1.222095584650391e7
0.4805	1.223336371722769e7
0.481	1.2245769645899683e7
0.4815	1.2258173629141495e7
0.482	1.2270575663654348e7
0.4825	1.2282975746219205e7
0.483	1.2295373873696782e7
0.4835	1.2307770043027587e7
0.484	1.2320164251231981e7
0.4845	1.2332556495762197e7
0.485	1.2344946775842518e7
0.4855	1.2357335089038959e7
0.486	1.2369721432640916e7
0.4865	1.2382105803992234e7
0.487	1.2394488200491115e7
0.4875	1.2406868619590124e7
0.488	1.2419247058796044e7
0.4885	1.2431623515669905e7
0.489	1.2443997987826835e7
0.4895	1.2456370472936042e7
0.49	1.2468740968720676e7
0.4905	1.2481109472957786e7
0.491	1.2493475983478216e7
0.4915	1.2505840498166494e7
0.492	1.2518203014960753e7
0.4925	1.253056353185258e7
0.493	1.2542922046886971e7
0.4935	1.255527855816212e7
0.494	1.2567633063829385e7
0.4945	1.2579985562093107e7
0.495	1.2592336051210469e7
0.4955	1.2604684529491391e7
0.496	1.2617030995298356e7
0.4965	1.2629375447046284e7
0.497	1.264171788320234e7
0.4975	1.2654058303189527e7
0.498	1.26663967067303e7
0.4985	1.2678733092423214e7
0.499	1.2691067458895136e7
0.4995	1.2703399804805456e7
0.5	1.2715730128846074e7
0.5005000000000001	1.2728058429741215e7
0.501	1.2740384706247311e7
0.5015000000000001	1.2752708957152896e7
0.502	1.2765031181278436e7
0.5025000000000001	1.2777351377476273e7
0.503	1.2789669544630416e7
0.5035000000000001	1.2801985681656478e7
0.504	1.28142997875015e7
0.5045000000000001	1.2826611861143822e7
0.505	1.2838921901592992e7
0.5055000000000001	1.285122990788957e7
0.506	1.2863535879105037e7
0.5065000000000001	1.2875839814341646e7
0.507	1.2888141712732282e7
0.5075000000000001	1.2900441573440319e7
0.508	1.2912739395659486e7
0.5085000000000001	1.2925035178613735e7
0.509	1.293732892155707e7
0.5095000000000001	1.2949620623773452e7
0.51	1.296191028459221e7
0.5105000000000001	1.2974197903944554e7
0.511	1.2986483481496213e7
0.5115000000000001	1.2998767016634557e7
0.512	1.3011048508768113e7
0.5125	1.30233279573265e7
0.513	1.3035605361760253e7
0.5135	1.3047880721540755e7
0.514	1.3060154036160141e7
0.5145	1.3072425305131122e7
0.515	1.308469452798696e7
0.5155	1.3096961704281276e7
0.516	1.3109226833588026e7
0.5165	1.312148991550131e7
0.517	1.3133750949635308e7
0.5175	1.3146009935624173e7
0.518	1.3158266873121887e7
0.5185	1.317052176180218e7
0.519	1.3182774601358416e7
0.5195	1.3195025391503472e7
0.52	1.3207274131969638e7
0.5205	1.3219520822508497e7
0.521	1.3231765462890822e7
0.5215	1.3244008052906472e7
0.522	1.325624859236427e7
0.5225	1.3268487081091885e7
0.523	1.3280723518943558e7
0.5235	1.3292957906302609e7
0.524	1.3305190243360048e7
0.5245	1.3317420530004539e7
0.525	1.332964876613582e7
0.5255	1.334187495166459e7
0.526	1.3354099086512504e7
0.5265	1.3366321170612048e7
0.527	1.3378541203906512e7
0.5275	1.3390759186349893e7
0.528	1.3402975117906855e7
0.5285	1.3415188998552624e7
0.529	1.3427400827395013e7
0.5295	1.3439610606502436e7
0.53	1.3451818334593417e7
0.5305	1.3464024011705322e7
0.531	1.3476227637883399e7
0.5315	1.3488429213180652e7
0.532	1.3500628737657713e7
0.5325	1.35128262113827e7
0.533	1.3525021634431096e7
0.5335	1.353721500688562e7
0.534	1.354940632883609e7
0.5345	1.3561595600379296e7
0.535	1.3573782821618896e7
0.5355	1.3585966905514356e7
0.536	1.3598150895313691e7
0.5365	1.3610332200760437e7
0.537	1.362251181817533e7
0.5375	1.3634690248527238e7
0.538	1.3646867494015785e7
0.5385	1.3659043556839658e7
0.539	1.36712184391966e7
0.5395	1.36833921432834e7
0.54	1.369556467129589e7
0.5405	1.3707736025428956e7
0.541	1.371990620787651e7
0.5415	1.3732075220831493e7
0.542	1.3744243066485893e7
0.5425	1.3756409747030688e7
0.543	1.376857526465592e7
0.5435	1.3780739621550592e7
0.544	1.3792902819902774e7
0.5445	1.380506486189949e7
0.545	1.381722574972681e7
0.5455	1.3829385485569762e7
0.546	1.3841544071612401e7
0.5465	1.385370151003775e7
0.547	1.386585780302783e7
0.5475	1.3878012952763626e7
0.548	1.3890166961425113e7
0.5485	1.3902319831191245e7
0.549	1.3914471564239925e7
0.5495	1.3926622162748037e7
0.55	1.3938771629156983e7
0.5505	1.3950919966100011e7
0.551	1.3963067175749771e7
0.5515	1.3975213260263594e7
0.552	1.3987358221791837e7
0.5525	1.3999502062477916e7
0.553	1.4011644784458349e7
0.5535	1.4023786389862742e7
0.554	1.4035926880813876e7
0.5545	1.4048066259427695e7
0.555	1.4060204527813371e7
0.5555	1.4072341688073289e7
0.556	1.4084477742303133e7
0.5565	1.409661269259186e7
0.557	1.410874654102178e7
0.5575	1.4120879289668536e7
0.558	1.413301094060117e7
0.5585	1.4145141495882139e7
0.559	1.415727095756734e7
0.5595	1.4169399327706145e7
0.56	1.418152660834143e7
0.5605	1.4193652801509583e7
0.561	1.420577790924057e7
0.5615	1.4217901933557915e7
0.562	1.4230024876478769e7
0.5625	1.4242146740013927e7
0.5630000000000001	1.4254267526167834e7
0.5635	1.42663872369742e7
0.5640000000000001	1.4278505874594899e7
0.5645	1.429062344103557e7
0.5650000000000001	1.4302739938271504e7
0.5655	1.431485536827002e7
0.5660000000000001	1.4326969732990481e7
0.5665	1.433908303438431e7
0.5670000000000001	1.4351195274395086e7
0.5675	1.4363306454958502e7
0.5680000000000001	1.4375416578002464e7
0.5685	1.438752564544709e7
0.5690000000000001	1.4399633659204751e7
0.5695	1.4411740621180106e7
0.5700000000000001	1.4423846533270141e7
0.5705	1.4435951397364182e7
0.5710000000000001	1.4448055215343973e7
0.5715	1.446015798908364e7
0.5720000000000001	1.4472259720449794e7
0.5725	1.448436041130151e7
0.5730000000000001	1.4496460063490383e7
0.5735	1.4508558678860566e7
0.5740000000000001	1.4520656259248774e7
0.5745	1.4532752806484357e7
0.5750000000000001	1.454484832238928e7
0.5755	1.4556942808778193e7
0.5760000000000001	1.4569036267458444e7
0.5765	1.4581128700230127e7
0.577	1.459322010888607e7
0.5775	1.4605310494974725e7
0.578	1.4617399859869113e7
0.5785	1.46294882053412e7
0.579	1.4641575533167886e7
0.5795	1.4653661845123941e7
0.58	1.4665747142982002e7
0.5805	1.4677831428512583e7
0.581	1.4689914703484084e7
0.5815	1.4701996969662793e7
0.582	1.4714078228812885e7
0.5825	1.4726158482696433e7
0.583	1.473823773307342e7
0.5835	1.4750315981701724e7
0.584	1.4762393230337143e7
0.5845	1.4774469480733382e7
0.585	1.4786544734642072e7
0.5855	1.4798618993812783e7
0.586	1.4810692259992983e7
0.5865	1.48227645349281e7
0.587	1.4834835820361495e7
0.5875	1.4846906118034476e7
0.588	1.4858975429686287e7
0.5885	1.4871043757054145e7
0.589	1.4883111101873204e7
0.5895	1.4895177465876602e7
0.59	1.4907242850795418e7
0.5905	1.4919307258358728e7
0.591	1.493137069029357e7
0.5915	1.494343314861151e7
0.592	1.4955494635685699e7
0.5925	1.496755515325202e7
0.593	1.4979614703011729e7
0.5935	1.4991673286656955e7
0.594	1.5003730905870724e7
0.5945	1.5015787562326964e7
0.595	1.5027843257690571e7
0.5955	1.5039897993617447e7
0.596	1.505195177175452e7
0.5965	1.5064004593739806e7
0.597	1.5076056461202402e7
0.5975	1.5088107375762567e7
0.598	1.5100157339031717e7
0.5985	1.511220635261692e7
0.599	1.5124254418102652e7
0.5995	1.5136301537079107e7
0.6	1.5148347711122738e7
0.6005	1.5160392941801367e7
0.601	1.5172437230674183e7
0.6015	1.5184480579291783e7
0.602	1.5196522989196211e7
0.6025	1.5208564461920982e7
0.603	1.5220604998991119e7
0.6035	1.5232644601923179e7
0.604	1.5244683272225287e7
0.6045	1.5256721011397189e7
0.605	1.526875782093022e7
0.6055	1.5280793703092696e7
0.606	1.5292828670897188e7
0.6065	1.5304862729280276e7
0.607	1.5316895879722172e7
0.6075	1.53289281232449e7
0.608	1.534095946083331e7
0.6085	1.535298989334987e7
0.609	1.5365019421534862e7
0.6095	1.537704804600659e7
0.61	1.5389075767261477e7
0.6105	1.5401102585674146e7
0.611	1.5413128501497459e7
0.6115	1.5425153514862474e7
0.612	1.5437177625778366e7
0.6125	1.5449200834132295e7
0.613	1.5461223139689224e7
0.6135	1.5473244542091712e7
0.614	1.5485265040859591e7
0.6145	1.5497284635389647e7
0.615	1.5509303324955242e7
0.6155	1.5521321108705865e7
0.616	1.5533337985666616e7
0.6165	1.55453539547377e7
0.617	1.5557369014693791e7
0.6175	1.5569383164183374e7
0.618	1.5581396401728062e7
0.6185	1.5593408725721793e7
0.619	1.5605420134429995e7
0.6195	1.5617430625998255e7
0.62	1.5629440196554624e7
0.6205	1.5641448834127082e7
0.621	1.5653456535055177e7
0.6215	1.5665463297110079e7
0.622	1.5677469118025985e7
0.6225	1.5689473995499814e7
0.623	1.5701477927190902e7
0.6235	1.5713480910720697e7
0.624	1.5725482943672474e7
0.6245	1.5737484023590986e7
0.625	1.5749484147982132e7
0.6255000000000001	1.5761483314312655e7
0.626	1.5773481520009805e7
0.6265000000000001	1.5785478762460953e7
0.627	1.57974750390133e7
0.6275000000000001	1.580947034697346e7
0.628	1.5821464683607142e7
0.6285000000000001	1.5833458046138752e7
0.629	1.5845450431751035e7
0.6295000000000001	1.5857441837584656e7
0.63	1.5869432260737851e7
0.6305000000000001	1.5881421698265973e7
0.631	1.5893410147181137e7
0.6315000000000001	1.5905397604451764e7
0.632	1.5917384066969369e7
0.6325000000000001	1.5929369531675797e7
0.633	1.5941353995376326e7
0.6335000000000001	1.5953337454860313e7
0.634	1.5965319906238083e7
0.6345000000000001	1.5977301341060238e7
0.635	1.5989281754874082e7
0.6355000000000001	1.6001261144363148e7
0.636	1.6013239506218735e7
0.6365000000000001	1.6025216837140089e7
0.637	1.6037193133834543e7
0.6375000000000001	1.6049168393017739e7
0.638	1.6061142611413764e7
0.6385000000000001	1.6073115785755336e7
0.639	1.6085087912783986e7
0.6395000000000001	1.609705898925023e7
0.64	1.6109029011913732e7
0.6405	1.6120997977543516e7
0.641	1.6132965882918093e7
0.6415	1.6144932724825704e7
0.642	1.6156898500064462e7
0.6425	1.6168863205442527e7
0.643	1.6180826837778317e7
0.6435	1.6192789393900672e7
0.644	1.6204750870649055e7
0.6445	1.6216711264873706e7
0.645	1.6228670573435867e7
0.6455	1.6240628793207953e7
0.646	1.6252585921073714e7
0.6465	1.6264541953928476e7
0.647	1.6276496888679292e7
0.6475	1.6288450722187256e7
0.648	1.6300403450029677e7
0.6485	1.6312355068587175e7
0.649	1.6324305574838525e7
0.6495	1.633625496579218e7
0.65	1.6348203238486731e7
0.6505	1.6360150389991205e7
0.651	1.6372096417405471e7
0.6515	1.6384041317860577e7
0.652	1.6395985088519149e7
0.6525	1.6407927726575734e7
0.653	1.6419869229257153e7
0.6535	1.6431809593822876e7
0.654	1.6443748817565393e7
0.6545	1.645568689781054e7
0.655	1.6467623831917884e7
0.6555	1.6479559617281036e7
0.656	1.6491494251328068e7
0.6565	1.6503427731521787e7
0.657	1.6515360055360142e7
0.6575	1.6527291220376536e7
0.658	1.6539221224140178e7
0.6585	1.6551150064256405e7
0.659	1.6563077738367049e7
0.6595	1.6575004244150762e7
0.66	1.6586929579323323e7
0.6605	1.6598853741637988e7
0.661	1.6610776728814127e7
0.6615	1.6622698538547065e7
0.662	1.6634619168703295e7
0.6625	1.6646538617193032e7
0.663	1.6658456881967457e7
0.6635	1.6670373961019006e7
0.664	1.6682289852381704e7
0.6645	1.669420455413147e7
0.665	1.670611806438645e7
0.6655	1.6718030381307272e7
0.666	1.6729941503097389e7
0.6665	1.6741851428003356e7
0.667	1.6753760154315112e7
0.6675	1.6765667680366255e7
0.668	1.6777574004534364e7
0.6685	1.6789479125241216e7
0.669	1.68013830409531e7
0.6695	1.6813285750181045e7
0.67	1.6825187251481112e7
0.6705	1.6837087543454606e7
0.671	1.6848986624748357e7
0.6715	1.6860884494054925e7
0.672	1.687278115011289e7
0.6725	1.6884676591707006e7
0.673	1.6896570817668483e7
0.6735	1.6908463826875173e7
0.674	1.69203556185732e7
0.6745	1.6932246192131143e7
0.675	1.6944135546560552e7
0.6755	1.6956023680912625e7
0.676	1.6967910594279524e7
0.6765	1.697979628579454e7
0.677	1.6991680754632242e7
0.6775	1.7003564000008605e7
0.678	1.7015446021181192e7
0.6785	1.7027326817449212e7
0.679	1.703920638815378e7
0.6795	1.7051084732677873e7
0.68	1.706296185044662e7
0.6805	1.707483774092727e7
0.681	1.7086712403629433e7
0.6815	1.7098585838105064e7
0.682	1.7110458043948654e7
0.6825	1.712232902079727e7
0.683	1.7134198768330675e7
0.6835	1.7146067286271375e7
0.684	1.715793457438473e7
0.6845	1.7169800632479016e7
0.685	1.718166546040548e7
0.6855	1.719352905805841e7
0.686	1.720539142537518e7
0.6865	1.7217252562423304e7
0.687	1.7229112470347796e7
0.6875	1.724097114954787e7
0.6880000000000001	1.7252828600107793e7
0.6885	1.726468482214068e7
0.6890000000000001	1.7276539815788615e7
0.6895	1.7288393581222612e7
0.6900000000000001	1.7300246118642643e7
0.6905	1.7312097428277638e7
0.6910000000000001	1.7323947510385506e7
0.6915	1.7335796365253128e7
0.6920000000000001	1.734764399319636e7
0.6925	1.7359490394560028e7
0.6930000000000001	1.737133556971795e7
0.6935	1.738317951907291e7
0.6940000000000001	1.739502224305662e7
0.6945	1.740686374212978e7
0.6950000000000001	1.7418704016782004e7
0.6955	1.7430543067531824e7
0.6960000000000001	1.7442380894926686e7
0.6965	1.745421749954289e7
0.6970000000000001	1.7466052881985623e7
0.6975	1.7477887042888876e7
0.6980000000000001	1.7489719982915454e7
0.6985	1.7501551702758793e7
0.6990000000000001	1.7513382203133766e7
0.6995	1.752521148544087e7
0.7000000000000001	1.753703955187104e7
0.7005	1.7548866403255325e7
0.7010000000000001	1.7560692040383313e7
0.7015	1.7572516464053746e7
0.7020000000000001	1.7584339675074454e7
0.7025	1.7596161674262397e7
0.7030000000000001	1.7607982462443598e7
0.7035	1.761980204045316e7
0.704	1.7631620409135237e7
0.7045	1.7643437569343045e7
0.705	1.7655253521938793e7
0.7055	1.7667068267793722e7
0.706	1.7678881807788063e7
0.7065	1.7690694142811026e7
0.707	1.7702505273760755e7
0.7075	1.7714315201544385e7
0.708	1.772612392707794e7
0.7085	1.7737931451286368e7
0.709	1.7749737775103513e7
0.7095	1.7761542899472084e7
0.71	1.7773346825343646e7
0.7105	1.7785149553678617e7
0.711	1.7796951085446212e7
0.7115	1.7808751421624407e7
0.712	1.7820550563196704e7
0.7125	1.7832348510925468e7
0.713	1.784414526567651e7
0.7135	1.7855940828468755e7
0.714	1.7867735200333197e7
0.7145	1.7879528382312965e7
0.715	1.7891320375463236e7
0.7155	1.7903111180851232e7
0.716	1.7914900799556192e7
0.7165	1.792668923266933e7
0.717	1.793847648129381e7
0.7175	1.7950262546544727e7
0.718	1.7962047429549046e7
0.7185	1.7973831131445616e7
0.719	1.79856136533851e7
0.7195	1.7997394996529963e7
0.72	1.800917516205443e7
0.7205	1.8020954151144452e7
0.721	1.8032731964997683e7
0.7215	1.8044508604823455e7
0.722	1.8056284071842708e7
0.7225	1.8068058367287982e7
0.723	1.8079831492403395e7
0.7235	1.809160344844458e7
0.724	1.810337423667866e7
0.7245	1.811514385838594e7
0.725	1.8126912315116365e7
0.7255	1.8138679611301214e7
0.726	1.8150445749120638e7
0.7265	1.816221072982373e7
0.727	1.8173974554632686e7
0.7275	1.8185737224742845e7
0.728	1.8197498741322782e7
0.7285	1.8209259105514377e7
0.729	1.822101831843288e7
0.7295	1.8232776381166957e7
0.73	1.8244533294778787e7
0.7305	1.8256289060304113e7
0.731	1.8268043678752277e7
0.7315	1.8279797151106324e7
0.732	1.829154947832298e7
0.7325	1.83033006613328e7
0.733	1.8315050701040138e7
0.7335	1.8326799598323233e7
0.734	1.8338547354034264e7
0.7345	1.8350293968999356e7
0.735	1.8362039444018643e7
0.7355	1.8373783779866334e7
0.736	1.838552697729069e7
0.7365	1.8397269037014112e7
0.737	1.8409009959733162e7
0.7375	1.8420749746118948e7
0.738	1.8432488396644734e7
0.7385	1.8444225910014786e7
0.739	1.8455962286305368e7
0.7395	1.846769752612814e7
0.74	1.8479431630092233e7
0.7405	1.8491164598804258e7
0.741	1.8502896432868313e7
0.7415	1.851462713288596e7
0.742	1.852635669945626e7
0.7425	1.853808513317268e7
0.743	1.8549812434638243e7
0.7435	1.8561538604415685e7
0.744	1.857326364162637e7
0.7445	1.858498754594904e7
0.745	1.8596710317966808e7
0.7455	1.8608431958260357e7
0.746	1.8620152467407983e7
0.7465	1.863187184598557e7
0.747	1.864359009456657e7
0.7475	1.8655307213722058e7
0.748	1.8667023204020698e7
0.7485	1.867873806602874e7
0.749	1.869045180031004e7
0.7495	1.8702164407426074e7
0.75	1.8713875887935888e7
0.7505000000000001	1.872558624239616e7
0.751	1.8737295471364133e7
0.7515000000000001	1.8749003575437542e7
0.752	1.8760710555181045e7
0.7525000000000001	1.877241641114071e7
0.753	1.8784121143859647e7
0.7535000000000001	1.8795824753878012e7
0.754	1.8807527241733033e7
0.7545000000000001	1.8819228607958965e7
0.755	1.8830928853087135e7
0.7555000000000001	1.8842627977645915e7
0.756	1.885432598216074e7
0.7565000000000001	1.8866022867154106e7
0.757	1.887771863314557e7
0.7575000000000001	1.8889413280651756e7
0.758	1.890110681018634e7
0.7585000000000001	1.891279922226009e7
0.759	1.8924490517380822e7
0.7595000000000001	1.8936180696053445e7
0.76	1.8947869758779913e7
0.7605000000000001	1.895955770605928e7
0.761	1.8971244538387652e7
0.7615000000000001	1.898293025625824e7
0.762	1.899461486016132e7
0.7625000000000001	1.9006298350584254e7
0.763	1.901798072801147e7
0.7635000000000001	1.90296619929245e7
0.764	1.904134214580049e7
0.7645000000000001	1.9053021187063314e7
0.765	1.906469911716062e7
0.7655000000000001	1.9076375936563466e7
0.766	1.908805164574071e7
0.7665000000000001	1.9099726245158993e7
0.767	1.9111399735282738e7
0.7675000000000001	1.9123072116574164e7
0.768	1.9134743389493257e7
0.7685	1.9146413554497827e7
0.769	1.9158082612043444e7
0.7695	1.916975056258349e7
0.77	1.918141740656914e7
0.7705	1.919308314444934e7
0.771	1.920474777667086e7
0.7715	1.921641130367824e7
0.772	1.922807372591384e7
0.7725	1.9239735043817796e7
0.773	1.925139525782806e7
0.7735	1.9263054368380368e7
0.774	1.927471237590827e7
0.7745	1.9286369280843105e7
0.775	1.9298025083614018e7
0.7755	1.9309679784647956e7
0.776	1.932133338436966e7
0.7765	1.9332985883201696e7
0.777	1.934463728156425e7
0.7775	1.935628757979165e7
0.778	1.936793677823084e7
0.7785	1.937958487729771e7
0.779	1.939123187740728e7
0.7795	1.940287777897374e7
0.78	1.941452258241044e7
0.7805	1.942616628812987e7
0.781	1.94378088965437e7
0.7815	1.944945040806271e7
0.782	1.94610908230969e7
0.7825	1.9472730142055374e7
0.783	1.9484368365346413e7
0.7835	1.949600549337746e7
0.784	1.9507641526555095e7
0.7845	1.9519276465285078e7
0.785	1.953091030997231e7
0.7855	1.954254306102085e7
0.786	1.9554174718833923e7
0.7865	1.956580528381391e7
0.787	1.9577434756362334e7
0.7875	1.958906313687991e7
0.788	1.960069042576647e7
0.7885	1.9612316623421025e7
0.789	1.9623941730241757e7
0.7895	1.963556574662597e7
0.79	1.964718867297017e7
0.7905	1.9658810509669885e7
0.791	1.9670431257119812e7
0.7915	1.9682050915713895e7
0.792	1.969366948584526e7
0.7925	1.9705286967906192e7
0.793	1.971690336228814e7
0.7935	1.9728518669381708e7
0.794	1.9740132889576666e7
0.7945	1.9751746023261942e7
0.795	1.9763358070825636e7
0.7955	1.9774969032654997e7
0.796	1.978657890913643e7
0.7965	1.9798187700655527e7
0.797	1.9809795407597028e7
0.7975	1.9821402030344818e7
0.798	1.9833007569281984e7
0.7985	1.984461202479074e7
0.799	1.9856215397252467e7
0.7995	1.9867817687047735e7
0.8	1.9879418894556247e7
0.8005	1.9891019020156886e7
0.801	1.990261806422767e7
0.8015	1.9914216027145837e7
0.802	1.9925812909287725e7
0.8025	1.9937408711028878e7
0.803	1.994900343274398e7
0.8035	1.9960597074820764e7
0.804	1.9972189637674674e7
0.8045	1.9983781121680237e7
0.805	1.9995371527207684e7
0.8055	2.0006960854625843e7
0.806	2.0018549104302216e7
0.8065	2.003013627660295e7
0.807	2.0041722371892825e7
0.8075	2.005330739053527e7
0.808	2.006489133289237e7
0.8085	2.0076474199324828e7
0.809	2.0088055990192026e7
0.8095	2.0099636705851976e7
0.81	2.0111216346661326e7
0.8105	2.0122794912975382e7
0.811	2.01343724051481e7
0.8115	2.0145948823532067e7
0.812	2.015752416847853e7
0.8125	2.0169098440337382e7
0.8130000000000001	2.018067163945714e7
0.8135	2.0192243766184993e7
0.8140000000000001	2.020381482086678e7
0.8145	2.0215384803846966e7
0.8150000000000001	2.022695371546866e7
0.8155	2.0238521556073643e7
0.8160000000000001	2.025008832600233e7
0.8165	2.026165402558129e7
0.8170000000000001	2.0273218655065708e7
0.8175	2.028478221477768e7
0.8180000000000001	2.029634470505412e7
0.8185	2.0307906126231547e7
0.8190000000000001	2.0319466478646096e7
0.8195	2.0331025762633502e7
0.8200000000000001	2.034258397852913e7
0.8205	2.035414112666792e7
0.8210000000000001	2.036569720738446e7
0.8215	2.0377252221012928e7
0.8220000000000001	2.0388806167887107e7
0.8225	2.0400359048340403e7
0.8230000000000001	2.0411910862705845e7
0.8235	2.0423461611316033e7
0.8240000000000001	2.043501129450321e7
0.8245	2.044655991259921e7
0.8250000000000001	2.045810746593549e7
0.8255	2.0469653954843104e7
0.8260000000000001	2.048119937965273e7
0.8265	2.0492743740694646e7
0.8270000000000001	2.050428703829873e7
0.8275	2.0515829272794478e7
0.8280000000000001	2.0527370444511004e7
0.8285	2.0538910553777024e7
0.8290000000000001	2.0550449600920863e7
0.8295	2.056198758626234e7
0.8300000000000001	2.0573524509961896e7
0.8305	2.0585060372281883e7
0.8310000000000001	2.0596595173552778e7
0.8315	2.0608128914106794e7
0.8320000000000001	2.0619661594277844e7
0.8325	2.063119321440156e7
0.833	2.064272377481529e7
0.8335	2.0654253275858115e7
0.834	2.0665781717870805e7
0.8345	2.067730910119589e7
0.835	2.0688835426177565e7
0.8355	2.0700360693161786e7
0.836	2.07118849024962e7
0.8365	2.0723408054530185e7
0.837	2.0734930149614815e7
0.8375	2.0746451188102894e7
0.838	2.0757971170348927e7
0.8385	2.076949009670915e7
0.839	2.0781007967541516e7
0.8395	2.0792524783205654e7
0.84	2.0804040544062935e7
0.8405	2.081555525047646e7
0.841	2.0827068902810995e7
0.8415	2.0838581501433045e7
0.842	2.085009304671082e7
0.8425	2.086160353901464e7
0.843	2.087311297903218e7
0.8435	2.088462136740867e7
0.844	2.0896128704511188e7
0.8445	2.090763499070338e7
0.845	2.0919140226345427e7
0.8455	2.093064441179408e7
0.846	2.0942147547402646e7
0.8465	2.095364963352097e7
0.847	2.0965150670495458e7
0.8475	2.0976650658669084e7
0.848	2.0988149598381367e7
0.8485	2.0999647489968386e7
0.849	2.101114433376277e7
0.8495	2.102264013009371e7
0.85	2.103413487928696e7
0.8505	2.104562858166482e7
0.851	2.1057121237546157e7
0.8515	2.1068612847246394e7
0.852	2.1080103411077496e7
0.8525	2.109159292934802e7
0.853	2.1103081402363036e7
0.8535	2.1114568830424216e7
0.854	2.112605521382975e7
0.8545	2.1137540552874412e7
0.855	2.1149024847849526e7
0.8555	2.116050809904298e7
0.856	2.1171990418690704e7
0.8565	2.1183472019019324e7
0.857	2.119495286824222e7
0.8575	2.120643292745715e7
0.858	2.121791215836967e7
0.8585	2.1229390523481853e7
0.859	2.124086798629427e7
0.8595	2.125234451151983e7
0.86	2.1263820065307394e7
0.8605	2.1275294615472857e7
0.861	2.128676813173448e7
0.8615	2.129824058594904e7
0.862	2.1309711952344567e7
0.8625	2.132118220774522e7
0.863	2.133265133178357e7
0.8635	2.1344119307095367e7
0.864	2.1355586119491912e7
0.8645	2.1367051758105762e7
0.865	2.137851621550556e7
0.8655	2.138997948777692e7
0.866	2.140144157456695e7
0.8665	2.141290247909113e7
0.867	2.142436220810238e7
0.8675	2.143582077182311e7
0.868	2.144727818384239e7
0.8685	2.1458734460981116e7
0.869	2.147018961662328e7
0.8695	2.1481643662594005e7
0.87	2.1493096653505646e7
0.8705	2.1504548628458045e7
0.871	2.1515999607402265e7
0.8715	2.1527449590051077e7
0.872	2.1538898532094005e7
0.8725	2.1550346421012532e7
0.873	2.15617932920939e7
0.8735	2.157323921403351e7
0.874	2.1584684185792994e7
0.8745	2.1596128133557808e7
0.875	2.1607570981147163e7
0.8755000000000001	2.1619012724925097e7
0.876	2.16304534197518e7
0.8765000000000001	2.164189308983114e7
0.877	2.165333173608915e7
0.8775000000000001	2.16647693488641e7
0.878	2.167620592966026e7
0.8785000000000001	2.1687641487206087e7
0.879	2.169907602582504e7
0.8795000000000001	2.1710509539838716e7
0.88	2.17219420110492e7
0.8805000000000001	2.173337344505832e7
0.881	2.1744803882728267e7
0.8815000000000001	2.1756233363972805e7
0.882	2.1767661873777095e7
0.8825000000000001	2.1779089327474937e7
0.883	2.1790515680282734e7
0.8835000000000001	2.1801940952910077e7
0.884	2.1813365210657503e7
0.8845000000000001	2.1824788467954624e7
0.885	2.183621070351115e7
0.8855000000000001	2.1847631895518515e7
0.886	2.1859052045597404e7
0.8865000000000001	2.1870471171473324e7
0.887	2.1881889282276895e7
0.8875000000000001	2.189330638155183e7
0.888	2.190472246979478e7
0.8885000000000001	2.191613754614248e7
0.889	2.1927551607731085e7
0.8895000000000001	2.1938964649635136e7
0.89	2.1950376665182687e7
0.8905000000000001	2.19617876465332e7
0.891	2.1973197580321867e7
0.8915000000000001	2.1984606431809556e7
0.892	2.199601417373487e7
0.8925000000000001	2.200742083677424e7
0.893	2.2018826523997854e7
0.8935000000000001	2.2030231270610657e7
0.894	2.204163503594961e7
0.8945000000000001	2.205303771771604e7
0.895	2.206443930763461e7
0.8955000000000001	2.2075839887120802e7
0.896	2.2087239517789062e7
0.8965	2.209863819980484e7
0.897	2.211003588348958e7
0.8975	2.2121432545495972e7
0.898	2.2132828177244794e7
0.8985	2.2144222780109815e7
0.899	2.215561637328254e7
0.8995	2.2167009023436964e7
0.9	2.217840075764594e7
0.9005	2.2189791535290714e7
0.901	2.220118122900348e7
0.9015	2.22125697957932e7
0.902	2.2223957281918183e7
0.9025	2.2235343756392702e7
0.903	2.2246729233269643e7
0.9035	2.2258113696709044e7
0.904	2.2269497139085997e7
0.9045	2.2280879561535086e7
0.905	2.229226096867422e7
0.9055	2.2303641365581553e7
0.906	2.2315020762851108e7
0.9065	2.2326399167650282e7
0.907	2.233777657756058e7
0.9075	2.2349152979913227e7
0.908	2.2360528368074663e7
0.9085	2.2371902733272787e7
0.909	2.23832760692543e7
0.9095	2.2394648402532257e7
0.91	2.24060198262853e7
0.9105	2.2417390379912764e7
0.911	2.2428760010769345e7
0.9115	2.2440128537357464e7
0.912	2.2451495891489256e7
0.9125	2.2462862139477506e7
0.913	2.2474227381188214e7
0.9135	2.2485591631395716e7
0.914	2.24969548502727e7
0.9145	2.2508317024206214e7
0.915	2.2519678176122315e7
0.9155	2.2531038350842465e7
0.916	2.2542397554343756e7
0.9165	2.2553755756038163e7
0.917	2.256511292838862e7
0.9175	2.257646907371948e7
0.918	2.2587824216195438e7
0.9185	2.2599178371606212e7
0.919	2.2610531557102263e7
0.9195	2.2621883788427077e7
0.92	2.2633235055879977e7
0.9205	2.26445853108861e7
0.921	2.2655934519959006e7
0.9215	2.2667282688187182e7
0.922	2.2678629853456315e7
0.9225	2.2689976025949754e7
0.923	2.2701321194693357e7
0.9235	2.271266534291936e7
0.924	2.2724008469454452e7
0.9245	2.273535058238469e7
0.925	2.2746691688703887e7
0.9255	2.2758031796103567e7
0.926	2.2769370914143242e7
0.9265	2.2780709041481707e7
0.927	2.2792046160416197e7
0.9275	2.2803382257575054e7
0.928	2.281471733882999e7
0.9285	2.2826051428479806e7
0.929	2.2837384537412874e7
0.9295	2.2848716665776443e7
0.93	2.2860047807824086e7
0.9305	2.2871377961516846e7
0.931	2.288270712352391e7
0.9315	2.28940352924349e7
0.932	2.2905362470667616e7
0.9325	2.291668866557926e7
0.933	2.29280138764648e7
0.9335	2.2939338093311183e7
0.934	2.2950661303923488e7
0.9345	2.2961983506644394e7
0.935	2.2973304708981376e7
0.9355	2.298462491481579e7
0.936	2.2995944123298064e7
0.9365	2.300726233064037e7
0.937	2.3018579535805155e7
0.9375	2.3029895738587905e7
0.9380000000000001	2.3041210939878736e7
0.9385	2.3052525141122784e7
0.9390000000000001	2.306383834046959e7
0.9395	2.3075150548871513e7
0.9400000000000001	2.3086461801043075e7
0.9405	2.309777214028421e7
0.9410000000000001	2.3109081555198636e7
0.9415	2.3120389963968214e7
0.9420000000000001	2.3131697304412168e7
0.9425	2.3143003581931677e7
0.9430000000000001	2.315430885530618e7
0.9435	2.3165613146898955e7
0.9440000000000001	2.3176916457570426e7
0.9445	2.318821878122518e7
0.9450000000000001	2.3199520121624395e7
0.9455	2.321082049246011e7
0.9460000000000001	2.322211989395439e7
0.9465	2.3233418303740624e7
0.9470000000000001	2.3244715677810993e7
0.9475	2.325601201877374e7
0.9480000000000001	2.3267307385087542e7
0.9485	2.3278601823022116e7
0.9490000000000001	2.32898953266213e7
0.9495	2.3301187838612273e7
0.9500000000000001	2.3312479334249243e7
0.9505	2.3323769822398327e7
0.9510000000000001	2.3335059329549775e7
0.9515	2.334634786017445e7
0.9520000000000001	2.335763540153469e7
0.9525	2.336892194921915e7
0.9530000000000001	2.3380207518865973e7
0.9535	2.339149214840551e7
0.9540000000000001	2.3402775840994563e7
0.9545	2.341405855938286e7
0.9550000000000001	2.3425340253601547e7
0.9555	2.3436620927415263e7
0.9560000000000001	2.344790063992846e7
0.9565	2.3459179417279057e7
0.9570000000000001	2.347045724127045e7
0.9575	2.3481734056245137e7
0.9580000000000001	2.349300984684596e7
0.9585	2.3504284627791304e7
0.9590000000000001	2.351555841984209e7
0.9595	2.352683123371e7
0.96	2.3538103082468197e7
0.9605	2.3549373968634903e7
0.961	2.3560643879905544e7
0.9615	2.3571912794298522e7
0.962	2.3583180710863248e7
0.9625	2.359444764840323e7
0.963	2.360571362099572e7
0.9635	2.3616978634212855e7
0.964	2.3628242698404394e7
0.9645	2.363950578600146e7
0.965	2.3650767786193557e7
0.9655	2.3662028580648568e7
0.966	2.3673288239824597e7
0.9665	2.368454700951934e7
0.967	2.369580498358582e7
0.9675	2.3707062142445587e7
0.968	2.3718318374212757e7
0.9685	2.372957363146717e7
0.969	2.3740827884860925e7
0.9695	2.3752081121013597e7
0.97	2.3763333347970385e7
0.9705	2.3774584607113875e7
0.971	2.3785834917170636e7
0.9715	2.3797084278644945e7
0.972	2.380833268111708e7
0.9725	2.3819580116526704e7
0.973	2.3830826567027558e7
0.9735	2.3842072022294186e7
0.974	2.3853316487753555e7
0.9745	2.3864559984133117e7
0.975	2.387580252005295e7
0.9755	2.388704409676586e7
0.976	2.3898284711591452e7
0.9765	2.390952436132302e7
0.977	2.392076303684637e7
0.9775	2.3932000734289505e7
0.978	2.394323746658518e7
0.9785	2.3954473265633017e7
0.979	2.396570809298059e7
0.9795	2.3976941748187095e7
0.98	2.3988174097281165e7
0.9805	2.399940534731253e7
0.981	2.4010635918319438e7
0.9815	2.4021865896786287e7
0.982	2.403309518208781e7
0.9825	2.4044323465383284e7
0.983	2.4055550638021387e7
0.9835	2.406677674768557e7
0.984	2.4078001856440432e7
0.9845	2.4089225989511777e7
0.985	2.4100449177655213e7
0.9855	2.4111671423959356e7
0.986	2.4122892691770766e7
0.9865	2.413411293248491e7
0.987	2.4145332155522868e7
0.9875	2.4156550430280603e7
0.988	2.416776778869638e7
0.9885	2.4178984217671763e7
0.989	2.4190199668977365e7
0.9895	2.420141411796836e7
0.99	2.421262753626598e7
0.9905	2.4223839913577106e7
0.991	2.4235051281835753e7
0.9915	2.4246261723684456e7
0.992	2.425747127263207e7
0.9925	2.4268679921740014e7
0.993	2.427988763946811e7
0.9935	2.4291094416827746e7
0.994	2.4302300253503654e7
0.9945	2.431350514853003e7
0.995	2.4324709097594637e7
0.9955	2.4335912096030857e7
0.996	2.4347114134967647e7
0.9965	2.4358315194436103e7
0.997	2.4369515253857028e7
0.9975	2.4380714348388694e7
0.998	2.4391909383882847e7
0.9985	2.4403105622089423e7
0.999	2.4414301819708873e7
0.9995	2.442549712701638e7