0.	8.009424203749151e-6
0.0005	8.013451112137543e-6
0.001	8.017477994269338e-6
0.0015	8.021504849059155e-6
0.002	8.025531675421688e-6
0.0025	8.029558472271704e-6
0.003	8.033585238524049e-6
0.0035	8.037611973093655e-6
0.004	8.041638674895537e-6
0.0045000000000000005	8.045665342844802e-6
0.005	8.049691975856642e-6
0.0055	8.053718572846349e-6
0.006	8.057745132729311e-6
0.006500000000000001	8.061771654421013e-6
0.007	8.065798136837046e-6
0.0075	8.069824578893102e-6
0.008	8.073850979504986e-6
0.0085	8.077877337588616e-6
0.009000000000000001	8.081903652060023e-6
0.0095	8.085929921835351e-6
0.01	8.089956145830873e-6
0.0105	8.093982322962976e-6
0.011	8.098008452148184e-6
0.0115	8.102034532303139e-6
0.012	8.106060562344622e-6
0.0125	8.110086541189545e-6
0.013000000000000001	8.114112404612738e-6
0.0135	8.118138169062201e-6
0.014	8.122163880582672e-6
0.0145	8.126189539049637e-6
0.015	8.13021514433859e-6
0.0155	8.134240696325054e-6
0.016	8.138266194884563e-6
0.0165	8.142291639892665e-6
0.017	8.146317031224928e-6
0.0175	8.150342368756938e-6
0.018000000000000002	8.154367652364292e-6
0.0185	8.158392881922612e-6
0.019	8.162418057307531e-6
0.0195	8.166443178394701e-6
0.02	8.17046824505979e-6
0.0205	8.17449325717848e-6
0.021	8.178518214626477e-6
0.021500000000000002	8.182543117279502e-6
0.022	8.186567965013287e-6
0.0225	8.19059275770359e-6
0.023	8.194617495226175e-6
0.0235	8.198642177456836e-6
0.024	8.202666804271377e-6
0.0245	8.206691375545617e-6
0.025	8.2107158911554e-6
0.025500000000000002	8.21474035097658e-6
0.026000000000000002	8.218764767607003e-6
0.0265	8.222789146767864e-6
0.027	8.226813469380031e-6
0.0275	8.230837735044428e-6
0.028	8.23486194336204e-6
0.0285	8.23888609393391e-6
0.029	8.242910186361134e-6
0.029500000000000002	8.246934220244865e-6
0.03	8.250958195186321e-6
0.0305	8.254982110786777e-6
0.031	8.259005966647556e-6
0.0315	8.263029762370052e-6
0.032	8.26705349755572e-6
0.0325	8.271077171806066e-6
0.033	8.275100784722662e-6
0.0335	8.279124335907142e-6
0.034	8.283147824961199e-6
0.0345	8.287171251486587e-6
0.035	8.291194615085128e-6
0.035500000000000004	8.295217915358695e-6
0.036000000000000004	8.299241151909236e-6
0.0365	8.303264324338753e-6
0.037	8.307287432249321e-6
0.0375	8.31131047524307e-6
0.038	8.315333452922198e-6
0.0385	8.319356364888971e-6
0.039	8.323379205517754e-6
0.0395	8.327401961475129e-6
0.04	8.331424650779422e-6
0.0405	8.335447273238314e-6
0.041	8.339469828659514e-6
0.0415	8.343492316850769e-6
0.042	8.347514737619858e-6
0.0425	8.351537090774592e-6
0.043000000000000003	8.35555937612281e-6
0.043500000000000004	8.359581593472393e-6
0.044	8.363603742631243e-6
0.0445	8.367625823407305e-6
0.045	8.371647835608553e-6
0.0455	8.375669779042988e-6
0.046	8.379691653518659e-6
0.0465	8.383713458843634e-6
0.047	8.387735194826021e-6
0.0475	8.391756861273961e-6
0.048	8.395778457995624e-6
0.0485	8.399799984799222e-6
0.049	8.403821441492991e-6
0.0495	8.40784282788521e-6
0.05	8.411864143784183e-6
0.0505	8.415885388998256e-6
0.051000000000000004	8.419906563335803e-6
0.051500000000000004	8.423927666605232e-6
0.052000000000000005	8.427948695251891e-6
0.0525	8.431969541729654e-6
0.053	8.435990317598864e-6
0.0535	8.440011023666543e-6
0.054	8.444031660739584e-6
0.0545	8.448052229624725e-6
0.055	8.452072731128579e-6
0.0555	8.456093166057624e-6
0.056	8.460113535218203e-6
0.0565	8.464133839416523e-6
0.057	8.468154079458667e-6
0.0575	8.472174256150587e-6
0.058	8.47619437029811e-6
0.0585	8.480214422706936e-6
0.059000000000000004	8.48423441418264e-6
0.059500000000000004	8.488254345530681e-6
0.06	8.49227421755639e-6
0.0605	8.496294031064985e-6
0.061	8.500313786861566e-6
0.0615	8.504333485751114e-6
0.062	8.508353128538505e-6
0.0625	8.512372716028489e-6
0.063	8.51639224902572e-6
0.0635	8.520411728334733e-6
0.064	8.524431154759959e-6
0.0645	8.528450529105725e-6
0.065	8.532469852176252e-6
0.0655	8.536489142982607e-6
0.066	8.540508387861048e-6
0.0665	8.544527583523138e-6
0.067	8.54854673057954e-6
0.0675	8.55256582964084e-6
0.068	8.556584881317551e-6
0.0685	8.560603886220117e-6
0.069	8.56462284495891e-6
0.0695	8.568641758144229e-6
0.07	8.572660626386307e-6
0.07050000000000001	8.576679450295308e-6
0.07100000000000001	8.58069823048133e-6
0.07150000000000001	8.584716967554404e-6
0.07200000000000001	8.588735662124491e-6
0.0725	8.592754314801498e-6
0.073	8.596772926195261e-6
0.0735	8.60079149691555e-6
0.074	8.604810027572085e-6
0.0745	8.60882851877451e-6
0.075	8.612846971132424e-6
0.0755	8.616865385255358e-6
0.076	8.62088376175279e-6
0.0765	8.624902101234135e-6
0.077	8.628920404308761e-6
0.0775	8.632938671585972e-6
0.078	8.63695690367502e-6
0.0785	8.640975046989403e-6
0.079	8.644993122071915e-6
0.0795	8.649011165045686e-6
0.08	8.653029177296147e-6
0.0805	8.657047160208619e-6
0.081	8.661065115168329e-6
0.0815	8.6650830435604e-6
0.082	8.669100946769875e-6
0.0825	8.673118826181694e-6
0.083	8.677136683180726e-6
0.0835	8.681154519151764e-6
0.084	8.685172335479521e-6
0.0845	8.689190133548648e-6
0.085	8.69320791474373e-6
0.0855	8.697225680449297e-6
0.08600000000000001	8.701243432049822e-6
0.08650000000000001	8.705261170929735e-6
0.08700000000000001	8.709278898473414e-6
0.08750000000000001	8.713296616065202e-6
0.088	8.717314325089409e-6
0.0885	8.721332026930318e-6
0.089	8.725349722972179e-6
0.0895	8.729367415726658e-6
0.09	8.733385103195687e-6
0.0905	8.737402790145761e-6
0.091	8.741420476833657e-6
0.0915	8.74543825394975e-6
0.092	8.749456180344591e-6
0.0925	8.753474103618512e-6
0.093	8.757492028488618e-6
0.0935	8.761509953096694e-6
0.094	8.765527876784878e-6
0.0945	8.769545798895314e-6
0.095	8.77356371877014e-6
0.0955	8.777581635751509e-6
0.096	8.781599549181568e-6
0.0965	8.785617458402475e-6
0.097	8.789635362756395e-6
0.0975	8.7936532615855e-6
0.098	8.797671154231975e-6
0.0985	8.801689040038005e-6
0.099	8.805706918345795e-6
0.0995	8.809724788497562e-6
0.1	8.813742649835534e-6
0.1005	8.817760501701954e-6
0.101	8.821778343439075e-6
0.1015	8.825796174389178e-6
0.10200000000000001	8.82981399389455e-6
0.10250000000000001	8.83383180129751e-6
0.10300000000000001	8.837849595940382e-6
0.10350000000000001	8.841867377165518e-6
0.10400000000000001	8.845885144315295e-6
0.1045	8.849902872095607e-6
0.105	8.853920464110109e-6
0.1055	8.857938041561568e-6
0.106	8.861955605060802e-6
0.1065	8.865973155218609e-6
0.107	8.869990692645764e-6
0.1075	8.874008217953028e-6
0.108	8.878025731751137e-6
0.1085	8.882043234650813e-6
0.109	8.886060727262765e-6
0.1095	8.890078210197678e-6
0.11	8.89409568406623e-6
0.1105	8.898113149479082e-6
0.111	8.90213060704688e-6
0.1115	8.90614805738026e-6
0.112	8.91016550108985e-6
0.1125	8.914182938786264e-6
0.113	8.918200371080107e-6
0.1135	8.922217798581979e-6
0.114	8.926235221902468e-6
0.1145	8.930252641652162e-6
0.115	8.934270058441636e-6
0.1155	8.938287475225782e-6
0.116	8.942304885294283e-6
0.1165	8.946322297154474e-6
0.117	8.950339708208787e-6
0.11750000000000001	8.954357119355725e-6
0.11800000000000001	8.958374546159712e-6
0.11850000000000001	8.962391974983599e-6
0.11900000000000001	8.966409405463236e-6
0.11950000000000001	8.970426838071246e-6
0.12	8.974444273280258e-6
0.1205	8.978461711562903e-6
0.121	8.982479153391817e-6
0.1215	8.986496599239639e-6
0.122	8.990514049579012e-6
0.1225	8.994531504882585e-6
0.123	8.998548965623015e-6
0.1235	9.00256643227296e-6
0.124	9.006583905305092e-6
0.1245	9.010601385192086e-6
0.125	9.014618872406621e-6
0.1255	9.018636367421397e-6
0.126	9.022653870709111e-6
0.1265	9.026671382742474e-6
0.127	9.03068890399421e-6
0.1275	9.034706434937051e-6
0.128	9.038723976043741e-6
0.1285	9.042741527787035e-6
0.129	9.046759090639704e-6
0.1295	9.050776665074525e-6
0.13	9.054794251564295e-6
0.1305	9.058811850581824e-6
0.131	9.062829559038869e-6
0.1315	9.066847316775153e-6
0.132	9.070865086454631e-6
0.1325	9.074882867388005e-6
0.133	9.078900658885952e-6
0.1335	9.082918460259142e-6
0.134	9.086936270818217e-6
0.1345	9.090954089873806e-6
0.135	9.094971916736533e-6
0.1355	9.098989750716992e-6
0.136	9.10300759112578e-6
0.1365	9.107025437273474e-6
0.137	9.111043288470644e-6
0.1375	9.115061144027851e-6
0.138	9.119079003255652e-6
0.1385	9.123096865464589e-6
0.139	9.1271147287979e-6
0.1395	9.131132597732622e-6
0.14	9.135150463083636e-6
0.1405	9.139168330322515e-6
0.14100000000000001	9.143186197095216e-6
0.14150000000000001	9.147204062712275e-6
0.14200000000000002	9.15122192648423e-6
0.14250000000000002	9.155239787721613e-6
0.14300000000000002	9.159257645734972e-6
0.14350000000000002	9.16327549983486e-6
0.14400000000000002	9.167293332343779e-6
0.1445	9.171311143037461e-6
0.145	9.17532894819169e-6
0.1455	9.179346747410922e-6
0.146	9.18336454029962e-6
0.1465	9.187382326462256e-6
0.147	9.191400105503307e-6
0.1475	9.195417877027253e-6
0.148	9.199435640638585e-6
0.1485	9.203453395941801e-6
0.149	9.20747114254141e-6
0.1495	9.211488880041923e-6
0.15	9.215506608047868e-6
0.1505	9.219524326163778e-6
0.151	9.22354203399419e-6
0.1515	9.227559731143665e-6
0.152	9.231577417216766e-6
0.1525	9.235595091818063e-6
0.153	9.239612754552143e-6
0.1535	9.243630405023608e-6
0.154	9.24764804283706e-6
0.1545	9.251665667597128e-6
0.155	9.255683278908444e-6
0.1555	9.259700876375667e-6
0.156	9.263718459603431e-6
0.1565	9.267736028196434e-6
0.157	9.271753104425843e-6
0.1575	9.275768965579638e-6
0.158	9.279784829753055e-6
0.1585	9.283800711211295e-6
0.159	9.287816624220168e-6
0.1595	9.29183258304661e-6
0.16	9.295848601959181e-6
0.1605	9.299864695228577e-6
0.161	9.303880877128137e-6
0.1615	9.307897161934346e-6
0.162	9.311913563927349e-6
0.1625	9.315930097391457e-6
0.163	9.319946776615655e-6
0.1635	9.323963615894113e-6
0.164	9.327980629526692e-6
0.1645	9.331997831819456e-6
0.165	9.336015237085184e-6
0.1655	9.340032859643882e-6
0.166	9.344050713823288e-6
0.1665	9.348068813959401e-6
0.167	9.352087174396975e-6
0.1675	9.356105809490047e-6
0.168	9.36012473360245e-6
0.1685	9.364143961108326e-6
0.169	9.368163506390584e-6
0.1695	9.372183383851156e-6
0.17	9.376204008616723e-6
0.1705	9.38023123094676e-6
0.171	9.384258768672607e-6
0.1715	9.38828657788043e-6
0.17200000000000001	9.392314614626783e-6
0.17250000000000001	9.39634283494337e-6
0.17300000000000001	9.400371194841853e-6
0.17350000000000002	9.404399650318647e-6
0.17400000000000002	9.408428157359719e-6
0.17450000000000002	9.412456671945407e-6
0.17500000000000002	9.416485150055225e-6
0.17550000000000002	9.420513547672669e-6
0.176	9.42454182079003e-6
0.1765	9.428569925413202e-6
0.177	9.432597817566479e-6
0.1775	9.436625453297356e-6
0.178	9.440652788681316e-6
0.1785	9.44467977982661e-6
0.179	9.448706382879024e-6
0.1795	9.452732554026652e-6
0.18	9.456758249504623e-6
0.1805	9.46078342559985e-6
0.181	9.464808038655737e-6
0.1815	9.46883204507688e-6
0.182	9.472855401345668e-6
0.1825	9.476878063971418e-6
0.183	9.480899989593912e-6
0.1835	9.484912166935102e-6
0.184	9.488922587583554e-6
0.1845	9.492932312601756e-6
0.185	9.496941385738138e-6
0.1855	9.500949850670313e-6
0.186	9.50495775100989e-6
0.1865	9.508965130307253e-6
0.187	9.512972032056335e-6
0.1875	9.516978499699366e-6
0.188	9.520984576631613e-6
0.1885	9.52499030620609e-6
0.189	9.528995731738283e-6
0.1895	9.533000896510829e-6
0.19	9.537005843778219e-6
0.1905	9.541010616771465e-6
0.191	9.545015258702773e-6
0.1915	9.549019812770217e-6
0.192	9.553024322162394e-6
0.1925	9.557028830063081e-6
0.193	9.56103337965589e-6
0.1935	9.565038014128938e-6
0.194	9.56904277667949e-6
0.1945	9.573047710518627e-6
0.195	9.577052858873538e-6
0.1955	9.581058265003032e-6
0.196	9.585063972183501e-6
0.1965	9.589074044625641e-6
0.197	9.593087126805089e-6
0.1975	9.597100548982499e-6
0.198	9.601114296532742e-6
0.1985	9.605128354818794e-6
0.199	9.609142709192261e-6
0.1995	9.613157344993923e-6
0.2	9.617172247554261e-6
0.2005	9.621187402193983e-6
0.201	9.62520279422456e-6
0.2015	9.629218408948778e-6
0.202	9.633234231661242e-6
0.2025	9.63725024764894e-6
0.203	9.641266442191775e-6
0.20350000000000001	9.645282800563086e-6
0.20400000000000001	9.64929930803021e-6
0.20450000000000002	9.653315949855006e-6
0.20500000000000002	9.657332711294402e-6
0.20550000000000002	9.66134957760093e-6
0.20600000000000002	9.66536653402328e-6
0.20650000000000002	9.669383565806817e-6
0.20700000000000002	9.673400658194151e-6
0.20750000000000002	9.677417796425654e-6
0.20800000000000002	9.681434965740012e-6
0.2085	9.685452151374806e-6
0.209	9.689469338566954e-6
0.2095	9.693485837504642e-6
0.21	9.697501159580497e-6
0.2105	9.701516460825175e-6
0.211	9.70553174245267e-6
0.2115	9.709547005676909e-6
0.212	9.713562251711769e-6
0.2125	9.717577481771068e-6
0.213	9.721592697068588e-6
0.2135	9.725607898818051e-6
0.214	9.729623088233149e-6
0.2145	9.733638266527533e-6
0.215	9.73765343491482e-6
0.2155	9.741668594608599e-6
0.216	9.74568374682243e-6
0.2165	9.749698892769852e-6
0.217	9.753714033664387e-6
0.2175	9.757729172369293e-6
0.218	9.761744302455996e-6
0.2185	9.765759438165656e-6
0.219	9.769774570983588e-6
0.2195	9.773789704816074e-6
0.22	9.7778048408766e-6
0.2205	9.781819980378656e-6
0.221	9.785835124535742e-6
0.2215	9.789850274561372e-6
0.222	9.793865431669082e-6
0.2225	9.797880634134787e-6
0.223	9.801896090402806e-6
0.2235	9.805911554614943e-6
0.224	9.809927025527182e-6
0.2245	9.813942501895476e-6
0.225	9.81795797978362e-6
0.2255	9.821973467739303e-6
0.226	9.825988951296068e-6
0.2265	9.830004437047906e-6
0.227	9.834019922035424e-6
0.2275	9.838035405014532e-6
0.228	9.842050884741157e-6
0.2285	9.846066359971228e-6
0.229	9.850081829460688e-6
0.2295	9.854097291965509e-6
0.23	9.85811274624167e-6
0.2305	9.862128191045183e-6
0.231	9.866143625132088e-6
0.2315	9.870159047258462e-6
0.232	9.874174456180407e-6
0.2325	9.878189850654082e-6
0.233	9.88220522943568e-6
0.2335	9.886220591281444e-6
0.234	9.890235934947674e-6
0.23450000000000001	9.894251259190722e-6
0.23500000000000001	9.898266562767001e-6
0.23550000000000001	9.902281844432993e-6
0.23600000000000002	9.906296811413465e-6
0.23650000000000002	9.910311722557023e-6
0.23700000000000002	9.91432661344931e-6
0.23750000000000002	9.918341485686725e-6
0.23800000000000002	9.922356340865595e-6
0.23850000000000002	9.926371180582184e-6
0.23900000000000002	9.930386006432686e-6
0.23950000000000002	9.934400820013246e-6
0.24	9.938415622919955e-6
0.2405	9.94243041674887e-6
0.241	9.946445203096002e-6
0.2415	9.950459983557338e-6
0.242	9.954474759352816e-6
0.2425	9.958489533206455e-6
0.243	9.962504305586117e-6
0.2435	9.966519078463757e-6
0.244	9.970533853435306e-6
0.2445	9.974548632096704e-6
0.245	9.978563416043912e-6
0.2455	9.982578206872898e-6
0.246	9.986593006179672e-6
0.2465	9.990607815560267e-6
0.247	9.994622636610764e-6
0.2475	9.998637470927285e-6
0.248	0.000010002652320106006
0.2485	0.000010006667013928613
0.249	0.000010010682233411927
0.2495	0.00001001469747065034
0.25	0.000010018712724351325
0.2505	0.000010022727993222323
0.251	0.000010026743275970725
0.2515	0.000010030758571303876
0.252	0.000010034773877929093
0.2525	0.000010038789194553654
0.253	0.000010042804519884817
0.2535	0.00001004681985262981
0.254	0.000010050835191495843
0.2545	0.000010054850535190111
0.255	0.0000100588658824198
0.2555	0.000010062881231892088
0.256	0.000010066896582314146
0.2565	0.00001007091193239315
0.257	0.000010074927280836282
0.2575	0.000010078942626350733
0.258	0.000010082957967643704
0.2585	0.00001008697330342242
0.259	0.000010090988632394129
0.2595	0.000010095003953266092
0.26	0.000010099019264745617
0.2605	0.000010103035454354736
0.261	0.000010107050395215678
0.2615	0.000010111065318078893
0.262	0.00001011508022465353
0.2625	0.000010119095116648677
0.263	0.00001012310999577337
0.2635	0.000010127124863736597
0.264	0.000010131139722247303
0.2645	0.000010135154573014407
0.265	0.000010139169417746793
0.2655	0.000010143184258153338
0.266	0.000010147199095942899
0.2665	0.000010151213932824335
0.267	0.000010155228770506504
0.2675	0.00001015924361069828
0.268	0.000010163258455108554
0.2685	0.00001016727330544624
0.269	0.000010171288163420283
0.2695	0.000010175303030739673
0.27	0.000010179317909113446
0.2705	0.000010183332800250691
0.271	0.000010187347705860558
0.2715	0.000010191362627652271
0.272	0.000010195377567335125
0.2725	0.000010199392526618499
0.273	0.000010203407507211864
0.2735	0.000010207422510824795
0.274	0.000010211436642035508
0.2745	0.000010215452201778423
0.275	0.000010219467793195353
0.2755	0.000010223483413684948
0.276	0.000010227499060645691
0.2765	0.000010231514731475913
0.277	0.000010235530423573807
0.2775	0.000010239546134337438
0.278	0.000010243561861164778
0.2785	0.000010247577601453705
0.279	0.000010251593352602034
0.2795	0.000010255609112007524
0.28	0.000010259624877067892
0.2805	0.000010263640645180846
0.281	0.000010267656413744081
0.28150000000000003	0.00001027167218015532
0.28200000000000003	0.0000102756879418123
0.28250000000000003	0.00001027970369611282
0.28300000000000003	0.000010283719440454742
0.28350000000000003	0.000010287735172235999
0.28400000000000003	0.000010291750888854632
0.28450000000000003	0.000010295766587708797
0.28500000000000003	0.00001029978226619678
0.28550000000000003	0.000010303797921717018
0.28600000000000003	0.000010307813551668109
0.28650000000000003	0.000010311829153448842
0.28700000000000003	0.000010315845920980298
0.28750000000000003	0.000010319860865088398
0.28800000000000003	0.000010323875767905551
0.2885	0.000010327890631915177
0.289	0.00001033190545960047
0.2895	0.000010335920253444416
0.29	0.000010339935015929805
0.2905	0.000010343949749539253
0.291	0.000010347964456755213
0.2915	0.000010351979140059987
0.292	0.000010355993801935746
0.2925	0.000010360008444864548
0.293	0.000010364023071328344
0.2935	0.000010368037683809006
0.294	0.000010372052284788329
0.2945	0.000010376066876748053
0.295	0.00001038008146216988
0.2955	0.00001038409604353549
0.296	0.000010388110623326547
0.2965	0.000010392125204024726
0.297	0.000010396139788111721
0.2975	0.000010400154378069261
0.298	0.00001040416897637913
0.2985	0.000010408183585523178
0.299	0.000010412198207983336
0.2995	0.000010416212846241637
0.3	0.00001042022750278022
0.3005	0.000010424242180081359
0.301	0.000010428256880627466
0.3015	0.000010432271606901118
0.302	0.000010436286361385064
0.3025	0.000010440301146562245
0.303	0.000010444315964915797
0.3035	0.000010448330818929089
0.304	0.000010452345711085717
0.3045	0.000010456360643869538
0.305	0.00001046037561976466
0.3055	0.000010464390641255492
0.306	0.000010468405710826726
0.3065	0.000010472420830963368
0.307	0.000010476436004150755
0.3075	0.00001048045123287457
0.308	0.000010484466519620848
0.3085	0.000010488481866876005
0.309	0.000010492497277126839
0.3095	0.000010496512752860559
0.31	0.000010500528296564792
0.3105	0.000010504543910727599
0.311	0.000010508559597837491
0.3115	0.000010512575360383454
0.312	0.000010516591200854941
0.3125	0.000010520607121741919
0.313	0.000010524623125534854
0.3135	0.000010528709068342416
0.314	0.00001053268412066097
0.3145	0.000010536655304336682
0.315	0.000010540622519764227
0.3155	0.000010544585667917244
0.316	0.000010548544650361124
0.3165	0.00001055249936926565
0.317	0.000010556449727417453
0.3175	0.000010560395628232281
0.318	0.000010564336975767119
0.3185	0.000010568273674732088
0.319	0.000010572205630502195
0.3195	0.000010576106276344962
0.32	0.000010580019915380638
0.3205	0.000010583927202040596
0.321	0.000010587828002923143
0.3215	0.000010591722187095865
0.322	0.000010595609626119804
0.3225	0.000010599490194071322
0.323	0.000010603363767561692
0.3235	0.000010607230225754446
0.324	0.000010611089450380483
0.3245	0.000010614941325751009
0.325	0.000010618785738768275
0.3255	0.000010622622578934222
0.326	0.000010626451738357
0.3265	0.00001063027311175547
0.327	0.000010634086596461655
0.3275	0.000010637892092421252
0.328	0.000010641689502192199
0.3285	0.000010645478730941388
0.329	0.00001064925968643954
0.3295	0.000010653032279054298
0.33	0.000010656796421741613
0.3305	0.00001066055203003543
0.331	0.00001066429902203581
0.3315	0.000010668037318395426
0.332	0.000010671766842304593
0.3325	0.000010675487519474855
0.333	0.000010679199278121142
0.3335	0.000010682902048942632
0.334	0.00001068659576510231
0.3345	0.000010690280362205319
0.335	0.00001069395577827614
0.3355	0.000010697621953734684
0.336	0.000010701278831371315
0.3365	0.000010704926356320905
0.337	0.000010708564476035934
0.3375	0.000010712193140258732
0.338	0.00001071581230099289
0.3385	0.000010719421912473893
0.339	0.000010723021931139075
0.3395	0.00001072661231559687
0.34	0.000010730193026595483
0.3405	0.000010733764026991005
0.341	0.000010737325281715006
0.3415	0.000010740876757741683
0.342	0.000010744418424054601
0.3425	0.00001074795025161306
0.343	0.000010751472213318165
0.3435	0.000010754984283978591
0.34400000000000003	0.000010758486440276163
0.34450000000000003	0.000010761978660731216
0.34500000000000003	0.000010765460925667816
0.34550000000000003	0.00001076893321717888
0.34600000000000003	0.000010772395519091218
0.34650000000000003	0.000010775847816930546
0.34700000000000003	0.000010779290097886507
0.34750000000000003	0.000010782722350777705
0.34800000000000003	0.000010786144566016828
0.34850000000000003	0.000010789556735575867
0.34900000000000003	0.00001079295885295145
0.34950000000000003	0.000010796350913130335
0.35000000000000003	0.000010799732912555096
0.35050000000000003	0.000010803104849090013
0.35100000000000003	0.000010806466721987172
0.35150000000000003	0.000010809818531852857
0.352	0.000010813160280614188
0.3525	0.000010816491971486066
0.353	0.000010819813608938435
0.3535	0.000010823125198663878
0.354	0.000010826426747545553
0.3545	0.000010829718263625495
0.355	0.00001083299975607332
0.3555	0.000010836271235155288
0.356	0.000010839532712203794
0.3565	0.000010842784199587261
0.357	0.000010846025710680473
0.3575	0.000010849257259835327
0.358	0.000010852478862352043
0.3585	0.000010855690534450806
0.359	0.00001085889229324389
0.3595	0.000010862084156708217
0.36	0.000010865266143658403
0.3605	0.000010868438273720265
0.361	0.000010871600567304807
0.3615	0.000010874753045582674
0.362	0.000010877895730459095
0.3625	0.000010881028644549306
0.363	0.000010884151811154432
0.3635	0.00001088726525423788
0.364	0.000010890368998402191
0.3645	0.000010893463068866366
0.365	0.00001089654749144369
0.3655	0.000010899622292520013
0.366	0.0000109026874990325
0.3665	0.000010905743138448866
0.367	0.000010908789238747059
0.3675	0.000010911825828395418
0.368	0.000010914852936333283
0.3685	0.000010917870591952044
0.369	0.00001092087882507667
0.3695	0.000010923877665947651
0.37	0.000010926867145203396
0.3705	0.000010929847293863043
0.371	0.000010932818143309729
0.3715	0.000010935779725274243
0.372	0.000010938732071819129
0.3725	0.000010941675215323164
0.373	0.000010944609188466259
0.3735	0.000010947534024214759
0.374	0.000010950449755807118
0.3745	0.000010953356416739956
0.375	0.000010956254040754517
0.3755	0.00001095914266182345
0.376	0.000010962022314138006
0.3765	0.00001096489303209554
0.377	0.000010967754850287401
0.3775	0.000010970607803487138
0.378	0.000010973451926639047
0.3785	0.000010976287254847052
0.379	0.0000109791138233639
0.3795	0.000010981931667580666
0.38	0.00001098474082301658
0.3805	0.000010987479085938128
0.381	0.00001099026965275181
0.3815	0.00001099305163702658
0.382	0.000010995825075434085
0.3825	0.00001099859000472976
0.383	0.000011001346461743597
0.3835	0.000011004094483371182
0.384	0.000011006834106564975
0.3845	0.000011009565368325868
0.385	0.000011012288305694965
0.3855	0.00001101500295574564
0.386	0.000011017709355575808
0.3865	0.000011020407542300449
0.387	0.000011023097553044347
0.3875	0.000011025779424935065
0.388	0.000011028453195096141
0.3885	0.000011031118900640476
0.389	0.000011033776578663965
0.3895	0.00001103642626623931
0.39	0.00001103906800041004
0.3905	0.000011041701818184725
0.391	0.000011044327756531382
0.3915	0.000011046945852372071
0.392	0.00001104955614257767
0.3925	0.000011052158663962818
0.393	0.000011054753453281048
0.3935	0.000011057340547220084
0.394	0.000011059919982397292
0.3945	0.000011062491795355301
0.395	0.000011065056022557792
0.3955	0.000011067612700385408
0.396	0.000011070161865131849
0.3965	0.000011072703553000084
0.397	0.000011075237800098724
0.3975	0.000011077764642438521
0.398	0.000011080284115929013
0.3985	0.000011082796256375273
0.399	0.000011085301099474827
0.3995	0.000011087798680814658
0.4	0.000011090289035868352
0.4005	0.000011092772199993354
0.401	0.000011095248208428337
0.4015	0.00001109771709629069
0.402	0.000011100178898574105
0.4025	0.000011102633650146273
0.403	0.000011105081385746681
0.4035	0.000011107522139984522
0.404	0.000011109955947336663
0.4045	0.000011112382842145767
0.405	0.000011114802858618445
0.4055	0.000011117216030823539
0.406	0.000011119622392690474
0.40650000000000003	0.000011122021978007697
0.40700000000000003	0.000011124414820421194
0.40750000000000003	0.000011126800953433094
0.40800000000000003	0.000011129180410400343
0.40850000000000003	0.000011131553224533449
0.40900000000000003	0.000011133919428895313
0.40950000000000003	0.00001113627905640012
0.41000000000000003	0.000011138632139812298
0.41050000000000003	0.00001114097871174554
0.41100000000000003	0.000011143318804661908
0.41150000000000003	0.000011145652450870972
0.41200000000000003	0.000011147979682529035
0.41250000000000003	0.000011150300531638397
0.41300000000000003	0.000011152615030046688
0.41350000000000003	0.00001115492320944625
0.41400000000000003	0.000011157225101373571
0.41450000000000004	0.00001115952073720878
0.41500000000000004	0.000011161810148175178
0.41550000000000004	0.000011164093365338823
0.41600000000000004	0.000011166370419608174
0.4165	0.000011168641341733754
0.417	0.00001117090616230789
0.4175	0.000011173164911764459
0.418	0.000011175417620378702
0.4185	0.000011177664318267078
0.419	0.000011179905035387127
0.4195	0.000011182139801537413
0.42	0.00001118436864635746
0.4205	0.000011186591599327763
0.421	0.000011188808689769792
0.4215	0.000011191019946846067
0.422	0.000011193225399560234
0.4225	0.000011195425076757187
0.423	0.000011197619007123215
0.4235	0.00001119980721918618
0.424	0.000011201989741315712
0.4245	0.000011204166601723443
0.425	0.00001120633782846326
0.4255	0.00001120850344943158
0.426	0.000011210663492367651
0.4265	0.000011212817984853875
0.427	0.000011214966954316157
0.4275	0.000011217110428024263
0.428	0.000011219248433092212
0.4285	0.000011221380996478674
0.429	0.000011223508144987402
0.4295	0.000011225629905267664
0.43	0.000011227746303814706
0.4305	0.00001122985736697022
0.431	0.000011231963120922846
0.4315	0.00001123406359170866
0.432	0.00001123615880521171
0.4325	0.000011238248787164526
0.433	0.000011240333563148696
0.4335	0.0000112424131585954
0.434	0.000011244487598785985
0.4345	0.000011246556908852559
0.435	0.000011248621113778568
0.4355	0.000011250680238399411
0.436	0.000011252734307403042
0.4365	0.000011254783345330607
0.437	0.000011256827376577058
0.4375	0.00001125886642539181
0.438	0.000011260900515879378
0.4385	0.000011262929672000032
0.439	0.000011264953917570471
0.4395	0.000011266973276264477
0.44	0.000011268987771613606
0.4405	0.00001127099742700786
0.441	0.000011273002265696381
0.4415	0.00001127500231078814
0.442	0.000011276997585252635
0.4425	0.000011278988111920602
0.443	0.00001128097391348471
0.4435	0.00001128295501250028
0.444	0.000011284931431386
0.4445	0.00001128690319242464
0.445	0.000011288870317763777
0.4455	0.000011290832829416518
0.446	0.000011292790749262222
0.4465	0.000011294744099047241
0.447	0.000011296692900385641
0.4475	0.000011298637174759943
0.448	0.00001130057694352185
0.4485	0.000011302512227892991
0.449	0.000011304443048965656
0.4495	0.000011306369427703533
0.45	0.000011308291384942451
0.4505	0.000011310208941391116
0.451	0.000011312122117631855
0.4515	0.000011314030934121354
0.452	0.000011315935411191403
0.4525	0.000011317835569049634
0.453	0.000011319731427780259
0.4535	0.000011321623007344812
0.454	0.000011323576999561316
0.4545	0.000011325459012208853
0.455	0.000011327336807078794
0.4555	0.000011329210404010666
0.456	0.000011331079822718893
0.4565	0.000011332945082793423
0.457	0.000011334806203700355
0.4575	0.000011336663204782561
0.458	0.000011338516105260326
0.4585	0.000011340364924231981
0.459	0.000011342209680674544
0.4595	0.000011344050393444363
0.46	0.00001134588708127776
0.4605	0.000011347719762791682
0.461	0.000011349548456484353
0.4615	0.000011351373180735923
0.462	0.000011353193953809135
0.4625	0.000011355010793849976
0.463	0.000011356823718888332
0.4635	0.000011358632746838668
0.464	0.000011360437895500686
0.4645	0.000011362239182559986
0.465	0.000011364036625588741
0.4655	0.00001136583024204637
0.466	0.00001136762004928021
0.4665	0.000011369406064526178
0.467	0.000011371188304909466
0.4675	0.000011372966787445202
0.468	0.00001137474152903913
0.4685	0.000011376512546488297
0.46900000000000003	0.000011378279856481718
0.46950000000000003	0.000011380043475601074
0.47000000000000003	0.000011381803420321372
0.47050000000000003	0.000011383559707011645
0.47100000000000003	0.000011385312351935624
0.47150000000000003	0.000011387061371252423
0.47200000000000003	0.000011388806781017219
0.47250000000000003	0.000011390548597181936
0.47300000000000003	0.000011392286835595935
0.47350000000000003	0.000011394021512006684
0.47400000000000003	0.000011395752642060446
0.47450000000000003	0.00001139748024130297
0.47500000000000003	0.00001139920432518016
0.47550000000000003	0.000011400924909038764
0.47600000000000003	0.00001140264200812706
0.47650000000000003	0.000011404355637595526
0.47700000000000004	0.000011406065812497525
0.47750000000000004	0.000011407772547789995
0.47800000000000004	0.00001140947585833411
0.47850000000000004	0.00001141117575889597
0.47900000000000004	0.00001141287226414728
0.47950000000000004	0.000011414565388666016
0.48	0.000011416255146937112
0.4805	0.000011417941553353123
0.481	0.000011419624622214905
0.4815	0.000011421304367732286
0.482	0.000011422980804024735
0.4825	0.000011424653945122031
0.483	0.000011426323804964931
0.4835	0.000011427990397405832
0.484	0.000011429653736209442
0.4845	0.000011431313835053434
0.485	0.00001143297070752912
0.4855	0.000011434624367142095
0.486	0.0000114362748273129
0.4865	0.000011437922101377685
0.487	0.000011439566202588846
0.4875	0.000011441207144115694
0.488	0.000011442844939045088
0.4885	0.000011444479600382094
0.489	0.000011446111141050622
0.4895	0.000011447739573894075
0.49	0.000011449364911675985
0.4905	0.000011450987167080648
0.491	0.000011452606352713766
0.4915	0.000011454222481103079
0.492	0.00001145583556469899
0.4925	0.000011457445615875197
0.493	0.00001145905264692932
0.4935	0.00001146065667008352
0.494	0.000011462257697485123
0.4945	0.000011463855741207233
0.495	0.000011465450813249352
0.4955	0.000011467042925537986
0.496	0.000011468632089927257
0.4965	0.000011470218318199512
0.497	0.000011471801622065923
0.4975	0.000011473382013167088
0.498	0.000011474959503073629
0.4985	0.000011476534103286782
0.499	0.000011478105825239
0.4995	0.000011479674680294529
0.5	0.000011481240679749999
0.5005000000000001	0.000011482803834835008
0.501	0.000011484364156712697
0.5015000000000001	0.000011485921656480331
0.502	0.000011487476345169864
0.5025000000000001	0.000011489028233748516
0.503	0.000011490577333119337
0.5035000000000001	0.000011492123654121769
0.504	0.000011493667207532206
0.5045000000000001	0.000011495208004064554
0.505	0.000011496746054370776
0.5055000000000001	0.000011498281369041455
0.506	0.000011499813958606326
0.5065000000000001	0.00001150134383353483
0.507	0.000011502871004236647
0.5075000000000001	0.00001150439548106224
0.508	0.000011505917274303374
0.5085000000000001	0.000011507436394193668
0.509	0.000011508952850909095
0.5095000000000001	0.000011510466654568525
0.51	0.000011511977815234234
0.5105000000000001	0.000011513486342912423
0.511	0.00001151499224755373
0.5115000000000001	0.000011516495539053738
0.512	0.000011517996227253478
0.5125	0.000011519494321939934
0.513	0.000011520989832846545
0.5135	0.00001152248276965369
0.514	0.000011523973141989183
0.5145	0.000011525460959428765
0.515	0.000011526946231496583
0.5155	0.00001152842896766567
0.516	0.000011529909177358425
0.5165	0.000011531386869947089
0.517	0.000011532862054754202
0.5175	0.000011534334741053086
0.518	0.000011535804938068298
0.5185	0.000011537272654976086
0.519	0.000011538737900904854
0.5195	0.000011540200684935608
0.52	0.000011541661016102403
0.5205	0.000011543118903392797
0.521	0.000011544574355748275
0.5215	0.000011546027382064707
0.522	0.000011547477991192769
0.5225	0.000011548926191938372
0.523	0.0000115503719930631
0.5235	0.000011551815403284629
0.524	0.000011553256431277138
0.5245	0.00001155469508567174
0.525	0.000011556131375056884
0.5255	0.00001155756530797877
0.526	0.000011558996892941748
0.5265	0.000011560426138408734
0.527	0.000011561853052801598
0.5275	0.000011563277644501554
0.528	0.000011564699921849569
0.5285	0.000011566119893146738
0.529	0.000011567593411835108
0.5295	0.000011568997582706733
0.53	0.000011570400712169407
0.5305	0.000011571802814684002
0.531	0.000011573203904602957
0.5315	0.00001157460399617087
0.532	0.000011576003103525125
0.5325	0.000011577401240696495
0.533	0.000011578798421609765
0.5335	0.000011580194660084329
0.534	0.000011581589969834809
0.5345	0.00001158298436447166
0.535	0.000011584377857501777
0.5355	0.000011583816247625552
0.536	0.000011586277113922997
0.5365	0.000011588738386227797
0.537	0.000011591200064520675
0.5375	0.000011593662148782157
0.538	0.000011596124638992571
0.5385	0.000011598587535132049
0.539	0.00001160105083718052
0.5395	0.000011603514545117721
0.54	0.000011605978658923181
0.5405	0.000011608443178576238
0.541	0.000011610908104056025
0.5415	0.00001161337343534148
0.542	0.000011615839172411339
0.5425	0.000011618305315244135
0.543	0.000011620771863818206
0.5435	0.000011623238818111686
0.544	0.00001162570617810251
0.5445	0.000011628173943768409
0.545	0.000011630642115086915
0.5455	0.000011633110692035357
0.546	0.000011635579674590866
0.5465	0.000011638049062730366
0.547	0.000011640518856430579
0.5475	0.000011642989055668029
0.548	0.000011645459660419033
0.5485	0.000011647930670659706
0.549	0.000011650402086365963
0.5495	0.000011652873907513508
0.55	0.000011655346134077849
0.5505	0.000011657818766034285
0.551	0.000011660291803357914
0.5515	0.000011662765246023625
0.552	0.00001166523909400611
0.5525	0.000011667713347279846
0.553	0.000011670188005819117
0.5535	0.000011672663069597988
0.554	0.000011675138538590328
0.5545	0.000011677614412769795
0.555	0.000011680090692109847
0.5555	0.000011682567376583727
0.556	0.000011685044466164477
0.5565	0.000011687521960824933
0.557	0.000011689999860537721
0.5575	0.000011692478165275256
0.558	0.000011694956875009755
0.5585	0.00001169743598971322
0.559	0.000011699915509357446
0.5595	0.000011702395433914021
0.56	0.000011704875763354324
0.5605	0.000011707356497649523
0.561	0.000011709837636770581
0.5615	0.000011712319180688247
0.562	0.000011714801129373066
0.5625	0.000011717283482795365
0.5630000000000001	0.000011719766240925272
0.5635	0.000011722249403732694
0.5640000000000001	0.000011724732971187336
0.5645	0.000011727216943258686
0.5650000000000001	0.000011729701319916021
0.5655	0.000011732186101128413
0.5660000000000001	0.000011734671286864716
0.5665	0.000011737156877093575
0.5670000000000001	0.000011739642871783425
0.5675	0.000011742129270902482
0.5680000000000001	0.000011744616074418758
0.5685	0.000011747103282300045
0.5690000000000001	0.000011749590894513929
0.5695	0.000011752078911027776
0.5700000000000001	0.000011754567331808742
0.5705	0.000011757056156823769
0.5710000000000001	0.000011759545386039587
0.5715	0.000011762035019422705
0.5720000000000001	0.000011764525056939426
0.5725	0.000011767015498555833
0.5730000000000001	0.000011769506344237798
0.5735	0.000011771997593950972
0.5740000000000001	0.000011774489247660794
0.5745	0.000011776981305332491
0.5750000000000001	0.00001177947376693107
0.5755	0.000011781966632421318
0.5760000000000001	0.000011784459901767815
0.5765	0.000011786953574934916
0.577	0.000011789447651886764
0.5775	0.000011791942132587281
0.578	0.000011794437017000178
0.5785	0.000011796932305088945
0.579	0.000011799427996816848
0.5795	0.000011801924092146944
0.58	0.000011804420591042069
0.5805	0.000011806917493464838
0.581	0.000011809414799377646
0.5815	0.00001181191250874268
0.582	0.000011814410621521891
0.5825	0.000011816909137677023
0.583	0.000011819408057169595
0.5835	0.00001182190737996091
0.584	0.000011824407106012042
0.5845	0.000011826907235283855
0.585	0.000011829407767736987
0.5855	0.000011831908703331854
0.586	0.00001183441004202865
0.5865	0.000011836911783787355
0.587	0.000011839413928567722
0.5875	0.000011841916476329277
0.588	0.000011844419427031333
0.5885	0.000011846922780632976
0.589	0.000011849426537093068
0.5895	0.000011851930696370251
0.59	0.000011854435258422942
0.5905	0.000011856940223209337
0.591	0.000011859445590687403
0.5915	0.00001186195136081489
0.592	0.00001186445753354932
0.5925	0.000011866964108847989
0.593	0.000011869471086667972
0.5935	0.000011871978466966117
0.594	0.000011874486249699048
0.5945	0.000011876994434823163
0.595	0.000011879503022294632
0.5955	0.000011882012012069405
0.596	0.0000118845214041032
0.5965	0.000011887031198351512
0.597	0.00001188954139476961
0.5975	0.000011892051993312532
0.598	0.000011894562993935093
0.5985	0.00001189707439659188
0.599	0.000011899586201237251
0.5995	0.000011902098407825338
0.6	0.00001190461101631004
0.6005	0.000011907124026645036
0.601	0.000011909637438783773
0.6015	0.000011912151252679464
0.602	0.0000119146654682851
0.6025	0.000011917180085553438
0.603	0.000011919695104437011
0.6035	0.000011922210524888118
0.604	0.000011924726346858825
0.6045	0.000011927242570300978
0.605	0.000011929759195166181
0.6055	0.000011932276221405815
0.606	0.000011934793648971027
0.6065	0.000011937311477812736
0.607	0.000011939829707881624
0.6075	0.000011942348339128142
0.608	0.000011944867371502518
0.6085	0.000011947386804954736
0.609	0.000011949906639434556
0.6095	0.000011952426874891499
0.61	0.000011954947511274859
0.6105	0.000011957468548533694
0.611	0.000011959989986616829
0.6115	0.000011962511825472853
0.612	0.000011965034065050127
0.6125	0.000011967556705296773
0.613	0.000011970079746160678
0.6135	0.0000119726031875895
0.614	0.000011975127029530657
0.6145	0.000011977651271931334
0.615	0.000011980175914738479
0.6155	0.000011982700957898807
0.616	0.000011985226401358796
0.6165	0.000011987752245064688
0.617	0.000011990278488962489
0.6175	0.00001199280513299797
0.618	0.000011995332177116659
0.6185	0.000011997859621263857
0.619	0.000012000387465384618
0.6195	0.000012002915709423767
0.62	0.000012005444353325885
0.6205	0.000012007973397035317
0.621	0.000012010502840496172
0.6215	0.000012013032683652317
0.622	0.000012015562926447384
0.6225	0.00001201809356882476
0.623	0.000012020624610727603
0.6235	0.000012023156052098823
0.624	0.000012025687892881091
0.6245	0.000012028220133016845
0.625	0.000012030752772448275
0.6255000000000001	0.000012033285811117333
0.626	0.000012035819248965734
0.6265000000000001	0.00001203835308593495
0.627	0.000012040887321966207
0.6275000000000001	0.000012043421957000499
0.628	0.00001204595699097857
0.6285000000000001	0.00001204849242384093
0.629	0.000012051028255527838
0.6295000000000001	0.00001205356448597932
0.63	0.000012056101115135153
0.6305000000000001	0.000012058638142934873
0.631	0.000012061175569317773
0.6315000000000001	0.000012063713394222906
0.632	0.000012066251617589079
0.6325000000000001	0.000012068790239354851
0.633	0.000012071329259458545
0.6335000000000001	0.000012073868677838235
0.634	0.000012076408494431751
0.6345000000000001	0.000012078948709176682
0.635	0.000012081489322010365
0.6355000000000001	0.000012084030332869901
0.636	0.000012086571741692136
0.6365000000000001	0.000012089113548413679
0.637	0.000012091655752970889
0.6375000000000001	0.000012094198355299875
0.638	0.000012096741355336511
0.6385000000000001	0.000012099284753016413
0.639	0.000012101828548274955
0.6395000000000001	0.000012104372741047266
0.64	0.000012106917331268225
0.6405	0.000012109462318872462
0.641	0.000012112007703794364
0.6415	0.000012114553485968066
0.642	0.00001211709966532746
0.6425	0.00001211964624180618
0.643	0.00001212219321533762
0.6435	0.000012124740585854923
0.644	0.000012127288353290983
0.6445	0.00001212983651757844
0.645	0.000012132385078649694
0.6455	0.000012134934036436885
0.646	0.000012137483390871907
0.6465	0.000012140033141886407
0.647	0.00001214258328941178
0.6475	0.000012145133833379163
0.648	0.00001214768477371945
0.6485	0.000012150236110363285
0.649	0.000012152787843241055
0.6495	0.000012155339972282895
0.65	0.000012157892497418695
0.6505	0.000012160445418578083
0.651	0.000012162998735690444
0.6515	0.000012165552448684904
0.652	0.000012168106557490338
0.6525	0.000012170661062035368
0.653	0.000012173215962248368
0.6535	0.000012175771258057446
0.654	0.000012178326949390466
0.6545	0.000012180883036175038
0.655	0.000012183439518338511
0.6555	0.000012185996395807985
0.656	0.000012188553668510307
0.6565	0.000012191111336372061
0.657	0.000012193669399319585
0.6575	0.000012196227857278952
0.658	0.000012198786710175988
0.6585	0.000012201345957936261
0.659	0.000012203905600485077
0.6595	0.000012206465637747493
0.66	0.000012209026069648308
0.6605	0.000012211586896112057
0.661	0.00001221414811706303
0.6615	0.000012216709732425248
0.662	0.000012219271742122485
0.6625	0.000012221834146078247
0.663	0.000012224396944215789
0.6635	0.000012226960136458104
0.664	0.000012229523722727933
0.6645	0.000012232087702947748
0.665	0.000012234652077039771
0.6655	0.000012237216844925959
0.666	0.000012239782006528014
0.6665	0.000012242347561767377
0.667	0.000012244913510565227
0.6675	0.000012247479852842487
0.668	0.000012250046588519814
0.6685	0.000012252613717517609
0.669	0.000012255181239756012
0.6695	0.0000122577491551549
0.67	0.000012260317463633892
0.6705	0.00001226288616511234
0.671	0.00001226545525950934
0.6715	0.000012268024746743722
0.672	0.000012270594626734056
0.6725	0.000012273164899398651
0.673	0.000012275735564655552
0.6735	0.000012278306622422538
0.674	0.00001228087807261713
0.6745	0.000012283449915156584
0.675	0.00001228602214995789
0.6755	0.000012288594776937777
0.676	0.000012291167796012712
0.6765	0.000012293741207098891
0.677	0.000012296315010112254
0.6775	0.00001229888920496847
0.678	0.000012301463791582945
0.6785	0.00001230403876987082
0.679	0.000012306614139746975
0.6795	0.000012309189901126015
0.68	0.000012311766053922288
0.6805	0.000012314342598049872
0.681	0.000012316919533422579
0.6815	0.000012319496859953956
0.682	0.000012322074577557281
0.6825	0.000012324652686145569
0.683	0.000012327231185631564
0.6835	0.000012329810075927743
0.684	0.000012332389356946317
0.6845	0.00001233496902859923
0.685	0.000012337549090798157
0.6855	0.000012340129543454501
0.686	0.000012342710386479406
0.6865	0.000012345291619783737
0.687	0.000012347873243278095
0.6875	0.000012350455256872812
0.6880000000000001	0.000012353037660477952
0.6885	0.000012355620454003306
0.6890000000000001	0.000012358203637358396
0.6895	0.000012360787210452474
0.6900000000000001	0.000012363371173194526
0.6905	0.00001236595552549326
0.6910000000000001	0.000012368540267257121
0.6915	0.000012371125398394277
0.6920000000000001	0.000012373710918812629
0.6925	0.000012376296828419804
0.6930000000000001	0.00001237888312712316
0.6935	0.00001238146981482978
0.6940000000000001	0.000012384056891446478
0.6945	0.000012386644356879792
0.6950000000000001	0.000012389232211035995
0.6955	0.000012391820453821078
0.6960000000000001	0.000012394409085140766
0.6965	0.000012396998104900507
0.6970000000000001	0.00001239958751300548
0.6975	0.000012402177309360585
0.6980000000000001	0.00001240476749387045
0.6985	0.000012407358066439434
0.6990000000000001	0.000012409949026971616
0.6995	0.0000124125403753708
0.7000000000000001	0.00001241513211154052
0.7005	0.000012417724235384036
0.7010000000000001	0.000012420316746804324
0.7015	0.000012422909645704094
0.7020000000000001	0.000012425502931985778
0.7025	0.00001242809660555153
0.7030000000000001	0.000012430690666303229
0.7035	0.00001243328511414248
0.704	0.00001243587994897061
0.7045	0.000012438475170688668
0.705	0.00001244107077919743
0.7055	0.000012443666774397391
0.706	0.000012446263156188771
0.7065	0.000012448859924471515
0.707	0.000012451457079145281
0.7075	0.000012454054620109464
0.708	0.000012456652547263167
0.7085	0.000012459250860505222
0.709	0.000012461849559734182
0.7095	0.000012464448644848319
0.71	0.000012467048115745628
0.7105	0.000012469647972323822
0.711	0.00001247224821448034
0.7115	0.000012474848842112337
0.712	0.000012477449855116688
0.7125	0.000012480051253389995
0.713	0.000012482653036828567
0.7135	0.000012485255205328446
0.714	0.000012487857758785382
0.7145	0.000012490460697094857
0.715	0.000012493064020152058
0.7155	0.000012495667727851899
0.716	0.000012498271820089013
0.7165	0.000012500876296757748
0.717	0.000012503481157752171
0.7175	0.000012506086402966067
0.718	0.000012508692032292942
0.7185	0.000012511298045626014
0.719	0.000012513904442858222
0.7195	0.000012516511223882219
0.72	0.00001251911838859038
0.7205	0.000012521725936874792
0.721	0.00001252433386862726
0.7215	0.000012526942183739305
0.722	0.000012529550882102165
0.7225	0.000012532159963606795
0.723	0.00001253476942814386
0.7235	0.000012537379275603749
0.724	0.000012539989505876557
0.7245	0.000012542600118852103
0.725	0.000012545211114419914
0.7255	0.000012547822492469235
0.726	0.000012550434252889024
0.7265	0.000012553046395567955
0.727	0.000012555658920394412
0.7275	0.0000125582718272565
0.728	0.00001256088511604203
0.7285	0.000012563498786638533
0.729	0.000012566112838933245
0.7295	0.000012568727272813123
0.73	0.000012571342088164833
0.7305	0.000012573957284874755
0.731	0.000012576572862828981
0.7315	0.000012579188821913313
0.732	0.000012581805162013268
0.7325	0.000012584421883014075
0.733	0.000012587038984800671
0.7335	0.000012589656467257708
0.734	0.000012592274330269549
0.7345	0.000012594892573720264
0.735	0.000012597511197493639
0.7355	0.000012600130201473168
0.736	0.000012602749585542056
0.7365	0.000012605369349583218
0.737	0.000012607989493479276
0.7375	0.000012610610017112571
0.738	0.00001261323092036514
0.7385	0.000012615852203118744
0.739	0.00001261847386525484
0.7395	0.000012621095906654604
0.74	0.000012623718327198916
0.7405	0.000012626341126768364
0.741	0.000012628964305243248
0.7415	0.000012631587862503573
0.742	0.000012634211798429053
0.7425	0.000012636841734558992
0.743	0.000012639463422149312
0.7435	0.00001264208548664692
0.744	0.00001264470792804232
0.7445	0.000012647330746325885
0.745	0.00001264995394148786
0.7455	0.000012652577513518358
0.746	0.000012655201462407358
0.7465	0.000012657825788144712
0.747	0.000012660450490720139
0.7475	0.000012663075570123227
0.748	0.000012665701026343432
0.7485	0.000012668326859370077
0.749	0.000012670953069192355
0.7495	0.000012673579655799328
0.75	0.000012676206619179921
0.7505000000000001	0.000012678833959322934
0.751	0.000012681461676217028
0.7515000000000001	0.000012684089769850734
0.752	0.00001268671824021245
0.7525000000000001	0.00001268934708729044
0.753	0.000012691976311072839
0.7535000000000001	0.000012694605911547644
0.754	0.000012697235888702723
0.7545000000000001	0.000012699866242525806
0.755	0.000012702496973004493
0.7555000000000001	0.000012705128080126248
0.756	0.000012707759563878402
0.7565000000000001	0.000012710391424248152
0.757	0.000012713023661222563
0.7575000000000001	0.000012715656274788561
0.758	0.000012718289264932939
0.7585000000000001	0.00001272092263164236
0.759	0.000012723556374903346
0.7595000000000001	0.00001272619049470229
0.76	0.000012728824991025441
0.7605000000000001	0.000012731459863858924
0.761	0.00001273409511318872
0.7615000000000001	0.00001273673073900068
0.762	0.000012739366741280515
0.7625000000000001	0.000012742003120013805
0.763	0.000012744639875185988
0.7635000000000001	0.000012747277006782374
0.764	0.000012749914514788127
0.7645000000000001	0.000012752552399188284
0.765	0.000012755190659967739
0.7655000000000001	0.000012757829297111253
0.766	0.000012760468310603448
0.7665000000000001	0.00001276310770042881
0.767	0.00001276574746657169
0.7675000000000001	0.000012768387609016298
0.768	0.000012771028127746709
0.7685	0.000012773669022746861
0.769	0.00001277631029400055
0.7695	0.000012778951941491441
0.77	0.000012781593965203056
0.7705	0.000012784236365118782
0.771	0.000012786879141221863
0.7715	0.000012789522293495412
0.772	0.000012792165821922397
0.7725	0.00001279480972648565
0.773	0.000012797454007167865
0.7735	0.000012800098663951596
0.774	0.000012802743696819255
0.7745	0.000012805389105753122
0.775	0.00001280803489073533
0.7755	0.00001281068105174788
0.776	0.000012813327588772622
0.7765	0.00001281597450179128
0.777	0.000012818621790785432
0.7775	0.000012821269455736506
0.778	0.000012823917496625811
0.7785	0.000012826565913434495
0.779	0.00001282921470614358
0.7795	0.000012831863874733935
0.78	0.0000128345134191863
0.7805	0.000012837163339481266
0.781	0.000012839813635599288
0.7815	0.000012842464307520673
0.782	0.000012845115355225594
0.7825	0.000012847766778694078
0.783	0.000012850418577906013
0.7835	0.000012853070752841142
0.784	0.00001285572330347907
0.7845	0.000012858376229799256
0.785	0.000012861029531781017
0.7855	0.00001286368320940353
0.786	0.00001286633726264583
0.7865	0.000012868991691486805
0.787	0.000012871646495905205
0.7875	0.000012874301675879634
0.788	0.000012876957231388552
0.7885	0.000012879613162410279
0.789	0.00001288226946892299
0.7895	0.000012884926150904714
0.79	0.00001288758320833334
0.7905	0.000012890240641186613
0.791	0.00001289289844944213
0.7915	0.000012895556633077348
0.792	0.000012898215192069578
0.7925	0.000012900874126395987
0.793	0.000012903533436033596
0.7935	0.00001290619312095928
0.794	0.000012908853181149777
0.7945	0.000012911513616581671
0.795	0.000012914174427231404
0.7955	0.000012916835613075273
0.796	0.00001291949717408943
0.7965	0.00001292215911024988
0.797	0.000012924821421532485
0.7975	0.000012927484107912955
0.798	0.00001293014716936686
0.7985	0.000012932810605869623
0.799	0.000012935474417396517
0.7995	0.000012938138603922673
0.8	0.000012940803165423073
0.8005	0.000012943468101872549
0.801	0.000012946133413245794
0.8015	0.000012948799099517346
0.802	0.000012951465160661603
0.8025	0.000012954131596652807
0.803	0.000012956798407465061
0.8035	0.000012959465593072315
0.804	0.000012962133153448373
0.8045	0.00001296480108856689
0.805	0.000012967469398401375
0.8055	0.000012970138082925188
0.806	0.000012972807142111537
0.8065	0.000012975476575933489
0.807	0.000012978146384363952
0.8075	0.000012980816567375697
0.808	0.000012983487124941337
0.8085	0.000012986158057033338
0.809	0.00001298882936362402
0.8095	0.000012991501044685549
0.81	0.000012994173100189945
0.8105	0.000012996845530109077
0.811	0.000012999518334414663
0.8115	0.000013002191513078272
0.812	0.000013004865066071325
0.8125	0.000013007538993365088
0.8130000000000001	0.00001301021329493068
0.8135	0.00001301288797073907
0.8140000000000001	0.000013015563020761074
0.8145	0.000013018238444967357
0.8150000000000001	0.000013020914243328433
0.8155	0.00001302359041581467
0.8160000000000001	0.000013026266962396278
0.8165	0.000013028943883043316
0.8170000000000001	0.000013031621177725696
0.8175	0.000013034298846413176
0.8180000000000001	0.00001303697688907536
0.8185	0.000013039655305681702
0.8190000000000001	0.000013042334096201505
0.8195	0.000013045013260603915
0.8200000000000001	0.000013047692798857933
0.8205	0.0000130503727109324
0.8210000000000001	0.00001305305299679601
0.8215	0.000013055733656417298
0.8220000000000001	0.00001305841468976465
0.8225	0.000013061096096806301
0.8230000000000001	0.000013063777877510328
0.8235	0.000013066460031844654
0.8240000000000001	0.000013069142559777054
0.8245	0.000013071825461275145
0.8250000000000001	0.000013074508736306392
0.8255	0.000013077192384838099
0.8260000000000001	0.000013079876406837429
0.8265	0.000013082560802271379
0.8270000000000001	0.000013085245571106797
0.8275	0.000013087930713310373
0.8280000000000001	0.000013090616228848648
0.8285	0.000013093302117688
0.8290000000000001	0.00001309598837979466
0.8295	0.000013098675015134697
0.8300000000000001	0.00001310136202367403
0.8305	0.000013104049405378418
0.8310000000000001	0.000013106737160213465
0.8315	0.000013109425288144624
0.8320000000000001	0.000013112113789137186
0.8325	0.000013114802663156288
0.833	0.000013117491910166914
0.8335	0.000013120181530133884
0.834	0.00001312287152302187
0.8345	0.000013125561888795383
0.835	0.000013128252627418776
0.8355	0.000013130943738856248
0.836	0.000013133635223071837
0.8365	0.000013136327080029428
0.837	0.000013139019309692746
0.8375	0.00001314171191202536
0.838	0.00001314440488699068
0.8385	0.000013147098234551957
0.839	0.000013149791954672288
0.8395	0.000013152486047314606
0.84	0.000013155180512441693
0.8405	0.000013157875350016165
0.841	0.000013160570560000487
0.8415	0.000013163266142356957
0.842	0.000013165962097047719
0.8425	0.00001316865842403476
0.843	0.000013171355123279903
0.8435	0.000013174052194744815
0.844	0.000013176749638391002
0.8445	0.00001317944745417981
0.845	0.000013182145642072424
0.8455	0.000013184844202029877
0.846	0.000013187543134013031
0.8465	0.000013190242437982595
0.847	0.000013192942113899115
0.8475	0.000013195642161722977
0.848	0.000013198342581414405
0.8485	0.000013201043372933464
0.849	0.000013203744536240061
0.8495	0.000013206446071293935
0.85	0.000013209147978054669
0.8505	0.000013211850256481683
0.851	0.000013214552906534234
0.8515	0.000013217255928171422
0.852	0.000013219959321352179
0.8525	0.00001322266308603528
0.853	0.000013225367222179336
0.8535	0.000013228071729742796
0.854	0.000013230776608683946
0.8545	0.00001323348185896091
0.855	0.00001323618748053165
0.8555	0.000013238893473353963
0.856	0.000013241599837385487
0.8565	0.000013244306572583694
0.857	0.000013247013678905892
0.8575	0.00001324972115630923
0.858	0.000013252429004750686
0.8585	0.000013255137224187082
0.859	0.000013257845814575072
0.8595	0.000013260554775871147
0.86	0.000013263264108031633
0.8605	0.000013265973811012696
0.861	0.000013268683884770329
0.8615	0.000013271394329260372
0.862	0.000013274105144438488
0.8625	0.000013276816330260186
0.863	0.000013279527886680802
0.8635	0.000013282239813655512
0.864	0.000013284952111139325
0.8645	0.000013287664779087083
0.865	0.000013290377817453463
0.8655	0.000013293091226192985
0.866	0.000013295805005259986
0.8665	0.000013298519154608651
0.867	0.000013301233674192994
0.8675	0.000013303948563966863
0.868	0.000013306663823883938
0.8685	0.000013309379453897739
0.869	0.00001331209545396161
0.8695	0.000013314811824028735
0.87	0.000013317528564052125
0.8705	0.000013320245673984634
0.871	0.000013322963153778938
0.8715	0.00001332568100338755
0.872	0.000013328399222762816
0.8725	0.000013331117811856916
0.873	0.000013333836770621855
0.8735	0.00001333655609900948
0.874	0.00001333927579697146
0.8745	0.000013341995864459305
0.875	0.000013344716301424348
0.8755000000000001	0.000013347437107817762
0.876	0.000013350158283590542
0.8765000000000001	0.000013352879828693522
0.877	0.000013355601743077363
0.8775000000000001	0.000013358324026692559
0.878	0.000013361046679489433
0.8785000000000001	0.000013363769701418137
0.879	0.00001336649309242866
0.8795000000000001	0.000013369216852470813
0.88	0.000013371940981494245
0.8805000000000001	0.000013374665479448428
0.881	0.000013377390346282667
0.8815000000000001	0.000013380115581946099
0.882	0.000013382841186387686
0.8825000000000001	0.000013385567159556226
0.883	0.000013388293501400336
0.8835000000000001	0.000013391020211868474
0.884	0.000013393747290908918
0.8845000000000001	0.00001339647473846978
0.885	0.000013399202554498997
0.8855000000000001	0.000013401930738944337
0.886	0.000013404659291753397
0.8865000000000001	0.000013407388212873602
0.887	0.000013410117502252203
0.8875000000000001	0.000013412847159836281
0.888	0.000013415577185572743
0.8885000000000001	0.00001341830757940833
0.889	0.0000134210383412896
0.8895000000000001	0.000013423769471162946
0.89	0.00001342650096897459
0.8905000000000001	0.000013429232834670574
0.891	0.00001343196506819677
0.8915000000000001	0.00001343469766949888
0.892	0.000013437430638522431
0.8925000000000001	0.000013440163975212775
0.893	0.00001344289767951509
0.8935000000000001	0.000013445631751374386
0.894	0.00001344836619073549
0.8945000000000001	0.000013451100997543066
0.895	0.000013453836171741592
0.8955000000000001	0.00001345657171327538
0.896	0.000013459307622088568
0.8965	0.000013462043898125113
0.897	0.000013464780541328804
0.8975	0.000013467517551643252
0.898	0.000013470254929011894
0.8985	0.000013472992673377989
0.899	0.000013475730784684627
0.8995	0.000013478469262874715
0.9	0.000013481208107890992
0.9005	0.000013483947319676014
0.901	0.000013486686898172171
0.9015	0.000013489426843321665
0.902	0.00001349216715506653
0.9025	0.000013494907833348623
0.903	0.000013497648878109623
0.9035	0.000013500390289291033
0.904	0.000013503132066834178
0.9045	0.00001350587421068021
0.905	0.000013508616720770101
0.9055	0.000013511359597044648
0.906	0.000013514102839444468
0.9065	0.000013516846447910001
0.907	0.000013519590422381512
0.9075	0.000013522334762799089
0.908	0.00001352507946910264
0.9085	0.000013527824541231893
0.909	0.000013530569979126403
0.9095	0.000013533315782725544
0.91	0.000013536061951968514
0.9105	0.00001353880848679433
0.911	0.000013541555387141827
0.9115	0.000013544302652949671
0.912	0.000013547050284156343
0.9125	0.000013549798280700142
0.913	0.000013552546642519195
0.9135	0.000013555295369551446
0.914	0.00001355804446173466
0.9145	0.000013560793919006419
0.915	0.000013563543741304136
0.9155	0.00001356629392856503
0.916	0.000013569044480726152
0.9165	0.000013571795397724363
0.917	0.000013574546679496354
0.9175	0.000013577298325978626
0.918	0.00001358005033710751
0.9185	0.000013582802712819142
0.919	0.000013585555453049493
0.9195	0.00001358830855773434
0.92	0.000013591062026809288
0.9205	0.000013593815860209756
0.921	0.000013596570057870982
0.9215	0.000013599324619728028
0.922	0.000013602079545715766
0.9225	0.000013604834835768892
0.923	0.000013607590489821916
0.9235	0.000013610346507809172
0.924	0.000013613102889664806
0.9245	0.000013615859635322785
0.925	0.000013618616744716892
0.9255	0.000013621374217780728
0.926	0.000013624132054447713
0.9265	0.00001362689025465108
0.927	0.000013629648818323886
0.9275	0.000013632407745398995
0.928	0.000013635167035809096
0.9285	0.000013637926689486692
0.929	0.000013640686706364105
0.9295	0.000013643447086373465
0.93	0.00001364620782944673
0.9305	0.000013648968935515662
0.931	0.000013651730404511853
0.9315	0.000013654492236366696
0.932	0.00001365725443101141
0.9325	0.000013660016988377025
0.933	0.000013662779908394389
0.9335	0.000013665543190994163
0.934	0.000013668306836106824
0.9345	0.000013671070843662664
0.935	0.00001367383521359179
0.9355	0.000013676599945824124
0.936	0.000013679365040289404
0.9365	0.000013682130496917177
0.937	0.000013684896315636813
0.9375	0.000013687662496377488
0.9380000000000001	0.000013690427995006485
0.9385	0.000013693195502004101
0.9390000000000001	0.000013695963371063595
0.9395	0.000013698731602088406
0.9400000000000001	0.000013701500194981756
0.9405	0.000013704269149646646
0.9410000000000001	0.000013707038465985859
0.9415	0.000013709808143901955
0.9420000000000001	0.000013712578183297277
0.9425	0.00001371534858407395
0.9430000000000001	0.000013718119346133872
0.9435	0.000013720890469378727
0.9440000000000001	0.00001372366195370998
0.9445	0.000013726433799028864
0.9450000000000001	0.000013729206005236407
0.9455	0.000013731978572233404
0.9460000000000001	0.000013734751499920437
0.9465	0.00001373752478819786
0.9470000000000001	0.000013740298436965811
0.9475	0.000013743072446124205
0.9480000000000001	0.000013745846815572736
0.9485	0.000013748621545210874
0.9490000000000001	0.000013751396634937873
0.9495	0.000013754172084652755
0.9500000000000001	0.000013756947894254335
0.9505	0.000013759724063641187
0.9510000000000001	0.000013762500592711682
0.9515	0.000013765277481363952
0.9520000000000001	0.000013768054729495918
0.9525	0.000013770832337005273
0.9530000000000001	0.00001377361030378949
0.9535	0.000013776388629745814
0.9540000000000001	0.000013779167314771273
0.9545	0.000013781946358762668
0.9550000000000001	0.00001378472576161658
0.9555	0.000013787505523229362
0.9560000000000001	0.000013790285643497145
0.9565	0.000013793066122315837
0.9570000000000001	0.000013795846959581125
0.9575	0.000013798628155188467
0.9580000000000001	0.000013801409709033099
0.9585	0.000013804191621010033
0.9590000000000001	0.000013806973891014059
0.9595	0.000013809756518939733
0.96	0.000013812539504681399
0.9605	0.00001381532284813317
0.961	0.00001381810654918893
0.9615	0.00001382089060774235
0.962	0.00001382367502368686
0.9625	0.00001382645979691568
0.963	0.000013829244927321793
0.9635	0.000013832030414797963
0.964	0.000013834816259236724
0.9645	0.000013837602460530392
0.965	0.000013840389018571045
0.9655	0.000013843175933250549
0.966	0.00001384596320446053
0.9665	0.000013848750832092394
0.967	0.000013851538816037323
0.9675	0.000013854327156186273
0.968	0.000013857115852429966
0.9685	0.000013859904904658903
0.969	0.000013862694312763355
0.9695	0.00001386548407663337
0.97	0.000013868274196158766
0.9705	0.000013871064671229133
0.971	0.000013873855501733835
0.9715	0.00001387664668756201
0.972	0.000013879438228602561
0.9725	0.000013882230124744175
0.973	0.000013885022375875299
0.9735	0.000013887814981884163
0.974	0.000013890607942658759
0.9745	0.000013893401258086857
0.975	0.000013896194928055995
0.9755	0.000013898988952453486
0.976	0.000013901783331166413
0.9765	0.000013904578064081626
0.977	0.000013907373151085752
0.9775	0.000013910168592065187
0.978	0.000013912964386906096
0.9785	0.00001391576053549442
0.979	0.000013918557037715858
0.9795	0.000013921353893455897
0.98	0.000013924151102599783
0.9805	0.000013926948665032535
0.981	0.00001392974658063894
0.9815	0.000013932544849303558
0.982	0.000013935343470910716
0.9825	0.000013938142445344516
0.983	0.000013940941772488825
0.9835	0.00001394374145222728
0.984	0.000013946541484443287
0.9845	0.000013949341869020023
0.985	0.000013952142605840435
0.9855	0.000013954943694787235
0.986	0.000013957745135742908
0.9865	0.000013960546928589708
0.987	0.000013963349073209652
0.9875	0.000013966151569484534
0.988	0.000013968954417295905
0.9885	0.000013971757616525099
0.989	0.000013974561167053207
0.9895	0.00001397736506876109
0.99	0.00001398016932152938
0.9905	0.000013982973925238477
0.991	0.000013985778879768545
0.9915	0.000013988584184999519
0.992	0.0000139913898408111
0.9925	0.000013994195847082758
0.993	0.000013997002203693726
0.9935	0.000013999808910523011
0.994	0.00001400261596744938
0.9945	0.000014005423374351374
0.995	0.000014008231131107292
0.9955	0.000014011039237595208
0.996	0.000014013847693692962
0.9965	0.000014016656499278152
0.997	0.000014019465654228153
0.9975	0.0000140222751584201
0.998	0.000014025085011730896
0.9985	0.00001402789521403721
0.999	0.000014030705765215477
0.9995	0.000014033516665141896