0.	-8.009424203749151e-6
0.0005	-8.005397268015732e-6
0.001	-8.001370301989156e-6
0.0015	-7.997343313055157e-6
0.002	-7.993316302373092e-6
0.0025	-7.989289271102376e-6
0.003	-7.985262220402492e-6
0.0035	-7.98123515143297e-6
0.004	-7.977208065353397e-6
0.0045000000000000005	-7.973180963323407e-6
0.005	-7.969153846502684e-6
0.0055	-7.96512671605095e-6
0.006	-7.96109957312797e-6
0.006500000000000001	-7.957072418893541e-6
0.007	-7.953045254507496e-6
0.0075	-7.949018081129695e-6
0.008	-7.944990899920026e-6
0.0085	-7.940963712038397e-6
0.009000000000000001	-7.93693651864474e-6
0.0095	-7.932909320898996e-6
0.01	-7.928882119961125e-6
0.0105	-7.92485491699109e-6
0.011	-7.920827713148862e-6
0.0115	-7.916800509594422e-6
0.012	-7.912773308405775e-6
0.0125	-7.90874610798878e-6
0.013000000000000001	-7.904718912257513e-6
0.0135	-7.900691719476146e-6
0.014	-7.896664514848433e-6
0.0145	-7.892637317660597e-6
0.015	-7.888610129247487e-6
0.0155	-7.884582950943918e-6
0.016	-7.880555784084673e-6
0.0165	-7.876528630004493e-6
0.017	-7.872501490038083e-6
0.0175	-7.8684743655201e-6
0.018000000000000002	-7.864447257785146e-6
0.0185	-7.860420168167768e-6
0.019	-7.856393098002456e-6
0.0195	-7.852366048623635e-6
0.02	-7.848339021365658e-6
0.0205	-7.84431201756281e-6
0.021	-7.84028503854929e-6
0.021500000000000002	-7.836258085659222e-6
0.022	-7.832231160226644e-6
0.0225	-7.8282042635855e-6
0.023	-7.824177397069636e-6
0.0235	-7.820150562012803e-6
0.024	-7.816123759748646e-6
0.0245	-7.8120969916107e-6
0.025	-7.80807025893239e-6
0.025500000000000002	-7.804043563047023e-6
0.026000000000000002	-7.800016905287777e-6
0.0265	-7.795990286987716e-6
0.027	-7.791963538426711e-6
0.0275	-7.787936822294588e-6
0.028	-7.78391015272696e-6
0.0285	-7.77988353265586e-6
0.029	-7.775856965012974e-6
0.029500000000000002	-7.771830452729587e-6
0.03	-7.767803998736596e-6
0.0305	-7.763777605964467e-6
0.031	-7.759751277343223e-6
0.0315	-7.75572501580242e-6
0.032	-7.75169882427112e-6
0.0325	-7.747672705677885e-6
0.033	-7.743646662950737e-6
0.0335	-7.739620699017153e-6
0.034	-7.73559481680403e-6
0.0345	-7.731569019237676e-6
0.035	-7.727543309243778e-6
0.035500000000000004	-7.723517689747396e-6
0.036000000000000004	-7.71949216367292e-6
0.0365	-7.715466733944067e-6
0.037	-7.71144140348385e-6
0.0375	-7.707416175214566e-6
0.038	-7.703391052057766e-6
0.0385	-7.699366036934233e-6
0.039	-7.69534113276397e-6
0.0395	-7.691316342466175e-6
0.04	-7.687291731015746e-6
0.0405	-7.68326725715654e-6
0.041	-7.679242904665988e-6
0.0415	-7.675218675754776e-6
0.042	-7.671194572632911e-6
0.0425	-7.6671705975097e-6
0.043000000000000003	-7.663146752593753e-6
0.043500000000000004	-7.659123040092962e-6
0.044	-7.655099462214488e-6
0.0445	-7.651076021164754e-6
0.045	-7.647052719149428e-6
0.0455	-7.643029558373415e-6
0.046	-7.639006541040846e-6
0.0465	-7.634983669355055e-6
0.047	-7.630960945518587e-6
0.0475	-7.626938371733164e-6
0.048	-7.622915950199696e-6
0.0485	-7.61889368311824e-6
0.049	-7.614871572688021e-6
0.0495	-7.610849621107395e-6
0.05	-7.606827830573848e-6
0.0505	-7.602806203283988e-6
0.051000000000000004	-7.598784741433516e-6
0.051500000000000004	-7.594763447217236e-6
0.052000000000000005	-7.590742322829029e-6
0.0525	-7.5867213704618455e-6
0.053	-7.582700716637367e-6
0.0535	-7.5786803268190605e-6
0.054	-7.5746601126178206e-6
0.0545	-7.570640074361476e-6
0.055	-7.566620212377717e-6
0.0555	-7.562600526994042e-6
0.056	-7.558581018537841e-6
0.0565	-7.554561687336345e-6
0.057	-7.550542533716636e-6
0.0575	-7.546523558005639e-6
0.058	-7.54250476053014e-6
0.0585	-7.538486141616767e-6
0.059000000000000004	-7.534467701592001e-6
0.059500000000000004	-7.530449440782168e-6
0.06	-7.526431359513451e-6
0.0605	-7.522413458111876e-6
0.061	-7.518395736903317e-6
0.0615	-7.514378196213501e-6
0.062	-7.510360836367999e-6
0.0625	-7.506343657692234e-6
0.063	-7.502326660511472e-6
0.0635	-7.498309845150828e-6
0.064	-7.494293211935268e-6
0.0645	-7.4902767611896015e-6
0.065	-7.4862604932384884e-6
0.0655	-7.482244408406426e-6
0.066	-7.478228734364554e-6
0.0665	-7.474213635239545e-6
0.067	-7.470198712731117e-6
0.0675	-7.466183961757071e-6
0.068	-7.46216937723745e-6
0.0685	-7.458154954094198e-6
0.069	-7.454140687251472e-6
0.0695	-7.4501265716353535e-6
0.07	-7.446112602173824e-6
0.07050000000000001	-7.442098773796718e-6
0.07100000000000001	-7.438085081435642e-6
0.07150000000000001	-7.4340715200239165e-6
0.07200000000000001	-7.4300580844965225e-6
0.0725	-7.426044769790015e-6
0.073	-7.422031570842481e-6
0.0735	-7.418018482593462e-6
0.074	-7.4140054999838925e-6
0.0745	-7.409992617956039e-6
0.075	-7.405979831453437e-6
0.0755	-7.401967135420821e-6
0.076	-7.397954524804067e-6
0.0765	-7.393941994550125e-6
0.077	-7.3899295396069566e-6
0.0775	-7.38591715492347e-6
0.078	-7.3819048354494605e-6
0.0785	-7.377892576135539e-6
0.079	-7.373880305431746e-6
0.0795	-7.36986758617362e-6
0.08	-7.365854917458873e-6
0.0805	-7.361842299167315e-6
0.081	-7.357829731178763e-6
0.0815	-7.35381721337305e-6
0.082	-7.349804745630018e-6
0.0825	-7.345792327829538e-6
0.083	-7.341779959851483e-6
0.0835	-7.337767641575747e-6
0.084	-7.333755372882238e-6
0.0845	-7.329743153650877e-6
0.085	-7.325730983761601e-6
0.0855	-7.321718863094361e-6
0.08600000000000001	-7.317706791529124e-6
0.08650000000000001	-7.31369476894587e-6
0.08700000000000001	-7.309682795224595e-6
0.08750000000000001	-7.305670870245307e-6
0.088	-7.3016589938880324e-6
0.0885	-7.297647166032807e-6
0.089	-7.293635386559686e-6
0.0895	-7.289623655348733e-6
0.09	-7.285611972280037e-6
0.0905	-7.281600337233685e-6
0.091	-7.277588750089793e-6
0.0915	-7.273577210728484e-6
0.092	-7.2695657190298965e-6
0.0925	-7.265554270920943e-6
0.093	-7.261542869624801e-6
0.0935	-7.257531515706507e-6
0.094	-7.253520209086278e-6
0.0945	-7.24950894968435e-6
0.095	-7.245497737420963e-6
0.0955	-7.241486572216367e-6
0.096	-7.2374754539908206e-6
0.0965	-7.233464382664596e-6
0.097	-7.229453358157969e-6
0.0975	-7.225442380391229e-6
0.098	-7.22143144928467e-6
0.0985	-7.217420564758602e-6
0.099	-7.213409726733336e-6
0.0995	-7.209398935129199e-6
0.1	-7.205388189866521e-6
0.1005	-7.201377490865647e-6
0.101	-7.19736683804693e-6
0.1015	-7.193356231330727e-6
0.10200000000000001	-7.189345670637409e-6
0.10250000000000001	-7.185335155887358e-6
0.10300000000000001	-7.181324687000955e-6
0.10350000000000001	-7.1773142638986025e-6
0.10400000000000001	-7.1733038865007035e-6
0.1045	-7.169293554727672e-6
0.105	-7.1652832684999355e-6
0.1055	-7.161273048969867e-6
0.106	-7.1572628891459485e-6
0.1065	-7.1532527741319565e-6
0.107	-7.149242703537585e-6
0.1075	-7.145232676972579e-6
0.108	-7.14122269404672e-6
0.1085	-7.137212754369834e-6
0.109	-7.13320285755179e-6
0.1095	-7.129193003202495e-6
0.11	-7.125183190931901e-6
0.1105	-7.121173420350003e-6
0.111	-7.1171636910668274e-6
0.1115	-7.113154002692452e-6
0.112	-7.109144354836984e-6
0.1125	-7.105134747110575e-6
0.113	-7.101125179123419e-6
0.1135	-7.097115650485741e-6
0.114	-7.093106160807812e-6
0.1145	-7.089096709699932e-6
0.115	-7.085087296772446e-6
0.1155	-7.081077921635735e-6
0.116	-7.077068583900211e-6
0.1165	-7.07305928317633e-6
0.117	-7.069050019074577e-6
0.11750000000000001	-7.065040791205476e-6
0.11800000000000001	-7.061031599179588e-6
0.11850000000000001	-7.057022457670434e-6
0.11900000000000001	-7.0530133829927655e-6
0.11950000000000001	-7.049004342449828e-6
0.12	-7.044995335244128e-6
0.1205	-7.04098636057823e-6
0.121	-7.03697741765477e-6
0.1215	-7.0329685056764446e-6
0.122	-7.0289596238460094e-6
0.1225	-7.024950771366285e-6
0.123	-7.020941947440144e-6
0.1235	-7.0169331512705205e-6
0.124	-7.012924382060405e-6
0.1245	-7.008915639012835e-6
0.125	-7.004906921330904e-6
0.1255	-7.00089822821776e-6
0.126	-6.996889558876591e-6
0.1265	-6.992880912510641e-6
0.127	-6.9888722883231934e-6
0.1275	-6.984863685517579e-6
0.128	-6.9808551032971695e-6
0.1285	-6.976846540865377e-6
0.129	-6.972837997425655e-6
0.1295	-6.968829472181492e-6
0.13	-6.9648209643364195e-6
0.1305	-6.960812473093991e-6
0.131	-6.956803997657805e-6
0.1315	-6.952795540870785e-6
0.132	-6.948787183192221e-6
0.1325	-6.944778838128117e-6
0.133	-6.940770504112006e-6
0.1335	-6.9367621795774735e-6
0.134	-6.932753862958132e-6
0.1345	-6.928745552687636e-6
0.135	-6.924737247199656e-6
0.1355	-6.920728944927882e-6
0.136	-6.9167206443060196e-6
0.1365	-6.912712343767784e-6
0.137	-6.908704041746883e-6
0.1375	-6.9046957366770215e-6
0.138	-6.900687426991895e-6
0.1385	-6.89667911112518e-6
0.139	-6.892670787510526e-6
0.1395	-6.888662454581557e-6
0.14	-6.884654110771854e-6
0.1405	-6.880645754514961e-6
0.14100000000000001	-6.876637384244374e-6
0.14150000000000001	-6.872628998393528e-6
0.14200000000000002	-6.868620595395805e-6
0.14250000000000002	-6.864612173684511e-6
0.14300000000000002	-6.860603731692892e-6
0.14350000000000002	-6.856595267854099e-6
0.14400000000000002	-6.852586780601208e-6
0.1445	-6.848578268367202e-6
0.145	-6.844569691567343e-6
0.1455	-6.840561074900239e-6
0.146	-6.836552429315312e-6
0.1465	-6.832543753680616e-6
0.147	-6.8285350468641254e-6
0.1475	-6.824526307733726e-6
0.148	-6.820517535157209e-6
0.1485	-6.816508728002279e-6
0.149	-6.812499885136535e-6
0.1495	-6.808491005427478e-6
0.15	-6.804482087742502e-6
0.1505	-6.800473130948902e-6
0.151	-6.7964641339138565e-6
0.1515	-6.7924550955044285e-6
0.152	-6.788446014587567e-6
0.1525	-6.7844368900301006e-6
0.153	-6.780427720698739e-6
0.1535	-6.776418505460056e-6
0.154	-6.772409243180503e-6
0.1545	-6.768399932726398e-6
0.155	-6.764390572963918e-6
0.1555	-6.760381162759104e-6
0.156	-6.756371700977857e-6
0.1565	-6.752362186485927e-6
0.157	-6.748352618148921e-6
0.1575	-6.744342994832285e-6
0.158	-6.740333339291037e-6
0.1585	-6.736323652010913e-6
0.159	-6.732313905709664e-6
0.1595	-6.728304098820719e-6
0.16	-6.724294229777262e-6
0.1605	-6.720284297012246e-6
0.161	-6.716274298958369e-6
0.1615	-6.712264234048074e-6
0.162	-6.708254100713545e-6
0.1625	-6.704243897386697e-6
0.163	-6.70023362249917e-6
0.1635	-6.69622327448233e-6
0.164	-6.692212851767251e-6
0.1645	-6.6882023527847225e-6
0.165	-6.6841917759652286e-6
0.1655	-6.680181119738953e-6
0.166	-6.676170382535766e-6
0.1665	-6.672159562785227e-6
0.167	-6.668148658916567e-6
0.1675	-6.664137669358693e-6
0.168	-6.66012659254017e-6
0.1685	-6.656115426889227e-6
0.169	-6.6521041708337505e-6
0.1695	-6.64809282280126e-6
0.17	-6.644081381218922e-6
0.1705	-6.640069844513544e-6
0.171	-6.63605820677904e-6
0.1715	-6.632046454903855e-6
0.17200000000000001	-6.628034603396205e-6
0.17250000000000001	-6.62402265085763e-6
0.17300000000000001	-6.620010595889322e-6
0.17350000000000002	-6.6159984370921114e-6
0.17400000000000002	-6.6119861730664736e-6
0.17450000000000002	-6.6079738024125115e-6
0.17500000000000002	-6.603961323729964e-6
0.17550000000000002	-6.59994873561819e-6
0.176	-6.595936036676166e-6
0.1765	-6.591923225502488e-6
0.177	-6.587910300695356e-6
0.1775	-6.583897260852577e-6
0.178	-6.579884104571562e-6
0.1785	-6.575870830449302e-6
0.179	-6.571857437082395e-6
0.1795	-6.567843923067012e-6
0.18	-6.563830286998909e-6
0.1805	-6.559816527473414e-6
0.181	-6.5558026430854245e-6
0.1815	-6.551788632429405e-6
0.182	-6.547774494099377e-6
0.1825	-6.543760226688919e-6
0.183	-6.539745828791155e-6
0.1835	-6.535731298998763e-6
0.184	-6.5317166359039484e-6
0.1845	-6.5277019573276616e-6
0.185	-6.523687146177308e-6
0.1855	-6.519672195390179e-6
0.186	-6.515657102475784e-6
0.1865	-6.51164186494276e-6
0.187	-6.507626480298847e-6
0.1875	-6.503610946050876e-6
0.188	-6.499595259704751e-6
0.1885	-6.495579418765435e-6
0.189	-6.491563420736935e-6
0.1895	-6.487547263122282e-6
0.19	-6.483530943423521e-6
0.1905	-6.479514459141693e-6
0.191	-6.475497807776813e-6
0.1915	-6.4714809868278714e-6
0.192	-6.467463993792794e-6
0.1925	-6.46344682616845e-6
0.193	-6.459429481450621e-6
0.1935	-6.4554119571339855e-6
0.194	-6.451394250712117e-6
0.1945	-6.447376359677447e-6
0.195	-6.443358281521271e-6
0.1955	-6.439340013733713e-6
0.196	-6.435321553803722e-6
0.1965	-6.431302899219058e-6
0.197	-6.42728404746626e-6
0.1975	-6.423265030610217e-6
0.198	-6.419245823709518e-6
0.1985	-6.415226411386738e-6
0.199	-6.41120679071217e-6
0.1995	-6.407186958754601e-6
0.2	-6.403166912581271e-6
0.2005	-6.399146649257877e-6
0.201	-6.395126165848541e-6
0.2015	-6.3911054594157866e-6
0.202	-6.387084527020509e-6
0.2025	-6.383063365721976e-6
0.203	-6.379041972577778e-6
0.20350000000000001	-6.375020344643831e-6
0.20400000000000001	-6.370998478974338e-6
0.20450000000000002	-6.366976372621775e-6
0.20500000000000002	-6.362954022636865e-6
0.20550000000000002	-6.358931426068557e-6
0.20600000000000002	-6.354908579964007e-6
0.20650000000000002	-6.350885481368548e-6
0.20700000000000002	-6.346862127325681e-6
0.20750000000000002	-6.342838514877035e-6
0.20800000000000002	-6.338814641062364e-6
0.2085	-6.334790502919508e-6
0.209	-6.33076609748438e-6
0.2095	-6.3267414217909426e-6
0.21	-6.322716472871183e-6
0.2105	-6.318690554378724e-6
0.211	-6.314663776495418e-6
0.2115	-6.310636733512175e-6
0.212	-6.306609433686313e-6
0.2125	-6.3025818852800095e-6
0.213	-6.2985540965616985e-6
0.2135	-6.294526075803744e-6
0.214	-6.2904978312835956e-6
0.2145	-6.286469371283308e-6
0.215	-6.282440704089376e-6
0.2155	-6.2784118379925705e-6
0.216	-6.27438278128776e-6
0.2165	-6.2703535422737445e-6
0.217	-6.266324129253086e-6
0.2175	-6.2622945505319385e-6
0.218	-6.2582648144198746e-6
0.2185	-6.254234929229722e-6
0.219	-6.250204903277378e-6
0.2195	-6.246174744881656e-6
0.22	-6.242144462364102e-6
0.2205	-6.238114064048831e-6
0.221	-6.234083558262343e-6
0.2215	-6.2300529533333665e-6
0.222	-6.226022257592679e-6
0.2225	-6.221991479372934e-6
0.223	-6.217960627008493e-6
0.2235	-6.213929930735495e-6
0.224	-6.209899513786163e-6
0.2245	-6.205869040848362e-6
0.225	-6.201838515331087e-6
0.2255	-6.197807940643776e-6
0.226	-6.193777320196297e-6
0.2265	-6.18974665739889e-6
0.227	-6.185715955662164e-6
0.2275	-6.181685218397053e-6
0.228	-6.177654449014787e-6
0.2285	-6.17362365092688e-6
0.229	-6.169592827545076e-6
0.2295	-6.165561982281341e-6
0.23	-6.161531118547828e-6
0.2305	-6.157500239756839e-6
0.231	-6.1534693493208045e-6
0.2315	-6.14943845065226e-6
0.232	-6.145407547163805e-6
0.2325	-6.141376642268087e-6
0.233	-6.137345739377752e-6
0.2335	-6.133314841905442e-6
0.234	-6.129283953263746e-6
0.23450000000000001	-6.125253076865182e-6
0.23500000000000001	-6.1212222161221625e-6
0.23550000000000001	-6.117191374446969e-6
0.23600000000000002	-6.113160555251717e-6
0.23650000000000002	-6.109129797005241e-6
0.23700000000000002	-6.105099167557566e-6
0.23750000000000002	-6.101068569328444e-6
0.23800000000000002	-6.097038004543565e-6
0.23850000000000002	-6.0930074754284395e-6
0.23900000000000002	-6.088976984208375e-6
0.23950000000000002	-6.084946533108475e-6
0.24	-6.080916124353618e-6
0.2405	-6.076885760168449e-6
0.241	-6.072855442777366e-6
0.2415	-6.068825174404513e-6
0.242	-6.0647949572737595e-6
0.2425	-6.060764793608697e-6
0.243	-6.056734685632611e-6
0.2435	-6.0527046355684934e-6
0.244	-6.048674645639006e-6
0.2445	-6.044644718066484e-6
0.245	-6.040614855072919e-6
0.2455	-6.036585058879941e-6
0.246	-6.032555331708818e-6
0.2465	-6.028525675780434e-6
0.247	-6.02449609331528e-6
0.2475	-6.020466586533438e-6
0.248	-6.016437157654585e-6
0.2485	-6.0124078088979555e-6
0.249	-6.0083785424823465e-6
0.2495	-6.004349393955983e-6
0.25	-6.000320578209599e-6
0.2505	-5.996291848690841e-6
0.251	-5.992263205160663e-6
0.2515	-5.9882346473800795e-6
0.252	-5.984206175110154e-6
0.2525	-5.980177788111982e-6
0.253	-5.976149486146726e-6
0.2535	-5.972121268975595e-6
0.254	-5.968093136359849e-6
0.2545	-5.964065088060793e-6
0.255	-5.960037123839785e-6
0.2555	-5.956009243458231e-6
0.256	-5.951981446677588e-6
0.2565	-5.947953733259358e-6
0.257	-5.943926102965097e-6
0.2575	-5.939898555556404e-6
0.258	-5.935871090794931e-6
0.2585	-5.931843708442376e-6
0.259	-5.927816408260487e-6
0.2595	-5.923789190011057e-6
0.26	-5.9197620534559315e-6
0.2605	-5.915734998357e-6
0.261	-5.911708024476202e-6
0.2615	-5.907681131575522e-6
0.262	-5.903654319416994e-6
0.2625	-5.8996275877626986e-6
0.263	-5.895600890898599e-6
0.2635	-5.891574272747557e-6
0.264	-5.887547735203377e-6
0.2645	-5.883521278442374e-6
0.265	-5.8794949026408276e-6
0.2655	-5.875468607974981e-6
0.266	-5.87144239462104e-6
0.2665	-5.867416262755176e-6
0.267	-5.863390212553526e-6
0.2675	-5.859364244192188e-6
0.268	-5.8553383578472225e-6
0.2685	-5.851312553694658e-6
0.269	-5.8472868319104834e-6
0.2695	-5.843261192670652e-6
0.27	-5.839235636151083e-6
0.2705	-5.83521016252765e-6
0.271	-5.831184771976202e-6
0.2715	-5.827159464672543e-6
0.272	-5.8231342407924416e-6
0.2725	-5.819109100511633e-6
0.273	-5.8150840440058095e-6
0.2735	-5.811059071450634e-6
0.274	-5.807034183021721e-6
0.2745	-5.803009378894662e-6
0.275	-5.7989846592449994e-6
0.2755	-5.794960024248239e-6
0.276	-5.790935601357093e-6
0.2765	-5.7869112952745475e-6
0.277	-5.782887071842276e-6
0.2775	-5.778862929832488e-6
0.278	-5.7748388680176455e-6
0.2785	-5.7708148851704395e-6
0.279	-5.766790980063817e-6
0.2795	-5.762767151470957e-6
0.28	-5.7587433981652685e-6
0.2805	-5.754719718920398e-6
0.281	-5.750696112510203e-6
0.28150000000000003	-5.746672577708773e-6
0.28200000000000003	-5.742649113290416e-6
0.28250000000000003	-5.73862571802965e-6
0.28300000000000003	-5.734602390701202e-6
0.28350000000000003	-5.730579130080011e-6
0.28400000000000003	-5.726555934941211e-6
0.28450000000000003	-5.722532804060146e-6
0.28500000000000003	-5.718509736212345e-6
0.28550000000000003	-5.714486730173534e-6
0.28600000000000003	-5.710463784719626e-6
0.28650000000000003	-5.706440898626717e-6
0.28700000000000003	-5.702418070671086e-6
0.28750000000000003	-5.698395299629185e-6
0.28800000000000003	-5.694372584277641e-6
0.2885	-5.690349923393248e-6
0.289	-5.686327368834854e-6
0.2895	-5.682304899623689e-6
0.29	-5.6782824799830495e-6
0.2905	-5.6742601079304075e-6
0.291	-5.670237781483452e-6
0.2915	-5.666215498660111e-6
0.292	-5.662193257478516e-6
0.2925	-5.658171055957012e-6
0.293	-5.654148892114134e-6
0.2935	-5.650126763968605e-6
0.294	-5.6461046695393244e-6
0.2945	-5.642082606845354e-6
0.295	-5.638060573905919e-6
0.2955	-5.634038568740382e-6
0.296	-5.63001658936825e-6
0.2965	-5.625994633809152e-6
0.297	-5.621972700082839e-6
0.2975	-5.617950786209163e-6
0.298	-5.613928890208079e-6
0.2985	-5.609907010099629e-6
0.299	-5.6058851439039315e-6
0.2995	-5.601863289641174e-6
0.3	-5.597841445331604e-6
0.3005	-5.59381960899552e-6
0.301	-5.5897977786532534e-6
0.3015	-5.58577595232517e-6
0.302	-5.581754318719466e-6
0.3025	-5.577732948303077e-6
0.303	-5.5737115703122705e-6
0.3035	-5.569690178784854e-6
0.304	-5.565668767758429e-6
0.3045	-5.561647331270306e-6
0.305	-5.5576258633574355e-6
0.3055	-5.5536043580562815e-6
0.306	-5.5495828094027625e-6
0.3065	-5.545561211432156e-6
0.307	-5.541539558179002e-6
0.3075	-5.537517843677025e-6
0.308	-5.533496061959039e-6
0.3085	-5.529474207056867e-6
0.309	-5.525452273001237e-6
0.3095	-5.521430253821706e-6
0.31	-5.517408143546572e-6
0.3105	-5.513385936202772e-6
0.311	-5.509363625815814e-6
0.3115	-5.505341206409664e-6
0.312	-5.501318672006678e-6
0.3125	-5.497296016627503e-6
0.313	-5.493273234290985e-6
0.3135	-5.489250319014088e-6
0.314	-5.4852272648117975e-6
0.3145	-5.4812040656970395e-6
0.315	-5.4771807203043425e-6
0.3155	-5.47315723380845e-6
0.316	-5.469133584208458e-6
0.3165	-5.465109765329014e-6
0.317	-5.461085770992176e-6
0.3175	-5.457061595017316e-6
0.318	-5.453037231221006e-6
0.3185	-5.449012673416953e-6
0.319	-5.444987915415885e-6
0.3195	-5.440962951025451e-6
0.32	-5.4369377740501405e-6
0.3205	-5.432912378291168e-6
0.321	-5.428886757546402e-6
0.3215	-5.424860905610242e-6
0.322	-5.420834816273541e-6
0.3225	-5.416808483323498e-6
0.323	-5.412781900543567e-6
0.3235	-5.408755061713359e-6
0.324	-5.40472796060854e-6
0.3245	-5.400700591000741e-6
0.325	-5.396672946657457e-6
0.3255	-5.3926450213419485e-6
0.326	-5.388616808813144e-6
0.3265	-5.38458830282554e-6
0.327	-5.3805594971291096e-6
0.3275	-5.376530385469196e-6
0.328	-5.372501021439484e-6
0.3285	-5.3684722786843534e-6
0.329	-5.364443202104512e-6
0.3295	-5.360413776638035e-6
0.33	-5.356383987209993e-6
0.3305	-5.352353818732057e-6
0.331	-5.348323256101208e-6
0.3315	-5.34429228420024e-6
0.332	-5.340260887896477e-6
0.3325	-5.336229052041382e-6
0.333	-5.332196761469966e-6
0.3335	-5.328164001000212e-6
0.334	-5.324130755432509e-6
0.3345	-5.320097009549045e-6
0.335	-5.316062748113242e-6
0.3355	-5.312027955869161e-6
0.336	-5.307992617540918e-6
0.3365	-5.303956717832089e-6
0.337	-5.299920241425124e-6
0.3375	-5.295883172980742e-6
0.338	-5.291845497137345e-6
0.3385	-5.287807198510408e-6
0.339	-5.283768261691888e-6
0.3395	-5.279728671249611e-6
0.34	-5.275688411726667e-6
0.3405	-5.271647467640802e-6
0.341	-5.267605823483801e-6
0.3415	-5.263559632667668e-6
0.342	-5.2595125303547075e-6
0.3425	-5.2554647489672425e-6
0.343	-5.251416308835084e-6
0.3435	-5.247367230307548e-6
0.34400000000000003	-5.243317533804164e-6
0.34450000000000003	-5.239267239741757e-6
0.34500000000000003	-5.235216368577736e-6
0.34550000000000003	-5.23116494079885e-6
0.34600000000000003	-5.227112976920174e-6
0.34650000000000003	-5.223060497484087e-6
0.34700000000000003	-5.219007523059244e-6
0.34750000000000003	-5.214954074239548e-6
0.34800000000000003	-5.210900171643116e-6
0.34850000000000003	-5.206845835911245e-6
0.34900000000000003	-5.202791087707372e-6
0.34950000000000003	-5.198735947716026e-6
0.35000000000000003	-5.194680436641789e-6
0.35050000000000003	-5.190624575208239e-6
0.35100000000000003	-5.186568384156913e-6
0.35150000000000003	-5.182511884246229e-6
0.352	-5.178455096250461e-6
0.3525	-5.1743980409586495e-6
0.353	-5.170340739173555e-6
0.3535	-5.1662832117106015e-6
0.354	-5.162225479396797e-6
0.3545	-5.158168522762635e-6
0.355	-5.1541114389743984e-6
0.3555	-5.150054195472673e-6
0.356	-5.1459968041485656e-6
0.3565	-5.141939276897518e-6
0.357	-5.1378816256189195e-6
0.3575	-5.13382386221589e-6
0.358	-5.129765998594782e-6
0.3585	-5.125708046664898e-6
0.359	-5.121650018338143e-6
0.3595	-5.117591925528651e-6
0.36	-5.11353378015246e-6
0.3605	-5.10947559412715e-6
0.361	-5.105417379371492e-6
0.3615	-5.101359147805103e-6
0.362	-5.097300911348092e-6
0.3625	-5.093242681920715e-6
0.363	-5.089184471443019e-6
0.3635	-5.085126289272481e-6
0.364	-5.081068155013722e-6
0.3645	-5.077010072898033e-6
0.365	-5.072952057403145e-6
0.3655	-5.068894120442826e-6
0.366	-5.0648362739285336e-6
0.3665	-5.060778529769073e-6
0.367	-5.05672089987024e-6
0.3675	-5.052663986961783e-6
0.368	-5.048607210116594e-6
0.3685	-5.044550572603591e-6
0.369	-5.040494081016864e-6
0.3695	-5.036437741948121e-6
0.37	-5.032381561986738e-6
0.3705	-5.028325547719119e-6
0.371	-5.024269705729313e-6
0.3715	-5.02021404259847e-6
0.372	-5.016158564904828e-6
0.3725	-5.012103279223615e-6
0.373	-5.008048192126943e-6
0.3735	-5.003993310183692e-6
0.374	-4.999938639959418e-6
0.3745	-4.99588418801624e-6
0.375	-4.991829960912733e-6
0.3755	-4.987775965203825e-6
0.376	-4.983722207440696e-6
0.3765	-4.979668694170671e-6
0.377	-4.975615431937105e-6
0.3775	-4.971562427279299e-6
0.378	-4.9675096867323736e-6
0.3785	-4.9634572168271825e-6
0.379	-4.959405024090199e-6
0.3795	-4.955353115043411e-6
0.38	-4.951301500350216e-6
0.3805	-4.9472505216269615e-6
0.381	-4.943199842967155e-6
0.3815	-4.939149467823507e-6
0.382	-4.935099399646125e-6
0.3825	-4.931049641882471e-6
0.383	-4.9270001979775855e-6
0.3835	-4.922951071373129e-6
0.384	-4.918902265508668e-6
0.3845	-4.91485378382082e-6
0.385	-4.910805629743422e-6
0.3855	-4.9067578067075e-6
0.386	-4.90271031814124e-6
0.3865	-4.89866316746997e-6
0.387	-4.894616358116116e-6
0.3875	-4.890569893499185e-6
0.388	-4.886523777035738e-6
0.3885	-4.8824780121393536e-6
0.389	-4.8784326022206056e-6
0.3895	-4.874387550687043e-6
0.39	-4.870342860943146e-6
0.3905	-4.8662985363903146e-6
0.391	-4.862254580426828e-6
0.3915	-4.8582109964478306e-6
0.392	-4.854167787845293e-6
0.3925	-4.850124958007991e-6
0.393	-4.846082510321477e-6
0.3935	-4.8420412436229285e-6
0.394	-4.838000374669283e-6
0.3945	-4.833959883570332e-6
0.395	-4.829919766537052e-6
0.3955	-4.82588001978388e-6
0.396	-4.821840639528674e-6
0.3965	-4.817801621993869e-6
0.397	-4.81376296340186e-6
0.3975	-4.809724659981544e-6
0.398	-4.805686707964094e-6
0.3985	-4.801649103583922e-6
0.399	-4.797611843078639e-6
0.3995	-4.793574922689029e-6
0.4	-4.789538338658997e-6
0.4005	-4.785502087235547e-6
0.401	-4.7814661646687405e-6
0.4015	-4.777430567211656e-6
0.402	-4.7733952911203616e-6
0.4025	-4.769360332653874e-6
0.403	-4.765325688074122e-6
0.4035	-4.7612913536459184e-6
0.404	-4.757257325636912e-6
0.4045	-4.7532236003175625e-6
0.405	-4.749190173961101e-6
0.4055	-4.745157042843497e-6
0.406	-4.741124203243417e-6
0.40650000000000003	-4.737091179145771e-6
0.40700000000000003	-4.733058381073057e-6
0.40750000000000003	-4.729025872340827e-6
0.40800000000000003	-4.724993653935722e-6
0.40850000000000003	-4.7209617268436555e-6
0.40900000000000003	-4.7169300920498e-6
0.40950000000000003	-4.712898750538348e-6
0.41000000000000003	-4.708867703293476e-6
0.41050000000000003	-4.704836951297918e-6
0.41100000000000003	-4.700806495533889e-6
0.41150000000000003	-4.696776336982855e-6
0.41200000000000003	-4.692746476625539e-6
0.41250000000000003	-4.688716915441913e-6
0.41300000000000003	-4.684687654411194e-6
0.41350000000000003	-4.680658694511848e-6
0.41400000000000003	-4.676630036721585e-6
0.41450000000000004	-4.672601682017355e-6
0.41500000000000004	-4.668573631375346e-6
0.41550000000000004	-4.664545885770987e-6
0.41600000000000004	-4.660518446178939e-6
0.4165	-4.6564913135731e-6
0.417	-4.652464488926599e-6
0.4175	-4.648437973211788e-6
0.418	-4.644411767400252e-6
0.4185	-4.6403858724627985e-6
0.419	-4.636360289369461e-6
0.4195	-4.632335790208952e-6
0.42	-4.628311871441579e-6
0.4205	-4.624288251282744e-6
0.421	-4.620264921563e-6
0.4215	-4.616241874118772e-6
0.422	-4.612219100792196e-6
0.4225	-4.608196593431984e-6
0.423	-4.604174343889243e-6
0.4235	-4.600152344023092e-6
0.424	-4.59613058569681e-6
0.4245	-4.592109060778551e-6
0.425	-4.58808776114117e-6
0.4255	-4.5840666786620675e-6
0.426	-4.580045805223018e-6
0.4265	-4.576025132710004e-6
0.427	-4.5720046530130615e-6
0.4275	-4.567984358026103e-6
0.428	-4.563964239646758e-6
0.4285	-4.5599442897762136e-6
0.429	-4.5559245003190386e-6
0.4295	-4.551904863183039e-6
0.43	-4.547885370279075e-6
0.4305	-4.5438660135209076e-6
0.431	-4.539846784825035e-6
0.4315	-4.535827676110532e-6
0.432	-4.5318086792988775e-6
0.4325	-4.5277899810186305e-6
0.433	-4.523771542843374e-6
0.4335	-4.51975318747549e-6
0.434	-4.515734903697958e-6
0.4345	-4.5117166802957575e-6
0.435	-4.507698506055552e-6
0.4355	-4.503680369765389e-6
0.436	-4.499662260214335e-6
0.4365	-4.495644166192244e-6
0.437	-4.49162607648939e-6
0.4375	-4.487607979896165e-6
0.438	-4.483589865202774e-6
0.4385	-4.479571721198912e-6
0.439	-4.475553536673457e-6
0.4395	-4.471535300414157e-6
0.44	-4.467517001207316e-6
0.4405	-4.463498627837484e-6
0.441	-4.4594801690871425e-6
0.4415	-4.45546161373638e-6
0.442	-4.451442950562601e-6
0.4425	-4.447424168340189e-6
0.443	-4.443405255840212e-6
0.4435	-4.439386201830094e-6
0.444	-4.435366995073306e-6
0.4445	-4.431347624329055e-6
0.445	-4.427328078351959e-6
0.4455	-4.42330904415072e-6
0.446	-4.419291262162484e-6
0.4465	-4.415273246621878e-6
0.447	-4.4112549674699375e-6
0.4475	-4.407236394627979e-6
0.448	-4.40321749799535e-6
0.4485	-4.399198247447156e-6
0.449	-4.39517861283119e-6
0.4495	-4.391158563968556e-6
0.45	-4.387138070647533e-6
0.4505	-4.383117102623572e-6
0.451	-4.37909562961649e-6
0.4515	-4.3750736213081825e-6
0.452	-4.371051047340301e-6
0.4525	-4.36702787731194e-6
0.453	-4.363004080777319e-6
0.4535	-4.358979627243429e-6
0.454	-4.354954486167706e-6
0.4545	-4.350928626955666e-6
0.455	-4.346902018958542e-6
0.4555	-4.342874631470896e-6
0.456	-4.3388464337282426e-6
0.4565	-4.334817394904629e-6
0.457	-4.330787484110238e-6
0.4575	-4.326756670388941e-6
0.458	-4.322724922715862e-6
0.4585	-4.318692549038347e-6
0.459	-4.3146612314001325e-6
0.4595	-4.310628864107646e-6
0.46	-4.306595394793486e-6
0.4605	-4.302560770948171e-6
0.461	-4.2985249399131425e-6
0.4615	-4.294487848873675e-6
0.462	-4.290449444873676e-6
0.4625	-4.286409674724661e-6
0.463	-4.2823684851186555e-6
0.4635	-4.278325822544428e-6
0.464	-4.274281633298321e-6
0.4645	-4.270235863476791e-6
0.465	-4.266188458968885e-6
0.4655	-4.262139365448617e-6
0.466	-4.258088528367287e-6
0.4665	-4.254035892945707e-6
0.467	-4.2499814041663326e-6
0.4675	-4.245925006765317e-6
0.468	-4.241866645224466e-6
0.4685	-4.237806263763088e-6
0.46900000000000003	-4.233743806329758e-6
0.46950000000000003	-4.229679216593969e-6
0.47000000000000003	-4.225612437937665e-6
0.47050000000000003	-4.221543413446697e-6
0.47100000000000003	-4.2174720859021105e-6
0.47150000000000003	-4.213396467818907e-6
0.47200000000000003	-4.209305160891894e-6
0.47250000000000003	-4.2052115054617106e-6
0.47300000000000003	-4.201115581538385e-6
0.47350000000000003	-4.197017469586155e-6
0.47400000000000003	-4.192917250509053e-6
0.47450000000000003	-4.18881500563624e-6
0.47500000000000003	-4.184710815452755e-6
0.47550000000000003	-4.180604764423956e-6
0.47600000000000003	-4.176496934013282e-6
0.47650000000000003	-4.1723874071052225e-6
0.47700000000000004	-4.168276266931543e-6
0.47750000000000004	-4.16416359705505e-6
0.47800000000000004	-4.160049481353175e-6
0.47850000000000004	-4.155934004001359e-6
0.47900000000000004	-4.15181724945629e-6
0.47950000000000004	-4.1476993024389514e-6
0.48	-4.143580247917564e-6
0.4805	-4.139460171090317e-6
0.481	-4.135339157368039e-6
0.4815	-4.1312172923566966e-6
0.482	-4.12709466183979e-6
0.4825	-4.1229713517606645e-6
0.483	-4.118847448204702e-6
0.4835	-4.114723037381452e-6
0.484	-4.110598205606667e-6
0.4845	-4.106474778122602e-6
0.485	-4.102352773342273e-6
0.4855	-4.0982305598833355e-6
0.486	-4.094108192553396e-6
0.4865	-4.08998572618052e-6
0.487	-4.085863215605968e-6
0.4875	-4.081740715676897e-6
0.488	-4.077618281240693e-6
0.4885	-4.0734959671332005e-6
0.489	-4.0693738281761616e-6
0.4895	-4.0652519191675436e-6
0.49	-4.061130294874744e-6
0.4905	-4.057009010027314e-6
0.491	-4.052888119309723e-6
0.4915	-4.048767677354106e-6
0.492	-4.044647738733053e-6
0.4925	-4.040528357952414e-6
0.493	-4.036409589444135e-6
0.4935	-4.032291487559107e-6
0.494	-4.028174106560056e-6
0.4945	-4.024057500614461e-6
0.495	-4.019941723787522e-6
0.4955	-4.01582683003513e-6
0.496	-4.011712873196921e-6
0.4965	-4.0075999069893445e-6
0.497	-4.003487984998772e-6
0.4975	-3.999379583543297e-6
0.498	-3.995272478371599e-6
0.4985	-3.991166529292807e-6
0.499	-3.987061765657492e-6
0.4995	-3.982958216730153e-6
0.5	-3.978855911687254e-6
0.5005000000000001	-3.9747548796152694e-6
0.501	-3.970655149508757e-6
0.5015000000000001	-3.96655675036341e-6
0.502	-3.962459710810893e-6
0.5025000000000001	-3.958364059637113e-6
0.503	-3.9542698254496e-6
0.5035000000000001	-3.950177036754507e-6
0.504	-3.9460857219548285e-6
0.5045000000000001	-3.941995909348559e-6
0.505	-3.9379076271269404e-6
0.5055000000000001	-3.933820903372695e-6
0.506	-3.9297357660582845e-6
0.5065000000000001	-3.925652243044192e-6
0.507	-3.921570362077235e-6
0.5075000000000001	-3.917490150788866e-6
0.508	-3.913411636693557e-6
0.5085000000000001	-3.909334847187142e-6
0.509	-3.9052598095452155e-6
0.5095000000000001	-3.90118655092155e-6
0.51	-3.897115308976103e-6
0.5105000000000001	-3.893046819178995e-6
0.511	-3.888980175554979e-6
0.5115000000000001	-3.884915394655991e-6
0.512	-3.880852492952478e-6
0.5125	-3.876791486832891e-6
0.513	-3.872732392603225e-6
0.5135	-3.8686752264865396e-6
0.514	-3.864620004622497e-6
0.5145	-3.860566743159888e-6
0.515	-3.856515457896194e-6
0.5155	-3.85246616479877e-6
0.516	-3.848418879669075e-6
0.5165	-3.8443736182230015e-6
0.517	-3.840330396090459e-6
0.5175	-3.836289228814989e-6
0.518	-3.83225013185337e-6
0.5185	-3.828213120575247e-6
0.519	-3.824178210262757e-6
0.5195	-3.8201454161101775e-6
0.52	-3.816114753223569e-6
0.5205	-3.812086236620446e-6
0.521	-3.808059881229433e-6
0.5215	-3.8040357018899514e-6
0.522	-3.800013713351908e-6
0.5225	-3.795993930275386e-6
0.523	-3.7919765107973286e-6
0.5235	-3.787962232698597e-6
0.524	-3.7839501913279343e-6
0.5245	-3.779940391868642e-6
0.525	-3.775932839464671e-6
0.5255	-3.771927539220659e-6
0.526	-3.767924496202001e-6
0.5265	-3.7639237154348936e-6
0.527	-3.7599252019063947e-6
0.5275	-3.755928960689702e-6
0.528	-3.7519349964574477e-6
0.5285	-3.747943314189673e-6
0.529	-3.7439539187172882e-6
0.5295	-3.7399668148323732e-6
0.53	-3.735982007288234e-6
0.5305	-3.7319995007994702e-6
0.531	-3.728019300042049e-6
0.5315	-3.7240414096533665e-6
0.532	-3.720065834232321e-6
0.5325	-3.716092578339384e-6
0.533	-3.712121646496673e-6
0.5335	-3.708153043188026e-6
0.534	-3.7041867728590717e-6
0.5345	-3.7002228399173177e-6
0.535	-3.696261248732203e-6
0.5355	-3.692302003635206e-6
0.536	-3.6883451089199016e-6
0.5365	-3.6843910155655838e-6
0.537	-3.6804394639304954e-6
0.5375	-3.676490265093296e-6
0.538	-3.672543417897305e-6
0.5385	-3.668598921180231e-6
0.539	-3.664656773774211e-6
0.5395	-3.6607169745058556e-6
0.54	-3.6567795221962744e-6
0.5405	-3.6528444157361693e-6
0.541	-3.6489116537938013e-6
0.5415	-3.6449812352401585e-6
0.542	-3.6410531588746508e-6
0.5425	-3.637127423491386e-6
0.543	-3.6332040278791856e-6
0.5435	-3.629282970821643e-6
0.544	-3.6253642510971416e-6
0.5445	-3.621447867478905e-6
0.545	-3.617533818735022e-6
0.5455	-3.613622103628494e-6
0.546	-3.6097127209172557e-6
0.5465	-3.6058056693542253e-6
0.547	-3.601900947687328e-6
0.5475	-3.597998554659548e-6
0.548	-3.594098489008937e-6
0.5485	-3.590200749468678e-6
0.549	-3.586305334767099e-6
0.5495	-3.58241224362772e-6
0.55	-3.5785222578334862e-6
0.5505	-3.5746347235918807e-6
0.551	-3.5707494935173273e-6
0.5515	-3.566866558869711e-6
0.552	-3.562985910948426e-6
0.5525	-3.559107541092105e-6
0.553	-3.5552314406783383e-6
0.5535	-3.551357601123416e-6
0.554	-3.5474860139757615e-6
0.5545	-3.5436166705493474e-6
0.555	-3.5397495624589874e-6
0.5555	-3.5358846812729963e-6
0.556	-3.5320220185970666e-6
0.5565	-3.5281615660740147e-6
0.557	-3.5243033153835155e-6
0.5575	-3.520447258241872e-6
0.558	-3.5165933864017357e-6
0.5585	-3.5127416916518863e-6
0.559	-3.508892165816971e-6
0.5595	-3.505044800757263e-6
0.56	-3.5011995883684193e-6
0.5605	-3.4973565205812416e-6
0.561	-3.493515589361445e-6
0.5615	-3.489676786709414e-6
0.562	-3.485840104659964e-6
0.5625	-3.4820055352821265e-6
0.5630000000000001	-3.4781730706789053e-6
0.5635	-3.474342862768966e-6
0.5640000000000001	-3.470514868865022e-6
0.5645	-3.466688952255643e-6
0.5650000000000001	-3.462865102932636e-6
0.5655	-3.459043310932721e-6
0.5660000000000001	-3.4552235663371756e-6
0.5665	-3.4514058592714998e-6
0.5670000000000001	-3.447590179920281e-6
0.5675	-3.4437765184674683e-6
0.5680000000000001	-3.4399648651826267e-6
0.5685	-3.4361552103646767e-6
0.5690000000000001	-3.432347544355056e-6
0.5695	-3.4285418575374013e-6
0.5700000000000001	-3.424738140337204e-6
0.5705	-3.4209363832215018e-6
0.5710000000000001	-3.4171365766985464e-6
0.5715	-3.413338711317497e-6
0.5720000000000001	-3.4095427776680953e-6
0.5725	-3.4057487663803575e-6
0.5730000000000001	-3.401956668124261e-6
0.5735	-3.3981664736094433e-6
0.5740000000000001	-3.394378173584896e-6
0.5745	-3.3905917588386576e-6
0.5750000000000001	-3.3868072201975203e-6
0.5755	-3.38302454852673e-6
0.5760000000000001	-3.3792437347296988e-6
0.5765	-3.375464769747705e-6
0.577	-3.3716876445596087e-6
0.5775	-3.3679116531768776e-6
0.578	-3.3641373697905795e-6
0.5785	-3.360364912174686e-6
0.579	-3.3565942776892808e-6
0.5795	-3.352825463700814e-6
0.58	-3.349058467566585e-6
0.5805	-3.345293286694912e-6
0.581	-3.3415299184578e-6
0.5815	-3.33776836024691e-6
0.582	-3.334008609460152e-6
0.5825	-3.3302506635016616e-6
0.583	-3.3264945197817898e-6
0.5835	-3.3227401757170686e-6
0.584	-3.3189876287301944e-6
0.5845	-3.315236876250019e-6
0.585	-3.3114879157115105e-6
0.5855	-3.3077407445557422e-6
0.586	-3.3039953602298785e-6
0.5865	-3.300251760187141e-6
0.587	-3.2965099418867987e-6
0.5875	-3.2927699027941454e-6
0.588	-3.2890316403804815e-6
0.5885	-3.285295152123081e-6
0.589	-3.2815604355051935e-6
0.5895	-3.277827488016007e-6
0.59	-3.2740963071506414e-6
0.5905	-3.2703668904101114e-6
0.591	-3.2666392353013264e-6
0.5915	-3.2629142714381726e-6
0.592	-3.2591913334467615e-6
0.5925	-3.2554701319229845e-6
0.593	-3.251750655421689e-6
0.5935	-3.248032892523082e-6
0.594	-3.244316831874288e-6
0.5945	-3.2406024621630794e-6
0.595	-3.2368897721233628e-6
0.5955	-3.2331787505347374e-6
0.596	-3.229469386222089e-6
0.5965	-3.225761668055148e-6
0.597	-3.2220555849480944e-6
0.5975	-3.2183511258591362e-6
0.598	-3.2146482797900988e-6
0.5985	-3.2109406248465163e-6
0.599	-3.2072413872316727e-6
0.5995	-3.2035437156086256e-6
0.6	-3.199847599158002e-6
0.6005	-3.1961530271068337e-6
0.601	-3.19245998872816e-6
0.6015	-3.188768473340609e-6
0.602	-3.1850784703080005e-6
0.6025	-3.181389969038939e-6
0.603	-3.1777029589864237e-6
0.6035	-3.174017429647445e-6
0.604	-3.1703333705625994e-6
0.6045	-3.166650771315692e-6
0.605	-3.162969621533361e-6
0.6055	-3.159289910884681e-6
0.606	-3.1556116290807977e-6
0.6065	-3.1519812699319694e-6
0.607	-3.1483254655196936e-6
0.6075	-3.144670519624747e-6
0.608	-3.1410162831366463e-6
0.6085	-3.1373626073288582e-6
0.609	-3.133709343783336e-6
0.6095	-3.1300563443154e-6
0.61	-3.1264034608988677e-6
0.6105	-3.1227505455913815e-6
0.611	-3.1190974504598243e-6
0.6115	-3.1154440275057456e-6
0.612	-3.111790128590759e-6
0.6125	-3.1081356053617786e-6
0.613	-3.1044803091760424e-6
0.6135	-3.100824091025855e-6
0.614	-3.097166801462938e-6
0.6145	-3.093508290522333e-6
0.615	-3.089848407645759e-6
0.6155	-3.08618700160436e-6
0.616	-3.08252392042074e-6
0.6165	-3.0788590112902027e-6
0.617	-3.07519212050113e-6
0.6175	-3.0715230933543867e-6
0.618	-3.067851774081675e-6
0.6185	-3.064178005762726e-6
0.619	-3.0605016302412896e-6
0.6195	-3.056830259570792e-6
0.62	-3.0531315560683e-6
0.6205	-3.0494297544396034e-6
0.621	-3.045724808993118e-6
0.6215	-3.04201667363818e-6
0.622	-3.038305301877613e-6
0.6225	-3.0345906468001762e-6
0.623	-3.0308726610728824e-6
0.6235	-3.0271512969332142e-6
0.624	-3.0234265061811934e-6
0.6245	-3.019698240171341e-6
0.625	-3.015966449804498e-6
0.6255000000000001	-3.0122310855195164e-6
0.626	-3.0084920972848073e-6
0.6265000000000001	-3.0047494345897625e-6
0.627	-3.001003046436022e-6
0.6275000000000001	-2.997252881328593e-6
0.628	-2.9934988872668405e-6
0.6285000000000001	-2.98974101173529e-6
0.629	-2.9859792016943156e-6
0.6295000000000001	-2.9822134035706203e-6
0.63	-2.978443563247609e-6
0.6305000000000001	-2.9746696260555342e-6
0.631	-2.970891536761516e-6
0.6315000000000001	-2.967109239559364e-6
0.632	-2.96330502088995e-6
0.6325000000000001	-2.9595132023982995e-6
0.633	-2.9557169879313113e-6
0.6335000000000001	-2.9519163206045223e-6
0.634	-2.9481074330802495e-6
0.6345000000000001	-2.9442890283821554e-6
0.635	-2.9404660621762116e-6
0.6355000000000001	-2.93663854416084e-6
0.636	-2.9328064842478176e-6
0.6365000000000001	-2.928969892563549e-6
0.637	-2.9251287794503615e-6
0.6375000000000001	-2.921283155467741e-6
0.638	-2.9174330313936004e-6
0.6385000000000001	-2.9135784182254994e-6
0.639	-2.9097193271818717e-6
0.6395000000000001	-2.9058557697032224e-6
0.64	-2.9019877574533196e-6
0.6405	-2.8981153023203577e-6
0.641	-2.894238416418127e-6
0.6415	-2.8903571120871336e-6
0.642	-2.8864714018957294e-6
0.6425	-2.8825812986412165e-6
0.643	-2.878686815350918e-6
0.6435	-2.874787965283254e-6
0.644	-2.8708847619287784e-6
0.6445	-2.866977219011209e-6
0.645	-2.863065350488423e-6
0.6455	-2.8591491706453177e-6
0.646	-2.8552286937002244e-6
0.6465	-2.851303934439318e-6
0.647	-2.8473749077670885e-6
0.6475	-2.843441028294229e-6
0.648	-2.8395010294196285e-6
0.6485	-2.835556827332969e-6
0.649	-2.831608459144127e-6
0.6495	-2.8276559624268315e-6
0.65	-2.8236993752175364e-6
0.6505	-2.81973873601415e-6
0.651	-2.815774083774673e-6
0.6515	-2.811805457915683e-6
0.652	-2.8078328983107054e-6
0.6525	-2.803856445288466e-6
0.653	-2.7998761396309896e-6
0.6535	-2.795892022571613e-6
0.654	-2.7919041357928107e-6
0.6545	-2.787912521423962e-6
0.655	-2.783917222038913e-6
0.6555	-2.7799182806534653e-6
0.656	-2.775915740722709e-6
0.6565	-2.7719096461382173e-6
0.657	-2.767900041225119e-6
0.6575	-2.7638869707390382e-6
0.658	-2.759870479862904e-6
0.6585	-2.7558506142036093e-6
0.659	-2.7518274197927293e-6
0.6595	-2.7478009430647467e-6
0.66	-2.7437712308828755e-6
0.6605	-2.73973833051393e-6
0.661	-2.7357020725932803e-6
0.6615	-2.731662678512775e-6
0.662	-2.7276202441216734e-6
0.6625	-2.7235748206427885e-6
0.663	-2.7195264597035218e-6
0.6635	-2.7154752133306777e-6
0.664	-2.711421133945102e-6
0.6645	-2.7073642743562065e-6
0.665	-2.7033046877563362e-6
0.6655	-2.699242427714998e-6
0.666	-2.695177548172961e-6
0.6665	-2.6911101034362104e-6
0.667	-2.687040148169756e-6
0.6675	-2.6829677373913374e-6
0.668	-2.6788929264649587e-6
0.6685	-2.674815771094319e-6
0.669	-2.6707363273160977e-6
0.6695	-2.6666546514931224e-6
0.67	-2.6625708003074057e-6
0.6705	-2.658484830753057e-6
0.671	-2.654396800129075e-6
0.6715	-2.650306766032028e-6
0.672	-2.646214786345593e-6
0.6725	-2.6421209192461023e-6
0.673	-2.6380252231735538e-6
0.6735	-2.633927756839186e-6
0.674	-2.6298294329172256e-6
0.6745	-2.6257295012131456e-6
0.675	-2.6216279619009505e-6
0.6755	-2.6175248663350656e-6
0.676	-2.6134202660684647e-6
0.6765	-2.6093142128465303e-6
0.677	-2.6052067586008354e-6
0.6775	-2.601097955442864e-6
0.678	-2.596987855657676e-6
0.6785	-2.592876511697501e-6
0.679	-2.5887639761752688e-6
0.6795	-2.584650301858097e-6
0.68	-2.580535541660704e-6
0.6805	-2.5764197486387963e-6
0.681	-2.572302975982365e-6
0.6815	-2.5681852770089808e-6
0.682	-2.5640667051570035e-6
0.6825	-2.559947313978765e-6
0.683	-2.5558271571337163e-6
0.6835	-2.5517062883815197e-6
0.684	-2.5475847615751176e-6
0.6845	-2.5434626306537634e-6
0.685	-2.539339949636156e-6
0.6855	-2.5352167726127192e-6
0.686	-2.5310931537398717e-6
0.6865	-2.526969799184189e-6
0.687	-2.5228474013719594e-6
0.6875	-2.518724700967572e-6
0.6880000000000001	-2.514601734300809e-6
0.6885	-2.5104785377249606e-6
0.6890000000000001	-2.506355147613586e-6
0.6895	-2.502231600357339e-6
0.6900000000000001	-2.4981079323607423e-6
0.6905	-2.493984180038982e-6
0.6910000000000001	-2.489860379814693e-6
0.6915	-2.485736285266443e-6
0.6920000000000001	-2.4816123905894836e-6
0.6925	-2.47748856211302e-6
0.6930000000000001	-2.473364836172338e-6
0.6935	-2.4692412490911183e-6
0.6940000000000001	-2.465117837178394e-6
0.6945	-2.4609946367255242e-6
0.6950000000000001	-2.4568716840031594e-6
0.6955	-2.4527490152582323e-6
0.6960000000000001	-2.44862666671093e-6
0.6965	-2.4445046745516767e-6
0.6970000000000001	-2.440383074938137e-6
0.6975	-2.4362619039922083e-6
0.6980000000000001	-2.432141197797018e-6
0.6985	-2.428017774080444e-6
0.6990000000000001	-2.423900811665671e-6
0.6995	-2.4197844235144303e-6
0.7000000000000001	-2.4156686211829104e-6
0.7005	-2.4115534162110433e-6
0.7010000000000001	-2.4074388201221894e-6
0.7015	-2.403324844422841e-6
0.7020000000000001	-2.399211500602318e-6
0.7025	-2.395098800132472e-6
0.7030000000000001	-2.3909867544673844e-6
0.7035	-2.386875375043068e-6
0.704	-2.3827646732771695e-6
0.7045	-2.3786546605686747e-6
0.705	-2.3745453482976216e-6
0.7055	-2.370436747824786e-6
0.706	-2.3663288704914125e-6
0.7065	-2.362221727618906e-6
0.707	-2.3581153305085495e-6
0.7075	-2.354009690441207e-6
0.708	-2.3499048186770517e-6
0.7085	-2.3458007264552564e-6
0.709	-2.3416974249937246e-6
0.7095	-2.337594925488797e-6
0.71	-2.3334932391149787e-6
0.7105	-2.32939237702464e-6
0.711	-2.325292350347749e-6
0.7115	-2.3211935779381244e-6
0.712	-2.3170947770348493e-6
0.7125	-2.312996845961125e-6
0.713	-2.3088998000453075e-6
0.7135	-2.3048036545826776e-6
0.714	-2.3007084248349245e-6
0.7145	-2.2966141260296e-6
0.715	-2.292520773359604e-6
0.7155	-2.2884283819826466e-6
0.716	-2.28433696702074e-6
0.7165	-2.2802465435596696e-6
0.717	-2.276157126648482e-6
0.7175	-2.2720687312989658e-6
0.718	-2.2679813724851452e-6
0.7185	-2.263895065142772e-6
0.719	-2.2598098241688175e-6
0.7195	-2.2557256644209726e-6
0.72	-2.251642600717147e-6
0.7205	-2.2475606478349733e-6
0.721	-2.2434798205113142e-6
0.7215	-2.239400133441771e-6
0.722	-2.2353216012801997e-6
0.7225	-2.231244238638219e-6
0.723	-2.2271680600847446e-6
0.7235	-2.2230930801454883e-6
0.724	-2.219019313302513e-6
0.7245	-2.2149432789920914e-6
0.725	-2.210877401545303e-6
0.7255	-2.206812757129781e-6
0.726	-2.202749312036001e-6
0.7265	-2.198687032648895e-6
0.727	-2.194625885445083e-6
0.7275	-2.1905658369901345e-6
0.728	-2.186506853935836e-6
0.7285	-2.1824489030174647e-6
0.729	-2.178391951051097e-6
0.7295	-2.1743359649309126e-6
0.73	-2.170280911626518e-6
0.7305	-2.166226758180282e-6
0.731	-2.1621734717046804e-6
0.7315	-2.158121019379665e-6
0.732	-2.154069368450018e-6
0.7325	-2.1500184862227503e-6
0.733	-2.145968340064477e-6
0.7335	-2.14191889739883e-6
0.734	-2.1378701257038626e-6
0.7345	-2.133821992509469e-6
0.735	-2.1297744653948134e-6
0.7355	-2.1257275119857653e-6
0.736	-2.1216810999523447e-6
0.7365	-2.1176351970061668e-6
0.737	-2.1135897708979108e-6
0.7375	-2.109546896762465e-6
0.738	-2.1054990241127077e-6
0.7385	-2.101451543584382e-6
0.739	-2.097404452129648e-6
0.7395	-2.0933577467034697e-6
0.74	-2.0893114242636208e-6
0.7405	-2.0852654817706397e-6
0.741	-2.0812199161878125e-6
0.7415	-2.0771747244811575e-6
0.742	-2.0731299036193923e-6
0.7425	-2.0690854505739175e-6
0.743	-2.06504136231879e-6
0.7435	-2.0609976358307033e-6
0.744	-2.0569542680889623e-6
0.7445	-2.0529112560754605e-6
0.745	-2.048868596774662e-6
0.7455	-2.044826287173574e-6
0.746	-2.0407843242617255e-6
0.7465	-2.0367427050311443e-6
0.747	-2.0327014264763357e-6
0.7475	-2.028660485594262e-6
0.748	-2.024619879384316e-6
0.7485	-2.0205796048482987e-6
0.749	-2.0165396589904023e-6
0.7495	-2.012500038817183e-6
0.75	-2.0084607413375394e-6
0.7505000000000001	-2.0044217635626904e-6
0.751	-2.0003831271804517e-6
0.7515000000000001	-1.996344860630902e-6
0.752	-1.992306903879746e-6
0.7525000000000001	-1.9882692532352603e-6
0.753	-1.9842319050084496e-6
0.7535000000000001	-1.9801948555130125e-6
0.754	-1.9761581010653183e-6
0.7545000000000001	-1.9721216379843583e-6
0.755	-1.968085462591721e-6
0.7555000000000001	-1.9640495712115593e-6
0.756	-1.9600139601705527e-6
0.7565000000000001	-1.95597862579788e-6
0.757	-1.951943564425177e-6
0.7575000000000001	-1.9479087723865114e-6
0.758	-1.943874246018348e-6
0.7585000000000001	-1.9398399816595085e-6
0.759	-1.935805975651149e-6
0.7595000000000001	-1.931772224336718e-6
0.76	-1.927738724061935e-6
0.7605000000000001	-1.923705471174737e-6
0.761	-1.9196724620252702e-6
0.7615000000000001	-1.9156396929658373e-6
0.762	-1.911607160350875e-6
0.7625000000000001	-1.9075748605369164e-6
0.763	-1.903542789882566e-6
0.7635000000000001	-1.8995109447484534e-6
0.764	-1.895479302216676e-6
0.7645000000000001	-1.8914477983032697e-6
0.765	-1.8874165100626627e-6
0.7655000000000001	-1.8833854347326136e-6
0.766	-1.8793545695523123e-6
0.7665000000000001	-1.8753239117623615e-6
0.767	-1.8712934586047692e-6
0.7675000000000001	-1.867263207322908e-6
0.768	-1.8632331551615168e-6
0.7685	-1.8592032993666716e-6
0.769	-1.8551736371857654e-6
0.7695	-1.8511441658674964e-6
0.77	-1.847114882661845e-6
0.7705	-1.8430857848200588e-6
0.771	-1.8390568695946222e-6
0.7715	-1.835028134239257e-6
0.772	-1.8309995760088838e-6
0.7725	-1.8269711921596203e-6
0.773	-1.8229429799487494e-6
0.7735	-1.81891493663471e-6
0.774	-1.8148870594770732e-6
0.7745	-1.8108593457365245e-6
0.775	-1.8068317926748463e-6
0.7755	-1.8028043975548982e-6
0.776	-1.7987771576406035e-6
0.7765	-1.7947500701969187e-6
0.777	-1.7907231233107867e-6
0.7775	-1.786696139861194e-6
0.778	-1.7826693024799877e-6
0.7785	-1.778642610126438e-6
0.779	-1.7746160617601785e-6
0.7795	-1.7705896563412107e-6
0.78	-1.766563392829894e-6
0.7805	-1.762537270186956e-6
0.781	-1.7585112873734784e-6
0.7815	-1.7544854433509003e-6
0.782	-1.7504597370810096e-6
0.7825	-1.7464341675259483e-6
0.783	-1.7424087336482024e-6
0.7835	-1.738383434410607e-6
0.784	-1.7343582687763327e-6
0.7845	-1.7303332357088973e-6
0.785	-1.7263083341721491e-6
0.7855	-1.7222835631302735e-6
0.786	-1.718258921547782e-6
0.7865	-1.7142344083895241e-6
0.787	-1.710210022620665e-6
0.7875	-1.7061857632066997e-6
0.788	-1.702161629113443e-6
0.7885	-1.6981376193070262e-6
0.789	-1.6941137327538958e-6
0.7895	-1.6900899684208112e-6
0.79	-1.6860663253098736e-6
0.7905	-1.6820428020367818e-6
0.791	-1.6780193978880541e-6
0.7915	-1.6739961118341385e-6
0.792	-1.6699729428457808e-6
0.7925	-1.6659498898940274e-6
0.793	-1.6619269519502117e-6
0.7935	-1.6579041279859632e-6
0.794	-1.653881416973197e-6
0.7945	-1.6498588178841142e-6
0.795	-1.6458363296911987e-6
0.7955	-1.6418139513672163e-6
0.796	-1.6377916818852066e-6
0.7965	-1.6337695202184884e-6
0.797	-1.629747465340649e-6
0.7975	-1.6257255162255507e-6
0.798	-1.6217036718473141e-6
0.7985	-1.6176819311803352e-6
0.799	-1.6136602931992649e-6
0.7995	-1.6096387568790148e-6
0.8	-1.6056173211947517e-6
0.8005	-1.601595985121903e-6
0.801	-1.5975747476361378e-6
0.8015	-1.5935536077133816e-6
0.802	-1.5895325643298024e-6
0.8025	-1.5855116164618145e-6
0.803	-1.58149076308607e-6
0.8035	-1.5774700541021472e-6
0.804	-1.5734494607036617e-6
0.8045	-1.5694289576267098e-6
0.805	-1.565408543197866e-6
0.8055	-1.5613882157440773e-6
0.806	-1.5573679735926515e-6
0.8065	-1.5533478150712447e-6
0.807	-1.5493277385078576e-6
0.8075	-1.5453077422308338e-6
0.808	-1.5412878245688456e-6
0.8085	-1.537267983850891e-6
0.809	-1.533248218406285e-6
0.8095	-1.529228526564655e-6
0.81	-1.525208906655928e-6
0.8105	-1.5211893570103357e-6
0.811	-1.5171698759583904e-6
0.8115	-1.5131504618308967e-6
0.812	-1.5091311129589263e-6
0.8125	-1.5051118276738296e-6
0.8130000000000001	-1.5010926043072104e-6
0.8135	-1.4970734411909364e-6
0.8140000000000001	-1.4930543366571158e-6
0.8145	-1.489035289038104e-6
0.8150000000000001	-1.485016296666491e-6
0.8155	-1.480997357875092e-6
0.8160000000000001	-1.4769784709969417e-6
0.8165	-1.4729595685631302e-6
0.8170000000000001	-1.4689406426944341e-6
0.8175	-1.464921765528232e-6
0.8180000000000001	-1.4609029366067188e-6
0.8185	-1.4568841554721434e-6
0.8190000000000001	-1.4528654216668046e-6
0.8195	-1.4488467347330625e-6
0.8200000000000001	-1.4448280942133242e-6
0.8205	-1.440809499650052e-6
0.8210000000000001	-1.4367909505857594e-6
0.8215	-1.4327724465630104e-6
0.8220000000000001	-1.4287539871244237e-6
0.8225	-1.4247355718126638e-6
0.8230000000000001	-1.4207172001704484e-6
0.8235	-1.4166988717405429e-6
0.8240000000000001	-1.412680586065763e-6
0.8245	-1.4086623426889719e-6
0.8250000000000001	-1.4046441411530798e-6
0.8255	-1.4006259810010496e-6
0.8260000000000001	-1.3966078617758794e-6
0.8265	-1.3925897830206266e-6
0.8270000000000001	-1.3885717442783858e-6
0.8275	-1.3845537450923049e-6
0.8280000000000001	-1.3805357850055649e-6
0.8285	-1.3765178635614015e-6
0.8290000000000001	-1.3724999803030895e-6
0.8295	-1.3684820562518161e-6
0.8300000000000001	-1.3644639455827862e-6
0.8305	-1.360445875071588e-6
0.8310000000000001	-1.3564278469084226e-6
0.8315	-1.3524098632832517e-6
0.8320000000000001	-1.3483919263858028e-6
0.8325	-1.3443740384055482e-6
0.833	-1.3403562015316889e-6
0.8335	-1.336338417953148e-6
0.834	-1.332320689858563e-6
0.8345	-1.3283030194362661e-6
0.835	-1.3242854088742735e-6
0.8355	-1.3202678603602784e-6
0.836	-1.3162503760816396e-6
0.8365	-1.3122329582253548e-6
0.837	-1.3082156089780718e-6
0.8375	-1.3041983305260585e-6
0.838	-1.300181125055204e-6
0.8385	-1.2961639947509887e-6
0.839	-1.2921469417984973e-6
0.8395	-1.2881299683823823e-6
0.84	-1.284113076686875e-6
0.8405	-1.2800962688957526e-6
0.841	-1.2760795471923387e-6
0.8415	-1.272062913759492e-6
0.842	-1.2680463707795893e-6
0.8425	-1.2640299471484791e-6
0.843	-1.2600143321974109e-6
0.8435	-1.255998807490683e-6
0.844	-1.2519833687437615e-6
0.8445	-1.247968011673019e-6
0.845	-1.2439527319957059e-6
0.8455	-1.2399375254298837e-6
0.846	-1.2359223876943996e-6
0.8465	-1.2319073145088282e-6
0.847	-1.2278923015934282e-6
0.8475	-1.2238773446691006e-6
0.848	-1.2198624394573385e-6
0.8485	-1.215847581680185e-6
0.849	-1.211832767060186e-6
0.8495	-1.2078179913203462e-6
0.85	-1.2038032501840829e-6
0.8505	-1.1997885393751756e-6
0.851	-1.195773854617732e-6
0.8515	-1.191759191636131e-6
0.852	-1.1877445461549826e-6
0.8525	-1.1837299138990803e-6
0.853	-1.1797152905933621e-6
0.8535	-1.175700671962853e-6
0.854	-1.171686053732632e-6
0.8545	-1.1676714316277783e-6
0.855	-1.1636568013733303e-6
0.8555	-1.1596421586942349e-6
0.856	-1.155975238211017e-6
0.8565	-1.1523523771373389e-6
0.857	-1.148680254432034e-6
0.8575	-1.1449593055258272e-6
0.858	-1.1411902502641408e-6
0.8585	-1.1373741066839922e-6
0.859	-1.133512201889688e-6
0.8595	-1.1296061795413384e-6
0.86	-1.1256580035062338e-6
0.8605	-1.1216699572785165e-6
0.861	-1.1176446388473112e-6
0.8615	-1.1135849507867812e-6
0.862	-1.1094940854513724e-6
0.8625	-1.1053755052826564e-6
0.863	-1.1012329183667067e-6
0.8635	-1.0970702495175903e-6
0.864	-1.0928916072979334e-6
0.8645	-1.0887012475153251e-6
0.865	-1.0845035338478221e-6
0.8655	-1.0803028963472132e-6
0.866	-1.0761037886404293e-6
0.8665	-1.0719106446935177e-6
0.867	-1.0677278360170973e-6
0.8675	-1.063559630175987e-6
0.868	-1.0594101514200445e-6
0.8685	-1.0552833441801523e-6
0.869	-1.0511575236769637e-6
0.8695	-1.047085026443451e-6
0.87	-1.043074025683147e-6
0.8705	-1.0390993172601123e-6
0.871	-1.0351378535700231e-6
0.8715	-1.0311494407068962e-6
0.872	-1.0271072449327574e-6
0.8725	-1.023076181237305e-6
0.873	-1.019135612532636e-6
0.8735	-1.0152340964839007e-6
0.874	-1.0113063194774813e-6
0.8745	-1.0072259633436401e-6
0.875	-1.003113468566379e-6
0.8755000000000001	-9.990383268174859e-7
0.876	-9.950241650758794e-7
0.8765000000000001	-9.910234474871631e-7
0.877	-9.870088624066097e-7
0.8775000000000001	-9.829908258991833e-7
0.878	-9.78977904938824e-7
0.8785000000000001	-9.749769893201258e-7
0.879	-9.709752571916893e-7
0.8795000000000001	-9.669534324023217e-7
0.88	-9.629211181797521e-7
0.8805000000000001	-9.589064347685696e-7
0.881	-9.549752126787072e-7
0.8815000000000001	-9.510487047927143e-7
0.882	-9.470653305687746e-7
0.8825000000000001	-9.429684665515231e-7
0.883	-9.388591562953669e-7
0.8835000000000001	-9.348263586824141e-7
0.884	-9.308411582604306e-7
0.8845000000000001	-9.268573843805017e-7
0.885	-9.228246955963673e-7
0.8855000000000001	-9.187862194462733e-7
0.886	-9.147610053776375e-7
0.8865000000000001	-9.107555245632807e-7
0.887	-9.067564960526024e-7
0.8875000000000001	-9.027590125630826e-7
0.888	-8.98761093735685e-7
0.8885000000000001	-8.94760484721595e-7
0.889	-8.907546374507404e-7
0.8895000000000001	-8.867409343557108e-7
0.89	-8.827183062421125e-7
0.8905000000000001	-8.78682328784441e-7
0.891	-8.746261174998532e-7
0.8915000000000001	-8.705027441224166e-7
0.892	-8.663874355568447e-7
0.8925000000000001	-8.623600743978993e-7
0.893	-8.584426479659308e-7
0.8935000000000001	-8.545254835655247e-7
0.894	-8.504829140107341e-7
0.8945000000000001	-8.463720042374367e-7
0.895	-8.422945004807501e-7
0.8955000000000001	-8.383550746591506e-7
0.896	-8.344378494248045e-7
0.8965	-8.304849686532435e-7
0.897	-8.264756929724297e-7
0.8975	-8.224511059381922e-7
0.898	-8.184190086516372e-7
0.8985	-8.143995243276381e-7
0.899	-8.104255738936311e-7
0.8995	-8.065412416452339e-7
0.9	-8.026437488042838e-7
0.9005	-7.986267655046016e-7
0.901	-7.944835098105464e-7
0.9015	-7.903310461647116e-7
0.902	-7.863008427280252e-7
0.9025	-7.823047797519471e-7
0.903	-7.783076506221859e-7
0.9035	-7.742867605669926e-7
0.904	-7.702644326960425e-7
0.9045	-7.6624607027548e-7
0.905	-7.622333514206159e-7
0.9055	-7.582281211161989e-7
0.906	-7.542390977163103e-7
0.9065	-7.502511567387375e-7
0.907	-7.462525646799676e-7
0.9075	-7.422391920981606e-7
0.908	-7.38220607865257e-7
0.9085	-7.341817056830214e-7
0.909	-7.301571176452198e-7
0.9095	-7.261956328250926e-7
0.91	-7.223614716386849e-7
0.9105	-7.185109229276854e-7
0.911	-7.145005323906903e-7
0.9115	-7.102983597535099e-7
0.912	-7.060800516041526e-7
0.9125	-7.020404826277884e-7
0.913	-6.980468085628646e-7
0.9135	-6.940383322268054e-7
0.914	-6.899770618415676e-7
0.9145	-6.859225844143592e-7
0.915	-6.81925952497697e-7
0.9155	-6.779587170702409e-7
0.916	-6.739835113198691e-7
0.9165	-6.699472180004757e-7
0.917	-6.659027244798955e-7
0.9175	-6.618765573936114e-7
0.918	-6.578788083175089e-7
0.9185	-6.538964505587829e-7
0.919	-6.499432190731499e-7
0.9195	-6.459912967097037e-7
0.92	-6.42009577973686e-7
0.9205	-6.379525704129555e-7
0.921	-6.338826112207269e-7
0.9215	-6.298473775018054e-7
0.922	-6.258454403480819e-7
0.9225	-6.218452593707053e-7
0.923	-6.17814887488168e-7
0.9235	-6.137770469197119e-7
0.924	-6.097430864821645e-7
0.9245	-6.057205558151157e-7
0.925	-6.017048503791595e-7
0.9255	-5.977026430359511e-7
0.926	-5.937049746992946e-7
0.9265	-5.896993648595098e-7
0.927	-5.856611240164522e-7
0.9275	-5.816214580323678e-7
0.928	-5.776025264915777e-7
0.9285	-5.736092125943597e-7
0.929	-5.696221184059454e-7
0.9295	-5.656275479457842e-7
0.93	-5.616287229183992e-7
0.9305	-5.576265941354612e-7
0.931	-5.536198486848443e-7
0.9315	-5.496131629384034e-7
0.932	-5.456138862196153e-7
0.9325	-5.416192581867689e-7
0.933	-5.376196857759946e-7
0.9335	-5.335989431737764e-7
0.934	-5.295712851611544e-7
0.9345	-5.255466469678857e-7
0.935	-5.215319128771376e-7
0.9355	-5.175180154982472e-7
0.936	-5.134996082937806e-7
0.9365	-5.094778500881857e-7
0.937	-5.054551675118292e-7
0.9375	-5.014322662598469e-7
0.9380000000000001	-4.974111000026577e-7
0.9385	-4.933884239328302e-7
0.9390000000000001	-4.893687301961577e-7
0.9395	-4.853693256227814e-7
0.9400000000000001	-4.814416756178189e-7
0.9405	-4.77527674586473e-7
0.9410000000000001	-4.7356953173987334e-7
0.9415	-4.694760324925548e-7
0.9420000000000001	-4.653577360165958e-7
0.9425	-4.612914042549174e-7
0.9430000000000001	-4.5728092045101104e-7
0.9435	-4.532851028345582e-7
0.9440000000000001	-4.492759950872314e-7
0.9445	-4.452680598069741e-7
0.9450000000000001	-4.412701752865153e-7
0.9455	-4.372863374195569e-7
0.9460000000000001	-4.332914812959818e-7
0.9465	-4.2924076978990045e-7
0.9470000000000001	-4.2516329913592076e-7
0.9475	-4.2111203211870394e-7
0.9480000000000001	-4.1716455218337173e-7
0.9485	-4.132295366035994e-7
0.9490000000000001	-4.0925200725489256e-7
0.9495	-4.0520876845135277e-7
0.9500000000000001	-4.0115544972739874e-7
0.9505	-3.971376777387885e-7
0.9510000000000001	-3.931357160785101e-7
0.9515	-3.8913081392861967e-7
0.9520000000000001	-3.851045791009045e-7
0.9525	-3.8108591493669454e-7
0.9530000000000001	-3.771075296682828e-7
0.9535	-3.7315832511079546e-7
0.9540000000000001	-3.6919691996019326e-7
0.9545	-3.6514994289503723e-7
0.9550000000000001	-3.6108181249260637e-7
0.9555	-3.5705056071463254e-7
0.9560000000000001	-3.530945369947298e-7
0.9565	-3.4914010004101287e-7
0.9570000000000001	-3.451254558950653e-7
0.9575	-3.4106389487586955e-7
0.9580000000000001	-3.36997985939473e-7
0.9585	-3.3296908599451156e-7
0.9590000000000001	-3.289534686633771e-7
0.9595	-3.2495291544995935e-7
0.96	-3.2096377536204826e-7
0.9605	-3.1697090361170047e-7
0.961	-3.129466702594608e-7
0.9615	-3.089095289376523e-7
0.962	-3.0488067512386695e-7
0.9625	-3.0088202929670493e-7
0.963	-2.968896174953924e-7
0.9635	-2.9291131992489657e-7
0.964	-2.889256218492496e-7
0.9645	-2.8488406662632864e-7
0.965	-2.8061150699045387e-7
0.9655	-2.7632451992790046e-7
0.966	-2.7225983607643135e-7
0.9665	-2.6844975274599113e-7
0.967	-2.646773020744339e-7
0.9675	-2.6079132551173303e-7
0.968	-2.568041830285197e-7
0.9685	-2.527724326679982e-7
0.969	-2.487115587265122e-7
0.9695	-2.4464585913858547e-7
0.97	-2.406137084694711e-7
0.9705	-2.3662687966902757e-7
0.971	-2.326500692856329e-7
0.9715	-2.2866230538292322e-7
0.972	-2.2466369398890163e-7
0.9725	-2.2065101376500707e-7
0.973	-2.16612538979753e-7
0.9735	-2.1257214037336242e-7
0.974	-2.0855103659802808e-7
0.9745	-2.0454996137846243e-7
0.975	-2.0055440721349596e-7
0.9755	-1.9655565125773236e-7
0.976	-1.9255367201995905e-7
0.9765	-1.885441023244936e-7
0.977	-1.845229783015631e-7
0.9775	-1.805015798255483e-7
0.978	-1.765254586423267e-7
0.9785	-1.7254597811357292e-7
0.979	-1.6848141217059148e-7
0.9795	-1.6402794778989392e-7
0.98	-1.596475846276995e-7
0.9805	-1.5578087070190125e-7
0.981	-1.5222712106121713e-7
0.9815	-1.486805902013567e-7
0.982	-1.4480040451543025e-7
0.9825	-1.4065041979355985e-7
0.983	-1.3644877549479256e-7
0.9835	-1.323786664615289e-7
0.984	-1.2833834727275555e-7
0.9845	-1.243364075254782e-7
0.985	-1.203579093446862e-7
0.9855	-1.1636874069030729e-7
0.986	-1.1229388947225293e-7
0.9865	-1.0820241831299609e-7
0.987	-1.0415858353326769e-7
0.9875	-1.0020097871112999e-7
0.988	-9.625022278468945e-8
0.9885	-9.224982344715607e-8
0.989	-8.820242850503753e-8
0.9895	-8.412881020465576e-8
0.99	-8.001390410554829e-8
0.9905	-7.591474007430195e-8
0.991	-7.189535755775168e-8
0.9915	-6.795941224387864e-8
0.992	-6.40405365900874e-8
0.9925	-6.008124349343934e-8
0.993	-5.6099978115207134e-8
0.9935	-5.211176997315649e-8
0.994	-4.8126271990077966e-8
0.9945	-4.41355101758303e-8
0.995	-4.013913346996407e-8
0.9955	-3.61342951846223e-8
0.996	-3.211558884005798e-8
0.9965	-2.8058463203201984e-8
0.997	-2.3995733601801576e-8
0.9975	-2.0693200942804206e-8
0.998	-1.3779259561295449e-8
0.9985	-1.1580099763046504e-8
0.999	-8.023388938454374e-9
0.9995	-4.011694469227187e-9