0.	-8.012378325952057e-6
0.0005	-8.008349912597778e-6
0.001	-8.004321469934336e-6
0.0015	-8.000292999517758e-6
0.002	-7.99626450649785e-6
0.0025	-7.99223599203569e-6
0.003	-7.98820745729242e-6
0.0035	-7.984178903429245e-6
0.004	-7.980150331607412e-6
0.0045000000000000005	-7.976121742988233e-6
0.005	-7.97209313873306e-6
0.0055	-7.968064520003295e-6
0.006	-7.964035887960381e-6
0.006500000000000001	-7.960007243765793e-6
0.007	-7.955978588581053e-6
0.0075	-7.951949923567702e-6
0.008	-7.947921249887321e-6
0.0085	-7.943892568701509e-6
0.009000000000000001	-7.939863881171887e-6
0.0095	-7.935835188460093e-6
0.01	-7.931806491727787e-6
0.0105	-7.92777779213663e-6
0.011	-7.923749090848303e-6
0.0115	-7.919720389024483e-6
0.012	-7.915691689460202e-6
0.0125	-7.911662985390135e-6
0.013000000000000001	-7.907634291956868e-6
0.0135	-7.90360559960786e-6
0.014	-7.899576905028405e-6
0.0145	-7.8955482044918e-6
0.015	-7.891519511792514e-6
0.0155	-7.887490828267391e-6
0.016	-7.883462155253241e-6
0.0165	-7.87943349408684e-6
0.017	-7.87540484610493e-6
0.0175	-7.8713762126442e-6
0.018000000000000002	-7.867347595041296e-6
0.0185	-7.86331899463281e-6
0.019	-7.859290412755281e-6
0.0195	-7.855261850745178e-6
0.02	-7.851233309938912e-6
0.0205	-7.847204791672823e-6
0.021	-7.843176297283168e-6
0.021500000000000002	-7.839147828106134e-6
0.022	-7.835119385477822e-6
0.0225	-7.831090970734247e-6
0.023	-7.82706258521132e-6
0.0235	-7.823034230244872e-6
0.024	-7.819005907170622e-6
0.0245	-7.814977617324184e-6
0.025	-7.810949362041066e-6
0.025500000000000002	-7.806921142656654e-6
0.026000000000000002	-7.802892960506222e-6
0.0265	-7.798864816924921e-6
0.027	-7.794836672161812e-6
0.0275	-7.790808427605595e-6
0.028	-7.786780227591444e-6
0.0285	-7.782752075055975e-6
0.029	-7.77872397293546e-6
0.029500000000000002	-7.774695924165799e-6
0.03	-7.770667931682506e-6
0.0305	-7.766639998420682e-6
0.031	-7.762612127315005e-6
0.0315	-7.75858432129969e-6
0.032	-7.754556583308482e-6
0.0325	-7.75052891627463e-6
0.033	-7.746501323130859e-6
0.0335	-7.74247380680937e-6
0.034	-7.738446370241795e-6
0.0345	-7.734419016359183e-6
0.035	-7.730391748091984e-6
0.035500000000000004	-7.72636456837003e-6
0.036000000000000004	-7.722337480122496e-6
0.0365	-7.718310486277904e-6
0.037	-7.714283589764081e-6
0.0375	-7.710256793508147e-6
0.038	-7.706230100436493e-6
0.0385	-7.702203513474756e-6
0.039	-7.698177035547808e-6
0.0395	-7.69415066957972e-6
0.04	-7.690124423914942e-6
0.0405	-7.686098371095094e-6
0.041	-7.682072438240287e-6
0.0415	-7.678046627564917e-6
0.042	-7.674020941282721e-6
0.0425	-7.66999538160673e-6
0.043000000000000003	-7.665969950749292e-6
0.043500000000000004	-7.661944650922037e-6
0.044	-7.65791948433588e-6
0.0445	-7.653894453200997e-6
0.045	-7.649869559726818e-6
0.0455	-7.645844806122023e-6
0.046	-7.641820194594507e-6
0.0465	-7.637795727351398e-6
0.047	-7.63377140659902e-6
0.0475	-7.629747234542899e-6
0.048	-7.625723213387738e-6
0.0485	-7.621699345337408e-6
0.049	-7.6176756325949446e-6
0.0495	-7.613652077362527e-6
0.05	-7.609628681841469e-6
0.0505	-7.605605448232204e-6
0.051000000000000004	-7.601582378734282e-6
0.051500000000000004	-7.597559475546348e-6
0.052000000000000005	-7.593536740866133e-6
0.0525	-7.589514176890446e-6
0.053	-7.58549178581516e-6
0.0535	-7.581469759318966e-6
0.054	-7.577447931992738e-6
0.0545	-7.573426280597229e-6
0.055	-7.56940480546075e-6
0.0555	-7.565383506911436e-6
0.056	-7.561362385277301e-6
0.0565	-7.557341440886196e-6
0.057	-7.553320674065834e-6
0.0575	-7.5493000851437644e-6
0.058	-7.545279674447396e-6
0.0585	-7.541259442303981e-6
0.059000000000000004	-7.53723938904063e-6
0.059500000000000004	-7.53321951498429e-6
0.06	-7.529199820461768e-6
0.0605	-7.525180305799716e-6
0.061	-7.521160971324628e-6
0.0615	-7.51714181736286e-6
0.062	-7.513122844240605e-6
0.0625	-7.5091040522839065e-6
0.063	-7.505085441818655e-6
0.0635	-7.501067013170591e-6
0.064	-7.4970487666653e-6
0.0645	-7.493030702628215e-6
0.065	-7.489012821384614e-6
0.0655	-7.484995123259624e-6
0.066	-7.4809776085782195e-6
0.0665	-7.476960700988109e-6
0.067	-7.4729441713602544e-6
0.0675	-7.468927816954851e-6
0.068	-7.464911632682793e-6
0.0685	-7.460895613457009e-6
0.069	-7.456879754192616e-6
0.0695	-7.452864049806719e-6
0.07	-7.448848495218381e-6
0.07050000000000001	-7.444833085348561e-6
0.07100000000000001	-7.440817815120041e-6
0.07150000000000001	-7.436802679457369e-6
0.07200000000000001	-7.432787673286785e-6
0.0725	-7.428772791536174e-6
0.073	-7.42475802913498e-6
0.0735	-7.4207433810141595e-6
0.074	-7.4167288421061035e-6
0.0745	-7.41271440734459e-6
0.075	-7.408700071664702e-6
0.0755	-7.4046858300027775e-6
0.076	-7.400671677296329e-6
0.0765	-7.396657608484003e-6
0.077	-7.392643618505498e-6
0.0775	-7.3886297023015025e-6
0.078	-7.384615854813637e-6
0.0785	-7.3806020709843906e-6
0.079	-7.376588345757049e-6
0.0795	-7.372574423257719e-6
0.08	-7.368560235767284e-6
0.0805	-7.364546098853317e-6
0.081	-7.360532012395541e-6
0.0815	-7.356517976273693e-6
0.082	-7.352503990367523e-6
0.0825	-7.348490054556798e-6
0.083	-7.344476168721302e-6
0.0835	-7.34046233274083e-6
0.084	-7.336448546495194e-6
0.0845	-7.33243480986422e-6
0.085	-7.328421122727752e-6
0.0855	-7.324407484965644e-6
0.08600000000000001	-7.320393896457764e-6
0.08650000000000001	-7.316380357084002e-6
0.08700000000000001	-7.312366866724254e-6
0.08750000000000001	-7.308353425258436e-6
0.088	-7.304340032566476e-6
0.0885	-7.3003266885283195e-6
0.089	-7.296313393023921e-6
0.0895	-7.292300145933252e-6
0.09	-7.288286947136303e-6
0.0905	-7.2842737965130725e-6
0.091	-7.280260693943578e-6
0.0915	-7.2762476393078436e-6
0.092	-7.272234632485918e-6
0.0925	-7.268221672463841e-6
0.093	-7.264208756333114e-6
0.0935	-7.260195887704298e-6
0.094	-7.256183066497428e-6
0.0945	-7.252170292632549e-6
0.095	-7.2481575660297155e-6
0.0955	-7.244144886608992e-6
0.096	-7.2401322542904474e-6
0.0965	-7.236119668994171e-6
0.097	-7.232107130640251e-6
0.0975	-7.228094639148789e-6
0.098	-7.224082194439891e-6
0.0985	-7.220069796433682e-6
0.099	-7.216057445050286e-6
0.0995	-7.212045140209846e-6
0.1	-7.208032881832504e-6
0.1005	-7.204020669838418e-6
0.101	-7.200008504147754e-6
0.1015	-7.195996384680687e-6
0.10200000000000001	-7.1919843113573965e-6
0.10250000000000001	-7.187972284098077e-6
0.10300000000000001	-7.183960302822931e-6
0.10350000000000001	-7.179948367452171e-6
0.10400000000000001	-7.1759364779060104e-6
0.1045	-7.171924634104684e-6
0.105	-7.167912835968427e-6
0.1055	-7.163901083417488e-6
0.106	-7.159889409970881e-6
0.1065	-7.155877783847109e-6
0.107	-7.151866202463821e-6
0.1075	-7.147854665429618e-6
0.108	-7.143843172353136e-6
0.1085	-7.1398317228430675e-6
0.109	-7.1358203165081375e-6
0.1095	-7.131808952957114e-6
0.11	-7.1277976317988064e-6
0.1105	-7.123786352642072e-6
0.111	-7.119775115095799e-6
0.1115	-7.1157639187689224e-6
0.112	-7.111752763270417e-6
0.1125	-7.107741648209295e-6
0.113	-7.103730573194611e-6
0.1135	-7.099719537835456e-6
0.114	-7.095708541740959e-6
0.1145	-7.091697584520291e-6
0.115	-7.087686665782655e-6
0.1155	-7.083675785137299e-6
0.116	-7.079664942193501e-6
0.1165	-7.075654136560579e-6
0.117	-7.071643367847887e-6
0.11750000000000001	-7.0676326356648165e-6
0.11800000000000001	-7.06362193962079e-6
0.11850000000000001	-7.059611279325272e-6
0.11900000000000001	-7.055600685947277e-6
0.11950000000000001	-7.051590142462557e-6
0.12	-7.047579632872331e-6
0.1205	-7.043569156379463e-6
0.121	-7.03955871218688e-6
0.1215	-7.0355482994975715e-6
0.122	-7.03153791751459e-6
0.1225	-7.027527565441055e-6
0.123	-7.023517242480137e-6
0.1235	-7.019506947835069e-6
0.124	-7.015496680709138e-6
0.1245	-7.011486440305687e-6
0.125	-7.007476225828114e-6
0.1255	-7.003466036479866e-6
0.126	-6.9994558714644385e-6
0.1265	-6.995445729985378e-6
0.127	-6.991435611246278e-6
0.1275	-6.987425514450774e-6
0.128	-6.983415438802547e-6
0.1285	-6.979405383505324e-6
0.129	-6.975395347762861e-6
0.1295	-6.9713853307789686e-6
0.13	-6.967375331757481e-6
0.1305	-6.963365349902276e-6
0.131	-6.959355384417262e-6
0.1315	-6.955345434506376e-6
0.132	-6.95133553545877e-6
0.1325	-6.947325703049908e-6
0.133	-6.943315882738178e-6
0.1335	-6.939306072953315e-6
0.134	-6.935296272125093e-6
0.1345	-6.931286478683328e-6
0.135	-6.927276691057862e-6
0.1355	-6.923266907678556e-6
0.136	-6.919257126975295e-6
0.1365	-6.915247347377964e-6
0.137	-6.911237567316466e-6
0.1375	-6.9072277863937334e-6
0.138	-6.9032179995205255e-6
0.1385	-6.8992082086458415e-6
0.139	-6.895198411026493e-6
0.1395	-6.8911886050923014e-6
0.14	-6.887178789273058e-6
0.1405	-6.883168961998522e-6
0.14100000000000001	-6.8791591216984e-6
0.14150000000000001	-6.875149266802349e-6
0.14200000000000002	-6.871139395739971e-6
0.14250000000000002	-6.867129506940802e-6
0.14300000000000002	-6.863119598834313e-6
0.14350000000000002	-6.859109669849894e-6
0.14400000000000002	-6.855099718416854e-6
0.1445	-6.851089742964421e-6
0.145	-6.847079735230385e-6
0.1455	-6.84306965673343e-6
0.146	-6.839059549999402e-6
0.1465	-6.835049413895231e-6
0.147	-6.8310392472877685e-6
0.1475	-6.827029049043778e-6
0.148	-6.823018818029937e-6
0.1485	-6.819008553112824e-6
0.149	-6.814998253158928e-6
0.1495	-6.810987917034635e-6
0.15	-6.80697754360623e-6
0.1505	-6.802967131739896e-6
0.151	-6.798956680301701e-6
0.1515	-6.794946188157606e-6
0.152	-6.790935654173453e-6
0.1525	-6.786925077214972e-6
0.153	-6.7829144561477656e-6
0.1535	-6.778903789837312e-6
0.154	-6.7748930771489655e-6
0.1545	-6.770882316947946e-6
0.155	-6.7668715080993425e-6
0.1555	-6.762860649468101e-6
0.156	-6.75884973991903e-6
0.1565	-6.754838778316794e-6
0.157	-6.750827763525911e-6
0.1575	-6.746816694410746e-6
0.158	-6.742805569835513e-6
0.1585	-6.738794431631003e-6
0.159	-6.73478324203202e-6
0.1595	-6.730771992760136e-6
0.16	-6.726760682246333e-6
0.1605	-6.722749308921347e-6
0.161	-6.718737871215675e-6
0.1615	-6.714726367559558e-6
0.162	-6.710714796382982e-6
0.1625	-6.706703156115667e-6
0.163	-6.702691445187066e-6
0.1635	-6.6986796620263495e-6
0.164	-6.694667805062411e-6
0.1645	-6.690655872723854e-6
0.165	-6.686643863438988e-6
0.1655	-6.6826317756358184e-6
0.166	-6.678619607742046e-6
0.1665	-6.674607358185058e-6
0.167	-6.6705950253919215e-6
0.1675	-6.666582607789375e-6
0.168	-6.662570103803832e-6
0.1685	-6.658557511861358e-6
0.169	-6.654544830387686e-6
0.1695	-6.650532057808187e-6
0.17	-6.646519192547883e-6
0.1705	-6.642506233031428e-6
0.171	-6.63849317768311e-6
0.1715	-6.634480012622505e-6
0.17200000000000001	-6.630466740717764e-6
0.17250000000000001	-6.6264533685340156e-6
0.17300000000000001	-6.622439894670636e-6
0.17350000000000002	-6.618426317726644e-6
0.17400000000000002	-6.614412636300697e-6
0.17450000000000002	-6.610398848991092e-6
0.17500000000000002	-6.6063849543957535e-6
0.17550000000000002	-6.602370951112239e-6
0.176	-6.598356837737722e-6
0.1765	-6.594342612868992e-6
0.177	-6.590328275102452e-6
0.1775	-6.58631382303411e-6
0.178	-6.582299255259581e-6
0.1785	-6.578284570374069e-6
0.179	-6.574269766972376e-6
0.1795	-6.570254843648884e-6
0.18	-6.566239798997562e-6
0.1805	-6.5622246316119564e-6
0.181	-6.55820934008518e-6
0.1815	-6.5541939230099145e-6
0.182	-6.55017837897841e-6
0.1825	-6.5461627065824615e-6
0.183	-6.542146904413424e-6
0.1835	-6.538130971062198e-6
0.184	-6.534114905119224e-6
0.1845	-6.530098750568922e-6
0.185	-6.52608253883327e-6
0.1855	-6.522066188809114e-6
0.186	-6.518049698002733e-6
0.1865	-6.514033063919528e-6
0.187	-6.510016284064017e-6
0.1875	-6.505999355939821e-6
0.188	-6.501982277049636e-6
0.1885	-6.497965044895223e-6
0.189	-6.493947656977396e-6
0.1895	-6.4899301107960065e-6
0.19	-6.485912403849913e-6
0.1905	-6.481894533636988e-6
0.191	-6.477876497654091e-6
0.1915	-6.4738582933970435e-6
0.192	-6.469839918360628e-6
0.1925	-6.465821370038573e-6
0.193	-6.461802645923519e-6
0.1935	-6.457783743507022e-6
0.194	-6.4537646602795286e-6
0.1945	-6.4497453937303585e-6
0.195	-6.4457259413477e-6
0.1955	-6.441706300618577e-6
0.196	-6.437686469028843e-6
0.1965	-6.433666444063167e-6
0.197	-6.4296462232050174e-6
0.1975	-6.425625810901747e-6
0.198	-6.421605237683268e-6
0.1985	-6.417584460550086e-6
0.199	-6.4135634765690706e-6
0.1995	-6.409542282805585e-6
0.2	-6.405520876323464e-6
0.2005	-6.401499254185007e-6
0.201	-6.39747741345095e-6
0.2015	-6.393455351180426e-6
0.202	-6.389433064430971e-6
0.2025	-6.385410550258486e-6
0.203	-6.381387805717212e-6
0.20350000000000001	-6.377364827859719e-6
0.20400000000000001	-6.3733416137368785e-6
0.20450000000000002	-6.369318160397843e-6
0.20500000000000002	-6.3652944648900174e-6
0.20550000000000002	-6.3612705242590496e-6
0.20600000000000002	-6.35724633554879e-6
0.20650000000000002	-6.353221895801295e-6
0.20700000000000002	-6.349197202056777e-6
0.20750000000000002	-6.345172251353602e-6
0.20800000000000002	-6.341147040728255e-6
0.2085	-6.337121567215328e-6
0.209	-6.333095827847494e-6
0.2095	-6.329069819655475e-6
0.21	-6.325043539668034e-6
0.2105	-6.321016984911944e-6
0.211	-6.316988919017536e-6
0.2115	-6.312960537098961e-6
0.212	-6.30893189329682e-6
0.2125	-6.304902995882597e-6
0.213	-6.300873853133808e-6
0.2135	-6.2968444733323294e-6
0.214	-6.292814864765121e-6
0.2145	-6.288785035723862e-6
0.215	-6.284754994504782e-6
0.2155	-6.280724749408486e-6
0.216	-6.27669430873979e-6
0.2165	-6.272663680807538e-6
0.217	-6.268632873924456e-6
0.2175	-6.264601896406955e-6
0.218	-6.260570756574977e-6
0.2185	-6.25653946275182e-6
0.219	-6.252508023263961e-6
0.2195	-6.248476446440888e-6
0.22	-6.24444474061494e-6
0.2205	-6.240412914121112e-6
0.221	-6.2363809752969005e-6
0.2215	-6.232348932482129e-6
0.222	-6.228316794018769e-6
0.2225	-6.224284568250773e-6
0.223	-6.220252263523907e-6
0.2235	-6.21621988818556e-6
0.224	-6.212187914663424e-6
0.2245	-6.208155979901719e-6
0.225	-6.20412399058058e-6
0.2255	-6.200091950114214e-6
0.226	-6.196059861917274e-6
0.2265	-6.192027729404805e-6
0.227	-6.187995555992234e-6
0.2275	-6.183963345095334e-6
0.228	-6.179931100130193e-6
0.2285	-6.175898824513187e-6
0.229	-6.171866521660959e-6
0.2295	-6.167834194990373e-6
0.23	-6.163801847918498e-6
0.2305	-6.159769483862583e-6
0.231	-6.155737106240012e-6
0.2315	-6.151704718468286e-6
0.232	-6.147672323964997e-6
0.2325	-6.143639926147785e-6
0.233	-6.139607528434329e-6
0.2335	-6.135575134242296e-6
0.234	-6.131542746989335e-6
0.23450000000000001	-6.127510370093025e-6
0.23500000000000001	-6.123478006970862e-6
0.23550000000000001	-6.119445661040228e-6
0.23600000000000002	-6.115413335718355e-6
0.23650000000000002	-6.111381034422303e-6
0.23700000000000002	-6.1073488552189655e-6
0.23750000000000002	-6.103316746357416e-6
0.23800000000000002	-6.099284669748576e-6
0.23850000000000002	-6.095252627621351e-6
0.23900000000000002	-6.0912206222044524e-6
0.23950000000000002	-6.087188655726395e-6
0.24	-6.0831567304154705e-6
0.2405	-6.079124848499748e-6
0.241	-6.075093012207055e-6
0.2415	-6.071061223764965e-6
0.242	-6.067029485400793e-6
0.2425	-6.062997799341572e-6
0.243	-6.05896616781405e-6
0.2435	-6.054934593044666e-6
0.244	-6.050903077259555e-6
0.2445	-6.04687162268452e-6
0.245	-6.0428402315450275e-6
0.2455	-6.0388089060661935e-6
0.246	-6.034777648472773e-6
0.2465	-6.030746460989144e-6
0.247	-6.026715345839296e-6
0.2475	-6.022684305246824e-6
0.248	-6.018653341434908e-6
0.2485	-6.014622456626302e-6
0.249	-6.0105916530433315e-6
0.2495	-6.006560932907865e-6
0.25	-6.0025304581295815e-6
0.2505	-5.998500190147525e-6
0.251	-5.994470008394632e-6
0.2515	-5.990439912631512e-6
0.252	-5.986409902618826e-6
0.2525	-5.982379978117262e-6
0.253	-5.9783501388875825e-6
0.2535	-5.9743203846905885e-6
0.254	-5.970290715287135e-6
0.2545	-5.966261130438126e-6
0.255	-5.962231629904514e-6
0.2555	-5.958202213447303e-6
0.256	-5.954172880827545e-6
0.2565	-5.9501436318063385e-6
0.257	-5.946114466144836e-6
0.2575	-5.942085383604239e-6
0.258	-5.938056383945789e-6
0.2585	-5.934027466930787e-6
0.259	-5.929998632320579e-6
0.2595	-5.925969879876553e-6
0.26	-5.921941209360155e-6
0.2605	-5.91791262053287e-6
0.261	-5.91388411315624e-6
0.2615	-5.909855686991847e-6
0.262	-5.905827341801323e-6
0.2625	-5.90179907734635e-6
0.263	-5.897770873267657e-6
0.2635	-5.893742722365341e-6
0.264	-5.8897146520790255e-6
0.2645	-5.88568666258625e-6
0.265	-5.881658754064507e-6
0.2655	-5.877630926691259e-6
0.266	-5.8736031806439365e-6
0.2665	-5.869575516099923e-6
0.267	-5.865547933236574e-6
0.2675	-5.8615204322312045e-6
0.268	-5.857493013261096e-6
0.2685	-5.853465676503493e-6
0.269	-5.8494384221355965e-6
0.2695	-5.845411250334582e-6
0.27	-5.8413841612775805e-6
0.2705	-5.8373571551416865e-6
0.271	-5.83333023210396e-6
0.2715	-5.8293033923414244e-6
0.272	-5.825276636031064e-6
0.2725	-5.821249963349825e-6
0.273	-5.817223374474618e-6
0.2735	-5.813196869582316e-6
0.274	-5.809170448849757e-6
0.2745	-5.805144112453734e-6
0.275	-5.801117860571012e-6
0.2755	-5.797091693378312e-6
0.276	-5.793065653713266e-6
0.2765	-5.789039816825595e-6
0.277	-5.785014063364487e-6
0.2775	-5.780988392097407e-6
0.278	-5.776962801792076e-6
0.2785	-5.772937291216451e-6
0.279	-5.768911859138742e-6
0.2795	-5.764886504327399e-6
0.28	-5.760861225551102e-6
0.2805	-5.75683602157877e-6
0.281	-5.752810891179543e-6
0.28150000000000003	-5.7487858331227915e-6
0.28200000000000003	-5.744760846178104e-6
0.28250000000000003	-5.7407359291152856e-6
0.28300000000000003	-5.736711080704357e-6
0.28350000000000003	-5.732686299715547e-6
0.28400000000000003	-5.728661584919289e-6
0.28450000000000003	-5.724636935086223e-6
0.28500000000000003	-5.720612348987181e-6
0.28550000000000003	-5.716587825393191e-6
0.28600000000000003	-5.712563363075475e-6
0.28650000000000003	-5.70853896080544e-6
0.28700000000000003	-5.704514617354674e-6
0.28750000000000003	-5.700490331494944e-6
0.28800000000000003	-5.696466101998199e-6
0.2885	-5.692441927636555e-6
0.289	-5.68841781507519e-6
0.2895	-5.684393833520592e-6
0.29	-5.680369902589893e-6
0.2905	-5.676346020299902e-6
0.291	-5.672322184667648e-6
0.2915	-5.668298393710398e-6
0.292	-5.664274645445644e-6
0.2925	-5.660250937891083e-6
0.293	-5.6562272690646065e-6
0.2935	-5.652203636984312e-6
0.294	-5.648180039668463e-6
0.2945	-5.6441564751355014e-6
0.295	-5.640132941404032e-6
0.2955	-5.6361094364928055e-6
0.296	-5.63208595842072e-6
0.2965	-5.628062505206802e-6
0.297	-5.6240390748702035e-6
0.2975	-5.620015665430186e-6
0.298	-5.615992274906113e-6
0.2985	-5.61196890131745e-6
0.299	-5.607945542683733e-6
0.2995	-5.603922197024579e-6
0.3	-5.599898862359671e-6
0.3005	-5.595875536708737e-6
0.301	-5.591852218091562e-6
0.3015	-5.587828904527952e-6
0.302	-5.583805594037751e-6
0.3025	-5.579782698675444e-6
0.303	-5.5757598405314895e-6
0.3035	-5.571736971903899e-6
0.304	-5.567714086821695e-6
0.3045	-5.563691179313651e-6
0.305	-5.559668243408214e-6
0.3055	-5.555645273133406e-6
0.306	-5.551622262516735e-6
0.3065	-5.547599205585118e-6
0.307	-5.543576096364778e-6
0.3075	-5.53955292888117e-6
0.308	-5.535529697158869e-6
0.3085	-5.5315063952215126e-6
0.309	-5.527483017091683e-6
0.3095	-5.523459556790837e-6
0.31	-5.519436008339214e-6
0.3105	-5.515412365755735e-6
0.311	-5.511388623057927e-6
0.3115	-5.507364774261828e-6
0.312	-5.503340813381907e-6
0.3125	-5.499316734430948e-6
0.313	-5.4952925314200045e-6
0.3135	-5.491268198358262e-6
0.314	-5.487243729252984e-6
0.3145	-5.4832191181094125e-6
0.315	-5.479194358930667e-6
0.3155	-5.475169460662442e-6
0.316	-5.4711444078866096e-6
0.3165	-5.467119188762383e-6
0.317	-5.463093797102962e-6
0.3175	-5.459068226718902e-6
0.318	-5.455042471418009e-6
0.3185	-5.4510165250052555e-6
0.319	-5.446990381282678e-6
0.3195	-5.4429640340492795e-6
0.32	-5.438937477100938e-6
0.3205	-5.434910704230306e-6
0.321	-5.430883709226717e-6
0.3215	-5.4268564858760854e-6
0.322	-5.422829027960818e-6
0.3225	-5.4188013292597034e-6
0.323	-5.4147733835478295e-6
0.3235	-5.410745184596475e-6
0.324	-5.406716726173016e-6
0.3245	-5.402688002040836e-6
0.325	-5.398659005959212e-6
0.3255	-5.394629731683231e-6
0.326	-5.390600172963682e-6
0.3265	-5.386570323546969e-6
0.327	-5.3825401771750005e-6
0.3275	-5.378509727585099e-6
0.328	-5.374478968509897e-6
0.3285	-5.370448463533528e-6
0.329	-5.366418063339762e-6
0.3295	-5.3623873212685465e-6
0.33	-5.358356222229387e-6
0.3305	-5.354324751118551e-6
0.331	-5.3502928928181e-6
0.3315	-5.346260632195934e-6
0.332	-5.34222795410481e-6
0.3325	-5.338194843381863e-6
0.333	-5.334161284848025e-6
0.3335	-5.330127263307446e-6
0.334	-5.3260927635469205e-6
0.3345	-5.3220577703353015e-6
0.335	-5.3180222684229045e-6
0.3355	-5.3139862425409366e-6
0.336	-5.309949677400897e-6
0.3365	-5.3059125576939944e-6
0.337	-5.301874868090546e-6
0.3375	-5.297836593239385e-6
0.338	-5.293797717767265e-6
0.3385	-5.289758226278259e-6
0.339	-5.285718103353155e-6
0.3395	-5.281677333548857e-6
0.34	-5.277635901397768e-6
0.3405	-5.273593791407188e-6
0.341	-5.269550988058697e-6
0.3415	-5.265505586625529e-6
0.342	-5.261457315801109e-6
0.3425	-5.257408355389881e-6
0.343	-5.25335872573537e-6
0.3435	-5.249308447203981e-6
0.34400000000000003	-5.245257540224622e-6
0.34450000000000003	-5.2412060252319626e-6
0.34500000000000003	-5.23715392269931e-6
0.34550000000000003	-5.233101253129869e-6
0.34600000000000003	-5.229048037055721e-6
0.34650000000000003	-5.224994295036798e-6
0.34700000000000003	-5.22094004765986e-6
0.34750000000000003	-5.216885315537467e-6
0.34800000000000003	-5.212830119306934e-6
0.34850000000000003	-5.20877447962931e-6
0.34900000000000003	-5.204718417188316e-6
0.34950000000000003	-5.200661952689328e-6
0.35000000000000003	-5.1966051068583e-6
0.35050000000000003	-5.192547900440738e-6
0.35100000000000003	-5.188490354200634e-6
0.35150000000000003	-5.184432488919412e-6
0.352	-5.180374325394875e-6
0.3525	-5.1763158844401364e-6
0.353	-5.1722571868825684e-6
0.3535	-5.168198253562725e-6
0.354	-5.1641391053332805e-6
0.3545	-5.160080250262999e-6
0.355	-5.156021736355223e-6
0.3555	-5.1519630569640774e-6
0.356	-5.1479042239962175e-6
0.3565	-5.143845249362796e-6
0.357	-5.139786144979098e-6
0.3575	-5.135726922764308e-6
0.358	-5.131667594641004e-6
0.3585	-5.127608172534899e-6
0.359	-5.123548668374465e-6
0.3595	-5.1194890940905846e-6
0.36	-5.115429461616202e-6
0.3605	-5.111369782885972e-6
0.361	-5.107310069835911e-6
0.3615	-5.103250334403043e-6
0.362	-5.099190588525051e-6
0.3625	-5.0951308441399224e-6
0.363	-5.091071113185606e-6
0.3635	-5.087011407599653e-6
0.364	-5.082951739318867e-6
0.3645	-5.078892120278958e-6
0.365	-5.074832562414185e-6
0.3655	-5.070773077657009e-6
0.366	-5.066713677937741e-6
0.3665	-5.062654375184202e-6
0.367	-5.058595181321347e-6
0.3675	-5.0545364253326476e-6
0.368	-5.0504780774085275e-6
0.3685	-5.0464198659389725e-6
0.369	-5.042361797528838e-6
0.3695	-5.038303878780659e-6
0.37	-5.0342461162946396e-6
0.3705	-5.030188516668151e-6
0.371	-5.0261310864961635e-6
0.3715	-5.0220738323708205e-6
0.372	-5.018016760881396e-6
0.3725	-5.013959878614197e-6
0.373	-5.00990319215245e-6
0.3735	-5.005846708076196e-6
0.374	-5.0017904329621915e-6
0.3745	-4.997734373383796e-6
0.375	-4.993678535910865e-6
0.3755	-4.989622927109652e-6
0.376	-4.985567553542693e-6
0.3765	-4.981512421768712e-6
0.377	-4.977457538342505e-6
0.3775	-4.973402909814847e-6
0.378	-4.969348542732378e-6
0.3785	-4.965294443637499e-6
0.379	-4.961240619068277e-6
0.3795	-4.9571870755583255e-6
0.38	-4.95313381963672e-6
0.3805	-4.94908105032184e-6
0.381	-4.945028731164401e-6
0.3815	-4.940976714314473e-6
0.382	-4.936925003230784e-6
0.3825	-4.93287360136943e-6
0.383	-4.92882251218404e-6
0.3835	-4.92477173912501e-6
0.384	-4.920721285640505e-6
0.3845	-4.916671155175799e-6
0.385	-4.912621351173378e-6
0.3855	-4.908571877072932e-6
0.386	-4.904522736311314e-6
0.3865	-4.900473932322513e-6
0.387	-4.896425468537629e-6
0.3875	-4.892377348384846e-6
0.388	-4.888329575289396e-6
0.3885	-4.884282152673549e-6
0.389	-4.8802350839565625e-6
0.3895	-4.876188372554669e-6
0.39	-4.872142021881044e-6
0.3905	-4.868096035345781e-6
0.391	-4.8640504163558575e-6
0.3915	-4.860005168315115e-6
0.392	-4.8559602946242285e-6
0.3925	-4.851915798680675e-6
0.393	-4.847871683878715e-6
0.3935	-4.843828391351055e-6
0.394	-4.839785859008477e-6
0.3945	-4.835743706677178e-6
0.395	-4.83170193055414e-6
0.3955	-4.82766052683984e-6
0.396	-4.8236194917382e-6
0.3965	-4.819578821457559e-6
0.397	-4.815538512206821e-6
0.3975	-4.81149856020086e-6
0.398	-4.807458961657038e-6
0.3985	-4.803419712795984e-6
0.399	-4.79938080984156e-6
0.3995	-4.795342249020815e-6
0.4	-4.791304026563967e-6
0.4005	-4.787266138704347e-6
0.401	-4.783228581678378e-6
0.4015	-4.779191351725524e-6
0.402	-4.7751544450882704e-6
0.4025	-4.7711178580120754e-6
0.403	-4.767081586745338e-6
0.4035	-4.7630456275393605e-6
0.404	-4.759009976648323e-6
0.4045	-4.754974630329226e-6
0.405	-4.750939584841883e-6
0.4055	-4.7469048364488525e-6
0.406	-4.74287038141544e-6
0.40650000000000003	-4.738835973984533e-6
0.40700000000000003	-4.734801559791423e-6
0.40750000000000003	-4.730767434736769e-6
0.40800000000000003	-4.726733599815663e-6
0.40850000000000003	-4.7227000560224674e-6
0.40900000000000003	-4.7186668043507975e-6
0.40950000000000003	-4.714633845793338e-6
0.41000000000000003	-4.710601181342596e-6
0.41050000000000003	-4.706568811989779e-6
0.41100000000000003	-4.702536738725522e-6
0.41150000000000003	-4.6985049625397124e-6
0.41200000000000003	-4.694473484421479e-6
0.41250000000000003	-4.6904423053591975e-6
0.41300000000000003	-4.686411426340492e-6
0.41350000000000003	-4.682380848352214e-6
0.41400000000000003	-4.678350572380467e-6
0.41450000000000004	-4.674320599410578e-6
0.41500000000000004	-4.6702909304271154e-6
0.41550000000000004	-4.666261566413876e-6
0.41600000000000004	-4.662232508353891e-6
0.4165	-4.6582037572294135e-6
0.417	-4.654175314021921e-6
0.4175	-4.650147179712122e-6
0.418	-4.646119355279935e-6
0.4185	-4.64209184170451e-6
0.419	-4.638064639964201e-6
0.4195	-4.634038080955785e-6
0.42	-4.63001254932479e-6
0.4205	-4.625987320157082e-6
0.421	-4.621962385266977e-6
0.4215	-4.617937736474749e-6
0.422	-4.613913365606467e-6
0.4225	-4.609889264494711e-6
0.423	-4.605865424974986e-6
0.4235	-4.601841838890457e-6
0.424	-4.597818498088681e-6
0.4245	-4.593795394422155e-6
0.425	-4.589772519748177e-6
0.4255	-4.585749865928663e-6
0.426	-4.581727424829985e-6
0.4265	-4.577705188322804e-6
0.427	-4.573683148281915e-6
0.4275	-4.569661296586066e-6
0.428	-4.565639625117804e-6
0.4285	-4.561618125763308e-6
0.429	-4.55759679041222e-6
0.4295	-4.553575610957495e-6
0.43	-4.549554579295212e-6
0.4305	-4.545533687324439e-6
0.431	-4.541512926947048e-6
0.4315	-4.537492290067558e-6
0.432	-4.533471768592974e-6
0.4325	-4.529451400026799e-6
0.433	-4.525431445557773e-6
0.4335	-4.521411578650645e-6
0.434	-4.517391788068944e-6
0.4345	-4.513372062578335e-6
0.435	-4.509352390946299e-6
0.4355	-4.505332761941835e-6
0.436	-4.5013131643350976e-6
0.4365	-4.497293586897153e-6
0.437	-4.493274018399621e-6
0.4375	-4.489254447614367e-6
0.438	-4.4852348633132e-6
0.4385	-4.481215254267542e-6
0.439	-4.477195609248132e-6
0.4395	-4.4731759170247024e-6
0.44	-4.469156166365661e-6
0.4405	-4.465136346037788e-6
0.441	-4.4611164448059166e-6
0.4415	-4.45709645143262e-6
0.442	-4.45307635467789e-6
0.4425	-4.449056143298838e-6
0.443	-4.445035806049363e-6
0.4435	-4.4410153316798474e-6
0.444	-4.436994708936835e-6
0.4445	-4.4329739265627266e-6
0.445	-4.428952973295452e-6
0.4455	-4.424931837868154e-6
0.446	-4.420912490857405e-6
0.4465	-4.416893094218246e-6
0.447	-4.412873445787592e-6
0.4475	-4.40885351545273e-6
0.448	-4.404833273079835e-6
0.4485	-4.400812688511706e-6
0.449	-4.3967917315646116e-6
0.4495	-4.392770372029144e-6
0.45	-4.38874857966379e-6
0.4505	-4.384726324195095e-6
0.451	-4.380703575314816e-6
0.4515	-4.376680302677625e-6
0.452	-4.372656475898791e-6
0.4525	-4.368632064551869e-6
0.453	-4.36460703816636e-6
0.4535	-4.360581366225388e-6
0.454	-4.3565550181633435e-6
0.4545	-4.3525279633635255e-6
0.455	-4.348500171155781e-6
0.4555	-4.3444716108141145e-6
0.456	-4.340442251554304e-6
0.4565	-4.3364120625315e-6
0.457	-4.332381012837795e-6
0.4575	-4.328349071499805e-6
0.458	-4.324316207476218e-6
0.4585	-4.320282389655345e-6
0.459	-4.316249377602208e-6
0.4595	-4.312215940998875e-6
0.46	-4.308181421828156e-6
0.4605	-4.30414576755868e-6
0.461	-4.300108925512421e-6
0.4615	-4.296070842857639e-6
0.462	-4.2920314666189085e-6
0.4625	-4.287990743604278e-6
0.463	-4.283948620492159e-6
0.4635	-4.279905043764132e-6
0.464	-4.275859959711822e-6
0.4645	-4.2718133144294585e-6
0.465	-4.267765053806336e-6
0.4655	-4.2637151235192365e-6
0.466	-4.259663469024732e-6
0.4665	-4.255610035551431e-6
0.467	-4.2515547680921296e-6
0.4675	-4.2474976113958756e-6
0.468	-4.243438509959931e-6
0.4685	-4.239377408021655e-6
0.46900000000000003	-4.235314249550269e-6
0.46950000000000003	-4.2312489782385345e-6
0.47000000000000003	-4.227181537494311e-6
0.47050000000000003	-4.22311187043201e-6
0.47100000000000003	-4.21903991986394e-6
0.47150000000000003	-4.214965628291511e-6
0.47200000000000003	-4.210877636815287e-6
0.47250000000000003	-4.2067833402361894e-6
0.47300000000000003	-4.202686741815569e-6
0.47350000000000003	-4.1985879219643695e-6
0.47400000000000003	-4.194486961539877e-6
0.47450000000000003	-4.190383941831114e-6
0.47500000000000003	-4.18627894343062e-6
0.47550000000000003	-4.182172050496557e-6
0.47600000000000003	-4.178063344607763e-6
0.47650000000000003	-4.173952908635747e-6
0.47700000000000004	-4.1698408258062395e-6
0.47750000000000004	-4.1657271796829764e-6
0.47800000000000004	-4.161612054151309e-6
0.47850000000000004	-4.157495533401617e-6
0.47900000000000004	-4.153377701912562e-6
0.47950000000000004	-4.149258644434166e-6
0.48	-4.14513844597074e-6
0.4805	-4.141017191763648e-6
0.481	-4.1368949672739645e-6
0.4815	-4.132771858164983e-6
0.482	-4.1286479502846025e-6
0.4825	-4.124523329647628e-6
0.483	-4.120398082417952e-6
0.4835	-4.116272294890671e-6
0.484	-4.112146053474096e-6
0.4845	-4.108019899877441e-6
0.485	-4.1038964319703144e-6
0.4855	-4.09977273461607e-6
0.486	-4.095648862695398e-6
0.4865	-4.091524871112226e-6
0.487	-4.0874008147864275e-6
0.4875	-4.0832767486465185e-6
0.488	-4.0791527276235585e-6
0.4885	-4.075028806640672e-6
0.489	-4.070905040608865e-6
0.4895	-4.066781484418233e-6
0.49	-4.06265819293092e-6
0.4905	-4.0585352209738554e-6
0.491	-4.054412623331467e-6
0.4915	-4.05029045473841e-6
0.492	-4.046168769872344e-6
0.4925	-4.0420476233466915e-6
0.493	-4.0379270697034555e-6
0.4935	-4.033807163406034e-6
0.494	-4.029687958832084e-6
0.4945	-4.025569510266411e-6
0.495	-4.021451871893897e-6
0.4955	-4.017335097792446e-6
0.496	-4.013219241926002e-6
0.4965	-4.009104358137572e-6
0.497	-4.0049905001423266e-6
0.4975	-4.0008792000760306e-6
0.498	-3.996770135972599e-6
0.4985	-3.992662218535281e-6
0.499	-3.988555477189541e-6
0.4995	-3.9844499412753096e-6
0.5	-3.98034564004499e-6
0.5005000000000001	-3.976242602661504e-6
0.501	-3.972140858196343e-6
0.5015000000000001	-3.968040435710996e-6
0.502	-3.9639413639368765e-6
0.5025000000000001	-3.9598436717280675e-6
0.503	-3.955747387770909e-6
0.5035000000000001	-3.951652540650824e-6
0.504	-3.947559158850474e-6
0.5045000000000001	-3.943467270747953e-6
0.505	-3.939376904614995e-6
0.5055000000000001	-3.935288088615198e-6
0.506	-3.931200850802284e-6
0.5065000000000001	-3.9271152191183545e-6
0.507	-3.9230312213921915e-6
0.5075000000000001	-3.9189488853375715e-6
0.508	-3.914868238551606e-6
0.5085000000000001	-3.910789308513075e-6
0.509	-3.906712122580838e-6
0.5095000000000001	-3.9026367079922195e-6
0.51	-3.898563091861437e-6
0.5105000000000001	-3.894492241587607e-6
0.511	-3.8904234263252955e-6
0.5115000000000001	-3.886356470005873e-6
0.512	-3.882291389152194e-6
0.5125	-3.878228200205119e-6
0.513	-3.874166919523032e-6
0.5135	-3.8701075633813605e-6
0.514	-3.86605014797212e-6
0.5145	-3.8619946894856744e-6
0.515	-3.8579412037923735e-6
0.5155	-3.853889706902094e-6
0.516	-3.849840214668533e-6
0.5165	-3.845792742859772e-6
0.517	-3.841747307157873e-6
0.5175	-3.837703923158472e-6
0.518	-3.833662606370383e-6
0.5185	-3.8296233722152415e-6
0.519	-3.825586236027098e-6
0.5195	-3.821551213052083e-6
0.52	-3.817518318448043e-6
0.5205	-3.8134875672841955e-6
0.521	-3.8094589745407917e-6
0.5215	-3.8054325551088044e-6
0.522	-3.8014083237895935e-6
0.5225	-3.797386295294617e-6
0.523	-3.7933664842451148e-6
0.5235	-3.7893497372464237e-6
0.524	-3.78533544885153e-6
0.5245	-3.7813234030564852e-6
0.525	-3.7773136050249065e-6
0.5255	-3.7733060598810053e-6
0.526	-3.7693007727096407e-6
0.5265	-3.765297748556375e-6
0.527	-3.76129699242753e-6
0.5275	-3.7572985094017473e-6
0.528	-3.7533023041971643e-6
0.5285	-3.7493083818001815e-6
0.529	-3.7453167470605762e-6
0.5295	-3.7413274047891954e-6
0.53	-3.7373403597580028e-6
0.5305	-3.733355616700159e-6
0.531	-3.7293731803100843e-6
0.5315	-3.7253930552435273e-6
0.532	-3.7214152461176314e-6
0.5325	-3.7174397575110115e-6
0.533	-3.7134665939638265e-6
0.5335	-3.709495759977851e-6
0.534	-3.705527260016546e-6
0.5345	-3.701561098505141e-6
0.535	-3.6975972798307055e-6
0.5355	-3.693635808342234e-6
0.536	-3.689676688350716e-6
0.5365	-3.6857201578811437e-6
0.537	-3.681766385941868e-6
0.5375	-3.6778149697450156e-6
0.538	-3.673865908132619e-6
0.5385	-3.6699191999410876e-6
0.539	-3.665974844001237e-6
0.5395	-3.6620328391383332e-6
0.54	-3.658093184172125e-6
0.5405	-3.6541558779837136e-6
0.541	-3.6502209192558323e-6
0.5415	-3.6462883068504764e-6
0.542	-3.642358039565626e-6
0.5425	-3.6384301161939237e-6
0.543	-3.634504535522725e-6
0.5435	-3.630581296334126e-6
0.544	-3.6266603974050043e-6
0.5445	-3.622741837507047e-6
0.545	-3.618825615406796e-6
0.5455	-3.614911729865684e-6
0.546	-3.611000179640058e-6
0.5465	-3.607090963481235e-6
0.547	-3.603184080135518e-6
0.5475	-3.5992795283442455e-6
0.548	-3.5953773068438125e-6
0.5485	-3.5914774143657296e-6
0.549	-3.5875798496366272e-6
0.5495	-3.583684611378315e-6
0.55	-3.5797921811098393e-6
0.5505	-3.5759025096761365e-6
0.551	-3.572015147736043e-6
0.5515	-3.5681300865225256e-6
0.552	-3.5642473173082405e-6
0.5525	-3.5603668314052565e-6
0.553	-3.5564886201647775e-6
0.5535	-3.552612674976878e-6
0.554	-3.5487389873537422e-6
0.5545	-3.544867548603344e-6
0.555	-3.540998350305254e-6
0.5555	-3.5371313840022653e-6
0.556	-3.5332666412747124e-6
0.5565	-3.529404113740223e-6
0.557	-3.5255437930534506e-6
0.5575	-3.5216856709058263e-6
0.558	-3.5178297390253136e-6
0.5585	-3.51397598917614e-6
0.559	-3.510124413158577e-6
0.5595	-3.50627500280867e-6
0.56	-3.5024277499980093e-6
0.5605	-3.4985826466334847e-6
0.561	-3.494739684657048e-6
0.5615	-3.4908988560454768e-6
0.562	-3.487060152810132e-6
0.5625	-3.4832235669967347e-6
0.5630000000000001	-3.4793890906851295e-6
0.5635	-3.4755567850714032e-6
0.5640000000000001	-3.471726789832715e-6
0.5645	-3.4678988772569986e-6
0.5650000000000001	-3.4640730373065373e-6
0.5655	-3.4602492599887458e-6
0.5660000000000001	-3.4564275353557993e-6
0.5665	-3.452607853504295e-6
0.5670000000000001	-3.4487902045882584e-6
0.5675	-3.444974578766782e-6
0.5680000000000001	-3.441160966279398e-6
0.5685	-3.437349357396942e-6
0.5690000000000001	-3.433539742432952e-6
0.5695	-3.4297321117433642e-6
0.5700000000000001	-3.425926455726157e-6
0.5705	-3.422122764821056e-6
0.5710000000000001	-3.4183210295091815e-6
0.5715	-3.4145212403127475e-6
0.5720000000000001	-3.410723387794746e-6
0.5725	-3.406927462558617e-6
0.5730000000000001	-3.403133455247953e-6
0.5735	-3.399341356546178e-6
0.5740000000000001	-3.3955511571762518e-6
0.5745	-3.391762847900362e-6
0.5750000000000001	-3.3879764195196248e-6
0.5755	-3.384191862873784e-6
0.5760000000000001	-3.380409168840915e-6
0.5765	-3.3766283283371414e-6
0.577	-3.3728493323163333e-6
0.5775	-3.369071725374012e-6
0.578	-3.365295577222523e-6
0.5785	-3.361521257548884e-6
0.579	-3.3577487637066144e-6
0.5795	-3.353978093055612e-6
0.58	-3.3502092429491127e-6
0.5805	-3.346442210784236e-6
0.581	-3.3426769939287175e-6
0.5815	-3.338913589767758e-6
0.582	-3.335151995692834e-6
0.5825	-3.3313922091016672e-6
0.583	-3.3276342273982112e-6
0.5835	-3.3238780479926254e-6
0.584	-3.3201236683012617e-6
0.5845	-3.3163710857466343e-6
0.585	-3.312620297757406e-6
0.5855	-3.308871301768364e-6
0.586	-3.3051240952204075e-6
0.5865	-3.301378675560508e-6
0.587	-3.2976350402417153e-6
0.5875	-3.293893186723114e-6
0.588	-3.2901531124698238e-6
0.5885	-3.286414814952955e-6
0.589	-3.282678291649617e-6
0.5895	-3.278943540042875e-6
0.59	-3.275210557621746e-6
0.5905	-3.2714793418811644e-6
0.591	-3.2677498903219792e-6
0.5915	-3.2640227730782963e-6
0.592	-3.260298048069145e-6
0.5925	-3.256575064722295e-6
0.593	-3.252853811560263e-6
0.5935	-3.2491342771358997e-6
0.594	-3.2454164500647324e-6
0.5945	-3.241700319004552e-6
0.595	-3.237985872659508e-6
0.5955	-3.2342730997796553e-6
0.596	-3.230561989160564e-6
0.5965	-3.2268525296428625e-6
0.597	-3.223138374412068e-6
0.5975	-3.21943259162784e-6
0.598	-3.215728412893266e-6
0.5985	-3.2120258272208855e-6
0.599	-3.20832482367105e-6
0.5995	-3.204625391351511e-6
0.6	-3.200927519416992e-6
0.6005	-3.1972311970687825e-6
0.601	-3.1935364135543245e-6
0.6015	-3.1898431581667965e-6
0.602	-3.1861514202447227e-6
0.6025	-3.182461189171557e-6
0.603	-3.1787724543752925e-6
0.6035	-3.175085205328061e-6
0.604	-3.1713994315457437e-6
0.6045	-3.167715122587569e-6
0.605	-3.164032268055744e-6
0.6055	-3.1603508575950544e-6
0.606	-3.156670880892487e-6
0.6065	-3.1530330661074343e-6
0.607	-3.149375660890112e-6
0.6075	-3.1457191685170373e-6
0.608	-3.142063439538321e-6
0.6085	-3.1384083249048696e-6
0.609	-3.1347536758927234e-6
0.6095	-3.13109934402773e-6
0.61	-3.127445181010492e-6
0.6105	-3.1237910386415194e-6
0.611	-3.1201367687464804e-6
0.6115	-3.1164822231014836e-6
0.612	-3.1128272533583345e-6
0.6125	-3.1091717109696426e-6
0.613	-3.1055154471137417e-6
0.6135	-3.101858312619312e-6
0.614	-3.0982001578896555e-6
0.6145	-3.0945408328265064e-6
0.615	-3.090880186753328e-6
0.6155	-3.0872180683379964e-6
0.616	-3.0835543255147854e-6
0.6165	-3.0798888054055817e-6
0.617	-3.0762213542402203e-6
0.6175	-3.0725518172758893e-6
0.618	-3.068880038715469e-6
0.6185	-3.0652058616247455e-6
0.619	-3.0615291278483985e-6
0.6195	-3.0578620646773117e-6
0.62	-3.054163056428184e-6
0.6205	-3.05046096064381e-6
0.621	-3.0467557316521987e-6
0.6215	-3.0430473233830822e-6
0.622	-3.039335689360478e-6
0.6225	-3.0356207826951477e-6
0.623	-3.0319025560769276e-6
0.6235	-3.0281809617669358e-6
0.624	-3.0244559515896645e-6
0.6245	-3.020727476924939e-6
0.625	-3.0169954886997507e-6
0.6255000000000001	-3.0132599373799424e-6
0.626	-3.0095207729617853e-6
0.6265000000000001	-3.005777944963388e-6
0.627	-3.0020314024159842e-6
0.6275000000000001	-2.998281093855055e-6
0.628	-2.9945269673113274e-6
0.6285000000000001	-2.9907689703015904e-6
0.629	-2.9870070498193833e-6
0.6295000000000001	-2.9832248960963337e-6
0.63	-2.9794540230787218e-6
0.6305000000000001	-2.975679042638588e-6
0.631	-2.9718999004080496e-6
0.6315000000000001	-2.9681165414930437e-6
0.632	-2.964328910463024e-6
0.6325000000000001	-2.9605369515993408e-6
0.633	-2.9567406077419124e-6
0.6335000000000001	-2.9529398221664305e-6
0.634	-2.9491331578587882e-6
0.6345000000000001	-2.9453146500605247e-6
0.635	-2.941491573735794e-6
0.6355000000000001	-2.9376639385169934e-6
0.636	-2.933831754249712e-6
0.6365000000000001	-2.9299950309940083e-6
0.637	-2.926153779025708e-6
0.6375000000000001	-2.922308008837662e-6
0.638	-2.918457731141013e-6
0.6385000000000001	-2.9146029568664157e-6
0.639	-2.9107436971652828e-6
0.6395000000000001	-2.9068799634109883e-6
0.64	-2.9030117672000565e-6
0.6405	-2.899139120353351e-6
0.641	-2.8952620349172327e-6
0.6415	-2.8913805231647015e-6
0.642	-2.887494597596536e-6
0.6425	-2.883604270942389e-6
0.643	-2.879709556161891e-6
0.6435	-2.875810466445715e-6
0.644	-2.8719070152166343e-6
0.6445	-2.867999216130552e-6
0.645	-2.8640870830775193e-6
0.6455	-2.8601706302945054e-6
0.646	-2.8562498718884453e-6
0.6465	-2.852324822601204e-6
0.647	-2.8483954972695024e-6
0.6475	-2.8444619109688906e-6
0.648	-2.8405216332824954e-6
0.6485	-2.8365770943715614e-6
0.649	-2.832628375019268e-6
0.6495	-2.82867551273499e-6
0.65	-2.8247185454921876e-6
0.6505	-2.820757511727192e-6
0.651	-2.8167924503378465e-6
0.6515	-2.8128234006820413e-6
0.652	-2.8088504025760974e-6
0.6525	-2.804873496293059e-6
0.653	-2.800892722560823e-6
0.6535	-2.796908122560165e-6
0.654	-2.792919737922613e-6
0.6545	-2.7889276107282274e-6
0.655	-2.7849317835031994e-6
0.6555	-2.7809322992173663e-6
0.656	-2.77692920128156e-6
0.6565	-2.7729225335448515e-6
0.657	-2.768912340291626e-6
0.6575	-2.764898666238569e-6
0.658	-2.7608815565314803e-6
0.6585	-2.75686105674198e-6
0.659	-2.752837212869167e-6
0.6595	-2.7488100713139333e-6
0.66	-2.7447796789110552e-6
0.6605	-2.7407460828997035e-6
0.661	-2.736709179699286e-6
0.6615	-2.7326690592258975e-6
0.662	-2.728625882356774e-6
0.6625	-2.724579700286163e-6
0.663	-2.720530564615073e-6
0.6635	-2.716478527346097e-6
0.664	-2.712423640878078e-6
0.6645	-2.7083659580006642e-6
0.665	-2.7043055318886734e-6
0.6655	-2.7002424160963755e-6
0.666	-2.696176664551585e-6
0.6665	-2.6921083315496484e-6
0.667	-2.6880374717472677e-6
0.6675	-2.683964140156222e-6
0.668	-2.679888392136915e-6
0.6685	-2.675810283391833e-6
0.669	-2.671729869958833e-6
0.6695	-2.6676472082043296e-6
0.67	-2.6635623548163435e-6
0.6705	-2.659475366797429e-6
0.671	-2.6553863014574776e-6
0.6715	-2.6512952164063996e-6
0.672	-2.6472021695429167e-6
0.6725	-2.6431072190633777e-6
0.673	-2.639010423427563e-6
0.6735	-2.634911841369964e-6
0.674	-2.630812169202242e-6
0.6745	-2.6267110925369704e-6
0.675	-2.622608394167865e-6
0.6755	-2.6185041254773853e-6
0.676	-2.614398338048452e-6
0.6765	-2.6102910836582977e-6
0.677	-2.6061824142722598e-6
0.6775	-2.602072382037502e-6
0.678	-2.5979610392766606e-6
0.6785	-2.593848438481455e-6
0.679	-2.5897346323062005e-6
0.6795	-2.585619673561309e-6
0.68	-2.5815036152066797e-6
0.6805	-2.5773865103450906e-6
0.681	-2.5732684122154943e-6
0.6815	-2.5691493741862967e-6
0.682	-2.5650294497485577e-6
0.6825	-2.5609086925091842e-6
0.683	-2.5567871561840452e-6
0.6835	-2.5526648945910715e-6
0.684	-2.5485419616433112e-6
0.6845	-2.5444184113419397e-6
0.685	-2.5402942977694058e-6
0.6855	-2.536169675081659e-6
0.686	-2.53204459750245e-6
0.6865	-2.5279193225677433e-6
0.687	-2.523795444549366e-6
0.6875	-2.519671255228978e-6
0.6880000000000001	-2.5155467909850527e-6
0.6885	-2.511422088220355e-6
0.6890000000000001	-2.507297183358704e-6
0.6895	-2.5031721128417857e-6
0.6900000000000001	-2.499046913125917e-6
0.6905	-2.4949216206788517e-6
0.6910000000000001	-2.4907962719765295e-6
0.6915	-2.486670903499869e-6
0.6920000000000001	-2.482545551731541e-6
0.6925	-2.4784202531527335e-6
0.6930000000000001	-2.4742950442399356e-6
0.6935	-2.470169961461703e-6
0.6940000000000001	-2.466045041275445e-6
0.6945	-2.461920320124197e-6
0.6950000000000001	-2.4577958344334097e-6
0.6955	-2.4536716206077354e-6
0.6960000000000001	-2.449546414647337e-6
0.6965	-2.4454227694480866e-6
0.6970000000000001	-2.4412995096270975e-6
0.6975	-2.4371766713637053e-6
0.6980000000000001	-2.433054290798793e-6
0.6985	-2.4289285980830604e-6
0.6990000000000001	-2.424809957545994e-6
0.6995	-2.4206918894703236e-6
0.7000000000000001	-2.416574405427206e-6
0.7005	-2.412457516971559e-6
0.7010000000000001	-2.4083412356417427e-6
0.7015	-2.4042255729592748e-6
0.7020000000000001	-2.400110540428508e-6
0.7025	-2.3959961495363454e-6
0.7030000000000001	-2.39188241175194e-6
0.7035	-2.3877693385263863e-6
0.704	-2.3836569412924315e-6
0.7045	-2.379545231464175e-6
0.705	-2.375434220436779e-6
0.7055	-2.3713239195861634e-6
0.706	-2.367214340268725e-6
0.7065	-2.3631054938210356e-6
0.707	-2.3589973915595586e-6
0.7075	-2.3548900447803494e-6
0.708	-2.350783464758782e-6
0.7085	-2.3466776627492417e-6
0.709	-2.3425726499848605e-6
0.7095	-2.338468437677211e-6
0.71	-2.334365037016039e-6
0.7105	-2.3302624591689715e-6
0.711	-2.3261607152812397e-6
0.7115	-2.3220603260719424e-6
0.712	-2.317959802018668e-6
0.7125	-2.31386014552428e-6
0.713	-2.309761371954274e-6
0.7135	-2.305663496641061e-6
0.714	-2.301566534883457e-6
0.7145	-2.297470501946121e-6
0.715	-2.293375413059053e-6
0.7155	-2.289281283417053e-6
0.716	-2.2851881281791994e-6
0.7165	-2.2810959624683288e-6
0.717	-2.2770048013705167e-6
0.7175	-2.272914659934561e-6
0.718	-2.2688255531714704e-6
0.7185	-2.264737496053953e-6
0.719	-2.2606505035159163e-6
0.7195	-2.256564590451943e-6
0.72	-2.2524797717168173e-6
0.7205	-2.2483960621250045e-6
0.721	-2.244313476450171e-6
0.7215	-2.240232029424674e-6
0.722	-2.236151735739098e-6
0.7225	-2.232072610041744e-6
0.723	-2.227994666938164e-6
0.7235	-2.2239179209906688e-6
0.724	-2.2198423867178665e-6
0.7245	-2.2157634919025274e-6
0.725	-2.2116958613400465e-6
0.7255	-2.2076294718510213e-6
0.726	-2.203564289646782e-6
0.7265	-2.1995002810336394e-6
0.727	-2.1954374124101282e-6
0.7275	-2.191375650264238e-6
0.728	-2.1873149611706904e-6
0.7285	-2.1832553117881927e-6
0.729	-2.1791966688567353e-6
0.7295	-2.1751389991948983e-6
0.73	-2.171082269697153e-6
0.7305	-2.1670264473311955e-6
0.731	-2.1629714991352876e-6
0.7315	-2.1589173922156014e-6
0.732	-2.1548640937435852e-6
0.7325	-2.1508115709533306e-6
0.733	-2.1467597911389666e-6
0.7335	-2.142708721652036e-6
0.734	-2.1386583298989098e-6
0.7345	-2.134608583338193e-6
0.735	-2.130559449478147e-6
0.7355	-2.126510895874111e-6
0.736	-2.1224628901259456e-6
0.7365	-2.118415399875471e-6
0.737	-2.114368392803916e-6
0.7375	-2.110324582140947e-6
0.738	-2.106275129501049e-6
0.7385	-2.102226069666287e-6
0.739	-2.098177399610614e-6
0.7395	-2.0941291163107693e-6
0.74	-2.0900812167462794e-6
0.7405	-2.086033697899416e-6
0.741	-2.0819865567551863e-6
0.7415	-2.0779397903013012e-6
0.742	-2.07389339552816e-6
0.7425	-2.0698473694288243e-6
0.743	-2.0658017089989932e-6
0.7435	-2.0617564112369874e-6
0.744	-2.057711473143725e-6
0.7445	-2.05366689172269e-6
0.745	-2.049622663979923e-6
0.7455	-2.045578786923993e-6
0.746	-2.0415352575659783e-6
0.7465	-2.0374920729194314e-6
0.747	-2.0334492300003824e-6
0.7475	-2.029406725827288e-6
0.748	-2.02536455742103e-6
0.7485	-2.0213227218048848e-6
0.749	-2.017281216004506e-6
0.7495	-2.0132400370478937e-6
0.75	-2.009199181965385e-6
0.7505000000000001	-2.0051586477896197e-6
0.751	-2.0011184422590997e-6
0.7515000000000001	-1.997078627692407e-6
0.752	-1.9930391242588053e-6
0.7525000000000001	-1.9889999282369465e-6
0.753	-1.984961035908249e-6
0.7535000000000001	-1.980922443556847e-6
0.754	-1.9768841474695704e-6
0.7545000000000001	-1.9728461439359055e-6
0.755	-1.968808429247959e-6
0.7555000000000001	-1.964770999700424e-6
0.756	-1.960733851590556e-6
0.7565000000000001	-1.956696981218124e-6
0.757	-1.952660384885382e-6
0.7575000000000001	-1.9486240588970453e-6
0.758	-1.9445879995602417e-6
0.7585000000000001	-1.9405522031844868e-6
0.759	-1.9365166660816473e-6
0.7595000000000001	-1.932481384565908e-6
0.76	-1.9284463549537424e-6
0.7605000000000001	-1.924411573563867e-6
0.761	-1.920377036717226e-6
0.7615000000000001	-1.9163427407369388e-6
0.762	-1.912308681948284e-6
0.7625000000000001	-1.908274856678651e-6
0.763	-1.9042412612575168e-6
0.7635000000000001	-1.9002078920164092e-6
0.764	-1.8961747429839374e-6
0.7645000000000001	-1.8921417125052007e-6
0.765	-1.8881088981566073e-6
0.7655000000000001	-1.884076297178402e-6
0.766	-1.8800439068122627e-6
0.7665000000000001	-1.87601172430128e-6
0.767	-1.8719797468899413e-6
0.7675000000000001	-1.8679479718241076e-6
0.768	-1.8639163963509993e-6
0.7685	-1.8598850177191743e-6
0.769	-1.8558538331785107e-6
0.7695	-1.8518228399801867e-6
0.77	-1.8477920353766664e-6
0.7705	-1.8437614166216733e-6
0.771	-1.8397309809701783e-6
0.7715	-1.8357007256783796e-6
0.772	-1.8316706480036795e-6
0.7725	-1.8276407452046785e-6
0.773	-1.8236110145411354e-6
0.7735	-1.8195814532739703e-6
0.774	-1.8155520586652336e-6
0.7745	-1.8115228279780936e-6
0.775	-1.807493758476809e-6
0.7755	-1.8034648474267221e-6
0.776	-1.7994360920942368e-6
0.7765	-1.7954074897467893e-6
0.777	-1.7913790597980572e-6
0.7775	-1.787350562867288e-6
0.778	-1.7833222122501833e-6
0.7785	-1.7792940069041794e-6
0.779	-1.7752659457870694e-6
0.7795	-1.7712380278570225e-6
0.78	-1.7672102520725665e-6
0.7805	-1.7631826173925928e-6
0.781	-1.7591551227763494e-6
0.7815	-1.7551277671834476e-6
0.782	-1.7511005495738397e-6
0.7825	-1.7470734689078413e-6
0.783	-1.7430465241461071e-6
0.7835	-1.7390197142496404e-6
0.784	-1.7349930381797896e-6
0.7845	-1.7309664948982395e-6
0.785	-1.726940083367011e-6
0.7855	-1.7229138025484665e-6
0.786	-1.7188876514052908e-6
0.7865	-1.7148616289005053e-6
0.787	-1.7108357339974551e-6
0.7875	-1.7068099656598102e-6
0.788	-1.7027843228515607e-6
0.7885	-1.6987588045370166e-6
0.789	-1.6947334096808006e-6
0.7895	-1.6907081372478536e-6
0.79	-1.6866829862533994e-6
0.7905	-1.6826579553828774e-6
0.791	-1.6786330438334497e-6
0.7915	-1.6746082505728625e-6
0.792	-1.6705835745691522e-6
0.7925	-1.66655901479066e-6
0.793	-1.6625345702060147e-6
0.7935	-1.6585102397841423e-6
0.794	-1.6544860224942532e-6
0.7945	-1.65046191730585e-6
0.795	-1.6464379231887099e-6
0.7955	-1.6424140391129018e-6
0.796	-1.638390264048762e-6
0.7965	-1.6343665969669124e-6
0.797	-1.6303430368382409e-6
0.7975	-1.626319582633913e-6
0.798	-1.6222962333253503e-6
0.7985	-1.6182729878842528e-6
0.799	-1.6142498452825757e-6
0.7995	-1.6102268044925356e-6
0.8	-1.6062038644866052e-6
0.8005	-1.6021810242375166e-6
0.801	-1.5981582827182474e-6
0.8015	-1.5941356389020293e-6
0.802	-1.5901130917623368e-6
0.8025	-1.5860906402728967e-6
0.803	-1.5820682834076686e-6
0.8035	-1.5780460605270664e-6
0.804	-1.5740239642438224e-6
0.8045	-1.570001958495138e-6
0.805	-1.5659800416024937e-6
0.8055	-1.5619582118877392e-6
0.806	-1.5579364676730854e-6
0.8065	-1.5539148072810958e-6
0.807	-1.5498932290346797e-6
0.8075	-1.545871731257088e-6
0.808	-1.5418503122719043e-6
0.8085	-1.5378289704030348e-6
0.809	-1.5338077039747068e-6
0.8095	-1.5297865113114615e-6
0.81	-1.5257653907381385e-6
0.8105	-1.5217443405798833e-6
0.811	-1.5177233591621247e-6
0.8115	-1.5137024448105823e-6
0.812	-1.5096815958512458e-6
0.8125	-1.505660810610381e-6
0.8130000000000001	-1.5016400874145125e-6
0.8135	-1.4976194245904245e-6
0.8140000000000001	-1.4935988204651457e-6
0.8145	-1.4895782733659531e-6
0.8150000000000001	-1.485557781620355e-6
0.8155	-1.4815373435560904e-6
0.8160000000000001	-1.4775169575011138e-6
0.8165	-1.4734965745510483e-6
0.8170000000000001	-1.4694761497566357e-6
0.8175	-1.465455773582867e-6
0.8180000000000001	-1.4614354455654966e-6
0.8185	-1.4574151652403438e-6
0.8190000000000001	-1.4533949321432697e-6
0.8195	-1.4493747458102025e-6
0.8200000000000001	-1.4453546057771141e-6
0.8205	-1.4413345115800378e-6
0.8210000000000001	-1.4373144627550517e-6
0.8215	-1.433294458838293e-6
0.8220000000000001	-1.4292744993659442e-6
0.8225	-1.4252545838742448e-6
0.8230000000000001	-1.4212347118994762e-6
0.8235	-1.41721488297798e-6
0.8240000000000001	-1.4131950966461407e-6
0.8245	-1.4091753524403927e-6
0.8250000000000001	-1.4051556498972174e-6
0.8255	-1.4011359885531478e-6
0.8260000000000001	-1.3971163679447616e-6
0.8265	-1.3930967876086818e-6
0.8270000000000001	-1.3890772470815808e-6
0.8275	-1.3850577459001752e-6
0.8280000000000001	-1.3810382836012262e-6
0.8285	-1.3770188597215383e-6
0.8290000000000001	-1.3729994737979638e-6
0.8295	-1.368980084464931e-6
0.8300000000000001	-1.3649604706542851e-6
0.8305	-1.3609408964250207e-6
0.8310000000000001	-1.3569213639603509e-6
0.8315	-1.3529018754432588e-6
0.8320000000000001	-1.3488824330564893e-6
0.8325	-1.3448630389825415e-6
0.833	-1.3408436954036414e-6
0.8335	-1.33682440450175e-6
0.834	-1.3328051684585384e-6
0.8345	-1.3287859894553768e-6
0.835	-1.32476686967333e-6
0.8355	-1.3207478112931389e-6
0.836	-1.3167288164952116e-6
0.8365	-1.3127098874596112e-6
0.837	-1.3086910263660405e-6
0.8375	-1.304672235393838e-6
0.838	-1.300653516721961e-6
0.8385	-1.2966348725289713e-6
0.839	-1.2926163049930299e-6
0.8395	-1.2885978162918788e-6
0.84	-1.2845794086028374e-6
0.8405	-1.2805610841027791e-6
0.841	-1.276542844968131e-6
0.8415	-1.2725246933748589e-6
0.842	-1.26850663149845e-6
0.8425	-1.2644886030788105e-6
0.843	-1.260471473984378e-6
0.8435	-1.2564544350622956e-6
0.844	-1.2524374819657365e-6
0.8445	-1.2484206103487957e-6
0.845	-1.2444038158664447e-6
0.8455	-1.2403870941744778e-6
0.846	-1.2363704409294802e-6
0.8465	-1.2323538517887643e-6
0.847	-1.2283373224103356e-6
0.8475	-1.2243208484528318e-6
0.848	-1.2203044255754973e-6
0.8485	-1.2162880494381154e-6
0.849	-1.212271715700969e-6
0.8495	-1.2082554200248005e-6
0.85	-1.2042391580707552e-6
0.8505	-1.2002229255003394e-6
0.851	-1.196206717975372e-6
0.8515	-1.1921905311579425e-6
0.852	-1.1881743607103554e-6
0.8525	-1.1841582022950894e-6
0.853	-1.1801420515747518e-6
0.8535	-1.176125904212027e-6
0.854	-1.172109755869637e-6
0.8545	-1.168093602210282e-6
0.855	-1.1640774388966093e-6
0.8555	-1.1600612615911529e-6
0.856	-1.1563507922128084e-6
0.8565	-1.1527326746078388e-6
0.857	-1.1490650523832193e-6
0.8575	-1.1453483387479236e-6
0.858	-1.1415832317684544e-6
0.8585	-1.1377707283897957e-6
0.859	-1.1339121355629704e-6
0.8595	-1.1300090779885012e-6
0.86	-1.126063502020649e-6
0.8605	-1.122077675332138e-6
0.861	-1.118054182013708e-6
0.8615	-1.1139959128760132e-6
0.862	-1.109906050831442e-6
0.8625	-1.1057880513569132e-6
0.863	-1.1016456181719545e-6
0.8635	-1.0974826744038474e-6
0.864	-1.0933033296480366e-6
0.8645	-1.0891118434610218e-6
0.865	-1.0849125859386766e-6
0.8655	-1.0807099961297594e-6
0.866	-1.076508539107209e-6
0.8665	-1.0723126625652112e-6
0.867	-1.0681267538254437e-6
0.8675	-1.063955098120576e-6
0.868	-1.0598018389779973e-6
0.8685	-1.0556709414540893e-6
0.869	-1.051543103920006e-6
0.8695	-1.0474619752163292e-6
0.87	-1.043444833956898e-6
0.8705	-1.0394662643743926e-6
0.871	-1.0355030951504144e-6
0.8715	-1.0315201373921304e-6
0.872	-1.0274765171150569e-6
0.8725	-1.0234415285867034e-6
0.873	-1.0194891180374673e-6
0.8735	-1.0155868202039117e-6
0.874	-1.0116707817263674e-6
0.8745	-1.0075932088971254e-6
0.875	-1.003479820810544e-6
0.8755000000000001	-9.993951693929145e-7
0.876	-9.953777153666539e-7
0.8765000000000001	-9.913749140029106e-7
0.877	-9.873605609930156e-7
0.8775000000000001	-9.833408322092765e-7
0.878	-9.79325110221439e-7
0.8785000000000001	-9.75322528334709e-7
0.879	-9.713196098177995e-7
0.8795000000000001	-9.672989420283483e-7
0.88	-9.632642709788903e-7
0.8805000000000001	-9.592458260332647e-7
0.881	-9.553065341322517e-7
0.8815000000000001	-9.513801483428281e-7
0.882	-9.474070550998425e-7
0.8825000000000001	-9.433111795802783e-7
0.883	-9.391994122322777e-7
0.8835000000000001	-9.351562582842205e-7
0.884	-9.311684455822107e-7
0.8845000000000001	-9.271870300278696e-7
0.885	-9.231537358409193e-7
0.8855000000000001	-9.1911371917472e-7
0.886	-9.150847702441269e-7
0.8865000000000001	-9.110771350015634e-7
0.887	-9.070762708026919e-7
0.8875000000000001	-9.030773426535797e-7
0.888	-8.990780666435843e-7
0.8885000000000001	-8.950763007044664e-7
0.889	-8.910694992054524e-7
0.8895000000000001	-8.870550398835319e-7
0.89	-8.830316508597058e-7
0.8905000000000001	-8.789955309128287e-7
0.891	-8.749395814084801e-7
0.8915000000000001	-8.708191893667739e-7
0.892	-8.667000618595893e-7
0.8925000000000001	-8.626588457216622e-7
0.893	-8.587380374697334e-7
0.8935000000000001	-8.548212765218585e-7
0.894	-8.50789974814228e-7
0.8945000000000001	-8.466780152665568e-7
0.895	-8.425882215425571e-7
0.8955000000000001	-8.386443069149439e-7
0.896	-8.347252678378928e-7
0.8965	-8.307768602355437e-7
0.897	-8.267676623356018e-7
0.8975	-8.227422556941948e-7
0.898	-8.187087522359639e-7
0.8985	-8.146861852456775e-7
0.899	-8.107026554544594e-7
0.8995	-8.068163656076066e-7
0.9	-8.029203583388374e-7
0.9005	-7.989158753863489e-7
0.901	-7.94773522720574e-7
0.9015	-7.906179862928177e-7
0.902	-7.86577335529688e-7
0.9025	-7.825785563722181e-7
0.903	-7.785820600888682e-7
0.9035	-7.745599394131687e-7
0.904	-7.705361160389415e-7
0.9045	-7.665158757711683e-7
0.905	-7.62501310190553e-7
0.9055	-7.584934486038263e-7
0.906	-7.545026975044718e-7
0.9065	-7.505134882613278e-7
0.907	-7.46514775467928e-7
0.9075	-7.425003940695743e-7
0.908	-7.384805859383472e-7
0.9085	-7.344413896663311e-7
0.909	-7.304133093099256e-7
0.9095	-7.26440171357813e-7
0.91	-7.226039307100522e-7
0.9105	-7.187555863599206e-7
0.911	-7.147615621828144e-7
0.9115	-7.105610922504115e-7
0.912	-7.063393025426321e-7
0.9125	-7.022866236210325e-7
0.913	-6.98290249237922e-7
0.9135	-6.942847086035676e-7
0.914	-6.902221680895891e-7
0.9145	-6.861652328473445e-7
0.915	-6.821628022499986e-7
0.9155	-6.781938348105642e-7
0.916	-6.742207761735168e-7
0.9165	-6.701840087729045e-7
0.917	-6.661380410211941e-7
0.9175	-6.62108303622712e-7
0.918	-6.581081862315308e-7
0.9185	-6.541235788714912e-7
0.919	-6.501673676932508e-7
0.9195	-6.462147826839019e-7
0.92	-6.422363341606887e-7
0.9205	-6.381792237048751e-7
0.921	-6.341077981328414e-7
0.9215	-6.300677559396604e-7
0.922	-6.260639469482894e-7
0.9225	-6.220626096400316e-7
0.923	-6.180325573619186e-7
0.9235	-6.139933863186228e-7
0.924	-6.099573193302958e-7
0.9245	-6.059330028196455e-7
0.925	-6.019155005655205e-7
0.9255	-5.979110812472393e-7
0.926	-5.939121215456947e-7
0.9265	-5.899068344253366e-7
0.927	-5.858675422597409e-7
0.9275	-5.818262028437284e-7
0.928	-5.77803959481943e-7
0.9285	-5.738087267233397e-7
0.929	-5.69820097403094e-7
0.9295	-5.658246635428271e-7
0.93	-5.618245610614733e-7
0.9305	-5.578212992101361e-7
0.931	-5.538131942022221e-7
0.9315	-5.498050292287659e-7
0.932	-5.458037772513442e-7
0.9325	-5.41807847563244e-7
0.933	-5.378072326725783e-7
0.9335	-5.337860838731065e-7
0.934	-5.29757124907156e-7
0.9345	-5.257304837768172e-7
0.935	-5.217142312517076e-7
0.9355	-5.176989373462444e-7
0.936	-5.13679406030978e-7
0.9365	-5.096562903397375e-7
0.937	-5.056322236885109e-7
0.9375	-5.016078531778941e-7
0.9380000000000001	-4.975851528031086e-7
0.9385	-4.935613285476526e-7
0.9390000000000001	-4.89539591366005e-7
0.9395	-4.855376936642206e-7
0.9400000000000001	-4.816054626991186e-7
0.9405	-4.776907869800471e-7
0.9410000000000001	-4.737372293131744e-7
0.9415	-4.696440570173185e-7
0.9420000000000001	-4.655243721821111e-7
0.9425	-4.6145282328716303e-7
0.9430000000000001	-4.574400632814295e-7
0.9435	-4.53442523119193e-7
0.9440000000000001	-4.4943266116655546e-7
0.9445	-4.4542317845566504e-7
0.9450000000000001	-4.414229997197214e-7
0.9455	-4.374379384948121e-7
0.9460000000000001	-4.3344236144141606e-7
0.9465	-4.2939293983587226e-7
0.9470000000000001	-4.25313820320364e-7
0.9475	-4.212571939837191e-7
0.9480000000000001	-4.173072835359137e-7
0.9485	-4.1337101847324344e-7
0.9490000000000001	-4.093954063797263e-7
0.9495	-4.0535146174998544e-7
0.9500000000000001	-4.012966843811752e-7
0.9505	-3.9727589863312236e-7
0.9510000000000001	-3.932723700517479e-7
0.9515	-3.8926694304545197e-7
0.9520000000000001	-3.852392367278236e-7
0.9525	-3.812187180202853e-7
0.9530000000000001	-3.7723735864729734e-7
0.9535	-3.732872514223712e-7
0.9540000000000001	-3.6932467269619706e-7
0.9545	-3.6527408207850394e-7
0.9550000000000001	-3.61198779314771e-7
0.9555	-3.5716127309157423e-7
0.9560000000000001	-3.532079797870162e-7
0.9565	-3.492581589083085e-7
0.9570000000000001	-3.45247602504094e-7
0.9575	-3.411850924707296e-7
0.9580000000000001	-3.3711608626371866e-7
0.9585	-3.330853587600468e-7
0.9590000000000001	-3.290679828185584e-7
0.9595	-3.2506549137043576e-7
0.96	-3.2107492927455285e-7
0.9605	-3.170809094884571e-7
0.961	-3.1305629194456606e-7
0.9615	-3.0901776240684457e-7
0.962	-3.049866338865246e-7
0.9625	-3.0098633550794087e-7
0.963	-2.969924674504398e-7
0.9635	-2.930122313114494e-7
0.964	-2.890261320142262e-7
0.9645	-2.849850095284012e-7
0.965	-2.8071647523232855e-7
0.9655	-2.764265204922053e-7
0.966	-2.723513559049122e-7
0.9665	-2.685378521600406e-7
0.967	-2.6476404617998043e-7
0.9675	-2.608809164605401e-7
0.968	-2.568935833025097e-7
0.9685	-2.528612690102818e-7
0.969	-2.4879929983707507e-7
0.9695	-2.4473203401863776e-7
0.97	-2.406971187792802e-7
0.9705	-2.3670856144930895e-7
0.971	-2.3273030364675598e-7
0.9715	-2.2874151468804974e-7
0.972	-2.2474170946410748e-7
0.9725	-2.2072820307735577e-7
0.973	-2.1668845559741985e-7
0.9735	-2.1264657263702928e-7
0.974	-2.0862348380696226e-7
0.9745	-2.0462086559800603e-7
0.975	-2.0062387596093467e-7
0.9755	-1.9662382582987428e-7
0.976	-1.926205240438791e-7
0.9765	-1.8860980598660905e-7
0.977	-1.8458732614287008e-7
0.9775	-1.8056448666940716e-7
0.978	-1.7658603271189324e-7
0.9785	-1.7260597519960468e-7
0.979	-1.6854579967741454e-7
0.9795	-1.640914077389804e-7
0.98	-1.597072842184352e-7
0.9805	-1.5582994391429588e-7
0.981	-1.5227372113976324e-7
0.9815	-1.487268999586894e-7
0.982	-1.4485179899213492e-7
0.9825	-1.407017008732853e-7
0.983	-1.3649709860082159e-7
0.9835	-1.3242519026987528e-7
0.984	-1.283831400282821e-7
0.9845	-1.2437930881129388e-7
0.985	-1.203994295955786e-7
0.9855	-1.1640911277121616e-7
0.986	-1.1233372728626635e-7
0.9865	-1.0824072954231886e-7
0.987	-1.0419444727145032e-7
0.9875	-1.0023527858279747e-7
0.988	-9.628323446811157e-8
0.9885	-9.228206601633432e-8
0.989	-8.823347240024928e-8
0.9895	-8.415878674308953e-8
0.99	-8.004242832394929e-8
0.9905	-7.594160555625113e-8
0.991	-7.192001623744236e-8
0.9915	-6.798251907573779e-8
0.992	-6.406228621092468e-8
0.9925	-6.010193852057314e-8
0.993	-5.611935513987142e-8
0.9935	-5.2129757070050766e-8
0.994	-4.8142901921199345e-8
0.9945	-4.415078442542555e-8
0.995	-4.0153043444772705e-8
0.9955	-3.614685455976527e-8
0.996	-3.2126796008967586e-8
0.9965	-2.806834600039164e-8
0.997	-2.4004170665487223e-8
0.9975	-2.068976251122156e-8
0.998	-1.3782803301959143e-8
0.9985	-1.1582637476031335e-8
0.999	-8.023388938454374e-9
0.9995	-4.011694469227187e-9