0.	0.
0.0005	12499.891654818952
0.001	24999.783398535317
0.0015	37499.67532004522
0.002	49999.56750824736
0.0025	62499.460052041715
0.003	74999.35304031285
0.0035	87499.24656196077
0.004	99999.14070587514
0.0045000000000000005	112499.03556095596
0.005	124998.93121608137
0.0055	137498.82772764936
0.006	149998.72505127103
0.006500000000000001	162498.62326308826
0.007	174998.52245520634
0.0075	187498.4227212913
0.008	199998.3241565021
0.0085	212498.2268811191
0.009000000000000001	224998.1310351372
0.0095	237498.0367184043
0.01	249997.94403089417
0.0105	262497.8530735608
0.011	274997.7639483191
0.0115	287497.676758041
0.012	299997.5916065711
0.0125	312497.50859870174
0.013000000000000001	324997.4278401956
0.0135	337497.3494377785
0.014	349997.2734991336
0.0145	362497.2001328958
0.015	374997.1294486751
0.0155	387497.0615570155
0.016	399996.9965694427
0.0165	412496.93459843117
0.017	424996.87575739255
0.0175	437496.82016071054
0.018000000000000002	449996.7679237248
0.0185	462496.71916275134
0.019	474996.6740259414
0.0195	487496.63265861856
0.02	499996.5951791544
0.0205	512496.56170637894
0.021	524996.5323595897
0.021500000000000002	537496.5072534778
0.022	549996.4864253484
0.0225	562496.4699672491
0.023	574996.4580020653
0.0235	587496.450654122
0.024	599996.448049208
0.0245	612496.4503145475
0.025	624996.4575788198
0.025500000000000002	637496.4699721489
0.026000000000000002	649996.4876261059
0.0265	662496.5106736931
0.027	674996.5392493765
0.0275	687496.5734890581
0.028	699996.6135300809
0.0285	712496.6595112375
0.029	724996.7115727464
0.029500000000000002	737496.7698562854
0.03	749996.8345049595
0.0305	762496.9056633165
0.031	774996.983477339
0.0315	787497.0680944487
0.032	799997.1596824443
0.0325	812497.2585395103
0.033	824997.3648472828
0.0335	837497.4787556265
0.034	849997.6004141729
0.0345	862497.7299722882
0.035	874997.8675851868
0.035500000000000004	887498.0134169614
0.036000000000000004	899998.1676167421
0.0365	912498.330332486
0.037	924998.5017117137
0.0375	937498.6819015204
0.038	949998.8710485387
0.0385	962499.0692989879
0.039	974999.2767986374
0.0395	987499.4936928184
0.04	999999.7201264426
0.0405	1.0124999562439558e6
0.041	1.0250002021893933e6
0.0415	1.0375004581063368e6
0.042	1.0500007241379418e6
0.0425	1.0625010004269183e6
0.043000000000000003	1.0750012871155434e6
0.043500000000000004	1.0875015843456562e6
0.044	1.1000018922586562e6
0.0445	1.112502210995521e6
0.045	1.1250025406967537e6
0.0455	1.1375028816374748e6
0.046	1.1500032342282438e6
0.0465	1.1625035986113814e6
0.047	1.1750039749175312e6
0.0475	1.1875043632733768e6
0.048	1.2000047638003542e6
0.0485	1.2125051765684483e6
0.049	1.2250056016683553e6
0.0495	1.2375060392121077e6
0.05	1.250006489308437e6
0.0505	1.2625069520627952e6
0.051000000000000004	1.2750074275773237e6
0.051500000000000004	1.2875079159508909e6
0.052000000000000005	1.3000084172790756e6
0.0525	1.312508931654151e6
0.053	1.3250094591651317e6
0.0535	1.3375099998977277e6
0.054	1.3500105539343748e6
0.0545	1.3625111213542183e6
0.055	1.3750117022331206e6
0.0555	1.3875122966436772e6
0.056	1.4000129046551988e6
0.0565	1.4125135263337104e6
0.057	1.4250141617419682e6
0.0575	1.4375148109394377e6
0.058	1.450015473982332e6
0.0585	1.4625161509205485e6
0.059000000000000004	1.4750168416130238e6
0.059500000000000004	1.4875175459942012e6
0.06	1.5000182641114541e6
0.0605	1.5125189960114828e6
0.061	1.5250197417402985e6
0.0615	1.5375205013645287e6
0.062	1.5500212750072756e6
0.0625	1.5625220627188515e6
0.063	1.5750228645406046e6
0.0635	1.58752368051229e6
0.064	1.6000245106720775e6
0.0645	1.612525355056544e6
0.065	1.625026213700669e6
0.0655	1.637527086637854e6
0.066	1.6500279738998928e6
0.0665	1.6625288755170002e6
0.067	1.675029791517796e6
0.0675	1.687530721929304e6
0.068	1.70003166677697e6
0.0685	1.7125326260846388e6
0.069	1.7250335998745665e6
0.0695	1.737534588167437e6
0.07	1.7500355909823137e6
0.07050000000000001	1.7625366083366973e6
0.07100000000000001	1.7750376402464851e6
0.07150000000000001	1.7875386867259946e6
0.07200000000000001	1.8000397477696168e6
0.0725	1.8125408232579362e6
0.073	1.825041913176252e6
0.0735	1.8375430175354138e6
0.074	1.8500441363461427e6
0.0745	1.8625452696185801e6
0.075	1.87504641723617e6
0.0755	1.8875475791118327e6
0.076	1.9000487552588666e6
0.0765	1.9125499456923788e6
0.077	1.92505115042928e6
0.0775	1.9375523694882882e6
0.078	1.9500536028899164e6
0.0785	1.962554850656509e6
0.079	1.975056112812192e6
0.0795	1.9875573893829144e6
0.08	2.0000586803964288e6
0.0805	2.012559985882282e6
0.081	2.0250613058718292e6
0.0815	2.0375626403982416e6
0.082	2.0500639894964918e6
0.0825	2.0625653532033437e6
0.083	2.07506673155738e6
0.0835	2.0875681245989793e6
0.084	2.100069532370328e6
0.0845	2.1125709549154225e6
0.085	2.12507239228004e6
0.0855	2.137573844554685e6
0.08600000000000001	2.1500753118881057e6
0.08650000000000001	2.162576794333998e6
0.08700000000000001	2.1750782919425596e6
0.08750000000000001	2.187579804764556e6
0.088	2.200081332865172e6
0.0885	2.21258287638138e6
0.089	2.225084435379261e6
0.0895	2.2375860099099255e6
0.09	2.2500876000240874e6
0.0905	2.262589205772064e6
0.091	2.2750908272037753e6
0.0915	2.2875924643687457e6
0.092	2.300094117316093e6
0.0925	2.312595786094551e6
0.093	2.3250974707524446e6
0.0935	2.337599171337716e6
0.094	2.350100887897895e6
0.0945	2.362602620480126e6
0.095	2.375104369131156e6
0.0955	2.387606133897329e6
0.096	2.4001079148245966e6
0.0965	2.4126097119585103e6
0.097	2.425111525344234e6
0.0975	2.4376133550265324e6
0.098	2.450115201049767e6
0.0985	2.4626170634579123e6
0.099	2.47511894229608e6
0.0995	2.487620837608661e6
0.1	2.5001227494384e6
0.1005	2.512624677827635e6
0.101	2.5251266228182553e6
0.1015	2.5376285844045863e6
0.10200000000000001	2.5501305625637528e6
0.10250000000000001	2.5626325573373875e6
0.10300000000000001	2.575134568768027e6
0.10350000000000001	2.587636596898745e6
0.10400000000000001	2.6001386417731405e6
0.1045	2.6126407034353525e6
0.105	2.625142781930049e6
0.1055	2.6376448773024366e6
0.106	2.650146989598246e6
0.1065	2.662649118863749e6
0.107	2.675151265145741e6
0.1075	2.687653428491576e6
0.108	2.7001556089491085e6
0.1085	2.71265780656675e6
0.109	2.7251600213934383e6
0.1095	2.73766225347864e6
0.11	2.750164502872368e6
0.1105	2.76266676962515e6
0.111	2.7751690537880724e6
0.1115	2.787671355412743e6
0.112	2.800173674554622e6
0.1125	2.812676011308856e6
0.113	2.825178365741181e6
0.1135	2.837680737904442e6
0.114	2.8501831278515123e6
0.1145	2.8626855356481983e6
0.115	2.87518796150726e6
0.1155	2.8876904055279945e6
0.116	2.9001928677600045e6
0.1165	2.91269534825104e6
0.117	2.92519784704705e6
0.11750000000000001	2.9377003641921123e6
0.11800000000000001	2.9502028997284947e6
0.11850000000000001	2.962705453696627e6
0.11900000000000001	2.975208026135111e6
0.11950000000000001	2.9877106170806983e6
0.12	3.00021322656831e6
0.1205	3.012715854631047e6
0.121	3.025218501300175e6
0.1215	3.037721166605102e6
0.122	3.0502238505734345e6
0.1225	3.062726553230926e6
0.123	3.075229274601498e6
0.1235	3.0877320147072515e6
0.124	3.100234773568436e6
0.1245	3.1127375512034753e6
0.125	3.12524034762896e6
0.1255	3.1377431628577793e6
0.126	3.1502459968954124e6
0.1265	3.162748849752261e6
0.127	3.175251721437766e6
0.1275	3.187754611959612e6
0.128	3.20025752127441e6
0.1285	3.212760449274098e6
0.129	3.225263395958489e6
0.1295	3.2377663613314903e6
0.13	3.250269345396677e6
0.1305	3.2627723481572857e6
0.131	3.2752753696162207e6
0.1315	3.287778409776046e6
0.132	3.300281468639009e6
0.1325	3.3127845462070107e6
0.133	3.3252876424816214e6
0.1335	3.3377907574640783e6
0.134	3.350293891155283e6
0.1345	3.362797043555814e6
0.135	3.375300214665895e6
0.1355	3.3878034044854413e6
0.136	3.400306613014027e6
0.1365	3.412809840250877e6
0.137	3.4253130861949055e6
0.1375	3.4378163508446785e6
0.138	3.450319634198438e6
0.1385	3.4628229362540725e6
0.139	3.475326257014935e6
0.1395	3.487829596487258e6
0.14	3.5003329546678867e6
0.1405	3.5128363315530866e6
0.14100000000000001	3.5253397271397104e6
0.14150000000000001	3.5378431414575963e6
0.14200000000000002	3.5503465745181367e6
0.14250000000000002	3.5628500263150022e6
0.14300000000000002	3.5753534968409697e6
0.14350000000000002	3.587856986087908e6
0.14400000000000002	3.6003604940467863e6
0.1445	3.612864020707666e6
0.145	3.6253675660596946e6
0.1455	3.6378711300911354e6
0.146	3.650374712789324e6
0.1465	3.6628783141407087e6
0.147	3.67538193413082e6
0.1475	3.6878855727442945e6
0.148	3.700389229964847e6
0.1485	3.7128929057752984e6
0.149	3.725396600157571e6
0.1495	3.7379003130926625e6
0.15	3.750404044560681e6
0.1505	3.762907794540811e6
0.151	3.775411563011357e6
0.1515	3.7879153499496845e6
0.152	3.800419155331597e6
0.1525	3.8129229790965426e6
0.153	3.8254268211989854e6
0.1535	3.837930681613474e6
0.154	3.8504345603141375e6
0.1545	3.8629384572938615e6
0.155	3.8754423725959663e6
0.1555	3.8879463061988563e6
0.156	3.9004502580732135e6
0.1565	3.912954228188488e6
0.157	3.9254582165128733e6
0.1575	3.9379622230133303e6
0.158	3.9504662476555705e6
0.1585	3.962970290404078e6
0.159	3.9754743512220816e6
0.1595	3.987978430071563e6
0.16	4.000482526913281e6
0.1605	4.0129866417067316e6
0.161	4.0254907744101756e6
0.1615	4.0379949249806367e6
0.162	4.0504990933738784e6
0.1625	4.063003279544436e6
0.163	4.0755074834455918e6
0.1635	4.0880117050293908e6
0.164	4.1005159442466334e6
0.1645	4.1130202010468696e6
0.165	4.1255244753784067e6
0.1655	4.1380287672070507e6
0.166	4.150533076622238e6
0.1665	4.1630374035971635e6
0.167	4.17554174807202e6
0.1675	4.1880461099837604e6
0.168	4.20055048918538e6
0.1685	4.21305488554733e6
0.169	4.225559299000247e6
0.1695	4.238063729473137e6
0.17	4.250568176893343e6
0.1705	4.263072641186572e6
0.171	4.275577122276869e6
0.1715	4.288081620086643e6
0.17200000000000001	4.300586134536645e6
0.17250000000000001	4.313090665545982e6
0.17300000000000001	4.325595213032101e6
0.17350000000000002	4.338099776910812e6
0.17400000000000002	4.350604357096255e6
0.17450000000000002	4.363108953500928e6
0.17500000000000002	4.3756135660356805e6
0.17550000000000002	4.388118194609684e6
0.176	4.400622839130483e6
0.1765	4.413127499503945e6
0.177	4.425632175634292e6
0.1775	4.438136867424082e6
0.178	4.4506415747742215e6
0.1785	4.46314629758395e6
0.179	4.475651035743822e6
0.1795	4.488155789132237e6
0.18	4.500660557642874e6
0.1805	4.513165341168814e6
0.181	4.525670139494275e6
0.1815	4.538174951902087e6
0.182	4.550679778192246e6
0.1825	4.5631846182659e6
0.183	4.57568947202966e6
0.1835	4.588194339395588e6
0.184	4.6006992202812005e6
0.1845	4.613204114609466e6
0.185	4.625709022308795e6
0.1855	4.63821394331307e6
0.186	4.65071887756162e6
0.1865	4.663223824999235e6
0.187	4.675728785576166e6
0.1875	4.688233759248109e6
0.188	4.700738745976241e6
0.1885	4.713243745727196e6
0.189	4.725748758473072e6
0.1895	4.73825378419143e6
0.19	4.750758822865312e6
0.1905	4.7632638744832305e6
0.191	4.775768939039167e6
0.1915	4.788274016532588e6
0.192	4.800779106965731e6
0.1925	4.813284209787626e6
0.193	4.8257893245955715e6
0.1935	4.838294451423949e6
0.194	4.850799590321013e6
0.1945	4.863304743300104e6
0.195	4.875809912677686e6
0.1955	4.888315098494801e6
0.196	4.90082030076737e6
0.1965	4.913325519489134e6
0.197	4.92583075463167e6
0.1975	4.938336006144337e6
0.198	4.95084127395432e6
0.1985	4.963346557966607e6
0.199	4.975851858063959e6
0.1995	4.98835717410698e6
0.2	5.000862505934064e6
0.2005	5.013367853361446e6
0.201	5.025873216183162e6
0.2015	5.03837859417112e6
0.202	5.050883987075065e6
0.2025	5.063389394622639e6
0.203	5.07589481651936e6
0.20350000000000001	5.0884002524486855e6
0.20400000000000001	5.100905702071991e6
0.20450000000000002	5.1134111650286475e6
0.20500000000000002	5.12591664093602e6
0.20550000000000002	5.138422129435211e6
0.20600000000000002	5.150927630441255e6
0.20650000000000002	5.163433143572129e6
0.20700000000000002	5.175938668349996e6
0.20750000000000002	5.188444203544248e6
0.20800000000000002	5.200949743531003e6
0.2085	5.21345528682627e6
0.209	5.225960832966712e6
0.2095	5.238466381521271e6
0.21	5.250971932091114e6
0.2105	5.263477484309634e6
0.211	5.275983037842381e6
0.2115	5.288488592387032e6
0.212	5.300994147673392e6
0.2125	5.313499703463338e6
0.213	5.326005259550808e6
0.2135	5.338510815761769e6
0.214	5.3510163719542045e6
0.2145	5.363521928018111e6
0.215	5.376027483875466e6
0.2155	5.388533039480234e6
0.216	5.401038594818348e6
0.2165	5.413544149907704e6
0.217	5.42604970479817e6
0.2175	5.438555259571593e6
0.218	5.451060814341764e6
0.2185	5.46356636925448e6
0.219	5.476071924518576e6
0.2195	5.488577480402709e6
0.22	5.501083037149065e6
0.2205	5.513588595029656e6
0.221	5.5260941560098855e6
0.2215	5.53859972335171e6
0.222	5.55110529742541e6
0.2225	5.563610878536755e6
0.223	5.576116466983321e6
0.2235	5.588622063054451e6
0.224	5.601127667031289e6
0.2245	5.613633279186739e6
0.225	5.626138899785463e6
0.2255	5.638644529083889e6
0.226	5.651150167330189e6
0.2265	5.663655814764285e6
0.227	5.67616147161784e6
0.2275	5.688667138114242e6
0.228	5.701172814468611e6
0.2285	5.713678500887804e6
0.229	5.726184197570375e6
0.2295	5.738689904706618e6
0.23	5.751195622478514e6
0.2305	5.763701351059774e6
0.231	5.776207090615798e6
0.2315	5.788712841303696e6
0.232	5.801218603276872e6
0.2325	5.813724376843463e6
0.233	5.826230162218534e6
0.2335	5.838735959522282e6
0.234	5.8512417688111635e6
0.23450000000000001	5.863747589280575e6
0.23500000000000001	5.87625342070266e6
0.23550000000000001	5.888759263175255e6
0.23600000000000002	5.901265116796638e6
0.23650000000000002	5.913770981665546e6
0.23700000000000002	5.926276857881174e6
0.23750000000000002	5.938782745543167e6
0.23800000000000002	5.951288644751646e6
0.23850000000000002	5.963794555607146e6
0.23900000000000002	5.976300478210705e6
0.23950000000000002	5.988806412663779e6
0.24	6.001312359068307e6
0.2405	6.013818317526664e6
0.241	6.026324288141693e6
0.2415	6.038830271016703e6
0.242	6.0513362662554355e6
0.2425	6.063842273962108e6
0.243	6.076348294241394e6
0.2435	6.088854327198419e6
0.244	6.10136037293876e6
0.2445	6.113866431568469e6
0.245	6.126372503194051e6
0.2455	6.138878587888903e6
0.246	6.151384685585106e6
0.2465	6.163890796367194e6
0.247	6.176396920347542e6
0.2475	6.18890305770786e6
0.248	6.201409208737739e6
0.2485	6.213915373563135e6
0.249	6.22642155230146e6
0.2495	6.238927745070457e6
0.25	6.251433951988196e6
0.2505	6.263940173173047e6
0.251	6.276446408743719e6
0.2515	6.288952658819226e6
0.252	6.301458923518908e6
0.2525	6.313965202962417e6
0.253	6.326471497269726e6
0.2535	6.338977806561123e6
0.254	6.35148413095721e6
0.2545	6.363990470578911e6
0.255	6.376496825547451e6
0.2555	6.389003195984381e6
0.256	6.401509582011568e6
0.2565	6.41401598375118e6
0.257	6.426522401325707e6
0.2575	6.43902883485795e6
0.258	6.451535284471015e6
0.2585	6.464041750288331e6
0.259	6.476548232600467e6
0.2595	6.489054731807086e6
0.26	6.501561248031547e6
0.2605	6.514067781383751e6
0.261	6.526574331758534e6
0.2615	6.539080899156083e6
0.262	6.551587483686491e6
0.2625	6.564094085459223e6
0.263	6.576600704583115e6
0.2635	6.589107341166404e6
0.264	6.601613995316695e6
0.2645	6.614120667140981e6
0.265	6.626627356745636e6
0.2655	6.639134064236418e6
0.266	6.65164078971848e6
0.2665	6.664147533296339e6
0.267	6.6766542950739255e6
0.2675	6.689161075154539e6
0.268	6.701667873640868e6
0.2685	6.714174690634995e6
0.269	6.726681526238394e6
0.2695	6.739188380551924e6
0.27	6.7516952536758315e6
0.2705	6.764202145709766e6
0.271	6.77670905675276e6
0.2715	6.789215986903241e6
0.272	6.801722936256052e6
0.2725	6.814229904769036e6
0.273	6.826736892463791e6
0.2735	6.83924389943941e6
0.274	6.851750925862001e6
0.2745	6.864257972066844e6
0.275	6.876765038174385e6
0.2755	6.889272124282815e6
0.276	6.901779230488815e6
0.2765	6.914286356887569e6
0.277	6.926793503572769e6
0.2775	6.939300670636597e6
0.278	6.951807858169739e6
0.2785	6.964315066261393e6
0.279	6.976822294999237e6
0.2795	6.98932954446947e6
0.28	7.001836814756779e6
0.2805	7.014344105944352e6
0.281	7.026851418113881e6
0.28150000000000003	7.039358751345553e6
0.28200000000000003	7.051866105718071e6
0.28250000000000003	7.064373481308614e6
0.28300000000000003	7.076880878192881e6
0.28350000000000003	7.089388296445059e6
0.28400000000000003	7.101895736137844e6
0.28450000000000003	7.114403197342422e6
0.28500000000000003	7.126910680128492e6
0.28550000000000003	7.139418184628815e6
0.28600000000000003	7.151925711375607e6
0.28650000000000003	7.1644332605215935e6
0.28700000000000003	7.1769408321185475e6
0.28750000000000003	7.189448426035539e6
0.28800000000000003	7.201956042194472e6
0.2885	7.214463680632643e6
0.289	7.226971341383164e6
0.2895	7.239479024474953e6
0.29	7.251986729932747e6
0.2905	7.264494457777076e6
0.291	7.277002208024316e6
0.2915	7.289509980686625e6
0.292	7.302017775771984e6
0.2925	7.31452559328418e6
0.293	7.327033433222822e6
0.2935	7.339541295583317e6
0.294	7.352049180356897e6
0.2945	7.364557087530587e6
0.295	7.377065017087216e6
0.2955	7.389572969005446e6
0.296	7.402080943259722e6
0.2965	7.414588939820312e6
0.297	7.4270969586532535e6
0.2975	7.439604999720441e6
0.298	7.452113062979519e6
0.2985	7.464621148383957e6
0.299	7.477129255803427e6
0.2995	7.489637384979794e6
0.3	7.502145535846713e6
0.3005	7.514653708413074e6
0.301	7.5271619029180845e6
0.3015	7.539670119332948e6
0.302	7.552178357587488e6
0.3025	7.564686617606342e6
0.303	7.577194899308983e6
0.3035	7.589703202609695e6
0.304	7.602211527417581e6
0.3045	7.61471987363656e6
0.305	7.627228241165375e6
0.3055	7.639736629897573e6
0.306	7.65224503972153e6
0.3065	7.664753470520397e6
0.307	7.677261922172163e6
0.3075	7.689770394549611e6
0.308	7.702278887520335e6
0.3085	7.714787400946716e6
0.309	7.727295934685952e6
0.3095	7.73980448859002e6
0.31	7.752313062505712e6
0.3105	7.764821656274601e6
0.311	7.777330269733052e6
0.3115	7.789838902712227e6
0.312	7.802347555038957e6
0.3125	7.814856227057276e6
0.313	7.827364919021414e6
0.3135	7.839873630728425e6
0.314	7.852382361706177e6
0.3145	7.8648911115245195e6
0.315	7.877399879947319e6
0.3155	7.889908666728961e6
0.316	7.902417471614339e6
0.3165	7.9149262943388615e6
0.317	7.92743513462844e6
0.3175	7.939943992199466e6
0.318	7.952452866758806e6
0.3185	7.964961758003804e6
0.319	7.977470665622234e6
0.3195	7.989979589292326e6
0.32	8.002488528682736e6
0.3205	8.014997483452509e6
0.321	8.0275064532511365e6
0.3215	8.04001543771845e6
0.322	8.052524436484684e6
0.3225	8.065033449170402e6
0.323	8.07754247538654e6
0.3235	8.090051514734329e6
0.324	8.10256056680532e6
0.3245	8.115069631181369e6
0.325	8.127578707434586e6
0.3255	8.14008779488079e6
0.326	8.152596890741104e6
0.3265	8.165105994002923e6
0.327	8.177615104248666e6
0.3275	8.190124221077854e6
0.328	8.202633344107148e6
0.3285	8.215142472970367e6
0.329	8.227651607318487e6
0.3295	8.240160746819708e6
0.33	8.252669891159409e6
0.3305	8.26517904004024e6
0.331	8.277688193182072e6
0.3315	8.29019735032208e6
0.332	8.3027065112147145e6
0.3325	8.315215675631719e6
0.333	8.327724843362185e6
0.3335	8.340234014212519e6
0.334	8.35274318800649e6
0.3345	8.3652523645852255e6
0.335	8.377761543807235e6
0.3355	8.390270725548424e6
0.336	8.402779909702081e6
0.3365	8.41528909617894e6
0.337	8.427798284907123e6
0.3375	8.440307475832203e6
0.338	8.452816668917194e6
0.3385	8.46532586414256e6
0.339	8.477835061804444e6
0.3395	8.49034426225814e6
0.34	8.50285346595716e6
0.3405	8.515362653624559e6
0.341	8.527871807334665e6
0.3415	8.54038092327821e6
0.342	8.552889997534497e6
0.3425	8.565399026072945e6
0.343	8.57790800475469e6
0.3435	8.590416929334207e6
0.34400000000000003	8.602925795460982e6
0.34450000000000003	8.615434598681191e6
0.34500000000000003	8.627943334439429e6
0.34550000000000003	8.640451998080458e6
0.34600000000000003	8.65296058485095e6
0.34650000000000003	8.665469089901336e6
0.34700000000000003	8.677977508287564e6
0.34750000000000003	8.69048583497297e6
0.34800000000000003	8.702994064830132e6
0.34850000000000003	8.715502192642719e6
0.34900000000000003	8.72801021310741e6
0.34950000000000003	8.74051812083576e6
0.35000000000000003	8.753025910356143e6
0.35050000000000003	8.76553357611564e6
0.35100000000000003	8.778041112481993e6
0.35150000000000003	8.790548513745546e6
0.352	8.803055774147045e6
0.3525	8.815562888131987e6
0.353	8.82806984985495e6
0.3535	8.84057665330943e6
0.354	8.853083292417677e6
0.3545	8.865589761032632e6
0.355	8.878096052939907e6
0.3555	8.890602161859706e6
0.356	8.903108081448752e6
0.3565	8.915613805302244e6
0.357	8.928119326955756e6
0.3575	8.94062463988716e6
0.358	8.953129737518515e6
0.3585	8.965634613217996e6
0.359	8.97813926030173e6
0.3595	8.99064367203567e6
0.36	9.003147841637483e6
0.3605	9.015651762278365e6
0.361	9.028155427084828e6
0.3615	9.040658829140564e6
0.362	9.053161961488202e6
0.3625	9.065664817131069e6
0.363	9.07816738903496e6
0.3635	9.090669670129873e6
0.364	9.103171653311681e6
0.3645	9.115673331443876e6
0.365	9.128174697359191e6
0.3655	9.140675743977068e6
0.366	9.153176464299066e6
0.3665	9.165676851077478e6
0.367	9.178176897031387e6
0.3675	9.190676594854219e6
0.368	9.20317593721525e6
0.3685	9.215674916761106e6
0.369	9.22817352611727e6
0.3695	9.240671757889545e6
0.37	9.253169604665479e6
0.3705	9.26566705901579e6
0.371	9.278164113495758e6
0.3715	9.290660760646574e6
0.372	9.303156992996693e6
0.3725	9.315652803063147e6
0.373	9.328148183352819e6
0.3735	9.340643126363745e6
0.374	9.3531376245863e6
0.3745	9.365631670504464e6
0.375	9.378125256596964e6
0.3755	9.390618375338476e6
0.376	9.403111019200748e6
0.3765	9.415603180653699e6
0.377	9.428094852166547e6
0.3775	9.44058602620884e6
0.378	9.453076695251519e6
0.3785	9.465566851777049e6
0.379	9.478056488508616e6
0.3795	9.490545598035388e6
0.38	9.50303417283833e6
0.3805	9.515522205401529e6
0.381	9.52800968821311e6
0.3815	9.540496613766134e6
0.382	9.552982974559417e6
0.3825	9.565468763098406e6
0.383	9.577953971895944e6
0.3835	9.590438593473118e6
0.384	9.602922620040305e6
0.3845	9.615406044867862e6
0.385	9.627888860073654e6
0.3855	9.640371058222912e6
0.386	9.652852631892303e6
0.3865	9.665333573670566e6
0.387	9.67781387615923e6
0.3875	9.690293531973224e6
0.388	9.702772533741523e6
0.3885	9.715250874107739e6
0.389	9.727728545730732e6
0.3895	9.740205541285176e6
0.39	9.752681853462102e6
0.3905	9.765157474969445e6
0.391	9.777632398532577e6
0.3915	9.790106616894778e6
0.392	9.802580122809371e6
0.3925	9.815052909017717e6
0.393	9.827524968315214e6
0.3935	9.839996293522472e6
0.394	9.852466877480749e6
0.3945	9.864936713052327e6
0.395	9.877405793120949e6
0.3955	9.88987411059214e6
0.396	9.902341658393601e6
0.3965	9.914808429475548e6
0.397	9.927274416811053e6
0.3975	9.939739613396337e6
0.398	9.952204012251107e6
0.3985	9.964667606418824e6
0.399	9.977130389528476e6
0.3995	9.98959235367775e6
0.4	1.000205349243467e7
0.4005	1.0014513798941676e7
0.401	1.0026973266366174e7
0.4015	1.0039431887900773e7
0.402	1.0051889656763464e7
0.4025	1.006434656619781e7
0.403	1.0076802609473115e7
0.4035	1.0089257779884627e7
0.404	1.010171207075366e7
0.4045	1.0114165475427758e7
0.405	1.0126617987280853e7
0.4055	1.0139069599909948e7
0.406	1.0151520307088897e7
0.40650000000000003	1.0163970102271836e7
0.40700000000000003	1.0176418978928462e7
0.40750000000000003	1.0188866930550765e7
0.40800000000000003	1.020131395065317e7
0.40850000000000003	1.0213760032772606e7
0.40900000000000003	1.0226205170468599e7
0.40950000000000003	1.0238649357323319e7
0.41000000000000003	1.0251092586941669e7
0.41050000000000003	1.0263534852951339e7
0.41100000000000003	1.0275976149002833e7
0.41150000000000003	1.0288416468769554e7
0.41200000000000003	1.0300855805947809e7
0.41250000000000003	1.0313294154256845e7
0.41300000000000003	1.032573150743889e7
0.41350000000000003	1.0338167859259171e7
0.41400000000000003	1.0350603203505917e7
0.41450000000000004	1.036303753399038e7
0.41500000000000004	1.0375470844546825e7
0.41550000000000004	1.0387903129032552e7
0.41600000000000004	1.0400334381327866e7
0.4165	1.0412764595336083e7
0.417	1.0425193764983503e7
0.4175	1.0437621884219402e7
0.418	1.0450048947016006e7
0.4185	1.0462474947369419e7
0.419	1.0474899879537188e7
0.4195	1.0487323737743026e7
0.42	1.0499746516045012e7
0.4205	1.0512168208520416e7
0.421	1.0524588809265694e7
0.4215	1.0537008312396396e7
0.422	1.0549426712047148e7
0.4225	1.0561844002371589e7
0.423	1.0574260177542282e7
0.4235	1.0586675231750684e7
0.424	1.0599089159207061e7
0.4245	1.0611501954140417e7
0.425	1.062391361079845e7
0.4255	1.0636324123447433e7
0.426	1.0648733486372152e7
0.4265	1.0661141693875868e7
0.427	1.0673548740280157e7
0.4275	1.0685954619924877e7
0.428	1.0698359327168081e7
0.4285	1.07107628563859e7
0.429	1.0723165201972477e7
0.4295	1.0735566358339844e7
0.43	1.0747966319917858e7
0.4305	1.0760365081154078e7
0.431	1.0772762636513699e7
0.4315	1.0785158980479382e7
0.432	1.079755410760484e7
0.4325	1.080994801344937e7
0.433	1.0822340692940285e7
0.4335	1.0834732140607357e7
0.434	1.0847122350984838e7
0.4345	1.0859511318611342e7
0.435	1.0871899038029693e7
0.4355	1.0884285503786832e7
0.436	1.0896670710433677e7
0.4365	1.0909054652525e7
0.437	1.0921437324619273e7
0.4375	1.093381872127856e7
0.438	1.0946198837068396e7
0.4385	1.095857766655759e7
0.439	1.0970955204318143e7
0.4395	1.0983331444925075e7
0.44	1.0995706382956294e7
0.4405	1.1008080012992438e7
0.441	1.102045232961674e7
0.4415	1.1032823327414852e7
0.442	1.1045193000974733e7
0.4425	1.1057561344886469e7
0.443	1.1069928353742097e7
0.4435	1.1082294022135507e7
0.444	1.1094658344662204e7
0.4445	1.110702131591922e7
0.445	1.1119382930504909e7
0.4455	1.1131743183254503e7
0.446	1.1144102070195088e7
0.4465	1.1156459586153975e7
0.447	1.1168815725702528e7
0.4475	1.1181170483396573e7
0.448	1.119352385377616e7
0.4485	1.1205875831365338e7
0.449	1.1218226410671923e7
0.4495	1.1230575586187284e7
0.45	1.1242923352386085e7
0.4505	1.1255269703726059e7
0.451	1.126761463464774e7
0.4515	1.1279958139574226e7
0.452	1.1292300212910898e7
0.4525	1.13046408490452e7
0.453	1.1316980042346327e7
0.4535	1.1329317787164979e7
0.454	1.1341654077833068e7
0.4545	1.1353988908663433e7
0.455	1.1366322273949584e7
0.4555	1.1378654167965353e7
0.456	1.1390984584964644e7
0.4565	1.1403313519181099e7
0.457	1.1415640964827817e7
0.4575	1.1427966916096997e7
0.458	1.1440291367159655e7
0.4585	1.145261431216529e7
0.459	1.1464935740657654e7
0.4595	1.147725563982385e7
0.46	1.1489574003795143e7
0.4605	1.1501890826852575e7
0.461	1.1514206103355538e7
0.4615	1.1526519827741949e7
0.462	1.1538831994528417e7
0.4625	1.1551142598310428e7
0.463	1.1563451633762484e7
0.4635	1.1575759095638258e7
0.464	1.1588064978770738e7
0.4645	1.160036927807233e7
0.465	1.161267198853498e7
0.4655	1.1624973105230289e7
0.466	1.1637272623309622e7
0.4665	1.1649570538004123e7
0.467	1.1661866844624866e7
0.4675	1.1674161538562864e7
0.468	1.168645461528914e7
0.4685	1.1698746070354754e7
0.46900000000000003	1.1711035899390828e7
0.46950000000000003	1.1723324098108565e7
0.47000000000000003	1.1735610662299266e7
0.47050000000000003	1.1747895587834297e7
0.47100000000000003	1.1760178870665062e7
0.47150000000000003	1.1772460506823018e7
0.47200000000000003	1.1784740493010761e7
0.47250000000000003	1.17970188273126e7
0.47300000000000003	1.1809295505329093e7
0.47350000000000003	1.182157052506911e7
0.47400000000000003	1.18338438819528e7
0.47450000000000003	1.1846115572394881e7
0.47500000000000003	1.1858385592866296e7
0.47550000000000003	1.1870653939894125e7
0.47600000000000003	1.1882920610061467e7
0.47650000000000003	1.1895185600007296e7
0.47700000000000004	1.1907448906426366e7
0.47750000000000004	1.1919710526069095e7
0.47800000000000004	1.1931970455741392e7
0.47850000000000004	1.1944228692304544e7
0.47900000000000004	1.1956485232675072e7
0.47950000000000004	1.1968740073824575e7
0.48	1.1980993212779611e7
0.4805	1.1993244646621497e7
0.481	1.2005494372486163e7
0.4815	1.2017742387564e7
0.482	1.2029988689099688e7
0.4825	1.2042233274391996e7
0.483	1.2054476140793629e7
0.4835	1.2066717285711033e7
0.484	1.2078956706604207e7
0.4845	1.2091194400986515e7
0.485	1.2103430366658926e7
0.4855	1.2115664602693114e7
0.486	1.2127897106994072e7
0.4865	1.2140127877251321e7
0.487	1.2152356911189802e7
0.4875	1.2164584206569774e7
0.488	1.2176809761186594e7
0.4885	1.2189033572870582e7
0.489	1.220125563948684e7
0.4895	1.2213475958935082e7
0.49	1.2225694529149445e7
0.4905	1.223791134809835e7
0.491	1.2250126413784299e7
0.4915	1.2262339724243693e7
0.492	1.227455127860024e7
0.4925	1.2286761073123906e7
0.493	1.2298969106784446e7
0.4935	1.231117537775914e7
0.494	1.2323379884258859e7
0.4945	1.2335582624527905e7
0.495	1.2347783596843882e7
0.4955	1.2359982799517484e7
0.496	1.2372180230892403e7
0.4965	1.23843758893451e7
0.497	1.2396569773284696e7
0.4975	1.2408761881152784e7
0.498	1.2420952211430987e7
0.4985	1.2433140763165476e7
0.499	1.2445327535219554e7
0.4995	1.2457512526149696e7
0.5	1.2469695734536575e7
0.5005000000000001	1.2481877158984946e7
0.501	1.2494056798123483e7
0.5015000000000001	1.2506234650604686e7
0.502	1.2518410715104718e7
0.5025000000000001	1.2530584990323292e7
0.503	1.2542757474983556e7
0.5035000000000001	1.255492816783194e7
0.504	1.2567097067638023e7
0.5045000000000001	1.257926417319444e7
0.505	1.259142948331671e7
0.5055000000000001	1.2603592996843148e7
0.506	1.2615754712634696e7
0.5065000000000001	1.2627914629574822e7
0.507	1.2640072746569406e7
0.5075000000000001	1.2652229062546575e7
0.508	1.2664383576456582e7
0.5085000000000001	1.2676536287271716e7
0.509	1.2688687193986144e7
0.5095000000000001	1.2700836295615766e7
0.51	1.2712983591198137e7
0.5105000000000001	1.272512907979232e7
0.511	1.2737272760478731e7
0.5115000000000001	1.274941463244701e7
0.512	1.276155469542156e7
0.5125	1.2773692948652761e7
0.513	1.2785829391290862e7
0.5135	1.2797964022500252e7
0.514	1.2810096841459347e7
0.5145	1.2822227847360533e7
0.515	1.2834357039410045e7
0.5155	1.2846484416827898e7
0.516	1.2858609978847826e7
0.5165	1.2870733724717135e7
0.517	1.288285565369667e7
0.5175	1.2894975765060706e7
0.518	1.2907094058096891e7
0.5185	1.291921053210611e7
0.519	1.2931325186402459e7
0.5195	1.2943438020313136e7
0.52	1.2955549033178339e7
0.5205	1.2967658224351225e7
0.521	1.2979765593197798e7
0.5215	1.2991871139096834e7
0.522	1.3003974861439805e7
0.5225	1.3016076759630805e7
0.523	1.3028176833086457e7
0.5235	1.3040275081235828e7
0.524	1.305237150352036e7
0.5245	1.306446609939381e7
0.525	1.3076558868361566e7
0.5255	1.3088649810240604e7
0.526	1.3100738924595155e7
0.5265	1.3112826210919544e7
0.527	1.3124911668716375e7
0.5275	1.3136995297496436e7
0.528	1.3149077096778696e7
0.5285	1.31611570660902e7
0.529	1.3173235204966068e7
0.5295	1.3185311512949377e7
0.53	1.3197385989591183e7
0.5305	1.3209458634450402e7
0.531	1.3221529447093787e7
0.5315	1.3233598427095877e7
0.532	1.3245665574038945e7
0.5325	1.3257730887512933e7
0.533	1.326979436711541e7
0.5335	1.3281856012451526e7
0.534	1.3293915823133953e7
0.5345	1.3305973798782839e7
0.535	1.3318029939025752e7
0.5355	1.3330084243510839e7
0.536	1.3342136711855466e7
0.5365	1.3354187343720982e7
0.537	1.3366236138764191e7
0.5375	1.3378283096649053e7
0.538	1.3390328217046672e7
0.5385	1.3402371499635233e7
0.539	1.34144129444174e7
0.5395	1.3426452551487273e7
0.54	1.343849032053611e7
0.5405	1.3450526251255045e7
0.541	1.3462560343336444e7
0.5415	1.3474592596473966e7
0.542	1.348662301036251e7
0.5425	1.3498651584698243e7
0.543	1.3510678319178533e7
0.5435	1.352270321350197e7
0.544	1.3534726267368367e7
0.5445	1.3546747480478683e7
0.545	1.3558766852535084e7
0.5455	1.3570784383240882e7
0.546	1.358280007230055e7
0.5465	1.359481391941968e7
0.547	1.360682592430501e7
0.5475	1.3618836086664349e7
0.548	1.3630844406206647e7
0.5485	1.3642850882641915e7
0.549	1.3654855515681231e7
0.5495	1.3666858305036746e7
0.55	1.3678859250421664e7
0.5505	1.3690858351550195e7
0.551	1.3702855608137608e7
0.5515	1.3714851019900147e7
0.552	1.372684458655509e7
0.5525	1.3738836307820696e7
0.553	1.3750826183532437e7
0.5535	1.376281421351881e7
0.554	1.3774800397498023e7
0.5545	1.3786784735187508e7
0.555	1.3798767226303967e7
0.5555	1.3810747870563332e7
0.556	1.3822726667680763e7
0.5565	1.3834703617370682e7
0.557	1.3846678719346723e7
0.5575	1.3858651973321756e7
0.558	1.3870623379007883e7
0.5585	1.3882592935203979e7
0.559	1.3894560643775867e7
0.5595	1.3906526503091898e7
0.56	1.3918490512882665e7
0.5605	1.3930452672875468e7
0.561	1.3942412982794201e7
0.5615	1.395437144235928e7
0.562	1.3966328051287608e7
0.5625	1.397828280929247e7
0.5630000000000001	1.399023576407322e7
0.5635	1.4002187538733084e7
0.5640000000000001	1.4014138326323036e7
0.5645	1.4026088128627226e7
0.5650000000000001	1.4038036947423073e7
0.5655	1.4049984784481263e7
0.5660000000000001	1.4061931641565818e7
0.5665	1.4073877520434085e7
0.5670000000000001	1.4085822422690311e7
0.5675	1.4097766349619614e7
0.5680000000000001	1.410970930293235e7
0.5685	1.4121651284370597e7
0.5690000000000001	1.4133592295674594e7
0.5695	1.4145532338582698e7
0.5700000000000001	1.4157471414831428e7
0.5705	1.4169409526155418e7
0.5710000000000001	1.4181346674287485e7
0.5715	1.4193282860958586e7
0.5720000000000001	1.4205218087897837e7
0.5725	1.421715235683253e7
0.5730000000000001	1.4229085669488097e7
0.5735	1.4241018027588164e7
0.5740000000000001	1.4252949432854526e7
0.5745	1.4264879887007156e7
0.5750000000000001	1.4276809391764214e7
0.5755	1.4288737948842037e7
0.5760000000000001	1.4300665559955178e7
0.5765	1.4312592226816347e7
0.577	1.432451795113649e7
0.5775	1.433644273462474e7
0.578	1.4348366578988438e7
0.5785	1.436028948593314e7
0.579	1.437221145716261e7
0.5795	1.4384132494378837e7
0.58	1.439605259928204e7
0.5805	1.4407971773570659e7
0.581	1.4419890018941347e7
0.5815	1.443180733751563e7
0.582	1.4443723731488463e7
0.5825	1.4455639202541135e7
0.583	1.4467553752345653e7
0.5835	1.4479467382565664e7
0.584	1.4491380094856491e7
0.5845	1.4503291890865162e7
0.585	1.451520277223045e7
0.5855	1.4527112740582908e7
0.586	1.4539021797544876e7
0.5865	1.4550929944730556e7
0.587	1.4562837183746012e7
0.5875	1.4574743516189199e7
0.588	1.4586648943650015e7
0.5885	1.4598553467710318e7
0.589	1.4610457089943945e7
0.5895	1.462235981191679e7
0.59	1.4634261635186767e7
0.5905	1.4646162561303891e7
0.591	1.4658062591810284e7
0.5915	1.4669961728240201e7
0.592	1.4681859972120078e7
0.5925	1.4693757324968556e7
0.593	1.4705653788296487e7
0.5935	1.4717549363606969e7
0.594	1.4729444052395418e7
0.5945	1.4741337856149534e7
0.595	1.475323077634935e7
0.5955	1.4765122814467292e7
0.596	1.4777013977593934e7
0.5965	1.4788904276738524e7
0.597	1.4800793713351933e7
0.5975	1.481268228861037e7
0.598	1.4824570003577534e7
0.5985	1.4836456859204885e7
0.599	1.4848342856331866e7
0.5995	1.4860227995686116e7
0.6	1.4872112277883582e7
0.6005	1.4883995703428628e7
0.601	1.4895878272714093e7
0.6015	1.4907759986021277e7
0.602	1.491964084351993e7
0.6025	1.4931520845268168e7
0.603	1.4943399991212342e7
0.6035	1.4955278281186882e7
0.604	1.496715571491408e7
0.6045	1.4979032292003833e7
0.605	1.4990908011953367e7
0.6055	1.500278287414684e7
0.606	1.5014656877855016e7
0.6065	1.50265300222348e7
0.607	1.5038402306328736e7
0.6075	1.5050273729064515e7
0.608	1.5062144289254386e7
0.6085	1.5074013985594518e7
0.609	1.5085882816664342e7
0.6095	1.5097750780925833e7
0.61	1.5109617876722729e7
0.6105	1.5121484101117637e7
0.611	1.5133349442782477e7
0.6115	1.5145213897684418e7
0.612	1.5157077463826042e7
0.6125	1.51689401391767e7
0.613	1.5180801921672268e7
0.6135	1.5192662809214864e7
0.614	1.5204522799672594e7
0.6145	1.5216381890879313e7
0.615	1.5228240080634305e7
0.6155	1.5240097366702052e7
0.616	1.5251953746811923e7
0.6165	1.5263809218657874e7
0.617	1.527566377989821e7
0.6175	1.5287517428155236e7
0.618	1.5299370161014963e7
0.6185	1.5311221976026813e7
0.619	1.5323072870703291e7
0.6195	1.5334922842519661e7
0.62	1.5346771888913628e7
0.6205	1.5358620007285e7
0.621	1.5370467194995359e7
0.6215	1.5382313449367689e7
0.622	1.5394158767686035e7
0.6225	1.5406003147195162e7
0.623	1.5417846585100159e7
0.6235	1.5429689078566087e7
0.624	1.5441530624717595e7
0.6245	1.5453371220638523e7
0.625	1.5465210861870922e7
0.6255000000000001	1.547704954074936e7
0.626	1.5488887253934085e7
0.6265000000000001	1.550072399842669e7
0.627	1.5512559771235917e7
0.6275000000000001	1.5524394569377862e7
0.628	1.5536228389876077e7
0.6285000000000001	1.5548061229761746e7
0.629	1.55598930860738e7
0.6295000000000001	1.557172395585911e7
0.63	1.5583553836172583e7
0.6305000000000001	1.5595382724077355e7
0.631	1.560721061664493e7
0.6315000000000001	1.5619037510955336e7
0.632	1.5630863404097248e7
0.6325000000000001	1.5642688293168182e7
0.633	1.5654512175274622e7
0.6335000000000001	1.5666335047532193e7
0.634	1.5678156907065796e7
0.6345000000000001	1.568997775100979e7
0.635	1.570179757650812e7
0.6355000000000001	1.5713616380714485e7
0.636	1.5725434160792513e7
0.6365000000000001	1.5737250913915902e7
0.637	1.574906663726857e7
0.6375000000000001	1.5760881328044837e7
0.638	1.5772694983449578e7
0.6385000000000001	1.578450760069839e7
0.639	1.5796319176330978e7
0.6395000000000001	1.5808129706353726e7
0.64	1.581993918800557e7
0.6405	1.583174761857746e7
0.641	1.584355499538787e7
0.6415	1.5855361315783141e7
0.642	1.5867166577137774e7
0.6425	1.5878970776854748e7
0.643	1.5890773912365874e7
0.6435	1.5902575981132058e7
0.644	1.591437698064367e7
0.6445	1.5926176908420796e7
0.645	1.5937975762013614e7
0.6455	1.5949773539002633e7
0.646	1.5961570236999074e7
0.6465	1.5973365853645122e7
0.647	1.5985160386614272e7
0.6475	1.5996953833611583e7
0.648	1.6008746192374025e7
0.6485	1.6020537460670752e7
0.649	1.6032327636303417e7
0.6495	1.6044116717106448e7
0.65	1.6055904700947335e7
0.6505	1.6067691585726969e7
0.651	1.6079477369379861e7
0.6515	1.6091262049874466e7
0.652	1.6103045625213481e7
0.6525	1.6114828093375785e7
0.653	1.6126609452301435e7
0.6535	1.6138389700094003e7
0.654	1.6150168834899195e7
0.6545	1.6161946854899926e7
0.655	1.6173723758316696e7
0.6555	1.6185499543407794e7
0.656	1.6197274208469631e7
0.6565	1.6209047751836916e7
0.657	1.6220820171883013e7
0.6575	1.6232591467020134e7
0.658	1.6244361635699613e7
0.6585	1.6256130676412165e7
0.659	1.6267898587688092e7
0.6595	1.6279665368097575e7
0.66	1.6291431016250886e7
0.6605	1.6303195530798595e7
0.661	1.6314958910431838e7
0.6615	1.6326721153882517e7
0.662	1.6338482259923525e7
0.6625	1.6350242227368943e7
0.663	1.6362001055074273e7
0.6635	1.637375874193663e7
0.664	1.6385515286894921e7
0.6645	1.639727068893007e7
0.665	1.6409024947065188e7
0.6655	1.6420778060384477e7
0.666	1.6432530028473364e7
0.6665	1.6444280850687683e7
0.667	1.6456030526211256e7
0.6675	1.6467779054264806e7
0.668	1.647952643410605e7
0.6685	1.6491272665029846e7
0.669	1.6503017746368334e7
0.6695	1.651476167749103e7
0.67	1.652650445780497e7
0.6705	1.653824608675482e7
0.671	1.6549986563822968e7
0.6715	1.6561725888529643e7
0.672	1.6573464060433038e7
0.6725	1.658520107912936e7
0.673	1.6596936944252955e7
0.6735	1.6608671655476402e7
0.674	1.6620405212510567e7
0.6745	1.6632137615104718e7
0.675	1.664386886304656e7
0.6755	1.665559895616234e7
0.676	1.6667327894316904e7
0.6765	1.6679055677413741e7
0.677	1.6690782305395061e7
0.6775	1.6702507778241824e7
0.678	1.6714232095973823e7
0.6785	1.6725955258649662e7
0.679	1.6737677267035028e7
0.6795	1.6749398122036196e7
0.68	1.6761117823811412e7
0.6805	1.6772836372544138e7
0.681	1.6784553768444136e7
0.6815	1.679627001174746e7
0.682	1.6807985102716487e7
0.6825	1.6819699041639935e7
0.683	1.6831411828832816e7
0.6835	1.6843123464636505e7
0.684	1.685483394941871e7
0.6845	1.686654328357347e7
0.685	1.6878251467521176e7
0.6855	1.6889958501708526e7
0.686	1.6901664386608563e7
0.6865	1.6913369122720633e7
0.687	1.69250727105704e7
0.6875	1.6936775150709804e7
0.6880000000000001	1.6948476443717085e7
0.6885	1.696017659019672e7
0.6890000000000001	1.697187559077944e7
0.6895	1.698357344612219e7
0.6900000000000001	1.699527015690812e7
0.6905	1.700696572384654e7
0.6910000000000001	1.7018660147672895e7
0.6915	1.703035342914876e7
0.6920000000000001	1.704204556947256e7
0.6925	1.7053736570467826e7
0.6930000000000001	1.706542643300476e7
0.6935	1.7077115157919556e7
0.6940000000000001	1.7088802746061537e7
0.6945	1.7100489198293116e7
0.6950000000000001	1.7112174515489787e7
0.6955	1.71238586985401e7
0.6960000000000001	1.713554174834562e7
0.6965	1.714722366582095e7
0.6970000000000001	1.7158904451893672e7
0.6975	1.717058410750432e7
0.6980000000000001	1.718226263360638e7
0.6985	1.7193940031166267e7
0.6990000000000001	1.720561630116327e7
0.6995	1.721729144458955e7
0.7000000000000001	1.7228965462450124e7
0.7005	1.724063835576281e7
0.7010000000000001	1.7252310125558235e7
0.7015	1.7263980772879742e7
0.7020000000000001	1.727565029878347e7
0.7025	1.728731870433822e7
0.7030000000000001	1.7298985990625497e7
0.7035	1.7310652158739433e7
0.704	1.7322317209786806e7
0.7045	1.7333981144886963e7
0.705	1.734564396535536e7
0.7055	1.7357305673758328e7
0.706	1.7368966271537144e7
0.7065	1.7380625759827957e7
0.707	1.739228413976301e7
0.7075	1.7403941412470605e7
0.708	1.7415597579075113e7
0.7085	1.742725264069702e7
0.709	1.7438906598452885e7
0.7095	1.745055945345538e7
0.71	1.7462211206813302e7
0.7105	1.7473861859631557e7
0.711	1.7485511413011167e7
0.7115	1.7497159868049335e7
0.712	1.7508807225839373e7
0.7125	1.7520453487470757e7
0.713	1.7532098654029123e7
0.7135	1.7543742726596285e7
0.714	1.7555385706250224e7
0.7145	1.756702759406512e7
0.715	1.757866839111133e7
0.7155	1.7590308098455425e7
0.716	1.7601946717160173e7
0.7165	1.761358424828456e7
0.717	1.7625220692883804e7
0.7175	1.763685605200935e7
0.718	1.764849032670887e7
0.7185	1.7660123518145714e7
0.719	1.7671755627498254e7
0.7195	1.768338665579975e7
0.72	1.7695016604077335e7
0.7205	1.7706645473352224e7
0.721	1.771827326463973e7
0.7215	1.7729899978949286e7
0.722	1.7741525617284417e7
0.7225	1.77531501806428e7
0.723	1.7764773670016233e7
0.7235	1.7776396086390696e7
0.724	1.77880174307463e7
0.7245	1.779963770405734e7
0.725	1.7811256907292306e7
0.7255	1.782287504141387e7
0.726	1.7834492107378908e7
0.7265	1.784610810613851e7
0.727	1.7857723038638003e7
0.7275	1.7869336905816935e7
0.728	1.7880949708609093e7
0.7285	1.7892561447942548e7
0.729	1.7904172124739606e7
0.7295	1.7915781739916857e7
0.73	1.7927390294385165e7
0.7305	1.7938997789049715e7
0.731	1.7950604224809952e7
0.7315	1.7962209602642335e7
0.732	1.797381392451333e7
0.7325	1.798541719162753e7
0.733	1.799701940483794e7
0.7335	1.80086205649794e7
0.734	1.8020220672868602e7
0.7345	1.8031819729304094e7
0.735	1.8043417735066313e7
0.7355	1.8055014690917645e7
0.736	1.8066610597602375e7
0.7365	1.8078205455846794e7
0.737	1.8089799266359124e7
0.7375	1.8101392029829636e7
0.738	1.811298374693059e7
0.7385	1.8124574418316297e7
0.739	1.8136164044623118e7
0.7395	1.8147752626469467e7
0.74	1.8159340164455853e7
0.7405	1.817092665916489e7
0.741	1.8182512111161273e7
0.7415	1.8194096520991832e7
0.742	1.820567988918551e7
0.7425	1.8217262216253404e7
0.743	1.822884350268874e7
0.7435	1.824042374896691e7
0.744	1.8252002955545433e7
0.7445	1.826358112286404e7
0.745	1.8275158250804313e7
0.7455	1.8286734337449025e7
0.746	1.8298309382945783e7
0.7465	1.830988338771789e7
0.747	1.832145635219708e7
0.7475	1.83330282768235e7
0.748	1.8344599162045732e7
0.7485	1.8356169008320782e7
0.749	1.8367737816114083e7
0.7495	1.8379305585899465e7
0.75	1.8390872318159193e7
0.7505000000000001	1.8402438013383932e7
0.751	1.841400267207276e7
0.7515000000000001	1.842556629473316e7
0.752	1.8437128881881002e7
0.7525000000000001	1.8448690434040565e7
0.753	1.8460250951744515e7
0.7535000000000001	1.84718104355339e7
0.754	1.8483368885958165e7
0.7545000000000001	1.849492630357511e7
0.755	1.850648268895091e7
0.7555000000000001	1.851803804266013e7
0.756	1.8529592365285654e7
0.7565000000000001	1.8541145657418758e7
0.757	1.8552697919659033e7
0.7575000000000001	1.856424915261444e7
0.758	1.8575799356901247e7
0.7585000000000001	1.85873485337353e7
0.759	1.859889668483267e7
0.7595000000000001	1.8610443810838897e7
0.76	1.8621989912369862e7
0.7605000000000001	1.8633534990035523e7
0.761	1.8645079044439908e7
0.7615000000000001	1.865662207618111e7
0.762	1.866816408585132e7
0.7625000000000001	1.867970507403682e7
0.763	1.8691245041317973e7
0.7635000000000001	1.870278398826923e7
0.764	1.871432191545916e7
0.7645000000000001	1.8725858823450424e7
0.765	1.873739471279979e7
0.7655000000000001	1.8748929584058132e7
0.766	1.8760463437770437e7
0.7665000000000001	1.8771996274475813e7
0.767	1.8783528094707474e7
0.7675000000000001	1.8795058898992773e7
0.768	1.8806588687853172e7
0.7685	1.8818117461804256e7
0.769	1.8829645220910795e7
0.7695	1.8841171964785848e7
0.77	1.8852697693901908e7
0.7705	1.886422240875052e7
0.771	1.887574610981741e7
0.7715	1.888726879758239e7
0.772	1.8898790472194664e7
0.7725	1.8910311133823726e7
0.773	1.8921830782940082e7
0.7735	1.8933349420013648e7
0.774	1.8944867045513786e7
0.7745	1.8956383659909233e7
0.775	1.8967899263668194e7
0.7755	1.897941385725827e7
0.776	1.899092744114648e7
0.7765	1.900244001579926e7
0.777	1.9013951581682485e7
0.7775	1.9025462139261436e7
0.778	1.903697168900082e7
0.7785	1.904848023136476e7
0.779	1.905998776681679e7
0.7795	1.907149429581989e7
0.78	1.9082999818836447e7
0.7805	1.9094504336328257e7
0.781	1.9106007848756548e7
0.7815	1.9117510356581964e7
0.782	1.9129011860264573e7
0.7825	1.9140512360263877e7
0.783	1.915201185703876e7
0.7835	1.9163510351047557e7
0.784	1.917500784274803e7
0.7845	1.9186504332597326e7
0.785	1.919799982105262e7
0.7855	1.920949430859278e7
0.786	1.92209877956849e7
0.7865	1.9232480282783322e7
0.787	1.9243971770341534e7
0.7875	1.9255462258812137e7
0.788	1.926695174864687e7
0.7885	1.9278440240296587e7
0.789	1.9289927734211292e7
0.7895	1.930141423084007e7
0.79	1.9312899730631188e7
0.7905	1.9324384234032005e7
0.791	1.9335867741489016e7
0.7915	1.9347350253447838e7
0.792	1.935883177035323e7
0.7925	1.9370312292649064e7
0.793	1.938179182077836e7
0.7935	1.9393270355183218e7
0.794	1.9404747896304928e7
0.7945	1.9416224444583863e7
0.795	1.942770000045955e7
0.7955	1.9439174564370617e7
0.796	1.945064813675484e7
0.7965	1.9462120718049113e7
0.797	1.947359230868948e7
0.7975	1.9485062909111068e7
0.798	1.9496532519748177e7
0.7985	1.950800114103623e7
0.799	1.9519468773436014e7
0.7995	1.9530935417388003e7
0.8	1.9542401073322393e7
0.8005	1.9553865741668195e7
0.801	1.956532942285317e7
0.8015	1.9576792117303938e7
0.802	1.9588253825445898e7
0.8025	1.9599714547703236e7
0.803	1.961117428449896e7
0.8035	1.9622633036254864e7
0.804	1.9634090803391553e7
0.8045	1.9645547586328417e7
0.805	1.965700338548368e7
0.8055	1.9668458201274324e7
0.806	1.9679912034116168e7
0.8065	1.969136488442382e7
0.807	1.9702816752610676e7
0.8075	1.9714267639088955e7
0.808	1.9725717544269662e7
0.8085	1.973716646856261e7
0.809	1.9748614412376415e7
0.8095	1.9760061376118477e7
0.81	1.977150736019503e7
0.8105	1.9782952365011077e7
0.811	1.9794396390970442e7
0.8115	1.980583943847574e7
0.812	1.981728150791546e7
0.8125	1.9828722599592622e7
0.8130000000000001	1.984016271388725e7
0.8135	1.9851601851199277e7
0.8140000000000001	1.986304001192852e7
0.8145	1.9874477196474668e7
0.8150000000000001	1.9885913405237306e7
0.8155	1.9897348638615906e7
0.8160000000000001	1.990878289700981e7
0.8165	1.9920216180818237e7
0.8170000000000001	1.993164849044031e7
0.8175	1.9943079826275017e7
0.8180000000000001	1.9954510188721232e7
0.8185	1.996593957817771e7
0.8190000000000001	1.997736799504309e7
0.8195	1.9988795439715892e7
0.8200000000000001	2.0000221912594512e7
0.8205	2.001164741407723e7
0.8210000000000001	2.0023071944562204e7
0.8215	2.0034495504447486e7
0.8220000000000001	2.0045918094130993e7
0.8225	2.0057339714010525e7
0.8230000000000001	2.0068760364483766e7
0.8235	2.008018004594828e7
0.8240000000000001	2.0091598758801505e7
0.8245	2.010301650344076e7
0.8250000000000001	2.011443328026326e7
0.8255	2.0125849089634053e7
0.8260000000000001	2.0137263931799278e7
0.8265	2.014867780713815e7
0.8270000000000001	2.016009071605085e7
0.8275	2.0171502658939138e7
0.8280000000000001	2.0182913636206325e7
0.8285	2.019432364825728e7
0.8290000000000001	2.0205732695498437e7
0.8295	2.0217140778337788e7
0.8300000000000001	2.022854789718488e7
0.8305	2.0239954052450817e7
0.8310000000000001	2.025135924454827e7
0.8315	2.026276347389146e7
0.8320000000000001	2.0274166740896165e7
0.8325	2.028556904597972e7
0.833	2.029697038956101e7
0.8335	2.030837077206049e7
0.834	2.031977019390016e7
0.8345	2.0331168655503575e7
0.835	2.0342566157295853e7
0.8355	2.0353962699703645e7
0.836	2.036535828315517e7
0.8365	2.0376752908080205e7
0.837	2.0388146574910067e7
0.8375	2.039953928407763e7
0.838	2.04109310360173e7
0.8385	2.0422321831165094e7
0.839	2.0433711670032095e7
0.8395	2.044510055329208e7
0.84	2.0456488481400136e7
0.8405	2.0467875454792526e7
0.841	2.0479261473904353e7
0.8415	2.049064653916956e7
0.842	2.0502030651020918e7
0.8425	2.051341380989007e7
0.843	2.0524796016207464e7
0.8435	2.0536177270402405e7
0.844	2.0547557572903033e7
0.8445	2.055893692413633e7
0.845	2.0570315324528113e7
0.8455	2.0581692774503045e7
0.846	2.059306927448463e7
0.8465	2.06044448248952e7
0.847	2.061581942615594e7
0.8475	2.0627193078686874e7
0.848	2.0638565782906856e7
0.8485	2.0649937539233588e7
0.849	2.0661308348083604e7
0.8495	2.067267820987229e7
0.85	2.068404712501386e7
0.8505	2.0695415093921382e7
0.851	2.0706782117006753e7
0.8515	2.071814819468071e7
0.852	2.072951332735283e7
0.8525	2.0740877596423887e7
0.853	2.0752241175170384e7
0.8535	2.076360404042753e7
0.854	2.0774966161502045e7
0.8545	2.078632750841267e7
0.855	2.079768805201864e7
0.8555	2.0809047764153525e7
0.856	2.082040661776232e7
0.8565	2.0831764587045267e7
0.857	2.0843121647595536e7
0.8575	2.0854477776543938e7
0.858	2.0865832952697992e7
0.8585	2.0877187156677544e7
0.859	2.088854037104409e7
0.8595	2.0899892580421783e7
0.86	2.0911243771607887e7
0.8605	2.092259393367067e7
0.861	2.0933943058032863e7
0.8615	2.094529113853898e7
0.862	2.0956638171505105e7
0.8625	2.0967984155750114e7
0.863	2.097932909260763e7
0.8635	2.09906729859185e7
0.864	2.100201584200395e7
0.8645	2.1013357669619877e7
0.865	2.1024698479893487e7
0.8655	2.1036038286243342e7
0.866	2.1047377093904e7
0.8665	2.1058714922123373e7
0.867	2.1070051812491227e7
0.8675	2.108138779156787e7
0.868	2.1092722871588863e7
0.8685	2.1104057046900302e7
0.869	2.111539027803798e7
0.8695	2.1126722561074156e7
0.87	2.1138053934095904e7
0.8705	2.114938445783776e7
0.871	2.1160714128664006e7
0.8715	2.117204287607732e7
0.872	2.118337062890505e7
0.8725	2.1194697381551143e7
0.873	2.120602318403659e7
0.8735	2.1217348061256193e7
0.874	2.122867201672042e7
0.8745	2.1239995041496623e7
0.875	2.1251317136178635e7
0.8755000000000001	2.1262638307027478e7
0.876	2.1273958559429407e7
0.8765000000000001	2.1285277891031493e7
0.877	2.1296596284848895e7
0.8775000000000001	2.1307913740014166e7
0.878	2.1319230280793093e7
0.8785000000000001	2.1330545958365545e7
0.879	2.1341860773148432e7
0.8795000000000001	2.1353174671871427e7
0.88	2.1364487580037404e7
0.8805000000000001	2.1375799491913963e7
0.881	2.1387110464851145e7
0.8815000000000001	2.1398420533767115e7
0.882	2.1409729698089596e7
0.8825000000000001	2.1421037929023128e7
0.883	2.143234521924307e7
0.8835000000000001	2.144365157656231e7
0.884	2.1454957015665185e7
0.8845000000000001	2.1466261542078085e7
0.885	2.147756515880545e7
0.8855000000000001	2.1488867866595827e7
0.886	2.150016966390377e7
0.8865000000000001	2.1511470546557605e7
0.887	2.1522770509002447e7
0.8875000000000001	2.1534069544748638e7
0.888	2.154536764580214e7
0.8885000000000001	2.155666479876006e7
0.889	2.1567960966082197e7
0.8895000000000001	2.157925613082535e7
0.89	2.1590550327597324e7
0.8905000000000001	2.160184365434049e7
0.891	2.1613136138171908e7
0.8915000000000001	2.1624427738263637e7
0.892	2.1635718358846385e7
0.8925000000000001	2.1647007991965912e7
0.893	2.165829671082012e7
0.8935000000000001	2.16695845774576e7
0.894	2.1680871595809463e7
0.8945000000000001	2.1692157721482605e7
0.895	2.1703442929220926e7
0.8955000000000001	2.1714727210443836e7
0.896	2.1726010564171296e7
0.8965	2.173729300433731e7
0.897	2.1748574581580013e7
0.8975	2.1759855340740964e7
0.898	2.1771135262698032e7
0.8985	2.1782414240119588e7
0.899	2.1793692203130715e7
0.8995	2.1804969163218595e7
0.9	2.1816245198026624e7
0.9005	2.1827520333738077e7
0.901	2.1838794567506842e7
0.9015	2.1850067884387128e7
0.902	2.1861340283295646e7
0.9025	2.18726117658923e7
0.903	2.1883882335891474e7
0.9035	2.1895152000140682e7
0.904	2.190642077164534e7
0.9045	2.191768865339437e7
0.905	2.192895563850715e7
0.9055	2.1940221714217726e7
0.906	2.195148687627645e7
0.9065	2.196275111551177e7
0.907	2.197401443598983e7
0.9075	2.198527686797912e7
0.908	2.1996538488529842e7
0.9085	2.2007799310216267e7
0.909	2.2019059278141804e7
0.9095	2.203031826761512e7
0.91	2.204157624296764e7
0.9105	2.2052833243974444e7
0.911	2.206408931944033e7
0.9115	2.2075344484891042e7
0.912	2.2086598744419206e7
0.9125	2.2097852101205535e7
0.913	2.2109104556620084e7
0.9135	2.212035610904553e7
0.914	2.213160675506243e7
0.9145	2.2142856483500056e7
0.915	2.2154105285794172e7
0.9155	2.2165353167433158e7
0.916	2.2176600147726674e7
0.9165	2.2187846241766874e7
0.917	2.2199091463763367e7
0.9175	2.2210335831666533e7
0.918	2.2221579340837024e7
0.9185	2.2232821956569776e7
0.919	2.224406363535595e7
0.9195	2.2255304372631032e7
0.92	2.226654420043069e7
0.9205	2.2277783137454666e7
0.921	2.2289021181331944e7
0.9215	2.2300258312888984e7
0.922	2.2311494526912175e7
0.9225	2.2322729827370524e7
0.923	2.233396422275161e7
0.9235	2.2345197718907e7
0.924	2.2356430330963854e7
0.9245	2.236766206092907e7
0.925	2.2378892886540268e7
0.9255	2.239012274735393e7
0.926	2.2401351637873817e7
0.9265	2.2412579614558704e7
0.927	2.2423806755263098e7
0.9275	2.2435033074732162e7
0.928	2.2446258541621447e7
0.9285	2.245748312657485e7
0.929	2.24687068221011e7
0.9295	2.2479929632067256e7
0.93	2.2491151557650294e7
0.9305	2.250237260017623e7
0.931	2.251359276206404e7
0.9315	2.2524812040332604e7
0.932	2.2536030424330097e7
0.9325	2.2547247904801257e7
0.933	2.2558464481452487e7
0.9335	2.2569680162930682e7
0.934	2.258089495332719e7
0.9345	2.2592108852156382e7
0.935	2.2603321855836898e7
0.9355	2.2614533963464327e7
0.936	2.2625745177272983e7
0.9365	2.2636955498341285e7
0.937	2.2648164920661714e7
0.9375	2.2659373418005377e7
0.9380000000000001	2.2670580992129844e7
0.9385	2.2681787687138632e7
0.9390000000000001	2.269299358703727e7
0.9395	2.2704198699348044e7
0.9400000000000001	2.271540295993127e7
0.9405	2.272660628828297e7
0.9410000000000001	2.2737808624060266e7
0.9415	2.274901006201651e7
0.9420000000000001	2.2760210620511327e7
0.9425	2.2771410306523245e7
0.9430000000000001	2.278260911156252e7
0.9435	2.2793807036069103e7
0.9440000000000001	2.28050040870303e7
0.9445	2.281620027314461e7
0.9450000000000001	2.2827395588514123e7
0.9455	2.283859000400083e7
0.9460000000000001	2.284978350464816e7
0.9465	2.286097610918144e7
0.9470000000000001	2.2872167880735416e7
0.9475	2.28833588235955e7
0.9480000000000001	2.2894548915710356e7
0.9485	2.2905738094545707e7
0.9490000000000001	2.2916926339035068e7
0.9495	2.2928113689368937e7
0.9500000000000001	2.2939300167606242e7
0.9505	2.2950485773056414e7
0.9510000000000001	2.2961670495794613e7
0.9515	2.2972854334644724e7
0.9520000000000001	2.2984037311324142e7
0.9525	2.299521945954823e7
0.9530000000000001	2.3006400774612494e7
0.9535	2.301758121370224e7
0.9540000000000001	2.3028760730289217e7
0.9545	2.303993932962109e7
0.9550000000000001	2.3051117091425654e7
0.9555	2.3062294028869554e7
0.9560000000000001	2.307347012766583e7
0.9565	2.308464531774448e7
0.9570000000000001	2.3095819572578926e7
0.9575	2.3106992919318315e7
0.9580000000000001	2.3118165382790186e7
0.9585	2.3129336977526657e7
0.9590000000000001	2.3140507721878316e7
0.9595	2.315167762060855e7
0.96	2.3162846660540584e7
0.9605	2.3174014805455916e7
0.961	2.3185182046008952e7
0.9615	2.3196348402944397e7
0.962	2.3207513900405657e7
0.9625	2.3218678545242704e7
0.963	2.3229842348525006e7
0.9635	2.3241005295992192e7
0.964	2.325216732584369e7
0.9645	2.3263328289932452e7
0.965	2.3274488171465926e7
0.9655	2.328564719426918e7
0.966	2.32968054680802e7
0.9665	2.3307963069495216e7
0.967	2.331911990440279e7
0.9675	2.333027588495715e7
0.968	2.3341430987147473e7
0.9685	2.335258518050905e7
0.969	2.3363738460189138e7
0.9695	2.337489085361761e7
0.97	2.3386042403969515e7
0.9705	2.3397193123403195e7
0.971	2.340834300301355e7
0.9715	2.3419492030567113e7
0.972	2.34306401963373e7
0.9725	2.344178748242908e7
0.973	2.3452933883721832e7
0.9735	2.3464079409376424e7
0.974	2.3475224078407466e7
0.9745	2.3486367897215907e7
0.975	2.3497510865721278e7
0.9755	2.350865298137926e7
0.976	2.3519794240944453e7
0.9765	2.353093463599845e7
0.977	2.3542074163705338e7
0.9775	2.3553212837452628e7
0.978	2.3564350685783587e7
0.9785	2.3575487672878757e7
0.979	2.3586623616544973e7
0.9795	2.3597758378208913e7
0.98	2.3608892139404535e7
0.9805	2.362002526233097e7
0.981	2.363115789535955e7
0.9815	2.3642289967732757e7
0.982	2.3653421172594618e7
0.9825	2.366455139624481e7
0.983	2.3675680653477605e7
0.9835	2.36868090232008e7
0.984	2.369793652814648e7
0.9845	2.3709063195697766e7
0.985	2.3720189033419393e7
0.9855	2.3731314018722285e7
0.986	2.3742438086050365e7
0.9865	2.3753561228723455e7
0.987	2.37646835016272e7
0.9875	2.377580497308987e7
0.988	2.3786925648401793e7
0.9885	2.379804548401895e7
0.989	2.3809164441471588e7
0.9895	2.3820282496708225e7
0.99	2.3831399620704297e7
0.9905	2.3842515823770624e7
0.991	2.38536311695204e7
0.9915	2.3864745734709363e7
0.992	2.3875859534127384e7
0.9925	2.3886972534432434e7
0.993	2.3898084705289476e7
0.9935	2.3909196037426006e7
0.994	2.3920306531935852e7
0.9945	2.3931416187469475e7
0.995	2.3942525003827915e7
0.9955	2.395363298226887e7
0.996	2.3964740114979774e7
0.9965	2.39758463764292e7
0.997	2.3986951748877387e7
0.9975	2.3998056448491327e7
0.998	2.4009156726369902e7
0.9985	2.4020258722450264e7
0.999	2.4031360817463327e7
0.9995	2.40424621108813e7