0.	0.
0.001	49839.695253698286
0.002	99679.40324285686
0.003	149519.13670318268
0.004	199358.90837090166
0.005	249198.73098299513
0.006	299038.6172774413
0.007	348878.5799935109
0.008	398718.63187198
0.009000000000000001	448558.7856553951
0.01	498399.0540883429
0.011	548239.4499176913
0.012	598079.9858928263
0.013000000000000001	647920.6747659476
0.014	697761.5292922659
0.015	747602.5622303187
0.016	797443.7863421928
0.017	847285.214393787
0.018000000000000002	897126.859155042
0.019	946968.7334002329
0.02	996810.8499082236
0.021	1.0466532214626776e6
0.022	1.0964958608523891e6
0.023	1.1463387808714404e6
0.024	1.196181994319566e6
0.025	1.2460255140023453e6
0.026000000000000002	1.2958693527314607e6
0.027	1.3457135233249813e6
0.028	1.3955580386076309e6
0.029	1.445402911410988e6
0.03	1.4952481545738133e6
0.031	1.545093780942269e6
0.032	1.5949398033701861e6
0.033	1.6447862347193798e6
0.034	1.6946330878597866e6
0.035	1.7444803756698593e6
0.036000000000000004	1.7943281110367675e6
0.037	1.8441763068566385e6
0.038	1.8940249760348685e6
0.039	1.9438741314863819e6
0.04	1.9937237861358859e6
0.041	2.0435739529180895e6
0.042	2.0934246447780684e6
0.043000000000000003	2.1432758746714713e6
0.044	2.193127655566899e6
0.045	2.2429800004377635e6
0.046	2.292832922275134e6
0.047	2.3426864340796634e6
0.048	2.3925405488639288e6
0.049	2.4423952796527203e6
0.05	2.49225063948329e6
0.051000000000000004	2.5421066414056784e6
0.052000000000000005	2.5919632984828977e6
0.053	2.6418206237912923e6
0.054	2.6916786304207793e6
0.055	2.741537331475118e6
0.056	2.791396740072206e6
0.057	2.841256869344366e6
0.058	2.891117732438593e6
0.059000000000000004	2.940979342516866e6
0.06	2.9908417127564265e6
0.061	3.0407048563500377e6
0.062	3.090568786506315e6
0.063	3.140433516449962e6
0.064	3.190299059422082e6
0.065	3.240165428680478e6
0.066	3.290032637499919e6
0.067	3.3399006991724255e6
0.068	3.389769627007612e6
0.069	3.439639434332915e6
0.07	3.489510134493924e6
0.07100000000000001	3.539381740854676e6
0.07200000000000001	3.5892542667979277e6
0.073	3.639127725725481e6
0.074	3.6890021310584806e6
0.075	3.7388774962377134e6
0.076	3.788753834723874e6
0.077	3.8386311599979266e6
0.078	3.88850948556138e6
0.079	3.9383888249365897e6
0.08	3.9882691916670837e6
0.081	4.0381505993178687e6
0.082	4.0880330614756946e6
0.083	4.137916591749473e6
0.084	4.187801203770485e6
0.085	4.237686911179659e6
0.08600000000000001	4.2875737276805565e6
0.08700000000000001	4.337461666960193e6
0.088	4.387350742742717e6
0.089	4.437240968776247e6
0.09	4.487132358833242e6
0.091	4.537024926710877e6
0.092	4.586918686231223e6
0.093	4.63681365124176e6
0.094	4.6867098356155865e6
0.095	4.736607253251788e6
0.096	4.786505918075776e6
0.097	4.836405844039641e6
0.098	4.886307045122466e6
0.099	4.936209535330678e6
0.1	4.98611332869841e6
0.101	5.036018439287793e6
0.10200000000000001	5.085924882079393e6
0.10300000000000001	5.135832802654548e6
0.10400000000000001	5.185742319364214e6
0.105	5.2356534385589715e6
0.106	5.285566114722494e6
0.107	5.335480250428519e6
0.108	5.385395858340506e6
0.109	5.435312953388671e6
0.11	5.485231550519921e6
0.111	5.535151664697818e6
0.112	5.585073310902546e6
0.113	5.634996504130933e6
0.114	5.684921259396331e6
0.115	5.734847591728733e6
0.116	5.784775516174563e6
0.117	5.83470504779681e6
0.11800000000000001	5.884636201674895e6
0.11900000000000001	5.934568992904679e6
0.12	5.984503436598462e6
0.121	6.03443954788491e6
0.122	6.084377341909031e6
0.123	6.134316833832164e6
0.124	6.184258038831937e6
0.125	6.23420097210225e6
0.126	6.284145648853247e6
0.127	6.334092084311241e6
0.128	6.3840402937187385e6
0.129	6.433990292334384e6
0.13	6.483942095432917e6
0.131	6.533895718305185e6
0.132	6.583851176258061e6
0.133	6.6338084846144365e6
0.134	6.683767658713195e6
0.135	6.733728713909138e6
0.136	6.783691665573025e6
0.137	6.83365652909147e6
0.138	6.883623319866968e6
0.139	6.933592053317812e6
0.14	6.98356274487807e6
0.14100000000000001	7.033535409997596e6
0.14200000000000002	7.083510064141911e6
0.14300000000000002	7.133486722792261e6
0.14400000000000002	7.183465401445534e6
0.145	7.233446115614208e6
0.146	7.28342888082635e6
0.147	7.333413712625565e6
0.148	7.383400626570986e6
0.149	7.4333896382371895e6
0.15	7.483380763214195e6
0.151	7.533374017107425e6
0.152	7.583369415537648e6
0.153	7.633366974140969e6
0.154	7.683366708568773e6
0.155	7.733368634487693e6
0.156	7.783372767579591e6
0.157	7.833379123541455e6
0.158	7.883387718085454e6
0.159	7.93339856693882e6
0.16	7.983411685843849e6
0.161	8.033427090557868e6
0.162	8.083444796853155e6
0.163	8.133464820516934e6
0.164	8.183487177351321e6
0.165	8.233511883173294e6
0.166	8.283538953814639e6
0.167	8.333568405121912e6
0.168	8.3836002529564025e6
0.169	8.433634513194079e6
0.17	8.483671201725554e6
0.171	8.533710334456066e6
0.17200000000000001	8.583751927305382e6
0.17300000000000001	8.633795996207818e6
0.17400000000000002	8.68384255711212e6
0.17500000000000002	8.733891625981508e6
0.176	8.783943218793549e6
0.177	8.833997351540169e6
0.178	8.884054040227598e6
0.179	8.934113300876284e6
0.18	8.984175149520874e6
0.181	9.034239602210227e6
0.182	9.084306675007246e6
0.183	9.134376383988937e6
0.184	9.184448745246323e6
0.185	9.23452377488436e6
0.186	9.284601489021957e6
0.187	9.33468190379188e6
0.188	9.384765035340728e6
0.189	9.434850899828847e6
0.19	9.484939513430359e6
0.191	9.535030892332993e6
0.192	9.585125052738158e6
0.193	9.635222010860816e6
0.194	9.685321782929419e6
0.195	9.735424385185951e6
0.196	9.78552983388577e6
0.197	9.83563814529762e6
0.198	9.885749335703533e6
0.199	9.935863421398835e6
0.2	9.98598041869203e6
0.201	1.0036100343904799e7
0.202	1.0086223213371899e7
0.203	1.0136349043441141e7
0.20400000000000001	1.0186477850473333e7
0.20500000000000002	1.0236609650842188e7
0.20600000000000002	1.0286744460934334e7
0.20700000000000002	1.0336882297149172e7
0.20800000000000002	1.0387023175898911e7
0.209	1.043716711360844e7
0.21	1.0487314126715308e7
0.211	1.0537464231669633e7
0.212	1.0587617444934076e7
0.213	1.0637773782983784e7
0.214	1.0687933262306293e7
0.215	1.0738095899401499e7
0.216	1.0788261710781585e7
0.217	1.083843071297097e7
0.218	1.0888602922505498e7
0.219	1.0938778355935352e7
0.22	1.098895702982051e7
0.221	1.1039138960733684e7
0.222	1.1089324165259507e7
0.223	1.113951265999447e7
0.224	1.118970446154683e7
0.225	1.1239899586536597e7
0.226	1.1290098051595427e7
0.227	1.1340299873366551e7
0.228	1.1390505068504766e7
0.229	1.1440713653676284e7
0.23	1.1490925645558733e7
0.231	1.1541141060841074e7
0.232	1.1591359916223496e7
0.233	1.1641582228417397e7
0.234	1.1691808014145263e7
0.23500000000000001	1.1742037290140672e7
0.23600000000000002	1.1792270073148146e7
0.23700000000000002	1.1842506379923115e7
0.23800000000000002	1.1892746227231838e7
0.23900000000000002	1.194298963185135e7
0.24	1.199323661056936e7
0.241	1.2043487180184212e7
0.242	1.2093741357504766e7
0.243	1.2143999159350373e7
0.244	1.2194260602550758e7
0.245	1.2244525703945976e7
0.246	1.2294794480386302e7
0.247	1.2345066948732182e7
0.248	1.239534312585419e7
0.249	1.2445623028632835e7
0.25	1.249590667395862e7
0.251	1.254619407873186e7
0.252	1.2596485259862658e7
0.253	1.2646780234270815e7
0.254	1.269707901888574e7
0.255	1.2747381630646346e7
0.256	1.2797688086501025e7
0.257	1.2847998403407538e7
0.258	1.2898312598332904e7
0.259	1.2948630688253356e7
0.26	1.2998952690154232e7
0.261	1.3049278621029913e7
0.262	1.3099608497883711e7
0.263	1.3149942337727793e7
0.264	1.3200280157583125e7
0.265	1.3250621974479305e7
0.266	1.3300967805454599e7
0.267	1.3351317667555705e7
0.268	1.3401671577837784e7
0.269	1.3452029553364309e7
0.27	1.3502391611207006e7
0.271	1.3552757768445717e7
0.272	1.3603128042168356e7
0.273	1.365350244947081e7
0.274	1.3703881007456807e7
0.275	1.3754263733237864e7
0.276	1.3804650643933173e7
0.277	1.3855041756669506e7
0.278	1.3905437088581214e7
0.279	1.3955836660337742e7
0.28	1.4006240492585246e7
0.281	1.4056648602470916e7
0.28200000000000003	1.410706100718065e7
0.28300000000000003	1.415747772389742e7
0.28400000000000003	1.4207898769809533e7
0.28500000000000003	1.4258324162110426e7
0.28600000000000003	1.4308753917998655e7
0.28700000000000003	1.4359188054677678e7
0.28800000000000003	1.4409626589355798e7
0.289	1.4460069539246036e7
0.29	1.4510516921565996e7
0.291	1.4560968753537748e7
0.292	1.4611425052387733e7
0.293	1.4661885835346598e7
0.294	1.4712351119649138e7
0.295	1.476282092253409e7
0.296	1.4813295261244062e7
0.297	1.4863774153025422e7
0.298	1.4914257615128143e7
0.299	1.4964745664805671e7
0.3	1.5015238319314828e7
0.301	1.5065735595915634e7
0.302	1.5116237511871263e7
0.303	1.5166744084447829e7
0.304	1.5217255330914296e7
0.305	1.5267771268542351e7
0.306	1.5318291914606236e7
0.307	1.5368817286382671e7
0.308	1.541934740115068e7
0.309	1.546988227619144e7
0.31	1.552042192878822e7
0.311	1.5570966376226168e7
0.312	1.562151563579223e7
0.313	1.5672069724774938e7
0.314	1.5722628660464356e7
0.315	1.5773192460151898e7
0.316	1.582376114113019e7
0.317	1.5874334720692953e7
0.318	1.5924913216134805e7
0.319	1.5975496644751174e7
0.32	1.6026085023838134e7
0.321	1.6076678370692225e7
0.322	1.6127276702610422e7
0.323	1.6177880036889834e7
0.324	1.6228488390827656e7
0.325	1.6279101781720998e7
0.326	1.6329720226866748e7
0.327	1.6380343743561383e7
0.328	1.643097234910084e7
0.329	1.6481606060780413e7
0.33	1.6532244889228432e7
0.331	1.6582888803728795e7
0.332	1.6633537812146079e7
0.333	1.6684191931871092e7
0.334	1.6734851180300146e7
0.335	1.678551557483484e7
0.336	1.6836185132881913e7
0.337	1.6886859871853027e7
0.338	1.693753980916457e7
0.339	1.6988224962237462e7
0.34	1.7038915348496992e7
0.341	1.7089610985372607e7
0.342	1.7140311890297696e7
0.343	1.7191018080709416e7
0.34400000000000003	1.724172957404846e7
0.34500000000000003	1.7292446387758963e7
0.34600000000000003	1.7343168539288145e7
0.34700000000000003	1.739389604608623e7
0.34800000000000003	1.744462892560622e7
0.34900000000000003	1.749536719530366e7
0.35000000000000003	1.754611087263645e7
0.35100000000000003	1.7596859975064717e7
0.352	1.7647614520050436e7
0.353	1.7698374525057413e7
0.354	1.7749140007550966e7
0.355	1.779991098499775e7
0.356	1.7850687474865556e7
0.357	1.79014694946231e7
0.358	1.7952257061739787e7
0.359	1.8003050193685535e7
0.36	1.8053848907930564e7
0.361	1.810465322194514e7
0.362	1.8155463153199416e7
0.363	1.8206278719163164e7
0.364	1.8257099937305644e7
0.365	1.8307926825095274e7
0.366	1.83587593999995e7
0.367	1.8409597679484554e7
0.368	1.8460441681015234e7
0.369	1.8511291422054663e7
0.37	1.8562146920064114e7
0.371	1.861300819250274e7
0.372	1.8663875256827403e7
0.373	1.8714748130492404e7
0.374	1.8765626830949295e7
0.375	1.8816511375646606e7
0.376	1.886740178202969e7
0.377	1.8918298067540433e7
0.378	1.896920024961707e7
0.379	1.902010834569393e7
0.38	1.9071022373201717e7
0.381	1.9121942349565253e7
0.382	1.9172868292206317e7
0.383	1.922380021854137e7
0.384	1.927473814598177e7
0.385	1.932568209193366e7
0.386	1.93766320737976e7
0.387	1.9427588108968444e7
0.388	1.9478550214835033e7
0.389	1.9529518408779994e7
0.39	1.958049270817947e7
0.391	1.963147313040293e7
0.392	1.9682459692812897e7
0.393	1.9733452412764665e7
0.394	1.978445130760619e7
0.395	1.983545639467769e7
0.396	1.988646769131152e7
0.397	1.9937485214831848e7
0.398	1.998850898255448e7
0.399	2.0039539011786584e7
0.4	2.0090575319826424e7
0.401	2.014161792396314e7
0.402	2.019266684147646e7
0.403	2.0243722089636553e7
0.404	2.029478368570366e7
0.405	2.0345851646927893e7
0.406	2.039692599054903e7
0.40700000000000003	2.0448006733796164e7
0.40800000000000003	2.049909389388753e7
0.40900000000000003	2.055018748803027e7
0.41000000000000003	2.060128753342007e7
0.41100000000000003	2.065239404724099e7
0.41200000000000003	2.0703507046665244e7
0.41300000000000003	2.0754626548852812e7
0.41400000000000003	2.080575257095132e7
0.41500000000000004	2.0856885130095705e7
0.41600000000000004	2.0908024243407987e7
0.417	2.0959169927996974e7
0.418	2.1010322200958066e7
0.419	2.1061481079372905e7
0.42	2.1112646580309223e7
0.421	2.116381872082048e7
0.422	2.1214997517945655e7
0.423	2.126618298870898e7
0.424	2.131737515011965e7
0.425	2.1368574019171573e7
0.426	2.1419779612843126e7
0.427	2.147099194809686e7
0.428	2.1522211041879218e7
0.429	2.1573436911120325e7
0.43	2.1624669572733674e7
0.431	2.1675909043423273e7
0.432	2.172715531792009e7
0.433	2.1778408397914972e7
0.434	2.182966830018893e7
0.435	2.1880935041516393e7
0.436	2.1932208638664685e7
0.437	2.1983489108393796e7
0.438	2.203477646745622e7
0.439	2.2086070732596714e7
0.44	2.213737192055219e7
0.441	2.2188680048051395e7
0.442	2.2239995131814867e7
0.443	2.2291317188554607e7
0.444	2.2342646234973956e7
0.445	2.2393982287767358e7
0.446	2.244532536362019e7
0.447	2.2496675479208566e7
0.448	2.2548032651199106e7
0.449	2.2599396896248795e7
0.45	2.2650768231004693e7
0.451	2.270214667210383e7
0.452	2.2753532236172955e7
0.453	2.2804924939828318e7
0.454	2.2856324799675517e7
0.455	2.290773183230928e7
0.456	2.2959146054313228e7
0.457	2.3010567482259706e7
0.458	2.3061996132709585e7
0.459	2.3113432022212017e7
0.46	2.316487516730428e7
0.461	2.3216325584511545e7
0.462	2.326778329034665e7
0.463	2.3319248301309943e7
0.464	2.337072063388903e7
0.465	2.342220030455861e7
0.466	2.347368732978022e7
0.467	2.3525181726002075e7
0.468	2.3576683509658817e7
0.46900000000000003	2.3628192697171327e7
0.47000000000000003	2.3679709304946505e7
0.47100000000000003	2.373123334937709e7
0.47200000000000003	2.3782764846841387e7
0.47300000000000003	2.3834303813703153e7
0.47400000000000003	2.3885850266311232e7
0.47500000000000003	2.3937404220999565e7
0.47600000000000003	2.3988965694086734e7
0.47700000000000004	2.4040534701875947e7
0.47800000000000004	2.4092111260654695e7
0.47900000000000004	2.4143695386694603e7
0.48	2.419528709625119e7
0.481	2.4246886405563686e7
0.482	2.429849333085478e7
0.483	2.435010788833041e7
0.484	2.440173009417956e7
0.485	2.445335996457407e7
0.486	2.4504997515668333e7
0.487	2.455664276359918e7
0.488	2.4608295724485595e7
0.489	2.4659956414428536e7
0.49	2.471162484951067e7
0.491	2.476330104579623e7
0.492	2.4814985019330688e7
0.493	2.4866676786140643e7
0.494	2.491837636223356e7
0.495	2.4970083763597514e7
0.496	2.5021799006201018e7
0.497	2.5073522105992787e7
0.498	2.51252530789015e7
0.499	2.517699194083563e7
0.5	2.522873870768315e7
0.503	2.538402659627429e7
0.506	2.5539386199042257e7
0.509	2.56948179415154e7
0.512	2.5850322247419856e7
0.515	2.600589953862512e7
0.518	2.616155023508923e7
0.521	2.6317274754803866e7
0.524	2.6473073513739258e7
0.527	2.6628946925789107e7
0.53	2.6784895402715098e7
0.533	2.694091935409171e7
0.536	2.7097019187250555e7
0.539	2.725319530722496e7
0.542	2.7409448116694365e7
0.545	2.7565778015928704e7
0.548	2.7722185402732782e7
0.551	2.7878670672390755e7
0.554	2.803523421761054e7
0.557	2.8191876428468343e7
0.56	2.8348597692353267e7
0.563	2.8505398393911954e7
0.5660000000000001	2.8662278914993566e7
0.569	2.8819239634283543e7
0.5720000000000001	2.8976280658120763e7
0.575	2.9133402123682275e7
0.578	2.9290604401301414e7
0.581	2.9447887761015315e7
0.584	2.9605252376578506e7
0.587	2.9762698610509742e7
0.59	2.9920226829187863e7
0.593	3.0077837397623394e7
0.596	3.023553067942318e7
0.599	3.0393307036755137e7
0.602	3.0551166830312986e7
0.605	3.0709110419281054e7
0.608	3.0867138161299143e7
0.611	3.102525041242743e7
0.614	3.1183447527111586e7
0.617	3.1341729858147718e7
0.62	3.1500097756647713e7
0.623	3.165855157200438e7
0.626	3.181709165185699e7
0.629	3.1975718342056632e7
0.632	3.213443198663197e7
0.635	3.2293232927754886e7
0.638	3.245212150570646e7
0.641	3.2611098058842957e7
0.644	3.2770162923562035e7
0.647	3.2929316434269093e7
0.65	3.30885589233438e7
0.653	3.32478907211068e7
0.656	3.3407312155786566e7
0.659	3.356682355348651e7
0.662	3.372642523815227e7
0.665	3.3886117531539194e7
0.668	3.404590075318007e7
0.671	3.420577522035308e7
0.674	3.436574124804992e7
0.677	3.452579914894437e7
0.6799999999999999	3.468594923336084e7
0.683	3.484619180924342e7
0.6859999999999999	3.500652718212507e7
0.6890000000000001	3.516695565509718e7
0.692	3.532747752877926e7
0.6950000000000001	3.5488093101289205e7
0.698	3.56488026682136e7
0.7010000000000001	3.580960635311509e7
0.704	3.597050420258073e7
0.7070000000000001	3.6131496503380544e7
0.71	3.629258354300906e7
0.713	3.645376560773874e7
0.716	3.6615042982604444e7
0.719	3.677641595138798e7
0.722	3.693788479660272e7
0.725	3.709944979947838e7
0.728	3.72611112399459e7
0.731	3.7422869396622285e7
0.734	3.758472454679589e7
0.737	3.7746676966411345e7
0.74	3.790872693005508e7
0.743	3.8070874710940555e7
0.746	3.82331205808939e7
0.749	3.8395464810339466e7
0.752	3.855790766828561e7
0.755	3.872044942231053e7
0.758	3.888309033854832e7
0.761	3.904583068167494e7
0.764	3.920867071489462e7
0.767	3.9371610699926026e7
0.77	3.953465089698886e7
0.773	3.969779156479039e7
0.776	3.98610329605122e7
0.779	4.0024375339797005e7
0.782	4.018781895673571e7
0.785	4.03513640638544e7
0.788	4.051501091210177e7
0.7909999999999999	4.0678759750836216e7
0.794	4.084261082781368e7
0.7969999999999999	4.1006564389175e7
0.8	4.117062067943392e7
0.8029999999999999	4.1334779941464856e7
0.806	4.149904241649109e7
0.8089999999999999	4.166340834407283e7
0.812	4.182787796209576e7
0.815	4.199245150675929e7
0.8180000000000001	4.215712921256543e7
0.821	4.232191131230741e7
0.8240000000000001	4.248679801974125e7
0.827	4.265178937954764e7
0.8300000000000001	4.28168855698921e7
0.833	4.298208681789874e7
0.8360000000000001	4.31473933498464e7
0.839	4.3312805391162984e7
0.8420000000000001	4.347832316642034e7
0.845	4.3643946899328776e7
0.8480000000000001	4.3809676812731974e7
0.851	4.397551312860167e7
0.854	4.41414560680326e7
0.857	4.430750585123742e7
0.86	4.447366269754166e7
0.863	4.463992682537882e7
0.866	4.4806298452285364e7
0.869	4.497277778511074e7
0.872	4.513936465666062e7
0.875	4.5306059087033436e7
0.878	4.547286129399507e7
0.881	4.563977149468548e7
0.884	4.580678990560803e7
0.887	4.597391674261912e7
0.89	4.614115222091779e7
0.893	4.630849655503555e7
0.896	4.647594995882619e7
0.899	4.664351264545592e7
0.902	4.6811184827393346e7
0.905	4.697896671639997e7
0.908	4.714685852352038e7
0.911	4.7314860459072776e7
0.914	4.748297273264e7
0.917	4.765119555305947e7
0.9199999999999999	4.781952912841475e7
0.923	4.798797366602637e7
0.9259999999999999	4.815652937244276e7
0.929	4.832519645343173e7
0.9319999999999999	4.849397511397158e7
0.935	4.866286555824271e7
0.938	4.8831867989619136e7
0.9410000000000001	4.900098261066023e7
0.944	4.917020962310261e7
0.9470000000000001	4.933954918854416e7
0.95	4.950900142331545e7
0.9530000000000001	4.9678566524318874e7
0.956	4.9848244690843105e7
0.9590000000000001	5.00180361217884e7
0.962	5.018794101566067e7
0.9650000000000001	5.03579595705662e7
0.968	5.052809198420585e7
0.9710000000000001	5.069833845386994e7
0.974	5.08686991764327e7
0.9770000000000001	5.1039174348347284e7
0.98	5.1209764165640466e7
0.983	5.138046882390768e7
0.986	5.155128851830794e7
0.989	5.172222344355917e7
0.992	5.1893273793933116e7
0.995	5.206443976325088e7
0.998	5.223572154487812e7
1.001	5.240711933172051e7
1.004	5.257863331621935e7
1.0070000000000001	5.275026369034698e7
1.01	5.292201064560262e7
1.013	5.309387437300802e7
1.016	5.3265855063103266e7
1.0190000000000001	5.343795290594275e7
1.022	5.361016809109101e7
1.025	5.378250080761888e7
1.028	5.395495124409953e7
1.0310000000000001	5.412751958860462e7
1.034	5.430020602870062e7
1.037	5.447301075144506e7
1.04	5.4645933943382934e7
1.0430000000000001	5.481897579054312e7
1.046	5.499213647843485e7
1.049	5.516541619204448e7
1.052	5.5338815115831874e7
1.0550000000000002	5.551233343372728e7
1.058	5.568597132912791e7
1.061	5.585972898489506e7
1.064	5.603360658335077e7
1.0670000000000002	5.620760428591234e7
1.07	5.638172224095966e7
1.073	5.6555960628956884e7
1.076	5.673031963047264e7
1.079	5.690479942572894e7
1.0819999999999999	5.707940019459925e7
1.085	5.7254122116606444e7
1.088	5.742896537092083e7
1.091	5.7603930136358164e7
1.0939999999999999	5.77790165913779e7
1.097	5.7954224914081335e7
1.1	5.812955528220979e7
1.103	5.830500787314292e7
1.1059999999999999	5.8480582863897055e7
1.109	5.8656280431123644e7
1.112	5.88321007511074e7
1.115	5.9008043999765106e7
1.1179999999999999	5.9184110352643885e7
1.121	5.936029998491987e7
1.124	5.953661307139668e7
1.127	5.971304978650415e7
1.13	5.988961030429691e7
1.133	6.006629479845327e7
1.1360000000000001	6.0243103442273706e7
1.139	6.042003640867985e7
1.142	6.059709387021326e7
1.145	6.077427599903426e7
1.1480000000000001	6.095158296692087e7
1.151	6.112901494526773e7
1.154	6.130657210508502e7
1.157	6.148425461699762e7
1.1600000000000001	6.166206265124397e7
1.163	6.183999637767522e7
1.166	6.2018055965754345e7
1.169	6.219624158455532e7
1.1720000000000002	6.237455340276218e7
1.175	6.255299158866834e7
1.178	6.273155631017574e7
1.181	6.2910247734794155e7
1.1840000000000002	6.308906602735601e7
1.187	6.326801134049067e7
1.19	6.344708383816613e7
1.193	6.362628368644593e7
1.1960000000000002	6.3805611051072344e7
1.199	6.398506609746627e7
1.202	6.4164648990726806e7
1.205	6.434435989563104e7
1.208	6.452419897663363e7
1.2109999999999999	6.470416639786679e7
1.214	6.488426232314003e7
1.217	6.506448691593981e7
1.22	6.52448403394295e7
1.2229999999999999	6.542532263692677e7
1.226	6.560593331627907e7
1.229	6.578667244497756e7
1.232	6.596754019062872e7
1.2349999999999999	6.614853672078399e7
1.238	6.632966220293379e7
1.241	6.651091680450158e7
1.244	6.6692300692838155e7
1.2469999999999999	6.6873814035216026e7
1.25	6.705545699882368e7
1.2530000000000001	6.723722975076021e7
1.256	6.741913245802984e7
1.259	6.760116528753673e7
1.262	6.778332840607965e7
1.2650000000000001	6.796562198034696e7
1.268	6.814804617691149e7
1.271	6.833060116222571e7
1.274	6.85132871026168e7
1.2770000000000001	6.869610416428198e7
1.28	6.887905251328368e7
1.283	6.906213231554522e7
1.286	6.924534373684612e7
1.2890000000000001	6.942868694281769e7
1.292	6.961216209893876e7
1.295	6.979576937053153e7
1.298	6.997950892275722e7
1.3010000000000002	7.016338091984832e7
1.304	7.034738552358937e7
1.307	7.053152289833343e7
1.31	7.071579320858951e7
1.3130000000000002	7.090019661870281e7
1.316	7.108473329285115e7
1.319	7.126940339504138e7
1.322	7.145420708910611e7
1.3250000000000002	7.163914453869997e7
1.328	7.182421590729654e7
1.331	7.200942135818492e7
1.334	7.21947610544668e7
1.337	7.238023515905304e7
1.3399999999999999	7.256584383466086e7
1.343	7.27515872438107e7
1.346	7.293746554882352e7
1.349	7.312347891181768e7
1.3519999999999999	7.330962749470647e7
1.355	7.349591145919518e7
1.358	7.368233096677853e7
1.361	7.386888617873819e7
1.3639999999999999	7.405557725614013e7
1.367	7.42424043598322e7
1.37	7.442936765044175e7
1.373	7.461646728837332e7
1.376	7.480370343380637e7
1.379	7.499107624669306e7
1.3820000000000001	7.517858588675602e7
1.385	7.536623251348634e7
1.388	7.555401628614151e7
1.391	7.574193736374344e7
1.3940000000000001	7.592999590507643e7
1.397	7.611819206868541e7
1.4	7.63065260128741e7
1.403	7.649499789570315e7
1.4060000000000001	7.668360787498847e7
1.409	7.687235610829952e7
1.412	7.706124275295779e7
1.415	7.725026796605302e7
1.4180000000000001	7.743943190503466e7
1.421	7.762873472678062e7
1.424	7.781817658759898e7
1.427	7.80077576435384e7
1.4300000000000002	7.819747805038677e7
1.433	7.838733796366979e7
1.436	7.857733753864984e7
1.439	7.876747693032466e7
1.4420000000000002	7.895775629342616e7
1.445	7.914817578241923e7
1.448	7.933873555150087e7
1.451	7.952943575459878e7
1.4540000000000002	7.972027654537053e7
1.457	7.991125807720262e7
1.46	8.010238050320937e7
1.463	8.029364397623207e7
1.466	8.048504864883818e7
1.4689999999999999	8.067659467332026e7
1.472	8.08682822016956e7
1.475	8.106011138570486e7
1.478	8.125208237681171e7
1.4809999999999999	8.144419532620218e7
1.484	8.163645038478372e7
1.487	8.182884770318463e7
1.49	8.20213874317536e7
1.4929999999999999	8.221406972055902e7
1.496	8.24068947193884e7
1.499	8.259986257774784e7
1.502	8.279297344486153e7
1.5050000000000001	8.298622746967155e7
1.508	8.317962480083695e7
1.5110000000000001	8.337316558673379e7
1.514	8.356684997545443e7
1.5170000000000001	8.376067811480741e7
1.52	8.395465015231691e7
1.5230000000000001	8.414876623522262e7
1.526	8.43430265104794e7
1.529	8.453743112480865e7
1.532	8.4731980225933e7
1.535	8.49266739605352e7
1.538	8.512151247441573e7
1.541	8.531649591308068e7
1.544	8.551162442174181e7
1.547	8.570689814531608e7
1.55	8.590231722842586e7
1.553	8.609788181539854e7
1.556	8.629359205026677e7
1.559	8.6489448076768e7
1.562	8.668545003834462e7
1.565	8.68815980781441e7
1.568	8.707789233901867e7
1.571	8.727433296352549e7
1.574	8.747092009392667e7
1.577	8.766765387218925e7
1.58	8.786453443998541e7
1.583	8.806156193869221e7
1.586	8.825873650939214e7
1.589	8.845605829287277e7
1.592	8.865352742962728e7
1.595	8.88511440598542e7
1.598	8.904890832345785e7
1.601	8.92468203600484e7
1.604	8.944488030894211e7
1.607	8.964308830916129e7
1.61	8.984144449943486e7
1.613	9.003994901819828e7
1.616	9.023860200359397e7
1.619	9.043740359347129e7
1.622	9.063635392538714e7
1.625	9.083545313660598e7
1.6280000000000001	9.10347013641002e7
1.631	9.123409874455032e7
1.6340000000000001	9.143364541434538e7
1.637	9.163334150958322e7
1.6400000000000001	9.183318716607088e7
1.643	9.203318251969127e7
1.6460000000000001	9.223332770675297e7
1.649	9.243362286225697e7
1.6520000000000001	9.263406812083699e7
1.655	9.283466361683083e7
1.658	9.303540948428115e7
1.661	9.32363058569354e7
1.664	9.343735286824642e7
1.667	9.363855065137276e7
1.67	9.383989933917901e7
1.673	9.404139906423643e7
1.676	9.424304995882286e7
1.679	9.444485162309496e7
1.682	9.464680340084036e7
1.685	9.484890542408249e7
1.688	9.505115783232981e7
1.691	9.525356076501444e7
1.694	9.545611436148733e7
1.697	9.565881876101375e7
1.7	9.58616741027686e7
1.703	9.606468052583198e7
1.706	9.626783816918471e7
1.709	9.647114717170423e7
1.712	9.667460767215995e7
1.715	9.687821980920945e7
1.718	9.708198372139414e7
1.721	9.728589954713528e7
1.724	9.748996742473009e7
1.727	9.76941874923477e7
1.73	9.789855988802549e7
1.733	9.810308474966526e7
1.736	9.830776221502954e7
1.739	9.8512592421738e7
1.742	9.871757550726394e7
1.745	9.89227116089308e7
1.748	9.912800086390863e7
1.7510000000000001	9.933344340921098e7
1.754	9.953903938180332e7
1.7570000000000001	9.974478891889371e7
1.76	9.995069215706864e7
1.7630000000000001	1.0015674923267715e8
1.766	1.0036296028189296e8
1.7690000000000001	1.0056932544071133e8
1.772	1.0077584484494618e8
1.7750000000000001	1.0098251863022725e8
1.778	1.0118934693199724e8
1.781	1.0139632988550937e8
1.784	1.0160346762582438e8
1.787	1.0181076028780793e8
1.79	1.0201820800612839e8
1.793	1.0222581091525388e8
1.796	1.0243356914945012e8
1.799	1.0264148284277807e8
1.802	1.0284955212909131e8
1.805	1.0305777714203405e8
1.808	1.0326615801503873e8
1.811	1.0347469488132383e8
1.814	1.0368338787389192e8
1.817	1.038922371255274e8
1.82	1.0410124276879443e8
1.823	1.0431040493603517e8
1.826	1.0451972375936766e8
1.829	1.0472919937068397e8
1.832	1.0493883190164842e8
1.835	1.0514862148369567e8
1.838	1.053585682480291e8
1.841	1.0556867232561901e8
1.844	1.0577893384720099e8
1.847	1.0598935294327433e8
1.85	1.0619992974410036e8
1.853	1.0641066437970103e8
1.856	1.066215569798573e8
1.859	1.0683260767410769e8
1.862	1.0704381659174708e8
1.865	1.0725518386179867e8
1.868	1.0746670961301574e8
1.871	1.076783939739527e8
1.874	1.0789023707291652e8
1.877	1.0810223903796414e8
1.8800000000000001	1.0831439999690135e8
1.883	1.0852672007728171e8
1.8860000000000001	1.0873919940640534e8
1.889	1.0895183811131781e8
1.8920000000000001	1.091646363188092e8
1.895	1.0937759415541293e8
1.8980000000000001	1.09590711747405e8
1.901	1.098039892208028e8
1.9040000000000001	1.1001742670136432e8
1.907	1.1023102431458719e8
1.91	1.1044478218570797e8
1.913	1.1065870043970105e8
1.916	1.1087277920127806e8
1.919	1.1108701859488715e8
1.922	1.1130141874471197e8
1.925	1.1151597977467117e8
1.928	1.1173070180841766e8
1.931	1.1194558496933797e8
1.934	1.1216062938055152e8
1.937	1.1237583516491005e8
1.94	1.1259120244499709e8
1.943	1.128067313431274e8
1.946	1.1302242198134626e8
1.949	1.1323827448142919e8
1.952	1.1345428896488121e8
1.955	1.1367046555293667e8
1.958	1.138868043665585e8
1.961	1.1410330552643801e8
1.964	1.1431996915299428e8
1.967	1.14536795366374e8
1.97	1.1475378428645098e8
1.973	1.149709360327611e8
1.976	1.1518825072413234e8
1.979	1.1540572847951537e8
1.982	1.1562336941769463e8
1.985	1.1584117365718341e8
1.988	1.1605914131622337e8
1.991	1.162772725127845e8
1.994	1.1649556736456472e8
1.997	1.1671402598898982e8
2.	1.1693264850321327e8
2.003	1.1715143502411605e8
2.0060000000000002	1.1737038566830651e8
2.0090000000000003	1.1758950055212028e8
2.012	1.1780877979162e8
2.015	1.180282235025956e8
2.018	1.1824783180056368e8
2.021	1.1846760480076799e8
2.024	1.1868754261817905e8
2.027	1.1890764536749415e8
2.0300000000000002	1.1912791316313739e8
2.0330000000000004	1.1934834611925972e8
2.036	1.1956894434973875e8
2.0389999999999997	1.1978970796817899e8
2.042	1.2001063708791181e8
2.045	1.2023173182199527e8
2.048	1.2045299228321451e8
2.051	1.2067441858408158e8
2.0540000000000003	1.2089601083683555e8
2.057	1.2111776915344264e8
2.06	1.2133969364559637e8
2.0629999999999997	1.2156178442471743e8
2.066	1.217840416019541e8
2.069	1.2200646528818214e8
2.072	1.2222905559400505e8
2.075	1.2245181262975417e8
2.0780000000000003	1.2267473650548874e8
2.081	1.2289782733091544e8
2.084	1.2312108521476027e8
2.0869999999999997	1.2334451026607081e8
2.09	1.235681025938288e8
2.093	1.237918623067497e8
2.096	1.2401578951328324e8
2.099	1.2423988432161337e8
2.1020000000000003	1.2446414683965865e8
2.105	1.2468857717507237e8
2.108	1.2491317543524304e8
2.1109999999999998	1.2513794172729418e8
2.114	1.253628761580851e8
2.117	1.2558797883421072e8
2.12	1.2581324986200215e8
2.123	1.2603868934752682e8
2.1260000000000003	1.262642973965887e8
2.129	1.2649007411472875e8
2.132	1.2671601960722512e8
2.135	1.2694213397909339e8
2.138	1.2716841733508706e8
2.141	1.2739486977969752e8
2.144	1.2762149141715474e8
2.1470000000000002	1.2784828235142735e8
2.1500000000000004	1.2807524268622302e8
2.153	1.2830237252498874e8
2.156	1.2852967197091132e8
2.159	1.2875714112691751e8
2.162	1.2898478009567435e8
2.165	1.2921258897958973e8
2.168	1.2944056788081244e8
2.1710000000000003	1.296687169012328e8
2.174	1.2989703614248271e8
2.177	1.3012552570593636e8
2.1799999999999997	1.3035418569271016e8
2.183	1.305830162036636e8
2.186	1.3081201733939907e8
2.189	1.3104118919998766e8
2.192	1.3127053188456196e8
2.1950000000000003	1.3150004549288018e8
2.198	1.3172973012453382e8
2.201	1.3195958587886551e8
2.2039999999999997	1.3218961285496964e8
2.207	1.3241981115169273e8
2.21	1.3265018086763369e8
2.213	1.3288072210114428e8
2.216	1.3311143495032966e8
2.2190000000000003	1.3334231951304853e8
2.222	1.3357337588691375e8
2.225	1.3380460416929258e8
2.2279999999999998	1.3403600445730728e8
2.231	1.342675768478354e8
2.234	1.3449932143750998e8
2.237	1.3473123832272047e8
2.24	1.3496332759961253e8
2.2430000000000003	1.3519558936408907e8
2.246	1.3542802371181008e8
2.249	1.3566063073819354e8
2.252	1.3589341053841528e8
2.255	1.3612636320741016e8
2.258	1.363594888398717e8
2.261	1.3659278753025293e8
2.2640000000000002	1.3682625937276676e8
2.2670000000000003	1.3705990446138626e8
2.27	1.3729372288984534e8
2.273	1.375277147516388e8
2.276	1.3776188014002305e8
2.279	1.3799621914801657e8
2.282	1.382307318683998e8
2.285	1.3846541839371637e8
2.2880000000000003	1.3870027881627283e8
2.2910000000000004	1.3893531322813934e8
2.294	1.39170521721124e8
2.2969999999999997	1.3940590438588274e8
2.3	1.396414613133114e8
2.303	1.3987719259454963e8
2.306	1.4011309832050973e8
2.309	1.4034917858187696e8
2.3120000000000003	1.405854330682224e8
2.315	1.4082186020660436e8
2.318	1.410584599163821e8
2.3209999999999997	1.4129523230054158e8
2.324	1.4153217746199653e8
2.327	1.4176929550358385e8
2.33	1.4200658652806008e8
2.333	1.4224405063809764e8
2.3360000000000003	1.424816879362809e8
2.339	1.4271949852510288e8
2.342	1.429574825069614e8
2.3449999999999998	1.4319563998415563e8
2.348	1.434339710588828e8
2.351	1.4367247583323452e8
2.354	1.4391115440919343e8
2.357	1.4415000688863024e8
2.3600000000000003	1.4438903337330028e8
2.363	1.4462823396484023e8
2.366	1.4486760876476535e8
2.3689999999999998	1.4510715787446594e8
2.372	1.453468813952049e8
2.375	1.455867794281143e8
2.378	1.4582685207419273e8
2.3810000000000002	1.4606709943430245e8
2.3840000000000003	1.4630752160916662e8
2.387	1.465481186993664e8
2.39	1.4678889080533862e8
2.393	1.4702983802737278e8
2.396	1.4727096046560878e8
2.399	1.4751225822003424e8
2.402	1.477537313897418e8
2.4050000000000002	1.47995380073669e8
2.4080000000000004	1.48237204371342e8
2.411	1.4847920438213253e8
2.414	1.4872138020525545e8
2.417	1.4896373193976653e8
2.42	1.4920625968456054e8
2.423	1.494489635383688e8
2.426	1.496918435997572e8
2.4290000000000003	1.4993489996712437e8
2.432	1.5017813273869935e8
2.435	1.5042154201254025e8
2.4379999999999997	1.506651278865314e8
2.441	1.5090889045838264e8
2.444	1.5115282982562652e8
2.447	1.5139694608561715e8
2.45	1.5164123933552817e8
2.4530000000000003	1.5188570967235127e8
2.456	1.5213035719289425e8
2.459	1.5237518199378e8
2.4619999999999997	1.5262018417144394e8
2.465	1.5286536382213372e8
2.468	1.5311072104190663e8
2.471	1.5335625592662895e8
2.474	1.5360196857197386e8
2.4770000000000003	1.5384785907342064e8
2.48	1.54093927526253e8
2.483	1.543401740255579e8
2.4859999999999998	1.5458659866622415e8
2.489	1.5483320154294133e8
2.492	1.5507998275019833e8
2.495	1.5532694238228253e8
2.498	1.5557408053327826e8
2.501	1.558213972970661e8
2.504	1.5606889276731935e8
2.507	1.5631656703670147e8
2.5100000000000002	1.5656442019782066e8
2.513	1.568124523437415e8
2.516	1.570606635673268e8
2.519	1.5730905396123663e8
2.5220000000000002	1.575576236179275e8
2.525	1.578063726296513e8
2.528	1.5805530108845478e8
2.531	1.5830440908617866e8
2.5340000000000003	1.5855369671445653e8
2.537	1.588031640647144e8
2.54	1.5905281122817007e8
2.543	1.5930263829583216e8
2.5460000000000003	1.595526453584994e8
2.549	1.5980283250676018e8
2.552	1.60053199830992e8
2.555	1.603037474213604e8
2.558	1.605544753678188e8
2.561	1.6080538376010782e8
2.564	1.6105647268775463e8
2.567	1.613077422400726e8
2.57	1.615591925061606e8
2.573	1.6181082357490277e8
2.576	1.6206263553496775e8
2.579	1.623146284748085e8
2.582	1.6256680248266175e8
2.585	1.6281915764654768e8
2.588	1.6307169405426937e8
2.591	1.633244117934128e8
2.594	1.6357731095134586e8
2.597	1.6383039161521885e8
2.6	1.6408365387196344e8
2.603	1.6433709780829287e8
2.606	1.645907235107013e8
2.609	1.6484453106538603e8
2.612	1.6509852055738348e8
2.615	1.653526920722194e8
2.618	1.6560704569552222e8
2.621	1.658615815127075e8
2.624	1.661162996089775e8
2.6270000000000002	1.6637120006932142e8
2.63	1.6662628297851482e8
2.633	1.668815484211199e8
2.636	1.6713699648148516e8
2.6390000000000002	1.6739262724374524e8
2.642	1.6764844079182094e8
2.645	1.6790443720941925e8
2.648	1.6816061658003312e8
2.6510000000000002	1.6841697898694134e8
2.654	1.6867352451320866e8
2.657	1.6893025324168587e8
2.66	1.6918716525500935e8
2.6630000000000003	1.6944426063560143e8
2.666	1.6970153946567038e8
2.669	1.6995900182721037e8
2.672	1.7021664780200124e8
2.6750000000000003	1.7047447747160906e8
2.678	1.7073249091738558e8
2.681	1.7099068822046882e8
2.684	1.7124906946178266e8
2.687	1.7150763472203737e8
2.69	1.7176638408172938e8
2.693	1.720253176211415e8
2.696	1.722844354203427e8
2.699	1.7254373755918887e8
2.702	1.7280322411732244e8
2.705	1.730628951741725e8
2.708	1.7332275080895516e8
2.711	1.7358279110067353e8
2.714	1.7384301612766844e8
2.717	1.741034259676522e8
2.72	1.7436402069897658e8
2.723	1.7462480039980936e8
2.726	1.7488576514811325e8
2.729	1.7514691502164575e8
2.732	1.7540825009795943e8
2.735	1.7566977045440197e8
2.738	1.7593147616811678e8
2.741	1.7619336731604254e8
2.744	1.764554439749143e8
2.747	1.767177062212628e8
2.75	1.7698015413141552e8
2.753	1.7724278778149632e8
2.7560000000000002	1.775056072474258e8
2.759	1.7776861260492176e8
2.762	1.7803180392949936e8
2.765	1.7829518129647118e8
2.7680000000000002	1.7855874478094786e8
2.771	1.7882249445783782e8
2.774	1.7908643040184823e8
2.777	1.7935055268748468e8
2.7800000000000002	1.7961486138905165e8
2.783	1.798793565806528e8
2.786	1.8014403833619153e8
2.789	1.8040890672937062e8
2.7920000000000003	1.806739618336931e8
2.795	1.8093920372246236e8
2.798	1.812046324687824e8
2.801	1.8147024814555815e8
2.8040000000000003	1.8173605082549578e8
2.807	1.8200204058110297e8
2.81	1.822682174846893e8
2.813	1.825345816083666e8
2.816	1.828011330238922e8
2.819	1.8306787180204445e8
2.822	1.8333479801419252e8
2.825	1.836019117316723e8
2.828	1.838692130256298e8
2.831	1.8413670196702152e8
2.834	1.8440437862661502e8
2.837	1.8467224307498872e8
2.84	1.8494029538253286e8
2.843	1.8520853561944947e8
2.846	1.8547696385575294e8
2.849	1.8574558016126993e8
2.852	1.8601438460564023e8
2.855	1.8628337725831696e8
2.858	1.865525581885667e8
2.861	1.8682192746546996e8
2.864	1.870914851579216e8
2.867	1.8736123133463132e8
2.87	1.876311660641237e8
2.873	1.879012894147386e8
2.876	1.8817160145463172e8
2.879	1.8844210225177497e8
2.882	1.887127918739564e8
2.8850000000000002	1.8898367038878104e8
2.888	1.8925473786367095e8
2.891	1.8952599436586595e8
2.894	1.897974399624236e8
2.8970000000000002	1.9006907472021955e8
2.9	1.9034089870594826e8
2.903	1.90612911986123e8
2.906	1.9088511462707654e8
2.9090000000000003	1.91157506694961e8
2.912	1.914300882557488e8
2.915	1.917028593752328e8
2.918	1.9197582011895144e8
2.9210000000000003	1.9224897055149084e8
2.924	1.925223107378732e8
2.927	1.9279584074318722e8
2.93	1.9306956063234994e8
2.933	1.9334347047010663e8
2.936	1.9361757032103214e8
2.939	1.9389186024953014e8
2.942	1.9416634031983432e8
2.945	1.944410105960083e8
2.948	1.9471587114194643e8
2.951	1.9499092202137372e8
2.954	1.9526616329784644e8
2.957	1.9554159503475207e8
2.96	1.9581721729531074e8
2.963	1.960930301425743e8
2.966	1.9636903363942763e8
2.969	1.9664522784858835e8
2.972	1.969216128326077e8
2.975	1.971981886538708e8
2.978	1.9747495537459657e8
2.981	1.977519130568387e8
2.984	1.980290617624856e8
2.987	1.9830640155326107e8
2.99	1.9858393249072438e8
2.993	1.9886165463627073e8
2.996	1.9913956805113178e8
2.999	1.9941767279637578e8
3.0020000000000002	1.9969596893290806e8
3.005	1.999744565214711e8
3.008	2.002531356226456e8
3.011	2.0053200629684985e8
3.0140000000000002	2.0081106860434103e8
3.017	2.010903226052148e8
3.02	2.0136976835932744e8
3.023	2.0164940592566398e8
3.0260000000000002	2.019292353636403e8
3.029	2.0220925673272082e8
3.032	2.024894700922167e8
3.035	2.0276987550128546e8
3.0380000000000003	2.0305047301893145e8
3.041	2.033312627040063e8
3.044	2.036122446152094e8
3.047	2.0389341881108806e8
3.0500000000000003	2.0417478535003784e8
3.053	2.0445634429030284e8
3.056	2.0473809568997654e8
3.059	2.0502003960700148e8
3.062	2.0530217609917003e8
3.065	2.055845052241246e8
3.068	2.05867027039358e8
3.071	2.0614974160221392e8
3.074	2.0643264896988684e8
3.077	2.067157491994229e8
3.08	2.0699904234771997e8
3.083	2.0728252847152805e8
3.086	2.0756620762744933e8
3.089	2.0785007987193918e8
3.092	2.0813414526130593e8
3.095	2.0841840385171118e8
3.098	2.087028556991705e8
3.101	2.0898750085955346e8
3.104	2.092723393885842e8
3.107	2.0955737134184152e8
3.11	2.0984259677475932e8
3.113	2.10128015742627e8
3.116	2.1041362830058962e8
3.119	2.1069943450364828e8
3.122	2.1098543440650508e8
3.125	2.1127162806314072e8
3.128	2.1155801552803746e8
3.1310000000000002	2.1184459685563406e8
3.134	2.121313721002323e8
3.137	2.1241834131599742e8
3.14	2.127055045569579e8
3.1430000000000002	2.1299286187700593e8
3.146	2.1328041332989818e8
3.149	2.135681589692554e8
3.152	2.1385609884856343e8
3.1550000000000002	2.1414423302117303e8
3.158	2.144325615403003e8
3.161	2.1472108445902744e8
3.164	2.150098018303021e8
3.1670000000000003	2.152987137069386e8
3.17	2.1558782014161786e8
3.173	2.1587712118688774e8
3.176	2.1616661689516315e8
3.1790000000000003	2.164563073187268e8
3.182	2.1674619251133776e8
3.185	2.1703627252172554e8
3.188	2.173265474034599e8
3.191	2.176170172082966e8
3.194	2.179076819878604e8
3.197	2.1819854179364526e8
3.2	2.184895966770151e8
3.203	2.1878084668920317e8
3.206	2.1907229188131365e8
3.209	2.1936393230432072e8
3.212	2.1965576800906935e8
3.215	2.199477990462758e8
3.218	2.2024002546652752e8
3.221	2.2053244732028353e8
3.224	2.208250646575239e8
3.227	2.2111787752791005e8
3.23	2.2141088598151794e8
3.233	2.2170409006830698e8
3.236	2.219974898381146e8
3.239	2.2229108534065616e8
3.242	2.225848766255256e8
3.245	2.228788637421954e8
3.248	2.2317304674001697e8
3.251	2.2346742566822088e8
3.254	2.2376200057591748e8
3.257	2.2405677151209646e8
3.2600000000000002	2.2435173852562794e8
3.263	2.24646901665262e8
3.266	2.2494226097962943e8
3.269	2.2523781651724193e8
3.2720000000000002	2.2553356832649216e8
3.275	2.258295164556542e8
3.278	2.2612566095288378e8
3.281	2.2642200186621854e8
3.2840000000000003	2.267185392435781e8
3.287	2.270152731327647e8
3.29	2.2731220358146313e8
3.293	2.276093306372411e8
3.2960000000000003	2.279066543475495e8
3.299	2.2820417475972256e8
3.302	2.285018919209785e8
3.305	2.287998062287813e8
3.3080000000000003	2.2909791846212375e8
3.311	2.2939622837858343e8
3.314	2.2969473634416473e8
3.317	2.2999344225917155e8
3.32	2.3029234614705288e8
3.323	2.30591448031287e8
3.326	2.3089074793487963e8
3.329	2.3119024588132882e8
3.332	2.3148994189439374e8
3.335	2.3178983599791327e8
3.338	2.320899282158062e8
3.341	2.3239021857207072e8
3.344	2.3269070709078455e8
3.347	2.3299139379610497e8
3.35	2.332922787122684e8
3.353	2.335933618635904e8
3.356	2.338946432744653e8
3.359	2.341961229693666e8
3.362	2.3449780097284603e8
3.365	2.3479967730953428e8
3.368	2.3510175200413984e8
3.371	2.3540402508144954e8
3.374	2.3570649656632808e8
3.3770000000000002	2.3600916648371774e8
3.38	2.3631203485863832e8
3.383	2.366151017161867e8
3.386	2.3691836708153683e8
3.3890000000000002	2.3722183097993952e8
3.392	2.3752549343672156e8
3.395	2.3782935447728655e8
3.398	2.3813341412711343e8
3.4010000000000002	2.3843767241175717e8
3.404	2.3874212935684788e8
3.407	2.390467849880906e8
3.41	2.393516393312653e8
3.4130000000000003	2.3965669241222614e8
3.416	2.3996194425690132e8
3.419	2.4026739489129302e8
3.422	2.4057304434147647e8
3.4250000000000003	2.408788926332873e8
3.428	2.4118493979251352e8
3.431	2.41491185845451e8
3.434	2.4179763081847435e8
3.4370000000000003	2.421042747380338e8
3.44	2.4241111763065463e8
3.443	2.4271815952293715e8
3.446	2.4302540044155568e8
3.449	2.4333284041325852e8
3.452	2.4364047946486768e8
3.455	2.43948317623278e8
3.458	2.44256354915457e8
3.461	2.4456459136844435e8
3.464	2.448730270093517e8
3.467	2.451816618653615e8
3.47	2.4549049596372733e8
3.473	2.4579952933177269e8
3.476	2.461087619968914e8
3.479	2.4641819398654613e8
3.482	2.467278253282687e8
3.485	2.4703765604965898e8
3.488	2.4734768617838484e8
3.491	2.476579157421813e8
3.494	2.479683447688502e8
3.497	2.4827897328625962e8
3.5	2.485898013223431e8
3.503	2.489008289050997e8
3.5060000000000002	2.492120560625927e8
3.509	2.4952348282294944e8
3.512	2.4983510921436092e8
3.515	2.501469352650809e8
3.5180000000000002	2.5045896100342554e8
3.521	2.507711864577725e8
3.524	2.5108361165643567e8
3.527	2.5139623662741008e8
3.5300000000000002	2.5170906139920565e8
3.533	2.5202208600044873e8
3.536	2.5233531045982835e8
3.539	2.52648734806095e8
3.5420000000000003	2.529623590680608e8
3.545	2.5327618327459815e8
3.548	2.535902074546397e8
3.551	2.5390443163717723e8
3.5540000000000003	2.5421885585126147e8
3.557	2.54533480126001e8
3.56	2.5484830449056202e8
3.563	2.551633289741677e8
3.5660000000000003	2.554785536060968e8
3.569	2.5579397841568422e8
3.572	2.561096034323192e8
3.575	2.5642542868544537e8
3.578	2.567414542045599e8
3.581	2.5705768001921275e8
3.584	2.5737410615900606e8
3.587	2.576907326535934e8
3.59	2.5800755953267917e8
3.593	2.5832458682601812e8
3.596	2.58641814563414e8
3.599	2.5895924277471974e8
3.602	2.5927687148983613e8
3.605	2.5959470073871133e8
3.608	2.5991273055134034e8
3.611	2.6023096095776394e8
3.614	2.6054939198806828e8
3.617	2.608680236723842e8
3.62	2.6118685604088613e8
3.623	2.615058891237411e8
3.626	2.6182512295074823e8
3.629	2.6214455755210185e8
3.632	2.6246419295815125e8
3.6350000000000002	2.627840291992895e8
3.638	2.6310406630595246e8
3.641	2.634243043086187e8
3.644	2.6374474323780817e8
3.6470000000000002	2.6406538312408143e8
3.65	2.643862239980396e8
3.653	2.6470726589032322e8
3.656	2.6502850883161128e8
3.6590000000000003	2.653499528526208e8
3.662	2.656715979841063e8
3.665	2.6599344425685877e8
3.668	2.6631549170170483e8
3.6710000000000003	2.6663774034950644e8
3.674	2.6696019023115987e8
3.677	2.6728284137759504e8
3.68	2.676056938197749e8
3.6830000000000003	2.6792874758869448e8
3.686	2.682520027153803e8
3.689	2.6857545923089e8
3.692	2.6889911716631067e8
3.6950000000000003	2.6922297655275923e8
3.698	2.6954703742138076e8
3.701	2.698712998033487e8
3.704	2.7019576372986364e8
3.707	2.70520429232152e8
3.71	2.7084529634146655e8
3.713	2.711703650890848e8
3.716	2.7149563550630856e8
3.719	2.7182110762446314e8
3.722	2.7214678147487074e8
3.725	2.724726570884985e8
3.728	2.727987344966027e8
3.731	2.731250137306014e8
3.734	2.734514948219358e8
3.737	2.7377817780206937e8
3.74	2.741050627024873e8
3.743	2.744321495546957e8
3.746	2.747594383902214e8
3.749	2.750869292406103e8
3.7520000000000002	2.754146221374275e8
3.755	2.7574251711225617e8
3.758	2.760706141966971e8
3.761	2.763989134223679e8
3.7640000000000002	2.7672741482090205e8
3.767	2.770561184239487e8
3.77	2.773850242631718e8
3.773	2.777141323702491e8
3.7760000000000002	2.78043442776872e8
3.779	2.783729555147442e8
3.782	2.78702670615582e8
3.785	2.790325881111126e8
3.7880000000000003	2.7936270803307396e8
3.791	2.7969303041321373e8
3.794	2.800235552832897e8
3.797	2.803542826750674e8
3.8000000000000003	2.8068521262032104e8
3.803	2.8101634515083176e8
3.806	2.8134768029838747e8
3.809	2.816792180947822e8
3.8120000000000003	2.820109585718152e8
3.815	2.823429017612904e8
3.818	2.826750476950161e8
3.821	2.830073964047809e8
3.8240000000000003	2.8333994792203313e8
3.827	2.8367270227846324e8
3.83	2.840056595058945e8
3.833	2.843388196361535e8
3.836	2.8467218270106995e8
3.839	2.8500574873247635e8
3.842	2.8533951776220673e8
3.845	2.856734898220967e8
3.848	2.86007664943982e8
3.851	2.8634204315969914e8
3.854	2.8667662450108343e8
3.857	2.870114089999692e8
3.86	2.8734639668818897e8
3.863	2.8768158759757304e8
3.866	2.8801698175994855e8
3.869	2.8835257920713913e8
3.872	2.8868837997096413e8
3.875	2.890243840832387e8
3.878	2.893605915757719e8
3.8810000000000002	2.8969700248036754e8
3.884	2.900336168288225e8
3.887	2.90370434652927e8
3.89	2.907074559844634e8
3.8930000000000002	2.9104468085520613e8
3.896	2.913821092969207e8
3.899	2.9171974134136367e8
3.902	2.9205757702028114e8
3.9050000000000002	2.923956163654097e8
3.908	2.9273385940847427e8
3.911	2.9307230618118864e8
3.914	2.9341095671525496e8
3.9170000000000003	2.9374981104236203e8
3.92	2.9408886919415265e8
3.923	2.944281312019433e8
3.926	2.9476759709729356e8
3.9290000000000003	2.9510726691184235e8
3.932	2.9544714067721564e8
3.935	2.957872184250269e8
3.938	2.9612750018687594e8
3.9410000000000003	2.9646798599434835e8
3.944	2.9680867587901545e8
3.947	2.971495698724335e8
3.95	2.974906680061432e8
3.9530000000000003	2.9783197031166935e8
3.956	2.981734768205201e8
3.959	2.9851518756418705e8
3.962	2.988571025741441e8
3.965	2.991992218818473e8
3.968	2.995415455187345e8
3.971	2.9988407351622456e8
3.974	3.0022680590571713e8
3.977	3.0056974271859235e8
3.98	3.009128839862097e8
3.983	3.012562297399087e8
3.986	3.0159978001100737e8
3.989	3.01943534830802e8
3.992	3.022874942305678e8
3.995	3.0263165824155676e8
3.998	3.0297602689499855e8
4.0009999999999994	3.033206002220993e8
4.004	3.036653782540418e8
4.007	3.0401036102198464e8
4.01	3.04355548557062e8
4.013	3.0470094089038306e8
4.016	3.050465380530318e8
4.019	3.053923400760033e8
4.022	3.057383469900086e8
4.025	3.060845588260109e8
4.0280000000000005	3.064309756149934e8
4.031000000000001	3.067775973879152e8
4.034000000000001	3.0712442417570984e8
4.037	3.074714560092851e8
4.04	3.0781869291952306e8
4.043	3.081661349372794e8
4.046	3.0851378209338284e8
4.0489999999999995	3.088616344186353e8
4.052	3.092096919438108e8
4.055	3.095579546996561e8
4.058	3.0990642271688956e8
4.061	3.102550960262007e8
4.064	3.106039746582508e8
4.067	3.109530586436714e8
4.07	3.1130234801306486e8
4.073	3.1165184279700345e8
4.0760000000000005	3.120015430260292e8
4.079000000000001	3.123514487306538e8
4.082000000000001	3.12701559941358e8
4.085	3.13051876688591e8
4.088	3.1340239900277126e8
4.091	3.137531269142849e8
4.093999999999999	3.1410406045348567e8
4.0969999999999995	3.1445519965069544e8
4.1	3.148065445362032e8
4.103	3.151580951402646e8
4.106	3.1550985149310213e8
4.109	3.1586181362490463e8
4.112	3.162139815658269e8
4.115	3.1656635534598976e8
4.118	3.169189349953588e8
4.121	3.1727172054372364e8
4.1240000000000006	3.1762471202109367e8
4.127000000000001	3.1797790945745486e8
4.13	3.183313128827596e8
4.133	3.18684922326927e8
4.136	3.190387378198417e8
4.139	3.1939275939135444e8
4.1419999999999995	3.1974698707128114e8
4.145	3.2010142088940334e8
4.148	3.204560608754675e8
4.151	3.2081090705918473e8
4.154	3.211659594702309e8
4.157	3.215212181382457e8
4.16	3.2187668309283334e8
4.163	3.222323543635617e8
4.166	3.2258823197996205e8
4.1690000000000005	3.229443159715292e8
4.172000000000001	3.233006063677207e8
4.175000000000001	3.236571031979574e8
4.178	3.240138064916225e8
4.181	3.243707162780619e8
4.184	3.2472783258658344e8
4.187	3.250851554464572e8
4.1899999999999995	3.2544268488691455e8
4.193	3.25800420937149e8
4.196	3.2615836362631524e8
4.199	3.265165129835289e8
4.202	3.268748690378669e8
4.205	3.2723343181836647e8
4.208	3.275922013540259e8
4.211	3.279511776738035e8
4.214	3.28310360806616e8
4.2170000000000005	3.2866975078113145e8
4.220000000000001	3.290293476260432e8
4.223	3.293891513701522e8
4.226	3.297491620422213e8
4.229	3.301093796709742e8
4.232	3.304698042850959e8
4.234999999999999	3.3083043591323215e8
4.2379999999999995	3.311912745839896e8
4.241	3.315523203259355e8
4.244	3.3191357316759723e8
4.247	3.3227503313746285e8
4.25	3.326367002639802e8
4.253	3.3299857457555723e8
4.256	3.3336065610056156e8
4.259	3.3372294486732024e8
4.2620000000000005	3.3408544090412027e8
4.265000000000001	3.344481442392077e8
4.268000000000001	3.348110549007877e8
4.271	3.351741729170243e8
4.274	3.35537498316041e8
4.277	3.359010311259195e8
4.28	3.362647713747003e8
4.2829999999999995	3.366287190903823e8
4.286	3.369928743009229e8
4.289	3.373572370342375e8
4.292	3.3772180731819963e8
4.295	3.380865851806409e8
4.298	3.3845157064935046e8
4.301	3.388167637520753e8
4.304	3.3918216451652014e8
4.307	3.3954777297034675e8
4.3100000000000005	3.399135891411746e8
4.313000000000001	3.4027961305654234e8
4.316000000000001	3.406458447437382e8
4.319	3.410122842302099e8
4.322	3.41378931543409e8
4.325	3.41745786710745e8
4.328	3.421128497595861e8
4.3309999999999995	3.4248012071725905e8
4.334	3.428475996110487e8
4.337	3.432152864681981e8
4.34	3.4358318131590873e8
4.343	3.4395128418133974e8
4.346	3.4431959509160817e8
4.349	3.4468811407378906e8
4.352	3.4505684115491515e8
4.355	3.4542577636197686e8
4.3580000000000005	3.457949197219218e8
4.361000000000001	3.461642712616555e8
4.364	3.465338310080407e8
4.367	3.4690359898789746e8
4.37	3.472735752280027e8
4.373	3.4764375975509113e8
4.3759999999999994	3.4801415259585387e8
4.379	3.4838475377693933e8
4.382	3.487555633249529e8
4.385	3.491265812664564e8
4.388	3.494978076279689e8
4.391	3.498692424359657e8
4.394	3.5024088571687895e8
4.397	3.506127374970972e8
4.4	3.5098479780296564e8
4.4030000000000005	3.513570666607856e8
4.406000000000001	3.517295440968152e8
4.409000000000001	3.521022301372682e8
4.412	3.524751248081859e8
4.415	3.528482281355254e8
4.418	3.532215401453708e8
4.421	3.5359506086376476e8
4.4239999999999995	3.539687903167076e8
4.427	3.543427285301573e8
4.43	3.547168755300297e8
4.433	3.550912313421975e8
4.436	3.554657959924916e8
4.439	3.558405695066998e8
4.442	3.5621555191056734e8
4.445	3.565907432297971e8
4.448	3.5696614349004906e8
4.4510000000000005	3.573417527169406e8
4.454000000000001	3.577175709360457e8
4.457000000000001	3.580935981728963e8
4.46	3.584698344529809e8
4.463	3.588462798017454e8
4.466	3.592229342445927e8
4.468999999999999	3.5959979780688226e8
4.4719999999999995	3.5997687051393116e8
4.475	3.603541523910131e8
4.478	3.6073164346335846e8
4.481	3.6110934375615484e8
4.484	3.6148725329454654e8
4.487	3.6186537210363454e8
4.49	3.6224370020847684e8
4.493	3.6262223763408786e8
4.496	3.6300098440543896e8
4.4990000000000006	3.63379940547458e8
4.502	3.637591060850299e8
4.505	3.6413848104299563e8
4.508	3.645180654461272e8
4.511	3.6489785931897384e8
4.514	3.6527786268620443e8
4.517	3.656580755724896e8
4.5200000000000005	3.6603849800245786e8
4.523	3.664191300006958e8
4.526	3.667999715917487e8
4.529	3.6718102280011874e8
4.532	3.67562283650267e8
4.535	3.679437541666123e8
4.538	3.6832543437353134e8
4.541	3.68707324295359e8
4.5440000000000005	3.6908942395638794e8
4.547	3.6947173338086873e8
4.55	3.698542525930102e8
4.553	3.702369816169787e8
4.556	3.7061992047689885e8
4.559	3.710030691968528e8
4.562	3.71386427800881e8
4.565	3.717699963129816e8
4.5680000000000005	3.721537747571106e8
4.571	3.725377631571818e8
4.574	3.7292196153706706e8
4.577	3.733063699205962e8
4.58	3.736909883315565e8
4.583	3.740758167936934e8
4.586	3.744608553307102e8
4.589	3.74846103966268e8
4.5920000000000005	3.7523156272398573e8
4.595	3.7561723162744e8
4.598	3.760031107001659e8
4.601	3.763891999656556e8
4.604	3.767754994473596e8
4.607	3.771620091685595e8
4.61	3.7754872915249634e8
4.613	3.779356594224965e8
4.616	3.7832280000184506e8
4.619	3.7871015091378707e8
4.622	3.7909771218152636e8
4.625	3.794854838282262e8
4.628	3.7987346587700933e8
4.631	3.8026165835095775e8
4.634	3.806500612731129e8
4.6370000000000005	3.8103867466647524e8
4.64	3.8142749855400515e8
4.643	3.8181653295862186e8
4.646	3.8220577790320426e8
4.649	3.8259523341059065e8
4.652	3.8298489950357866e8
4.655	3.833747762049252e8
4.658	3.837648635373468e8
4.6610000000000005	3.8415516152351934e8
4.664	3.8454567018607813e8
4.667	3.849363895476181e8
4.67	3.853273196306935e8
4.673	3.857184604578181e8
4.676	3.861098120514651e8
4.679	3.865013744340674e8
4.682	3.868931476280174e8
4.6850000000000005	3.8728513165566695e8
4.688	3.876773265393273e8
4.691	3.8806973230127e8
4.694	3.8846234896372515e8
4.697	3.888551765488833e8
4.7	3.8924821507889444e8
4.703	3.89641464575823e8
4.706	3.9003492506156844e8
4.7090000000000005	3.904285965581446e8
4.712	3.908224790875429e8
4.715	3.912165726717158e8
4.718	3.9161087733257693e8
4.721	3.920053930920008e8
4.724	3.924001199718232e8
4.727	3.927950579938411e8
4.73	3.9319020717981243e8
4.733	3.935855675514566e8
4.736	3.93981139130454e8
4.739	3.9437692193844646e8
4.742	3.9477291599703676e8
4.745	3.9516912132778907e8
4.748	3.955655379522291e8
4.751	3.9596216589184356e8
4.7540000000000004	3.963590051680808e8
4.757	3.967560558023503e8
4.76	3.97153317816023e8
4.763	3.975507912304312e8
4.766	3.979484760668691e8
4.769	3.983463723465918e8
4.772	3.987444800908159e8
4.775	3.9914279932072e8
4.7780000000000005	3.995413300574441e8
4.781	3.9994007232208925e8
4.784	4.00339026135719e8
4.787	4.0073819151935774e8
4.79	4.011375684939921e8
4.793	4.0153715708056986e8
4.796	4.019369573000011e8
4.799	4.023369691731477e8
4.8020000000000005	4.027371927206929e8
4.805	4.031376279633794e8
4.808	4.035382749219663e8
4.811	4.039391336171761e8
4.814	4.0434020406969357e8
4.817	4.0474148630016744e8
4.82	4.051429803292093e8
4.823	4.055446861773937e8
4.8260000000000005	4.05946603865259e8
4.829	4.0634873341330594e8
4.832	4.0675107484199965e8
4.835	4.0715362817176765e8
4.838	4.075563934230013e8
4.841	4.079593706160553e8
4.844	4.0836255977124757e8
4.847	4.0876596090885967e8
4.8500000000000005	4.091695740491365e8
4.853	4.095733992122864e8
4.856	4.099774364184816e8
4.859	4.1038168568785775e8
4.862	4.1078614704051393e8
4.865	4.111908204965127e8
4.868	4.1159570607588094e8
4.871	4.120008037986088e8
4.874	4.1240611368464994e8
4.877	4.1281163575392234e8
4.88	4.1321737002630734e8
4.883	4.136233165216504e8
4.886	4.1402947525976056e8
4.889	4.144358462604111e8
4.892	4.148424295433388e8
4.8950000000000005	4.1524922512824506e8
4.898	4.156562330346936e8
4.901	4.1606345328221947e8
4.904	4.1647088589041716e8
4.907	4.168785308788468e8
4.91	4.1728638826703364e8
4.913	4.1769445807446826e8
4.916	4.1810274032060635e8
4.9190000000000005	4.1851123502486956e8
4.922	4.189199422066442e8
4.925	4.193288618852826e8
4.928	4.197379940801022e8
4.931	4.201473388103863e8
4.934	4.205568960953835e8
4.937	4.2096666595430773e8
4.94	4.2137664840633905e8
4.9430000000000005	4.217868434706229e8
4.946	4.2219725116627026e8
4.949	4.226078715123583e8
4.952	4.2301870452792937e8
4.955	4.234297502319921e8
4.958	4.238410086435204e8
4.961	4.242524797814547e8
4.964	4.2466416366470087e8
4.9670000000000005	4.2507606031213075e8
4.97	4.254881697425821e8
4.973	4.2590049197485906e8
4.976	4.263130270277313e8
4.979	4.26725774919935e8
4.982	4.271387356701722e8
4.985	4.2755190929711103e8
4.988	4.27965295819386e8
4.991	4.2837889525559753e8
4.994	4.28792707624258e8
4.997	4.292067329437792e8