0.	-7.836993386906577e-6
0.0005	-7.833026739798766e-6
0.001	-7.829060149366852e-6
0.0015	-7.825093616551086e-6
0.002	-7.821127142291587e-6
0.0025	-7.817160727527699e-6
0.003	-7.813194373200459e-6
0.0035	-7.809228080248995e-6
0.004	-7.805261849612857e-6
0.0045000000000000005	-7.801295682231443e-6
0.005	-7.797329579044008e-6
0.0055	-7.79336340517083e-6
0.006	-7.789397207955183e-6
0.006500000000000001	-7.785431080843611e-6
0.007	-7.781465026700622e-6
0.0075	-7.777499048390193e-6
0.008	-7.773533148775762e-6
0.0085	-7.769567330720181e-6
0.009000000000000001	-7.76560159708573e-6
0.0095	-7.76163595073407e-6
0.01	-7.757670394526234e-6
0.0105	-7.753704931322603e-6
0.011	-7.749739563982886e-6
0.0115	-7.745774295366101e-6
0.012	-7.741809128330554e-6
0.0125	-7.737844065733817e-6
0.013000000000000001	-7.73387911043271e-6
0.0135	-7.729914265283274e-6
0.014	-7.725949533140759e-6
0.0145	-7.721984916859602e-6
0.015	-7.718020419293397e-6
0.0155	-7.71405604329677e-6
0.016	-7.71009179171793e-6
0.0165	-7.706127667409605e-6
0.017	-7.70216367322185e-6
0.0175	-7.698199812003774e-6
0.018000000000000002	-7.694236086603529e-6
0.0185	-7.690272502134582e-6
0.019	-7.686309130002657e-6
0.0195	-7.682345901578177e-6
0.02	-7.678382819083664e-6
0.0205	-7.674419884740819e-6
0.021	-7.670457100770501e-6
0.021500000000000002	-7.666494469392737e-6
0.022	-7.662531992826685e-6
0.0225	-7.658569673290635e-6
0.023	-7.654607513001991e-6
0.0235	-7.65064551417727e-6
0.024	-7.646683679032073e-6
0.0245	-7.642722009781083e-6
0.025	-7.638760508638053e-6
0.025500000000000002	-7.63479917781579e-6
0.026000000000000002	-7.630838019526144e-6
0.0265	-7.626877035980003e-6
0.027	-7.622916229387264e-6
0.0275	-7.618955601956836e-6
0.028	-7.614995155896622e-6
0.0285	-7.611034893399266e-6
0.029	-7.607074816698356e-6
0.029500000000000002	-7.603114927985324e-6
0.03	-7.599155229463951e-6
0.0305	-7.59519572333695e-6
0.031	-7.591236411805959e-6
0.0315	-7.58727729707153e-6
0.032	-7.58331849008989e-6
0.0325	-7.579360023599723e-6
0.033	-7.575401757431888e-6
0.0335	-7.571443691673705e-6
0.034	-7.567485826412436e-6
0.0345	-7.563528161735295e-6
0.035	-7.559570697729447e-6
0.035500000000000004	-7.555613434482004e-6
0.036000000000000004	-7.551656372080022e-6
0.0365	-7.5476995106105124e-6
0.037	-7.543742850160431e-6
0.0375	-7.539786390816679e-6
0.038	-7.535830132666114e-6
0.0385	-7.531874075795535e-6
0.039	-7.527918220291693e-6
0.0395	-7.523962566241285e-6
0.04	-7.520007113730958e-6
0.0405	-7.516051862847308e-6
0.041	-7.5120968136768765e-6
0.0415	-7.508141966306154e-6
0.042	-7.504187320830079e-6
0.0425	-7.500232877318206e-6
0.043000000000000003	-7.496278635865129e-6
0.043500000000000004	-7.4923245965571225e-6
0.044	-7.488370759480418e-6
0.0445	-7.484417124721186e-6
0.045	-7.480463692365553e-6
0.0455	-7.476510882039434e-6
0.046	-7.472558371300195e-6
0.0465	-7.4686060552029444e-6
0.047	-7.464653929441797e-6
0.0475	-7.46070198971294e-6
0.048	-7.456750231714569e-6
0.0485	-7.4527986511468555e-6
0.049	-7.448847243711889e-6
0.0495	-7.444896005113639e-6
0.05	-7.440944931057904e-6
0.0505	-7.436994017252262e-6
0.051000000000000004	-7.4330432594060245e-6
0.051500000000000004	-7.429092653230191e-6
0.052000000000000005	-7.425142194437404e-6
0.0525	-7.421191878741898e-6
0.053	-7.417241701859453e-6
0.0535	-7.413291659507353e-6
0.054	-7.409341747404331e-6
0.0545	-7.4053919612705315e-6
0.055	-7.401442296846596e-6
0.0555	-7.39749274981653e-6
0.056	-7.393543315923907e-6
0.0565	-7.3895939908940475e-6
0.057	-7.385644770453453e-6
0.0575	-7.381695650329749e-6
0.058	-7.377746626251646e-6
0.0585	-7.3737976398509336e-6
0.059000000000000004	-7.369848410157569e-6
0.059500000000000004	-7.365899267434355e-6
0.06	-7.3619502106637736e-6
0.0605	-7.358001238828518e-6
0.061	-7.354052350911502e-6
0.0615	-7.350103545895858e-6
0.062	-7.34615482276493e-6
0.0625	-7.34220618050227e-6
0.063	-7.338257618091638e-6
0.0635	-7.3343091345170015e-6
0.064	-7.330360728762528e-6
0.0645	-7.326412399812583e-6
0.065	-7.322464146651734e-6
0.0655	-7.318515968264741e-6
0.066	-7.3145678636365506e-6
0.0665	-7.310619831752305e-6
0.067	-7.306671871597332e-6
0.0675	-7.302723982157139e-6
0.068	-7.298776162432904e-6
0.0685	-7.294828411379072e-6
0.069	-7.2908807279974965e-6
0.0695	-7.286933111274417e-6
0.07	-7.282985560196234e-6
0.07050000000000001	-7.279038073749529e-6
0.07100000000000001	-7.2750906509210354e-6
0.07150000000000001	-7.2711432906976645e-6
0.07200000000000001	-7.267195891697219e-6
0.0725	-7.263248435345291e-6
0.073	-7.259301041262651e-6
0.0735	-7.2553537102830945e-6
0.074	-7.251406443240273e-6
0.0745	-7.247459240967709e-6
0.075	-7.243512104298782e-6
0.0755	-7.239565034066742e-6
0.076	-7.235618031104691e-6
0.0765	-7.231671096245591e-6
0.077	-7.22772423032226e-6
0.0775	-7.223777434167375e-6
0.078	-7.219830708613459e-6
0.0785	-7.21588405449289e-6
0.079	-7.2119374726378945e-6
0.0795	-7.2079909638805405e-6
0.08	-7.204044529052753e-6
0.0805	-7.200098168986291e-6
0.081	-7.196151884507416e-6
0.0815	-7.192205676458212e-6
0.082	-7.1882595456647036e-6
0.0825	-7.18431349295801e-6
0.083	-7.180367519169086e-6
0.0835	-7.176421625128715e-6
0.084	-7.172475811667519e-6
0.0845	-7.168530079615943e-6
0.085	-7.1645844298042655e-6
0.0855	-7.160639003682256e-6
0.08600000000000001	-7.156693703580862e-6
0.08650000000000001	-7.1527484854645406e-6
0.08700000000000001	-7.148803348614573e-6
0.08750000000000001	-7.144858292312389e-6
0.088	-7.14091331583956e-6
0.0885	-7.136968418477807e-6
0.089	-7.133023599508993e-6
0.0895	-7.1290788582151254e-6
0.09	-7.125134193878347e-6
0.0905	-7.121189605780948e-6
0.091	-7.117245093205349e-6
0.0915	-7.113300655434111e-6
0.092	-7.109356291749934e-6
0.0925	-7.105412001435643e-6
0.093	-7.101467783774208e-6
0.0935	-7.09752363804872e-6
0.094	-7.093579563542407e-6
0.0945	-7.089635559535496e-6
0.095	-7.085691625317699e-6
0.0955	-7.081747760169551e-6
0.096	-7.077803963374785e-6
0.0965	-7.073860234217263e-6
0.097	-7.069916571980964e-6
0.0975	-7.065972975949988e-6
0.098	-7.062029445408561e-6
0.0985	-7.058085979836011e-6
0.099	-7.054142581585617e-6
0.0995	-7.050199246647213e-6
0.1	-7.046255974276368e-6
0.1005	-7.0423127637287695e-6
0.101	-7.038369614260225e-6
0.1015	-7.034426525126652e-6
0.10200000000000001	-7.030483495584085e-6
0.10250000000000001	-7.0265405248886684e-6
0.10300000000000001	-7.022597612296659e-6
0.10350000000000001	-7.0186547570644214e-6
0.10400000000000001	-7.014711958448433e-6
0.1045	-7.010769215705268e-6
0.105	-7.006826528091616e-6
0.1055	-7.002883894864264e-6
0.106	-6.998941315280102e-6
0.1065	-6.994998788596125e-6
0.107	-6.991056314069424e-6
0.1075	-6.987113890959175e-6
0.108	-6.9831715185186625e-6
0.1085	-6.9792291960072655e-6
0.109	-6.975286922682459e-6
0.1095	-6.971344697801812e-6
0.11	-6.967402520622981e-6
0.1105	-6.963460390403722e-6
0.111	-6.959518306401871e-6
0.1115	-6.955576267875351e-6
0.112	-6.951634298874383e-6
0.1125	-6.947692422556464e-6
0.113	-6.94375058865816e-6
0.1135	-6.9398087958185505e-6
0.114	-6.935867042676861e-6
0.1145	-6.931925327872448e-6
0.115	-6.927983650044808e-6
0.1155	-6.924042007833561e-6
0.116	-6.920100399878446e-6
0.1165	-6.916158824819327e-6
0.117	-6.912217281296175e-6
0.11750000000000001	-6.9082757679490795e-6
0.11800000000000001	-6.90433428341822e-6
0.11850000000000001	-6.900392826343889e-6
0.11900000000000001	-6.896451395366466e-6
0.11950000000000001	-6.892509989126419e-6
0.12	-6.888568606264308e-6
0.1205	-6.884627245420783e-6
0.121	-6.880685905236531e-6
0.1215	-6.8767445843523484e-6
0.122	-6.8728032814090864e-6
0.1225	-6.868861995047661e-6
0.123	-6.864920723909037e-6
0.1235	-6.8609794666342395e-6
0.124	-6.857038221864336e-6
0.1245	-6.853096988240446e-6
0.125	-6.849155764403716e-6
0.1255	-6.845214541284133e-6
0.126	-6.841273320332911e-6
0.1265	-6.837332105263828e-6
0.127	-6.833390894824631e-6
0.1275	-6.8294496877630705e-6
0.128	-6.825508482826916e-6
0.1285	-6.821567278763939e-6
0.129	-6.817626074321919e-6
0.1295	-6.813684868248632e-6
0.13	-6.8097436592918455e-6
0.1305	-6.805802446199321e-6
0.131	-6.801861227718809e-6
0.1315	-6.7979200025980375e-6
0.132	-6.79397876958472e-6
0.1325	-6.790037527426536e-6
0.133	-6.786096274871145e-6
0.1335	-6.7821550106661034e-6
0.134	-6.778213733559125e-6
0.1345	-6.774272442297693e-6
0.135	-6.770331135629307e-6
0.1355	-6.7663898123014175e-6
0.136	-6.7624484710614234e-6
0.1365	-6.758507110656666e-6
0.137	-6.754565729834425e-6
0.1375	-6.7506243273419125e-6
0.138	-6.746682901926283e-6
0.1385	-6.742741452334604e-6
0.139	-6.738799993760911e-6
0.1395	-6.734858510634981e-6
0.14	-6.7309169992785245e-6
0.1405	-6.726975458280957e-6
0.14100000000000001	-6.723033886231578e-6
0.14150000000000001	-6.719092281719583e-6
0.14200000000000002	-6.7151506433340515e-6
0.14250000000000002	-6.711208969663935e-6
0.14300000000000002	-6.707267259298068e-6
0.14350000000000002	-6.7033255108251476e-6
0.14400000000000002	-6.699383722833735e-6
0.1445	-6.6954418939122525e-6
0.145	-6.691500022648972e-6
0.1455	-6.687558107632018e-6
0.146	-6.683616147449356e-6
0.1465	-6.679674140688791e-6
0.147	-6.6757320859379405e-6
0.1475	-6.671789981784302e-6
0.148	-6.667847826815154e-6
0.1485	-6.663905619617601e-6
0.149	-6.659963358778564e-6
0.1495	-6.656021042884766e-6
0.15	-6.652078670522741e-6
0.1505	-6.648136240278817e-6
0.151	-6.6441937507391144e-6
0.1515	-6.640251200489541e-6
0.152	-6.6363085770289e-6
0.1525	-6.632365829350387e-6
0.153	-6.628423017412485e-6
0.1535	-6.624480140404681e-6
0.154	-6.620537197516322e-6
0.1545	-6.61659418793663e-6
0.155	-6.61265111085468e-6
0.1555	-6.608707965459418e-6
0.156	-6.604764750939641e-6
0.1565	-6.6008214664840075e-6
0.157	-6.5968781112810364e-6
0.1575	-6.592934684519096e-6
0.158	-6.588991185386407e-6
0.1585	-6.585047613071047e-6
0.159	-6.581103966760937e-6
0.1595	-6.577160245643852e-6
0.16	-6.573216448907574e-6
0.1605	-6.569272575739245e-6
0.161	-6.5653286253263275e-6
0.1615	-6.561384596855965e-6
0.162	-6.557440489515147e-6
0.1625	-6.553496302490695e-6
0.163	-6.549552034969273e-6
0.1635	-6.545607686137374e-6
0.164	-6.541663255181324e-6
0.1645	-6.537718741287284e-6
0.165	-6.533774143641243e-6
0.1655	-6.5298295679686516e-6
0.166	-6.525885041131962e-6
0.1665	-6.521940425186141e-6
0.167	-6.517995717282649e-6
0.1675	-6.51405091457228e-6
0.168	-6.510106014205144e-6
0.1685	-6.5061610133306465e-6
0.169	-6.502215909097468e-6
0.1695	-6.4982706986535455e-6
0.17	-6.494325379146044e-6
0.1705	-6.490379947721344e-6
0.171	-6.4864344015250165e-6
0.1715	-6.482488737701809e-6
0.17200000000000001	-6.4785429533956094e-6
0.17250000000000001	-6.4745970457494454e-6
0.17300000000000001	-6.470651011903832e-6
0.17350000000000002	-6.4667048490031395e-6
0.17400000000000002	-6.46275855418613e-6
0.17450000000000002	-6.458812124592142e-6
0.17500000000000002	-6.4548655573595334e-6
0.17550000000000002	-6.450918849625671e-6
0.176	-6.446971998526898e-6
0.1765	-6.443025001198533e-6
0.177	-6.439077854774823e-6
0.1775	-6.435130556388944e-6
0.178	-6.43118310317297e-6
0.1785	-6.427235492257851e-6
0.179	-6.423287697066349e-6
0.1795	-6.4193397304217305e-6
0.18	-6.415391597928947e-6
0.1805	-6.411443296983479e-6
0.181	-6.4074948249797045e-6
0.1815	-6.403546179310878e-6
0.182	-6.399597357369105e-6
0.1825	-6.3956483565453426e-6
0.183	-6.3916991742293646e-6
0.1835	-6.387749807809755e-6
0.184	-6.383800254673888e-6
0.1845	-6.379850512207903e-6
0.185	-6.375900577796702e-6
0.1855	-6.371950448823916e-6
0.186	-6.368000122684937e-6
0.1865	-6.364049596735462e-6
0.187	-6.360098868367451e-6
0.1875	-6.3561479349592975e-6
0.188	-6.352196793888033e-6
0.1885	-6.348245442529324e-6
0.189	-6.344293878257451e-6
0.1895	-6.340342098445283e-6
0.19	-6.336390100464268e-6
0.1905	-6.33243788168441e-6
0.191	-6.328485439474259e-6
0.1915	-6.324532771200879e-6
0.192	-6.320579782431049e-6
0.1925	-6.316625417189718e-6
0.193	-6.312670829012719e-6
0.1935	-6.308716025743755e-6
0.194	-6.304761015230818e-6
0.1945	-6.300805805326015e-6
0.195	-6.296850403885429e-6
0.1955	-6.292894818768954e-6
0.196	-6.288939057840149e-6
0.1965	-6.2849831289660705e-6
0.197	-6.281027040017131e-6
0.1975	-6.277070798866931e-6
0.198	-6.273114413392117e-6
0.1985	-6.269157891472207e-6
0.199	-6.265201240989454e-6
0.1995	-6.26124446982695e-6
0.2	-6.25728758587546e-6
0.2005	-6.253330597022682e-6
0.201	-6.249373511160203e-6
0.2015	-6.245416336181547e-6
0.202	-6.2414590799820235e-6
0.2025	-6.237501750458572e-6
0.203	-6.233544355509599e-6
0.20350000000000001	-6.229586903034824e-6
0.20400000000000001	-6.2256294009351185e-6
0.20450000000000002	-6.221671857112351e-6
0.20500000000000002	-6.217714279469231e-6
0.20550000000000002	-6.2137569324632455e-6
0.20600000000000002	-6.209799882895699e-6
0.20650000000000002	-6.205842816188246e-6
0.20700000000000002	-6.201885735378974e-6
0.20750000000000002	-6.197928643506072e-6
0.20800000000000002	-6.193971543607819e-6
0.2085	-6.1900144387225505e-6
0.209	-6.18605733188864e-6
0.2095	-6.1821002261444795e-6
0.21	-6.1781431245284405e-6
0.2105	-6.174186030078872e-6
0.211	-6.17022894583406e-6
0.2115	-6.166271874832206e-6
0.212	-6.1623148201114156e-6
0.2125	-6.158357784718183e-6
0.213	-6.154400771674064e-6
0.2135	-6.1504437840242286e-6
0.214	-6.1464868248061e-6
0.2145	-6.142529897056877e-6
0.215	-6.1385730038135205e-6
0.2155	-6.134616148112729e-6
0.216	-6.130659332990916e-6
0.2165	-6.126702561484179e-6
0.217	-6.12274583662829e-6
0.2175	-6.118789161458658e-6
0.218	-6.1148325390103176e-6
0.2185	-6.110875972317898e-6
0.219	-6.106919559018755e-6
0.2195	-6.1029632270545e-6
0.22	-6.099006958167218e-6
0.2205	-6.095050754416436e-6
0.221	-6.091094617861342e-6
0.2215	-6.087138550560773e-6
0.222	-6.083182554573212e-6
0.2225	-6.079226631956765e-6
0.223	-6.075270784769165e-6
0.2235	-6.071315015067747e-6
0.224	-6.0673593249094465e-6
0.2245	-6.063403716350785e-6
0.225	-6.059448191447863e-6
0.2255	-6.055492752260117e-6
0.226	-6.051537400835737e-6
0.2265	-6.047582139232719e-6
0.227	-6.04362696950534e-6
0.2275	-6.039671893707405e-6
0.228	-6.0357169138922335e-6
0.2285	-6.031762032112641e-6
0.229	-6.0278072504209355e-6
0.2295	-6.023852570868901e-6
0.23	-6.019897995507799e-6
0.2305	-6.015943526388342e-6
0.231	-6.011989165560692e-6
0.2315	-6.008034915074455e-6
0.232	-6.00408083792564e-6
0.2325	-6.000127135537691e-6
0.233	-5.99617354637189e-6
0.2335	-5.992220069754644e-6
0.234	-5.9882667050125655e-6
0.23450000000000001	-5.9843134514724405e-6
0.23500000000000001	-5.980360308461249e-6
0.23550000000000001	-5.976407275306161e-6
0.23600000000000002	-5.972454351334525e-6
0.23650000000000002	-5.968501535873883e-6
0.23700000000000002	-5.964548828251955e-6
0.23750000000000002	-5.960596227796641e-6
0.23800000000000002	-5.956643733836029e-6
0.23850000000000002	-5.952691345700661e-6
0.23900000000000002	-5.948739062714501e-6
0.23950000000000002	-5.944786884208347e-6
0.24	-5.940834809510992e-6
0.2405	-5.936882837951406e-6
0.241	-5.9329309688587306e-6
0.2415	-5.928979201562288e-6
0.242	-5.9250275353915635e-6
0.2425	-5.9210759696762155e-6
0.243	-5.9171245037460735e-6
0.2435	-5.913173136931131e-6
0.244	-5.909221868561556e-6
0.2445	-5.9052706979676775e-6
0.245	-5.901319624479988e-6
0.2455	-5.897368490087041e-6
0.246	-5.893417315876241e-6
0.2465	-5.8894662405981675e-6
0.247	-5.885515266067475e-6
0.2475	-5.881564394098356e-6
0.248	-5.877613626504525e-6
0.2485	-5.873662965099228e-6
0.249	-5.8697124116952075e-6
0.2495	-5.865761968104722e-6
0.25	-5.861811636139519e-6
0.2505	-5.857861417610832e-6
0.251	-5.853911314329376e-6
0.2515	-5.849961328105332e-6
0.252	-5.846011460756785e-6
0.2525	-5.842061714076142e-6
0.253	-5.838112089880124e-6
0.2535	-5.8341625899767125e-6
0.254	-5.830213216173309e-6
0.2545	-5.826263970276745e-6
0.255	-5.822314854093262e-6
0.2555	-5.818365869428505e-6
0.256	-5.8144170180875174e-6
0.2565	-5.81046830187473e-6
0.257	-5.806519722593953e-6
0.2575	-5.802571282048373e-6
0.258	-5.798622982040533e-6
0.2585	-5.794674824372334e-6
0.259	-5.790727295505168e-6
0.2595	-5.78677998554694e-6
0.26	-5.782832814446289e-6
0.2605	-5.778885779269e-6
0.261	-5.77493887708187e-6
0.2615	-5.77099210495268e-6
0.262	-5.767045459950181e-6
0.2625	-5.763098939144058e-6
0.263	-5.759152539604922e-6
0.2635	-5.755206258404276e-6
0.264	-5.75126009261451e-6
0.2645	-5.747314039308857e-6
0.265	-5.743368095554124e-6
0.2655	-5.739422258439703e-6
0.266	-5.735476525034093e-6
0.2665	-5.731530892413732e-6
0.267	-5.727585357655803e-6
0.2675	-5.723639917838211e-6
0.268	-5.719694570039566e-6
0.2685	-5.7157493113391545e-6
0.269	-5.7118041388169214e-6
0.2695	-5.7078590495534505e-6
0.27	-5.703914040629941e-6
0.2705	-5.69996910912818e-6
0.271	-5.696024252130532e-6
0.2715	-5.692079466719904e-6
0.272	-5.688134704728436e-6
0.2725	-5.684189780038656e-6
0.273	-5.680244920889272e-6
0.2735	-5.676300126671951e-6
0.274	-5.6723553967784644e-6
0.2745	-5.668410730600684e-6
0.275	-5.6644661275305715e-6
0.2755	-5.660521586960192e-6
0.276	-5.656577108281703e-6
0.2765	-5.652632690887359e-6
0.277	-5.648688334169509e-6
0.2775	-5.64474403752059e-6
0.278	-5.640799800340315e-6
0.2785	-5.6368556220068325e-6
0.279	-5.632911501920082e-6
0.2795	-5.628967439472873e-6
0.28	-5.6250234340581035e-6
0.2805	-5.621079485068758e-6
0.281	-5.617135591897906e-6
0.28150000000000003	-5.613191753938708e-6
0.28200000000000003	-5.609247970584403e-6
0.28250000000000003	-5.605304241228321e-6
0.28300000000000003	-5.601360565263867e-6
0.28350000000000003	-5.597416942084534e-6
0.28400000000000003	-5.593473371083894e-6
0.28450000000000003	-5.589529851655598e-6
0.28500000000000003	-5.585586383193375e-6
0.28550000000000003	-5.581643320881159e-6
0.28600000000000003	-5.5777007312523135e-6
0.28650000000000003	-5.5737581811821575e-6
0.28700000000000003	-5.569815663496005e-6
0.28750000000000003	-5.565873171019762e-6
0.28800000000000003	-5.561930696579787e-6
0.2885	-5.5579882330027715e-6
0.289	-5.5540457731156035e-6
0.2895	-5.550103309745237e-6
0.29	-5.546160835718559e-6
0.2905	-5.542218343862267e-6
0.291	-5.5382758270036995e-6
0.2915	-5.534333277967072e-6
0.292	-5.5303906895784354e-6
0.2925	-5.526448054662401e-6
0.293	-5.522505366042729e-6
0.2935	-5.5185626165421975e-6
0.294	-5.5146197989824825e-6
0.2945	-5.51067690618402e-6
0.295	-5.50673393096587e-6
0.2955	-5.502790866145605e-6
0.296	-5.49884770453915e-6
0.2965	-5.4949044389606835e-6
0.297	-5.490961062222481e-6
0.2975	-5.487017567134797e-6
0.298	-5.483073946505734e-6
0.2985	-5.4791301931411025e-6
0.299	-5.475186028772327e-6
0.2995	-5.471241622311166e-6
0.3	-5.467297066855434e-6
0.3005	-5.4633523582999245e-6
0.301	-5.459407492537838e-6
0.3015	-5.455462465460746e-6
0.302	-5.451517272958547e-6
0.3025	-5.447571910919424e-6
0.303	-5.443626375229804e-6
0.3035	-5.439680661774307e-6
0.304	-5.435734766435716e-6
0.3045	-5.431788685102605e-6
0.305	-5.427842413640757e-6
0.3055	-5.423895947932722e-6
0.306	-5.419949283853412e-6
0.3065	-5.416002417275677e-6
0.307	-5.412055344070247e-6
0.3075	-5.408108060105702e-6
0.308	-5.4041605612484215e-6
0.3085	-5.400212843362541e-6
0.309	-5.396264902309907e-6
0.3095	-5.3923167339500386e-6
0.31	-5.388368334140077e-6
0.3105	-5.3844196987347475e-6
0.311	-5.380470823586304e-6
0.3115	-5.3765217045445025e-6
0.312	-5.372572389544012e-6
0.3125	-5.368623982047252e-6
0.313	-5.364675307760887e-6
0.3135	-5.360726352293864e-6
0.314	-5.3567771012449085e-6
0.3145	-5.352827540201989e-6
0.315	-5.348877654741785e-6
0.3155	-5.344927430429172e-6
0.316	-5.340976852816664e-6
0.3165	-5.337025907443904e-6
0.317	-5.33307457983712e-6
0.3175	-5.329122855460789e-6
0.318	-5.325170719904835e-6
0.3185	-5.3212181586079714e-6
0.319	-5.317265157037472e-6
0.3195	-5.313311700644505e-6
0.32	-5.309357774863596e-6
0.3205	-5.305403365112077e-6
0.321	-5.301448456789549e-6
0.3215	-5.297493035277338e-6
0.322	-5.293537085937927e-6
0.3225	-5.289580594114427e-6
0.323	-5.285623545130006e-6
0.3235	-5.281665924287343e-6
0.324	-5.277707716868076e-6
0.3245	-5.27374890813223e-6
0.325	-5.269789483317665e-6
0.3255	-5.265827862574263e-6
0.326	-5.261863212311633e-6
0.3265	-5.2578979465964315e-6
0.327	-5.253932084307216e-6
0.3275	-5.249965644351128e-6
0.328	-5.245998645663025e-6
0.3285	-5.2420311072045765e-6
0.329	-5.238063047963401e-6
0.3295	-5.2340944869521626e-6
0.33	-5.23012544320769e-6
0.3305	-5.226155936178699e-6
0.331	-5.222185984175205e-6
0.3315	-5.2182156066798985e-6
0.332	-5.214244822817244e-6
0.3325	-5.21027365173145e-6
0.333	-5.206302112585574e-6
0.3335	-5.202330224560605e-6
0.334	-5.198358006854553e-6
0.3345	-5.194385478681542e-6
0.335	-5.190412659270876e-6
0.3355	-5.186439567866132e-6
0.336	-5.1824662237242326e-6
0.3365	-5.178492646114508e-6
0.337	-5.174518854317773e-6
0.3375	-5.170544867625395e-6
0.338	-5.16657070533835e-6
0.3385	-5.162596386766282e-6
0.339	-5.158622798961964e-6
0.3395	-5.154649225784965e-6
0.34	-5.15067553834116e-6
0.3405	-5.146701747337157e-6
0.341	-5.142727863482398e-6
0.3415	-5.138753897488849e-6
0.342	-5.134779860070706e-6
0.3425	-5.1308057619441e-6
0.343	-5.126831613826788e-6
0.3435	-5.122857426347625e-6
0.34400000000000003	-5.118883210440821e-6
0.34450000000000003	-5.114908976702792e-6
0.34500000000000003	-5.110934735853638e-6
0.34550000000000003	-5.106960498613654e-6
0.34600000000000003	-5.1029862757030445e-6
0.34650000000000003	-5.099012077841636e-6
0.34700000000000003	-5.095037915748591e-6
0.34750000000000003	-5.091063800142121e-6
0.34800000000000003	-5.0870897417391946e-6
0.34850000000000003	-5.08311575125525e-6
0.34900000000000003	-5.079141839403912e-6
0.34950000000000003	-5.075168016896698e-6
0.35000000000000003	-5.0711942944427396e-6
0.35050000000000003	-5.0672206827484855e-6
0.35100000000000003	-5.063247192517418e-6
0.35150000000000003	-5.0592738344497675e-6
0.352	-5.055300803780315e-6
0.3525	-5.05132826498276e-6
0.353	-5.047355884310348e-6
0.3535	-5.043383667968896e-6
0.354	-5.039411622161666e-6
0.3545	-5.035439753089272e-6
0.355	-5.0314680669495765e-6
0.3555	-5.02749656993761e-6
0.356	-5.0235252682454515e-6
0.3565	-5.019554168062149e-6
0.357	-5.015583275586198e-6
0.3575	-5.01161259697971e-6
0.358	-5.007642138430118e-6
0.3585	-5.003671906113229e-6
0.359	-4.999701906201333e-6
0.3595	-4.995732144863094e-6
0.36	-4.99176262826347e-6
0.3605	-4.9877933625636015e-6
0.361	-4.98382435392073e-6
0.3615	-4.9798556084880946e-6
0.362	-4.97588713241485e-6
0.3625	-4.9719189318459606e-6
0.363	-4.96795101292211e-6
0.3635	-4.9639833817796125e-6
0.364	-4.960016044550316e-6
0.3645	-4.9560490073615036e-6
0.365	-4.952082276335815e-6
0.3655	-4.948116213467768e-6
0.366	-4.944150546471832e-6
0.3665	-4.940185197131241e-6
0.367	-4.936220167838809e-6
0.3675	-4.932255460985389e-6
0.368	-4.928291078959865e-6
0.3685	-4.924327024149137e-6
0.369	-4.920363298938105e-6
0.3695	-4.9163999057096595e-6
0.37	-4.912436846909624e-6
0.3705	-4.908474124790413e-6
0.371	-4.904511741789671e-6
0.3715	-4.9005497002820215e-6
0.372	-4.896588002640001e-6
0.3725	-4.892626651234053e-6
0.373	-4.888665648432509e-6
0.3735	-4.884704996601585e-6
0.374	-4.880744698105355e-6
0.3745	-4.876784755305747e-6
0.375	-4.872825170562533e-6
0.3755	-4.868865946233301e-6
0.376	-4.864907084673456e-6
0.3765	-4.860948588236198e-6
0.377	-4.856990459272521e-6
0.3775	-4.853032700131178e-6
0.378	-4.849075313158696e-6
0.3785	-4.845118403344545e-6
0.379	-4.8411622258835e-6
0.3795	-4.83720642273218e-6
0.38	-4.8332509923458885e-6
0.3805	-4.829295933181329e-6
0.381	-4.825341243696612e-6
0.3815	-4.8213869223512314e-6
0.382	-4.817432967606071e-6
0.3825	-4.813479377923393e-6
0.383	-4.809526151849464e-6
0.3835	-4.805573287686103e-6
0.384	-4.8016207839794255e-6
0.3845	-4.797668639197106e-6
0.385	-4.7937168518081725e-6
0.3855	-4.78976542028298e-6
0.386	-4.785814343093228e-6
0.3865	-4.781863618711937e-6
0.387	-4.777913245613451e-6
0.3875	-4.773963222273425e-6
0.388	-4.770013547168824e-6
0.3885	-4.766064218777914e-6
0.389	-4.762115235580258e-6
0.3895	-4.758166596056699e-6
0.39	-4.754218298689373e-6
0.3905	-4.750270341961685e-6
0.391	-4.746322724358309e-6
0.3915	-4.742375444365186e-6
0.392	-4.738428463200075e-6
0.3925	-4.734481788132796e-6
0.393	-4.73053544702808e-6
0.3935	-4.726589438932627e-6
0.394	-4.722643762893906e-6
0.3945	-4.718698417960148e-6
0.395	-4.714753403180349e-6
0.3955	-4.710808717604263e-6
0.396	-4.706864360282402e-6
0.3965	-4.7029203303457124e-6
0.397	-4.698976626687434e-6
0.3975	-4.695033248438688e-6
0.398	-4.691090194652984e-6
0.3985	-4.687147464384578e-6
0.399	-4.683205056688472e-6
0.3995	-4.679262970620402e-6
0.4	-4.675321205236846e-6
0.4005	-4.671379759595024e-6
0.401	-4.667438632752876e-6
0.4015	-4.663497823769083e-6
0.402	-4.659557331703047e-6
0.4025	-4.6556171556149015e-6
0.403	-4.651677294565498e-6
0.4035	-4.6477377476164115e-6
0.404	-4.643798513829931e-6
0.4045	-4.639859592269067e-6
0.405	-4.635920981997541e-6
0.4055	-4.6319832659023125e-6
0.406	-4.628045962170878e-6
0.40650000000000003	-4.624108956067612e-6
0.40700000000000003	-4.620172240866387e-6
0.40750000000000003	-4.6162358098460205e-6
0.40800000000000003	-4.612299656290153e-6
0.40850000000000003	-4.608363773487136e-6
0.40900000000000003	-4.604428154729913e-6
0.40950000000000003	-4.600492793308296e-6
0.41000000000000003	-4.5965576825393895e-6
0.41050000000000003	-4.5926228157215985e-6
0.41100000000000003	-4.5886881861650875e-6
0.41150000000000003	-4.5847537871840364e-6
0.41200000000000003	-4.580819612096532e-6
0.41250000000000003	-4.5768856542244426e-6
0.41300000000000003	-4.57295190689332e-6
0.41350000000000003	-4.569018363432266e-6
0.41400000000000003	-4.565085017173838e-6
0.41450000000000004	-4.56115186145392e-6
0.41500000000000004	-4.557218889611611e-6
0.41550000000000004	-4.5532860949891285e-6
0.41600000000000004	-4.5493534709316685e-6
0.4165	-4.5454210107873115e-6
0.417	-4.541488707906906e-6
0.4175	-4.537556555643949e-6
0.418	-4.533624547354481e-6
0.4185	-4.5296927125300654e-6
0.419	-4.525761505150643e-6
0.4195	-4.521830417016708e-6
0.42	-4.517899437039347e-6
0.4205	-4.513968554132686e-6
0.421	-4.510037757213583e-6
0.4215	-4.506107035201325e-6
0.422	-4.502176377017297e-6
0.4225	-4.498245771594479e-6
0.423	-4.49431520783532e-6
0.4235	-4.490384674678082e-6
0.424	-4.486454161049558e-6
0.4245	-4.4825236558770965e-6
0.425	-4.47859314808828e-6
0.4255	-4.47466262661062e-6
0.426	-4.470732080371244e-6
0.4265	-4.466801498296575e-6
0.427	-4.462870869312034e-6
0.4275	-4.458940182341721e-6
0.428	-4.4550094263081e-6
0.4285	-4.451078590131694e-6
0.429	-4.447147662730764e-6
0.4295	-4.443216633021009e-6
0.43	-4.439285489915243e-6
0.4305	-4.4353542223230856e-6
0.431	-4.431422819150648e-6
0.4315	-4.4274912693002265e-6
0.432	-4.423560064271064e-6
0.4325	-4.419630062378658e-6
0.433	-4.415699860865244e-6
0.4335	-4.4117694329347745e-6
0.434	-4.4078387517757806e-6
0.4345	-4.403907790559543e-6
0.435	-4.3999765224382595e-6
0.4355	-4.396044920533044e-6
0.436	-4.392112957973987e-6
0.4365	-4.388180607834149e-6
0.437	-4.384247843170999e-6
0.4375	-4.380314637013683e-6
0.438	-4.376380962361163e-6
0.4385	-4.372446792180361e-6
0.439	-4.368512099404269e-6
0.4395	-4.364576856930097e-6
0.44	-4.360641037617365e-6
0.4405	-4.3567046142860245e-6
0.441	-4.352767559714562e-6
0.4415	-4.348829846638089e-6
0.442	-4.344891447746428e-6
0.4425	-4.340952335682196e-6
0.443	-4.3370124830388735e-6
0.4435	-4.333071862358858e-6
0.444	-4.329130446131534e-6
0.4445	-4.325188206791294e-6
0.445	-4.321245116715587e-6
0.4455	-4.317302336546569e-6
0.446	-4.3133598421376885e-6
0.4465	-4.309416385394557e-6
0.447	-4.30547191835935e-6
0.4475	-4.301526392952586e-6
0.448	-4.297579760967168e-6
0.4485	-4.293631974062374e-6
0.449	-4.2896829849084326e-6
0.4495	-4.285732742710697e-6
0.45	-4.281781199708206e-6
0.4505	-4.2778283069619905e-6
0.451	-4.273874015368298e-6
0.4515	-4.269918275652238e-6
0.452	-4.265961038361406e-6
0.4525	-4.26200225385942e-6
0.453	-4.258041872319408e-6
0.4535	-4.254079843717421e-6
0.454	-4.2501161178257945e-6
0.4545	-4.24615064420641e-6
0.455	-4.242183372203926e-6
0.4555	-4.238214250938891e-6
0.456	-4.234243229300813e-6
0.4565	-4.2302702559411215e-6
0.457	-4.226295279266074e-6
0.4575	-4.2223182474295524e-6
0.458	-4.218339108325786e-6
0.4585	-4.214357809581972e-6
0.459	-4.210361369643972e-6
0.4595	-4.206361134454796e-6
0.46	-4.2023587943150175e-6
0.4605	-4.198354422691296e-6
0.461	-4.19434809343078e-6
0.4615	-4.190339880748627e-6
0.462	-4.18632986651714e-6
0.4625	-4.182318111181176e-6
0.463	-4.178304697050634e-6
0.4635	-4.174289699682715e-6
0.464	-4.170273194939928e-6
0.4645	-4.166255258976747e-6
0.465	-4.162235968226104e-6
0.4655	-4.158215399385725e-6
0.466	-4.154193629404244e-6
0.4665	-4.150170735467204e-6
0.467	-4.146146794982833e-6
0.4675	-4.142121885567673e-6
0.468	-4.138096085032052e-6
0.4685	-4.134069471365353e-6
0.46900000000000003	-4.130042122721141e-6
0.46950000000000003	-4.126014117402114e-6
0.47000000000000003	-4.121985533844897e-6
0.47050000000000003	-4.117956450604658e-6
0.47100000000000003	-4.113926946339576e-6
0.47150000000000003	-4.109897099795142e-6
0.47200000000000003	-4.1058692024471265e-6
0.47250000000000003	-4.101842192159586e-6
0.47300000000000003	-4.097815027989337e-6
0.47350000000000003	-4.093787759638223e-6
0.47400000000000003	-4.089760436821079e-6
0.47450000000000003	-4.085733109258906e-6
0.47500000000000003	-4.08170582899528e-6
0.47550000000000003	-4.077678642447851e-6
0.47600000000000003	-4.073651600177273e-6
0.47650000000000003	-4.06962475181195e-6
0.47700000000000004	-4.065598146956466e-6
0.47750000000000004	-4.061571835185581e-6
0.47800000000000004	-4.057545866038199e-6
0.47850000000000004	-4.053520289011366e-6
0.47900000000000004	-4.04949515355428e-6
0.47950000000000004	-4.045470509062317e-6
0.48	-4.041446404871075e-6
0.4805	-4.037422890250418e-6
0.481	-4.0334000143985684e-6
0.4815	-4.029377826436199e-6
0.482	-4.0253563754005656e-6
0.4825	-4.0213357102396494e-6
0.483	-4.0173158798063315e-6
0.4835	-4.013296932852604e-6
0.484	-4.009278918023799e-6
0.4845	-4.005261883852853e-6
0.485	-4.0012470748226666e-6
0.4855	-3.997234568912953e-6
0.486	-3.993223154899105e-6
0.4865	-3.989212859621047e-6
0.487	-3.9852037098437035e-6
0.4875	-3.981195732255327e-6
0.488	-3.977188955374199e-6
0.4885	-3.97318340225855e-6
0.489	-3.969179100917235e-6
0.4895	-3.9651760777058555e-6
0.49	-3.961174358894409e-6
0.4905	-3.957173970665713e-6
0.491	-3.953174939113822e-6
0.4915	-3.949177290242499e-6
0.492	-3.9451810499636695e-6
0.4925	-3.941186244095909e-6
0.493	-3.9371928983629244e-6
0.4935	-3.933201038392095e-6
0.494	-3.929210689712975e-6
0.4945	-3.9252218777558445e-6
0.495	-3.921234627850281e-6
0.4955	-3.917248965223715e-6
0.496	-3.913264915000044e-6
0.4965	-3.909282502198232e-6
0.497	-3.905301751730933e-6
0.4975	-3.901322688403141e-6
0.498	-3.897345482900146e-6
0.4985	-3.8933709679197e-6
0.499	-3.889398201731704e-6
0.4995	-3.885427199315676e-6
0.5	-3.88145797557998e-6
0.5005000000000001	-3.877490545361388e-6
0.501	-3.873524923424672e-6
0.5015000000000001	-3.869561131805864e-6
0.502	-3.865599170780419e-6
0.5025000000000001	-3.861639061829802e-6
0.503	-3.857680819418556e-6
0.5035000000000001	-3.853724457937105e-6
0.504	-3.849769991701429e-6
0.5045000000000001	-3.845817434952682e-6
0.505	-3.841866801856871e-6
0.5055000000000001	-3.837918106504527e-6
0.506	-3.833971362910366e-6
0.5065000000000001	-3.830026585012985e-6
0.507	-3.8260837866745355e-6
0.5075000000000001	-3.8221429816804395e-6
0.508	-3.818204183739078e-6
0.5085000000000001	-3.814267406481509e-6
0.509	-3.810332663461177e-6
0.5095000000000001	-3.8063999681536513e-6
0.51	-3.8024693339563536e-6
0.5105000000000001	-3.798540774188283e-6
0.511	-3.794614302089786e-6
0.5115000000000001	-3.7906904027942155e-6
0.512	-3.786769150108982e-6
0.5125	-3.7828500104204968e-6
0.513	-3.7789329883241516e-6
0.5135	-3.77501808838142e-6
0.514	-3.771105315119889e-6
0.5145	-3.7671946782685383e-6
0.515	-3.763286171978293e-6
0.5155	-3.7593798057019437e-6
0.516	-3.7554755838290254e-6
0.5165	-3.751573510715422e-6
0.517	-3.7476735906834127e-6
0.5175	-3.7437758280217256e-6
0.518	-3.7398802269855894e-6
0.5185	-3.735986791796794e-6
0.519	-3.732095526643732e-6
0.5195	-3.7282064356814705e-6
0.52	-3.7243195230317873e-6
0.5205	-3.7204347927832543e-6
0.521	-3.7165522489912675e-6
0.5215	-3.7126718956781276e-6
0.522	-3.7087937368330854e-6
0.5225	-3.7049177764124136e-6
0.523	-3.701044018339452e-6
0.5235	-3.6971724665046845e-6
0.524	-3.693303124765799e-6
0.5245	-3.689435996947743e-6
0.525	-3.6855713250010143e-6
0.5255	-3.681709207091628e-6
0.526	-3.677849306869537e-6
0.5265	-3.6739916234490466e-6
0.527	-3.6701361559385737e-6
0.5275	-3.6662829089615867e-6
0.528	-3.6624318707068004e-6
0.5285	-3.6585830456017697e-6
0.529	-3.6547364327300216e-6
0.5295	-3.6508920311694037e-6
0.53	-3.6470498399921136e-6
0.5305	-3.643209858264734e-6
0.531	-3.63937208504826e-6
0.5315	-3.6355365193981455e-6
0.532	-3.6317031603643206e-6
0.5325	-3.627872006991242e-6
0.533	-3.624043058317908e-6
0.5335	-3.6202163133779028e-6
0.534	-3.6163917711994273e-6
0.5345	-3.6125694308053337e-6
0.535	-3.6087492912131457e-6
0.5355	-3.6049313514351097e-6
0.536	-3.6011156104782083e-6
0.5365	-3.597302067344209e-6
0.537	-3.593490721029681e-6
0.5375	-3.58968157052604e-6
0.538	-3.585874614819568e-6
0.5385	-3.582069795115332e-6
0.539	-3.5782681334233e-6
0.5395	-3.5744686552556466e-6
0.54	-3.570671352535485e-6
0.5405	-3.5668762201784498e-6
0.541	-3.563083244325327e-6
0.5415	-3.5592924198731386e-6
0.542	-3.5555037388848465e-6
0.5425	-3.5517171934579037e-6
0.543	-3.5479327757240035e-6
0.5435	-3.5441504778488775e-6
0.544	-3.5403702920320333e-6
0.5445	-3.536592210506553e-6
0.545	-3.5328162255388567e-6
0.5455	-3.5290423294284845e-6
0.546	-3.5252705145078644e-6
0.5465	-3.521500773142111e-6
0.547	-3.5177330977287904e-6
0.5475	-3.5139674806977175e-6
0.548	-3.5102039145107226e-6
0.5485	-3.506442391661461e-6
0.549	-3.5026829046751905e-6
0.5495	-3.4989254461085628e-6
0.55	-3.4951700085494136e-6
0.5505	-3.491416584616566e-6
0.551	-3.487665166959611e-6
0.5515	-3.4839157482587243e-6
0.552	-3.4801683212244408e-6
0.5525	-3.4764228829354107e-6
0.553	-3.4726797002652736e-6
0.5535	-3.4689384849530126e-6
0.554	-3.4651992314657162e-6
0.5545	-3.461461923049946e-6
0.555	-3.4577265541852786e-6
0.5555	-3.453993115694756e-6
0.556	-3.4502615984409984e-6
0.5565	-3.4465319933259195e-6
0.557	-3.4428042912904187e-6
0.5575	-3.439078483314092e-6
0.558	-3.435354560414935e-6
0.5585	-3.431632513649046e-6
0.559	-3.427912334110356e-6
0.5595	-3.4241940129303247e-6
0.56	-3.420477541277658e-6
0.5605	-3.4167629103580455e-6
0.561	-3.41305011141386e-6
0.5615	-3.409339135723899e-6
0.562	-3.40562997460309e-6
0.5625	-3.401922619402248e-6
0.5630000000000001	-3.398217061507778e-6
0.5635	-3.3945132923414295e-6
0.5640000000000001	-3.3908113033600168e-6
0.5645	-3.387111086055169e-6
0.5650000000000001	-3.383412631953062e-6
0.5655	-3.3797159326141597e-6
0.5660000000000001	-3.3760209796329665e-6
0.5665	-3.3723277646377678e-6
0.5670000000000001	-3.3686357369823527e-6
0.5675	-3.3649451746354733e-6
0.5680000000000001	-3.3612563363650677e-6
0.5685	-3.3575692197919e-6
0.5690000000000001	-3.353883822542227e-6
0.5695	-3.3502001422477834e-6
0.5700000000000001	-3.346518176545755e-6
0.5705	-3.342837923078773e-6
0.5710000000000001	-3.339159379494883e-6
0.5715	-3.3354825434475358e-6
0.5720000000000001	-3.3318074125955694e-6
0.5725	-3.3281339846031785e-6
0.5730000000000001	-3.3244622571399145e-6
0.5735	-3.3207922278806613e-6
0.5740000000000001	-3.317123894505604e-6
0.5745	-3.313457254700235e-6
0.5750000000000001	-3.309792306155311e-6
0.5755	-3.30612904656686e-6
0.5760000000000001	-3.302467473636139e-6
0.5765	-3.2988075850696383e-6
0.577	-3.2951493785790463e-6
0.5775	-3.2914928518812477e-6
0.578	-3.287838002698291e-6
0.5785	-3.284184828757376e-6
0.579	-3.2805333277908434e-6
0.5795	-3.2768834975361516e-6
0.58	-3.2732353341779607e-6
0.5805	-3.269588838548773e-6
0.581	-3.2659439555469447e-6
0.5815	-3.2623019550423174e-6
0.582	-3.2586616044162048e-6
0.5825	-3.2550228930952396e-6
0.583	-3.251385810548575e-6
0.5835	-3.247750346287491e-6
0.584	-3.244116489865027e-6
0.5845	-3.2404842308755893e-6
0.585	-3.236853558954597e-6
0.5855	-3.2332244637780977e-6
0.586	-3.2295969350624123e-6
0.5865	-3.2259709625637623e-6
0.587	-3.222346536077923e-6
0.5875	-3.218723645439852e-6
0.588	-3.2151022805233496e-6
0.5885	-3.2114824312406924e-6
0.589	-3.2078640875423057e-6
0.5895	-3.2042472394163964e-6
0.59	-3.2006318768886306e-6
0.5905	-3.1970179900217784e-6
0.591	-3.1934055689153924e-6
0.5915	-3.189794603705462e-6
0.592	-3.1861850845640915e-6
0.5925	-3.182577001699163e-6
0.593	-3.1789703467704965e-6
0.5935	-3.1753651072451808e-6
0.594	-3.17176127481721e-6
0.5945	-3.1681588398347784e-6
0.595	-3.1645577926803004e-6
0.5955	-3.160958123770078e-6
0.596	-3.15737631513096e-6
0.5965	-3.1537985305042355e-6
0.597	-3.1502218281894393e-6
0.5975	-3.1466460669015528e-6
0.598	-3.1430711057231715e-6
0.5985	-3.1394968040482292e-6
0.599	-3.135923021526116e-6
0.5995	-3.132349618006132e-6
0.6	-3.1287764534821905e-6
0.6005	-3.1252033880377825e-6
0.601	-3.121630281791092e-6
0.6015	-3.1180569948402752e-6
0.602	-3.114483387208793e-6
0.6025	-3.110909318790811e-6
0.603	-3.1073346492965823e-6
0.6035	-3.103759238197765e-6
0.604	-3.1001829446726665e-6
0.6045	-3.096605627551306e-6
0.605	-3.0930271452603178e-6
0.6055	-3.089447355767588e-6
0.606	-3.0858661165266155e-6
0.6065	-3.0822832694190673e-6
0.607	-3.078698700630525e-6
0.6075	-3.0751122512964354e-6
0.608	-3.0715237762795226e-6
0.6085	-3.0679331296276824e-6
0.609	-3.0643401645125884e-6
0.6095	-3.0607447331672985e-6
0.61	-3.0571466868227782e-6
0.6105	-3.05353907137379e-6
0.611	-3.0499194800916356e-6
0.6115	-3.0462969413661306e-6
0.612	-3.0426714136446997e-6
0.6125	-3.0390428550567327e-6
0.613	-3.035411223407614e-6
0.6135	-3.0317764761726708e-6
0.614	-3.0281385704910367e-6
0.6145	-3.0244974631594487e-6
0.615	-3.020853110625988e-6
0.6155	-3.017205468983704e-6
0.616	-3.0135544939642172e-6
0.6165	-3.0099001409312202e-6
0.617	-3.00624236487391e-6
0.6175	-3.0025811204003696e-6
0.618	-2.9989163617308668e-6
0.6185	-2.995248042691093e-6
0.619	-2.991576116705351e-6
0.6195	-2.9879004849051757e-6
0.62	-2.984221199941818e-6
0.6205	-2.980538166294897e-6
0.621	-2.976851335786477e-6
0.6215	-2.9731606598004316e-6
0.622	-2.9694660892741886e-6
0.6225	-2.9657675746903233e-6
0.623	-2.962065066067967e-6
0.6235	-2.958358512954061e-6
0.624	-2.954647864414405e-6
0.6245	-2.950933069024565e-6
0.625	-2.947208534625984e-6
0.6255000000000001	-2.9434771496989803e-6
0.626	-2.9397415360334717e-6
0.6265000000000001	-2.936001702516426e-6
0.627	-2.9322576582164087e-6
0.6275000000000001	-2.9285094123846316e-6
0.628	-2.924756974456022e-6
0.6285000000000001	-2.9210003540502768e-6
0.629	-2.9172395609729306e-6
0.6295000000000001	-2.9134746052164036e-6
0.63	-2.9097054969610765e-6
0.6305000000000001	-2.9059322465763435e-6
0.631	-2.9021548646216676e-6
0.6315000000000001	-2.89837336184764e-6
0.632	-2.894587749197042e-6
0.6325000000000001	-2.8907980174591933e-6
0.633	-2.8870042176406267e-6
0.6335000000000001	-2.8832063421568876e-6
0.634	-2.8794044027390574e-6
0.6345000000000001	-2.8755984113145032e-6
0.635	-2.8717883800077037e-6
0.6355000000000001	-2.8679743211410562e-6
0.636	-2.864156247235693e-6
0.6365000000000001	-2.8603341710122307e-6
0.637	-2.856508105391562e-6
0.6375000000000001	-2.8526780634955807e-6
0.638	-2.8488440586479235e-6
0.6385000000000001	-2.8450061043746685e-6
0.639	-2.841162165055478e-6
0.6395000000000001	-2.8373139236452817e-6
0.64	-2.8334618033577267e-6
0.6405	-2.8296058385056492e-6
0.641	-2.825746063803712e-6
0.6415	-2.821882514367276e-6
0.642	-2.81801522571114e-6
0.6425	-2.8141442337482305e-6
0.643	-2.81026957478814e-6
0.6435	-2.806391285535596e-6
0.644	-2.8025094030888133e-6
0.6445	-2.798623964937755e-6
0.645	-2.7947350089622765e-6
0.6455	-2.790842570535672e-6
0.646	-2.786946693975705e-6
0.6465	-2.783047415585163e-6
0.647	-2.779144774782661e-6
0.6475	-2.7752388113657293e-6
0.648	-2.771329565508308e-6
0.6485	-2.7674170777581516e-6
0.649	-2.7635013890341123e-6
0.6495	-2.7595825406233303e-6
0.65	-2.755660574178311e-6
0.6505	-2.7517355317138837e-6
0.651	-2.747807455604068e-6
0.6515	-2.7438763885788255e-6
0.652	-2.739942373720703e-6
0.6525	-2.7360052651396928e-6
0.653	-2.7320652410861713e-6
0.6535	-2.7281224036700596e-6
0.654	-2.7241767994470575e-6
0.6545	-2.7202284753211202e-6
0.655	-2.7162774785400055e-6
0.6555	-2.7123238566907295e-6
0.656	-2.7083676576948644e-6
0.6565	-2.704408929803781e-6
0.657	-2.700447721593729e-6
0.6575	-2.696484081960836e-6
0.658	-2.6925180601159816e-6
0.6585	-2.688549705579568e-6
0.659	-2.684579068068254e-6
0.6595	-2.680606197919395e-6
0.66	-2.6766311454448237e-6
0.6605	-2.672653961348529e-6
0.661	-2.668674696616273e-6
0.6615	-2.6646934025097504e-6
0.662	-2.6607101305606197e-6
0.6625	-2.656724932564457e-6
0.663	-2.652737860574608e-6
0.6635	-2.6487489668959357e-6
0.664	-2.6447583040785094e-6
0.6645	-2.640765924911155e-6
0.665	-2.6367718824149527e-6
0.6655	-2.6327764336243674e-6
0.666	-2.628780107248595e-6
0.6665	-2.6247822695060905e-6
0.667	-2.620782966553551e-6
0.6675	-2.616782244720052e-6
0.668	-2.6127801505019547e-6
0.6685	-2.6087767305577792e-6
0.669	-2.604772031702993e-6
0.6695	-2.6007661009047925e-6
0.67	-2.5967589852767833e-6
0.6705	-2.5927507320736567e-6
0.671	-2.5887413886857935e-6
0.6715	-2.584731002633835e-6
0.672	-2.580719621634333e-6
0.6725	-2.576707293307679e-6
0.673	-2.5726940656043804e-6
0.6735	-2.5686799865111248e-6
0.674	-2.5646651041170725e-6
0.6745	-2.56064946660819e-6
0.675	-2.5566331222615505e-6
0.6755	-2.5526161194395987e-6
0.676	-2.548598506584387e-6
0.6765	-2.544580332211802e-6
0.677	-2.540561644905735e-6
0.6775	-2.536542493312268e-6
0.678	-2.5325229261337938e-6
0.6785	-2.528502992123164e-6
0.679	-2.524484481250224e-6
0.6795	-2.520465755693548e-6
0.68	-2.5164467790132913e-6
0.6805	-2.512427584179504e-6
0.681	-2.5084082041801297e-6
0.6815	-2.504388672018327e-6
0.682	-2.500369020709748e-6
0.6825	-2.4963492832798473e-6
0.683	-2.492329492761166e-6
0.6835	-2.488309682190617e-6
0.684	-2.4842898846067782e-6
0.6845	-2.4802701330471795e-6
0.685	-2.4762504605452925e-6
0.6855	-2.4722309001296804e-6
0.686	-2.4682114848179065e-6
0.6865	-2.4641922476162004e-6
0.687	-2.4601732215161454e-6
0.6875	-2.4561544394920066e-6
0.6880000000000001	-2.4521359344980083e-6
0.6885	-2.44811773946565e-6
0.6890000000000001	-2.444099887301009e-6
0.6895	-2.4400824108820587e-6
0.6900000000000001	-2.4360653430559864e-6
0.6905	-2.43204871663653e-6
0.6910000000000001	-2.428032564401307e-6
0.6915	-2.424016919089158e-6
0.6920000000000001	-2.420003191758397e-6
0.6925	-2.4159904910546495e-6
0.6930000000000001	-2.411978366323787e-6
0.6935	-2.4079668340426327e-6
0.6940000000000001	-2.403955910663519e-6
0.6945	-2.399945612613627e-6
0.6950000000000001	-2.395935956294338e-6
0.6955	-2.391926958080573e-6
0.6960000000000001	-2.3879186343201578e-6
0.6965	-2.3839110013331607e-6
0.6970000000000001	-2.3799040754112636e-6
0.6975	-2.3758978728171178e-6
0.6980000000000001	-2.371892409783706e-6
0.6985	-2.3678877025918866e-6
0.6990000000000001	-2.36388376726626e-6
0.6995	-2.3598806200156274e-6
0.7000000000000001	-2.3558782769477826e-6
0.7005	-2.3518767541377124e-6
0.7010000000000001	-2.347876067626968e-6
0.7015	-2.343876233423058e-6
0.7020000000000001	-2.3398772674988466e-6
0.7025	-2.3358791857919416e-6
0.7030000000000001	-2.3318820042040964e-6
0.7035	-2.3278857386006238e-6
0.704	-2.3238904048097934e-6
0.7045	-2.319896018622242e-6
0.705	-2.315903645478551e-6
0.7055	-2.311913585326678e-6
0.706	-2.307924488522531e-6
0.7065	-2.303936350148933e-6
0.707	-2.2999491652997e-6
0.7075	-2.295962929079552e-6
0.708	-2.2919776366040616e-6
0.7085	-2.2879932829995645e-6
0.709	-2.284009863403095e-6
0.7095	-2.2800273729623107e-6
0.71	-2.2760458068354276e-6
0.7105	-2.2720651601911402e-6
0.711	-2.2680854282085476e-6
0.7115	-2.264106606246848e-6
0.712	-2.260128689177231e-6
0.7125	-2.256151672366473e-6
0.713	-2.2521755510344418e-6
0.7135	-2.248200320411077e-6
0.714	-2.244225975736322e-6
0.7145	-2.240252512260052e-6
0.715	-2.2362799252420227e-6
0.7155	-2.2323082099517917e-6
0.716	-2.228337361668663e-6
0.7165	-2.2243673756816122e-6
0.717	-2.220398247289223e-6
0.7175	-2.216429971799633e-6
0.718	-2.212462544530458e-6
0.7185	-2.2084962724179474e-6
0.719	-2.204530849200089e-6
0.7195	-2.2005662546003138e-6
0.72	-2.1966024812250807e-6
0.7205	-2.192639521695611e-6
0.721	-2.188677368647758e-6
0.7215	-2.18471601473184e-6
0.722	-2.1807554526124964e-6
0.7225	-2.17679567496855e-6
0.723	-2.17283667449284e-6
0.7235	-2.1688784438920917e-6
0.724	-2.16492097588676e-6
0.7245	-2.160964263223998e-6
0.725	-2.1570082986257237e-6
0.7255	-2.1530530748650316e-6
0.726	-2.1490985847158634e-6
0.7265	-2.1451448209651703e-6
0.727	-2.1411917764127754e-6
0.7275	-2.1372394438712345e-6
0.728	-2.1332878161656934e-6
0.7285	-2.129336886133741e-6
0.729	-2.125386646625282e-6
0.7295	-2.1214370905023843e-6
0.73	-2.1174882106391624e-6
0.7305	-2.1135399999216067e-6
0.731	-2.10959245124748e-6
0.7315	-2.1056461811553996e-6
0.732	-2.1017018047839704e-6
0.7325	-2.09775804730961e-6
0.733	-2.0938148859555432e-6
0.7335	-2.0898722979792e-6
0.734	-2.085930260670869e-6
0.7345	-2.0819887513523696e-6
0.735	-2.0780477473757404e-6
0.7355	-2.0741072261218994e-6
0.736	-2.0701671649993464e-6
0.7365	-2.0662275414428425e-6
0.737	-2.062288332912112e-6
0.7375	-2.0583495169193047e-6
0.738	-2.054411070912362e-6
0.7385	-2.0504729724465633e-6
0.739	-2.046535199068552e-6
0.7395	-2.0425977283434506e-6
0.74	-2.0386605378536055e-6
0.7405	-2.0347236051972834e-6
0.741	-2.0307869079874026e-6
0.7415	-2.0268504238502532e-6
0.742	-2.0229141304242267e-6
0.7425	-2.01897800535853e-6
0.743	-2.0150420263119275e-6
0.7435	-2.01110617095147e-6
0.744	-2.0071704169512212e-6
0.7445	-2.0032347419909886e-6
0.745	-1.999296816552899e-6
0.7455	-1.9953573219341313e-6
0.746	-1.9914178918235916e-6
0.7465	-1.987478536839009e-6
0.747	-1.9835392675961003e-6
0.7475	-1.979600094708272e-6
0.748	-1.975661028786353e-6
0.7485	-1.971722080438298e-6
0.749	-1.967783260268913e-6
0.7495	-1.963844578879566e-6
0.75	-1.9599060468678964e-6
0.7505000000000001	-1.9559676748275434e-6
0.751	-1.952029473358199e-6
0.7515000000000001	-1.9480914530259114e-6
0.752	-1.944153624418919e-6
0.7525000000000001	-1.940215998111885e-6
0.753	-1.936278584674041e-6
0.7535000000000001	-1.9323413946688877e-6
0.754	-1.928404438653935e-6
0.7545000000000001	-1.9244677271803933e-6
0.755	-1.9205312707929188e-6
0.7555000000000001	-1.9165950800293128e-6
0.756	-1.9126591654202553e-6
0.7565000000000001	-1.908723537489016e-6
0.757	-1.9047882067511873e-6
0.7575000000000001	-1.9008531837143852e-6
0.758	-1.8969184788779989e-6
0.7585000000000001	-1.8929858815446784e-6
0.759	-1.8890539646782616e-6
0.7595000000000001	-1.8851223641668987e-6
0.76	-1.8811910726276602e-6
0.7605000000000001	-1.8772600826833928e-6
0.761	-1.873329386962573e-6
0.7615000000000001	-1.8693989780991695e-6
0.762	-1.8654688487325103e-6
0.7625000000000001	-1.8615389915071184e-6
0.763	-1.8576093990725995e-6
0.7635000000000001	-1.8536800640834872e-6
0.764	-1.8497509792114294e-6
0.7645000000000001	-1.8458221370964386e-6
0.765	-1.8418935304184456e-6
0.7655000000000001	-1.8379651518503041e-6
0.766	-1.8340369940691125e-6
0.7665000000000001	-1.830109049756073e-6
0.767	-1.8261813115963587e-6
0.7675000000000001	-1.822253772278964e-6
0.768	-1.8183264244965844e-6
0.7685	-1.814399260945467e-6
0.769	-1.8104722743252775e-6
0.7695	-1.8065454573389688e-6
0.77	-1.802618802692638e-6
0.7705	-1.7986923030953884e-6
0.771	-1.7947659512592071e-6
0.7715	-1.7908397250372382e-6
0.772	-1.7869128617973269e-6
0.7725	-1.7829861312234965e-6
0.773	-1.779059532585206e-6
0.7735	-1.7751330651521722e-6
0.774	-1.7712067281943478e-6
0.7745	-1.7672805209819245e-6
0.775	-1.7633544427853343e-6
0.7755	-1.7594284928752509e-6
0.776	-1.7555026705225798e-6
0.7765	-1.751576974998465e-6
0.777	-1.7476514055740669e-6
0.7775	-1.7437259615214358e-6
0.778	-1.739800642112181e-6
0.7785	-1.7358754466183724e-6
0.779	-1.7319503743122992e-6
0.7795	-1.728025424466488e-6
0.78	-1.7241005963536799e-6
0.7805	-1.720175889246844e-6
0.781	-1.716251302419173e-6
0.7815	-1.7123268351440828e-6
0.782	-1.7084024866951978e-6
0.7825	-1.704478256346377e-6
0.783	-1.700554143371684e-6
0.7835	-1.6966301470454026e-6
0.784	-1.6927062666420255e-6
0.7845	-1.6887825014362707e-6
0.785	-1.6848588586868944e-6
0.7855	-1.6809353658942164e-6
0.786	-1.6770119856857062e-6
0.7865	-1.6730887169684639e-6
0.787	-1.6691655586498994e-6
0.7875	-1.6652425096377261e-6
0.788	-1.6613195688399601e-6
0.7885	-1.6573967351649253e-6
0.789	-1.6534740075212306e-6
0.7895	-1.6495513848177863e-6
0.79	-1.6456288659638108e-6
0.7905	-1.6417064498687537e-6
0.791	-1.6377841354424074e-6
0.7915	-1.6338619215948191e-6
0.792	-1.6299398072363276e-6
0.7925	-1.626017791277534e-6
0.793	-1.6220958726293156e-6
0.7935	-1.6181740502028292e-6
0.794	-1.614252322909484e-6
0.7945	-1.610330689660958e-6
0.795	-1.606409149369191e-6
0.7955	-1.6024877009463763e-6
0.796	-1.5985663433049666e-6
0.7965	-1.5946450753576593e-6
0.797	-1.5907238960174003e-6
0.7975	-1.5868028041973892e-6
0.798	-1.5828817988110552e-6
0.7985	-1.5789608946120642e-6
0.799	-1.5750401080804611e-6
0.7995	-1.571119404178955e-6
0.8	-1.5671987814115283e-6
0.8005	-1.5632782382824761e-6
0.801	-1.5593577732963934e-6
0.8015	-1.5554373849581752e-6
0.802	-1.5515170717730055e-6
0.8025	-1.5475968322463565e-6
0.803	-1.5436766648839792e-6
0.8035	-1.5397565681919108e-6
0.804	-1.5358365406764276e-6
0.8045	-1.5319165808441025e-6
0.805	-1.5279966872017442e-6
0.8055	-1.5240768582564272e-6
0.806	-1.5201570925154607e-6
0.8065	-1.5162373884864056e-6
0.807	-1.5123177446770456e-6
0.8075	-1.508398159595403e-6
0.808	-1.5044786317497193e-6
0.8085	-1.5005591596484542e-6
0.809	-1.4966397418002757e-6
0.8095	-1.4927203767140684e-6
0.81	-1.488801062898903e-6
0.8105	-1.48488179886406e-6
0.811	-1.480962583118995e-6
0.8115	-1.4770434141733605e-6
0.812	-1.4731242177332633e-6
0.8125	-1.4692049751235599e-6
0.8130000000000001	-1.4652857768106131e-6
0.8135	-1.4613666226617336e-6
0.8140000000000001	-1.4574475125442335e-6
0.8145	-1.453528446325451e-6
0.8150000000000001	-1.4496094238727345e-6
0.8155	-1.445690445053447e-6
0.8160000000000001	-1.4417715097349665e-6
0.8165	-1.4378526177846843e-6
0.8170000000000001	-1.433933769070013e-6
0.8175	-1.4300149634583753e-6
0.8180000000000001	-1.426096200817203e-6
0.8185	-1.4221774810139505e-6
0.8190000000000001	-1.418258803916083e-6
0.8195	-1.4143401693910796e-6
0.8200000000000001	-1.4104215773064342e-6
0.8205	-1.4065030275296563e-6
0.8210000000000001	-1.4025845199282693e-6
0.8215	-1.398666054369809e-6
0.8220000000000001	-1.3947476307218264e-6
0.8225	-1.3908292488518874e-6
0.8230000000000001	-1.3869109086275707e-6
0.8235	-1.3829926099164688e-6
0.8240000000000001	-1.3790743525861915e-6
0.8245	-1.375156136504358e-6
0.8250000000000001	-1.371237961538603e-6
0.8255	-1.3673196847538289e-6
0.8260000000000001	-1.3634013387700744e-6
0.8265	-1.359483036808648e-6
0.8270000000000001	-1.3555647808463957e-6
0.8275	-1.3516465728599488e-6
0.8280000000000001	-1.3477284148256763e-6
0.8285	-1.3438103087197117e-6
0.8290000000000001	-1.3398922565179161e-6
0.8295	-1.335974260195877e-6
0.8300000000000001	-1.3320563217289144e-6
0.8305	-1.328138443092045e-6
0.8310000000000001	-1.3242206262599828e-6
0.8315	-1.320302873207137e-6
0.8320000000000001	-1.316385185907586e-6
0.8325	-1.3124675663350854e-6
0.833	-1.3085500164630469e-6
0.8335	-1.3046325382645257e-6
0.834	-1.3007151337122226e-6
0.8345	-1.2967978047784626e-6
0.835	-1.292880553435193e-6
0.8355	-1.2889633816539663e-6
0.836	-1.2850462914059398e-6
0.8365	-1.2811292846618496e-6
0.837	-1.2772123633920264e-6
0.8375	-1.2732955295663547e-6
0.838	-1.269378785154291e-6
0.8385	-1.2654621321248339e-6
0.839	-1.261545847336727e-6
0.8395	-1.2576297902558847e-6
0.84	-1.2537138247544725e-6
0.8405	-1.249797949403256e-6
0.841	-1.2458821627733386e-6
0.8415	-1.2419664634361427e-6
0.842	-1.2380508499634118e-6
0.8425	-1.234135320927269e-6
0.843	-1.230219874899946e-6
0.8435	-1.2263045104541677e-6
0.844	-1.2223892261628917e-6
0.8445	-1.2184740205993671e-6
0.845	-1.214558892337139e-6
0.8455	-1.2106438399500205e-6
0.846	-1.2067288620121116e-6
0.8465	-1.202813957097774e-6
0.847	-1.198899123781643e-6
0.8475	-1.194984360638607e-6
0.848	-1.1910696662438138e-6
0.8485	-1.1871550391726635e-6
0.849	-1.1832404780007943e-6
0.8495	-1.1793259813040871e-6
0.85	-1.175411547658657e-6
0.8505	-1.1714971756408494e-6
0.851	-1.1675828638272342e-6
0.8515	-1.1636686107945949e-6
0.852	-1.1597544151199335e-6
0.8525	-1.1561026917772236e-6
0.853	-1.1524975119884643e-6
0.8535	-1.148853136012757e-6
0.854	-1.145170267588114e-6
0.8545	-1.1414497976329755e-6
0.855	-1.1376928086035837e-6
0.8555	-1.1339005771700058e-6
0.856	-1.1300725892347236e-6
0.8565	-1.126214361457614e-6
0.857	-1.1223260288538507e-6
0.8575	-1.118409605039715e-6
0.858	-1.1144672770072284e-6
0.8585	-1.1105013985682329e-6
0.859	-1.1065144811251604e-6
0.8595	-1.102509181747429e-6
0.86	-1.0984882886142361e-6
0.8605	-1.0944547039716992e-6
0.861	-1.0904114248409846e-6
0.8615	-1.086361521798845e-6
0.862	-1.0823081162283184e-6
0.8625	-1.0782543564997771e-6
0.863	-1.0742033935872494e-6
0.8635	-1.0701583566485802e-6
0.864	-1.066122329099013e-6
0.8645	-1.0620983256858427e-6
0.865	-1.0580892710287509e-6
0.8655	-1.0540979800290349e-6
0.866	-1.050102248602925e-6
0.8665	-1.0461605742812642e-6
0.867	-1.0422611887354696e-6
0.8675	-1.038385543742405e-6
0.868	-1.0345161546612409e-6
0.8685	-1.0306133509263714e-6
0.869	-1.0266741942008106e-6
0.8695	-1.0227492025430334e-6
0.87	-1.0189145520041549e-6
0.8705	-1.0151080482394524e-6
0.871	-1.011274813205313e-6
0.8715	-1.0072988875576367e-6
0.872	-1.0032919183926882e-6
0.8725	-9.99314556594435e-7
0.873	-9.953974733324798e-7
0.8735	-9.914944641858034e-7
0.874	-9.875824367708842e-7
0.8745	-9.83665025944887e-7
0.875	-9.797498683281767e-7
0.8755000000000001	-9.758467759238557e-7
0.876	-9.719436314500237e-7
0.8765000000000001	-9.680287369224565e-7
0.877	-9.640946438234492e-7
0.8775000000000001	-9.601723837364916e-7
0.878	-9.563104936934639e-7
0.8785000000000001	-9.524821596076013e-7
0.879	-9.486338586924937e-7
0.8795000000000001	-9.44664838197285e-7
0.88	-9.406562540358268e-7
0.8805000000000001	-9.366748547615385e-7
0.881	-9.327765916492964e-7
0.8815000000000001	-9.288923013446452e-7
0.882	-9.249834321238094e-7
0.8825000000000001	-9.210476302091742e-7
0.883	-9.171109591859508e-7
0.8835000000000001	-9.131950705956224e-7
0.884	-9.092891698759875e-7
0.8845000000000001	-9.05388097749114e-7
0.885	-9.014888710515707e-7
0.8855000000000001	-8.975887596491948e-7
0.886	-8.936845273516006e-7
0.8865000000000001	-8.897735956633458e-7
0.887	-8.858543116751991e-7
0.8875000000000001	-8.819266297450439e-7
0.888	-8.779849760013245e-7
0.8885000000000001	-8.740193527494286e-7
0.889	-8.699944467974284e-7
0.8895000000000001	-8.659843697193348e-7
0.89	-8.62067680108125e-7
0.8905000000000001	-8.582435334002895e-7
0.891	-8.544173911146962e-7
0.8915000000000001	-8.504698814838126e-7
0.892	-8.464598222299877e-7
0.8925000000000001	-8.424683610736084e-7
0.893	-8.38626358391572e-7
0.8935000000000001	-8.347998794635189e-7
0.894	-8.309481032429234e-7
0.8945000000000001	-8.270374733369719e-7
0.895	-8.231110893400933e-7
0.8955000000000001	-8.191769559919557e-7
0.896	-8.152504017752308e-7
0.8965	-8.113491103690581e-7
0.897	-8.075470319439964e-7
0.8975	-8.037466485342036e-7
0.898	-7.998807911636873e-7
0.8985	-7.958545877510023e-7
0.899	-7.918014666688926e-7
0.8995	-7.87821471224469e-7
0.9	-7.839119776015427e-7
0.9005	-7.800176622018972e-7
0.901	-7.760984793678474e-7
0.9015	-7.721730881667986e-7
0.902	-7.682476716904968e-7
0.9025	-7.643253655322711e-7
0.903	-7.604084151166641e-7
0.9035	-7.565051208362152e-7
0.904	-7.526127653034737e-7
0.9045	-7.487188531423305e-7
0.905	-7.448068705540439e-7
0.9055	-7.408852449720168e-7
0.906	-7.369577773200958e-7
0.9065	-7.330177537426621e-7
0.907	-7.290985313676127e-7
0.9075	-7.252525762249327e-7
0.908	-7.214768096659883e-7
0.9085	-7.176809774627168e-7
0.909	-7.13740909098843e-7
0.9095	-7.096979389367956e-7
0.91	-7.05641971661709e-7
0.9105	-7.01688850395084e-7
0.911	-6.977575143224046e-7
0.9115	-6.938373088796168e-7
0.912	-6.899193603702561e-7
0.9125	-6.860046662989032e-7
0.913	-6.820890757303986e-7
0.9135	-6.781698987547288e-7
0.914	-6.742446317868244e-7
0.9145	-6.702974970514457e-7
0.915	-6.663510815099285e-7
0.9155	-6.624196506034764e-7
0.916	-6.585132705489975e-7
0.9165	-6.546214220756575e-7
0.917	-6.507539776161288e-7
0.9175	-6.468949328396743e-7
0.918	-6.430194292705146e-7
0.9185	-6.390703206455391e-7
0.919	-6.350979760092978e-7
0.9195	-6.311395446288397e-7
0.92	-6.272275088864148e-7
0.9205	-6.233211744620937e-7
0.921	-6.193971053733133e-7
0.9215	-6.15455250069539e-7
0.922	-6.115119525746597e-7
0.9225	-6.075795731554442e-7
0.923	-6.036544063033491e-7
0.9235	-5.997396802118903e-7
0.924	-5.958435234429741e-7
0.9245	-5.919351459210924e-7
0.925	-5.879663430405488e-7
0.9255	-5.839462092437588e-7
0.926	-5.799471925571823e-7
0.9265	-5.760722795266725e-7
0.927	-5.722415909798916e-7
0.9275	-5.684076691470539e-7
0.928	-5.645115060995127e-7
0.9285	-5.606003473784262e-7
0.929	-5.566871150345563e-7
0.9295	-5.527786213229819e-7
0.93	-5.488697555311147e-7
0.9305	-5.449645481451857e-7
0.931	-5.410582668471376e-7
0.9315	-5.371453387929512e-7
0.932	-5.332129891232069e-7
0.9325	-5.292763575708161e-7
0.933	-5.253446368745827e-7
0.9335	-5.214230745719936e-7
0.934	-5.175027830478287e-7
0.9345	-5.135782563540931e-7
0.935	-5.096505049085674e-7
0.9355	-5.057218634469787e-7
0.936	-5.017984876048021e-7
0.9365	-4.97871055620242e-7
0.937	-4.939240260354704e-7
0.9375	-4.899496739421547e-7
0.9380000000000001	-4.859993561138896e-7
0.9385	-4.821522081748092e-7
0.9390000000000001	-4.783621398146526e-7
0.9395	-4.745533985575792e-7
0.9400000000000001	-4.7059332211582213e-7
0.9405	-4.669678903807997e-7
0.9410000000000001	-4.625795490871914e-7
0.9415	-4.5865670209166035e-7
0.9420000000000001	-4.5475093547959156e-7
0.9425	-4.508407080234083e-7
0.9430000000000001	-4.469343911998333e-7
0.9435	-4.4304956320406224e-7
0.9440000000000001	-4.3908776951850683e-7
0.9445	-4.351782218881169e-7
0.9450000000000001	-4.3131699914874406e-7
0.9455	-4.274146578546743e-7
0.9460000000000001	-4.23480806776562e-7
0.9465	-4.1940641331235804e-7
0.9470000000000001	-4.1545993981405523e-7
0.9475	-4.117410775014861e-7
0.9480000000000001	-4.079389669377914e-7
0.9485	-4.040675705815267e-7
0.9490000000000001	-3.9992615535079164e-7
0.9495	-3.959032804378741e-7
0.9500000000000001	-3.9193282635701806e-7
0.9505	-3.881408172294951e-7
0.9510000000000001	-3.8425121939643317e-7
0.9515	-3.802826724245577e-7
0.9520000000000001	-3.7635583026657353e-7
0.9525	-3.7246130648916826e-7
0.9530000000000001	-3.6870756437921525e-7
0.9535	-3.648477301875953e-7
0.9540000000000001	-3.609224075107957e-7
0.9545	-3.567614997669863e-7
0.9550000000000001	-3.5279100440525086e-7
0.9555	-3.4908642665947107e-7
0.9560000000000001	-3.4526810367975026e-7
0.9565	-3.413809944112095e-7
0.9570000000000001	-3.3723516116529773e-7
0.9575	-3.332150321538191e-7
0.9580000000000001	-3.2930829524660203e-7
0.9585	-3.2540605205641337e-7
0.9590000000000001	-3.21516356010992e-7
0.9595	-3.1766712178173856e-7
0.96	-3.1378307065906e-7
0.9605	-3.0986515376622675e-7
0.961	-3.058227165987784e-7
0.9615	-3.01856376878921e-7
0.962	-2.9798418678481066e-7
0.9625	-2.9409912413952953e-7
0.963	-2.9020674575955387e-7
0.9635	-2.863507240381473e-7
0.964	-2.823923214096872e-7
0.9645	-2.78325018821481e-7
0.965	-2.7379884884336014e-7
0.9655	-2.6970187994998443e-7
0.966	-2.663054315347576e-7
0.9665	-2.6271550555531423e-7
0.967	-2.5903173799244655e-7
0.9675	-2.5496955408095706e-7
0.968	-2.5099540844979385e-7
0.9685	-2.46987566541787e-7
0.969	-2.4298636139117153e-7
0.9695	-2.390164928168608e-7
0.97	-2.3518112260105022e-7
0.9705	-2.313192673992727e-7
0.971	-2.274459669616191e-7
0.9715	-2.2351887867183317e-7
0.972	-2.195965049097464e-7
0.9725	-2.1563846926748175e-7
0.973	-2.1168299080673508e-7
0.9735	-2.0773913668757452e-7
0.974	-2.03846984882497e-7
0.9745	-1.9994649494462988e-7
0.975	-1.9604451945763468e-7
0.9755	-1.9212968589882823e-7
0.976	-1.8821385031989534e-7
0.9765	-1.842802295508703e-7
0.977	-1.8034797418270747e-7
0.9775	-1.7642043082560983e-7
0.978	-1.725929096709107e-7
0.9785	-1.686513806733574e-7
0.979	-1.6431368338747018e-7
0.9795	-1.5992394790147344e-7
0.98	-1.5578307149678208e-7
0.9805	-1.5258385387261724e-7
0.981	-1.4918280726418143e-7
0.9815	-1.4565029783294272e-7
0.982	-1.4144330826300403e-7
0.9825	-1.3730189393243867e-7
0.983	-1.3329813184517628e-7
0.9835	-1.293542317426943e-7
0.984	-1.254343895359126e-7
0.9845	-1.2155691598093887e-7
0.985	-1.1766687797694688e-7
0.9855	-1.1374638418480727e-7
0.986	-1.0968409497523272e-7
0.9865	-1.0567713109007663e-7
0.987	-1.0180028354735165e-7
0.9875	-9.79600190681724e-8
0.988	-9.410860156072303e-8
0.9885	-9.01610753861302e-8
0.989	-8.619161385503092e-8
0.9895	-8.218317668880325e-8
0.99	-7.815588193649e-8
0.9905	-7.416206383034026e-8
0.991	-7.030214758719894e-8
0.9915	-6.648769663584402e-8
0.992	-6.267392790934793e-8
0.9925	-5.8779329107287386e-8
0.993	-5.487458679462695e-8
0.9935	-5.096521834460821e-8
0.994	-4.705732200158811e-8
0.9945	-4.314618213365846e-8
0.995	-3.92383765306627e-8
0.9955	-3.5325546875988056e-8
0.996	-3.139892536864485e-8
0.9965	-2.742451340372376e-8
0.997	-2.3451211453909214e-8
0.9975	-2.0943279582591138e-8
0.998	-1.3548062554180734e-8
0.9985	-1.1414125095833432e-8
0.999	-8.023388938454374e-9
0.9995	-4.011694469227187e-9