0.	7.836993386906577e-6
0.0005	7.840960089749894e-6
0.001	7.844926847388197e-6
0.0015	7.848893658880835e-6
0.002	7.852860523287032e-6
0.0025	7.856827439665883e-6
0.003	7.860794407076358e-6
0.0035	7.864761424577307e-6
0.004	7.868728491227465e-6
0.0045000000000000005	7.872695606085447e-6
0.005	7.876662768209752e-6
0.0055	7.880629976658768e-6
0.006	7.884597230490773e-6
0.006500000000000001	7.888564528763938e-6
0.007	7.892531870536329e-6
0.0075	7.896499254865907e-6
0.008	7.900466680810531e-6
0.0085	7.90443421749375e-6
0.009000000000000001	7.90840180640897e-6
0.0095	7.912369432809295e-6
0.01	7.916337095043626e-6
0.0105	7.920304791460717e-6
0.011	7.924272520409185e-6
0.0115	7.928240280237528e-6
0.012	7.932208069294048e-6
0.0125	7.936175885926993e-6
0.013000000000000001	7.940143728484476e-6
0.0135	7.9441115953145e-6
0.014	7.948079484764974e-6
0.0145	7.952047395183699e-6
0.015	7.9560153249184e-6
0.0155	7.959983272316719e-6
0.016	7.963951235726221e-6
0.0165	7.967919213494408e-6
0.017	7.971887203968722e-6
0.0175	7.975855205496547e-6
0.018000000000000002	7.979823216425228e-6
0.0185	7.983791235102069e-6
0.019	7.987759259874338e-6
0.0195	7.991727289089281e-6
0.02	7.995695321094124e-6
0.0205	7.999663354236083e-6
0.021	8.003631386862372e-6
0.021500000000000002	8.007599374259414e-6
0.022	8.011567254099645e-6
0.0225	8.015535130086338e-6
0.023	8.019503001820211e-6
0.0235	8.023470868901984e-6
0.024	8.027438730932383e-6
0.0245	8.031406587512176e-6
0.025	8.035374438242018e-6
0.025500000000000002	8.039342282722689e-6
0.026000000000000002	8.043310120554935e-6
0.0265	8.04727795133951e-6
0.027	8.051245774677179e-6
0.0275	8.055213590168703e-6
0.028	8.059181397414862e-6
0.0285	8.06314919601644e-6
0.029	8.06711698557423e-6
0.029500000000000002	8.071084765689037e-6
0.03	8.075052535961668e-6
0.0305	8.079020295992951e-6
0.031	8.082988045383711e-6
0.0315	8.086955783734796e-6
0.032	8.090923510647057e-6
0.0325	8.09489122572136e-6
0.033	8.09885892855858e-6
0.0335	8.102826618759612e-6
0.034	8.106794295925353e-6
0.0345	8.110761959656723e-6
0.035	8.11472963009552e-6
0.035500000000000004	8.118697293284083e-6
0.036000000000000004	8.122664941429962e-6
0.0365	8.126632573898261e-6
0.037	8.130600190054098e-6
0.0375	8.134567789262408e-6
0.038	8.138535370888806e-6
0.0385	8.142502934298284e-6
0.039	8.146470478856076e-6
0.0395	8.150438003927442e-6
0.04	8.154405508877689e-6
0.0405	8.158372993072137e-6
0.041	8.162340455876152e-6
0.0415	8.166307896655128e-6
0.042	8.170275314774498e-6
0.0425	8.17424270959973e-6
0.043000000000000003	8.178210080496327e-6
0.043500000000000004	8.182177426829833e-6
0.044	8.186144747965834e-6
0.0445	8.19011204326995e-6
0.045	8.194079312107845e-6
0.0455	8.198046553845226e-6
0.046	8.202013767847843e-6
0.0465	8.20598095348149e-6
0.047	8.209948110112007e-6
0.0475	8.21391523710528e-6
0.048	8.217882316136901e-6
0.0485	8.221849288317915e-6
0.049	8.225816229910882e-6
0.0495	8.22978314108036e-6
0.05	8.233750021990904e-6
0.0505	8.237716872808312e-6
0.051000000000000004	8.241683693694579e-6
0.051500000000000004	8.245650484815484e-6
0.052000000000000005	8.249617246335529e-6
0.0525	8.253583978419206e-6
0.053	8.25755068123099e-6
0.0535	8.26151735493535e-6
0.054	8.265483999696742e-6
0.0545	8.269450615679607e-6
0.055	8.273417203048376e-6
0.0555	8.277383761967465e-6
0.056	8.281350292601284e-6
0.0565	8.285316795114231e-6
0.057	8.289283269670685e-6
0.0575	8.293249716435022e-6
0.058	8.297216135571599e-6
0.0585	8.30118252724477e-6
0.059000000000000004	8.305148891618872e-6
0.059500000000000004	8.309115228858229e-6
0.06	8.31308153912716e-6
0.0605	8.317047822589965e-6
0.061	8.321014079410944e-6
0.0615	8.324980394481281e-6
0.062	8.328946732341303e-6
0.0625	8.332913042183764e-6
0.063	8.336879323028167e-6
0.0635	8.340845573894091e-6
0.064	8.344811793800615e-6
0.0645	8.348777981768616e-6
0.065	8.352744136817321e-6
0.0655	8.356710257966615e-6
0.066	8.360676344236465e-6
0.0665	8.364642394646929e-6
0.067	8.368608408218152e-6
0.0675	8.372574383970368e-6
0.068	8.376540320923904e-6
0.0685	8.380506218099187e-6
0.069	8.384472074516737e-6
0.0695	8.38843788919718e-6
0.07	8.392403661161243e-6
0.07050000000000001	8.396369389429755e-6
0.07100000000000001	8.400335073023661e-6
0.07150000000000001	8.40430071096401e-6
0.07200000000000001	8.408266302271962e-6
0.0725	8.4122318459688e-6
0.073	8.416197341075915e-6
0.0735	8.420162786614826e-6
0.074	8.424128181607172e-6
0.0745	8.428093506243241e-6
0.075	8.432058513960128e-6
0.0755	8.436023470779013e-6
0.076	8.439988378133318e-6
0.0765	8.4439532374563e-6
0.077	8.44791805018135e-6
0.0775	8.451882817740708e-6
0.078	8.455847541567464e-6
0.0785	8.459812223094205e-6
0.079	8.463776863753365e-6
0.0795	8.467741464977233e-6
0.08	8.471706028197949e-6
0.0805	8.475670554847521e-6
0.081	8.479635046357824e-6
0.0815	8.483599504160602e-6
0.082	8.487563929687488e-6
0.0825	8.491528324369988e-6
0.083	8.495492689639497e-6
0.0835	8.49945702692731e-6
0.084	8.503421337664619e-6
0.0845	8.507385623282513e-6
0.085	8.511349885212004e-6
0.0855	8.515314124884005e-6
0.08600000000000001	8.519278343729354e-6
0.08650000000000001	8.52324254317882e-6
0.08700000000000001	8.527206724663092e-6
0.08750000000000001	8.531170889612797e-6
0.088	8.535135109805079e-6
0.0885	8.539099387886651e-6
0.089	8.543063651914822e-6
0.0895	8.547027902109024e-6
0.09	8.550992138688833e-6
0.0905	8.554956361873366e-6
0.091	8.558920571882175e-6
0.0915	8.56288476893466e-6
0.092	8.566848953250217e-6
0.0925	8.57081312504823e-6
0.093	8.57477728454808e-6
0.0935	8.578741431969141e-6
0.094	8.58270556753078e-6
0.0945	8.586669691452357e-6
0.095	8.590633803953223e-6
0.0955	8.59459790525273e-6
0.096	8.59856199557022e-6
0.0965	8.602526075125021e-6
0.097	8.606490144136467e-6
0.0975	8.61045420282388e-6
0.098	8.61441825140658e-6
0.0985	8.618382290103876e-6
0.099	8.622346319135078e-6
0.0995	8.626310338719485e-6
0.1	8.630274349076394e-6
0.1005	8.634238350425098e-6
0.101	8.638202342984879e-6
0.1015	8.642166198180961e-6
0.10200000000000001	8.646130034654095e-6
0.10250000000000001	8.650093865284967e-6
0.10300000000000001	8.654057691485446e-6
0.10350000000000001	8.658021514667529e-6
0.10400000000000001	8.661985336243032e-6
0.1045	8.665949157623834e-6
0.105	8.669912980221808e-6
0.1055	8.673876805448837e-6
0.106	8.677840634716807e-6
0.1065	8.681804469437623e-6
0.107	8.685768311023207e-6
0.1075	8.68973216088551e-6
0.108	8.693696020436503e-6
0.1085	8.697659891088202e-6
0.109	8.701623774252659e-6
0.1095	8.705587671341968e-6
0.11	8.709551583768275e-6
0.1105	8.713515512943778e-6
0.111	8.717479460280736e-6
0.1115	8.721443427191475e-6
0.112	8.72540741508839e-6
0.1125	8.729371425383948e-6
0.113	8.733335459490699e-6
0.1135	8.737299518821274e-6
0.114	8.741263604788396e-6
0.1145	8.745227813341102e-6
0.115	8.749192232768968e-6
0.1155	8.753156679922431e-6
0.116	8.757121153861997e-6
0.1165	8.761085653648018e-6
0.117	8.765050178341035e-6
0.11750000000000001	8.769014727001291e-6
0.11800000000000001	8.772979298689038e-6
0.11850000000000001	8.776943892464488e-6
0.11900000000000001	8.78090850738779e-6
0.11950000000000001	8.784873142519056e-6
0.12	8.788837796918332e-6
0.1205	8.792802469645634e-6
0.121	8.796767159760929e-6
0.1215	8.80073186632414e-6
0.122	8.804696588395155e-6
0.1225	8.808661325033824e-6
0.123	8.812626075299962e-6
0.1235	8.816590838253351e-6
0.124	8.820555612953746e-6
0.1245	8.82452039846087e-6
0.125	8.828485193834423e-6
0.1255	8.832449998134078e-6
0.126	8.836414810419496e-6
0.1265	8.840379629750308e-6
0.127	8.844344455186134e-6
0.1275	8.848309285786578e-6
0.128	8.85227395998747e-6
0.1285	8.85623859077663e-6
0.129	8.860203227049348e-6
0.1295	8.86416786963975e-6
0.13	8.868132519382299e-6
0.1305	8.872097177111165e-6
0.131	8.876061843660633e-6
0.1315	8.880026519865007e-6
0.132	8.88399120655861e-6
0.1325	8.88795590457579e-6
0.133	8.891920614750918e-6
0.1335	8.895885337918381e-6
0.134	8.899850074912611e-6
0.1345	8.903814826568055e-6
0.135	8.907779593719193e-6
0.1355	8.911744377200548e-6
0.136	8.915709177846661e-6
0.1365	8.919673996492124e-6
0.137	8.923638833971556e-6
0.1375	8.927603691119622e-6
0.138	8.931568568771025e-6
0.1385	8.935533467760514e-6
0.139	8.93949838892288e-6
0.1395	8.943463333092963e-6
0.14	8.947428301105649e-6
0.1405	8.951393293795876e-6
0.14100000000000001	8.955358325058554e-6
0.14150000000000001	8.959323435121173e-6
0.14200000000000002	8.96328857169859e-6
0.14250000000000002	8.967253735068208e-6
0.14300000000000002	8.971218925506075e-6
0.14350000000000002	8.975184143289644e-6
0.14400000000000002	8.979149388695924e-6
0.1445	8.983114662001943e-6
0.145	8.987079963484743e-6
0.1455	8.99104529342139e-6
0.146	8.995010652088975e-6
0.1465	8.998976039764598e-6
0.147	9.002941456725388e-6
0.1475	9.006906903248491e-6
0.148	9.010872379611072e-6
0.1485	9.014837886090321e-6
0.149	9.018803422963443e-6
0.1495	9.022768990507674e-6
0.15	9.02673458900026e-6
0.1505	9.030700218718476e-6
0.151	9.034665879939618e-6
0.1515	9.038631572941e-6
0.152	9.042597297999966e-6
0.1525	9.046563055393872e-6
0.153	9.050528845400102e-6
0.1535	9.054494668296068e-6
0.154	9.058460524359194e-6
0.1545	9.062426489929531e-6
0.155	9.066392532771206e-6
0.1555	9.070358607945281e-6
0.156	9.074324714705994e-6
0.1565	9.078290852307544e-6
0.157	9.082257020004096e-6
0.1575	9.086223217049759e-6
0.158	9.090189442698593e-6
0.1585	9.094155696204594e-6
0.159	9.098121976821715e-6
0.1595	9.102088283803853e-6
0.16	9.106054616404858e-6
0.1605	9.110020973878532e-6
0.161	9.113987355478632e-6
0.1615	9.117953760458873e-6
0.162	9.121920188072918e-6
0.1625	9.125886637574395e-6
0.163	9.129853108216897e-6
0.1635	9.13381959925397e-6
0.164	9.137786109939126e-6
0.1645	9.141752639525843e-6
0.165	9.145719187267563e-6
0.1655	9.149685752417699e-6
0.166	9.153652334229625e-6
0.1665	9.157618931956689e-6
0.167	9.161585544852217e-6
0.1675	9.165552159139786e-6
0.168	9.169518620150199e-6
0.1685	9.173485095731132e-6
0.169	9.177451586588765e-6
0.1695	9.18141809366811e-6
0.17	9.185384617679828e-6
0.1705	9.189351159411006e-6
0.171	9.19331771964874e-6
0.1715	9.19728429918015e-6
0.17200000000000001	9.20125089879237e-6
0.17250000000000001	9.205217519272555e-6
0.17300000000000001	9.20918416140787e-6
0.17350000000000002	9.213150825985505e-6
0.17400000000000002	9.217117513792666e-6
0.17450000000000002	9.221084225616568e-6
0.17500000000000002	9.225050962244462e-6
0.17550000000000002	9.2290177244636e-6
0.176	9.232984513061269e-6
0.1765	9.236951328824774e-6
0.177	9.24091817254144e-6
0.1775	9.244885044998621e-6
0.178	9.248851946983699e-6
0.1785	9.25281887928408e-6
0.179	9.256785842687207e-6
0.1795	9.260752837980552e-6
0.18	9.264719865951625e-6
0.1805	9.268686927387966e-6
0.181	9.272653499561975e-6
0.1815	9.2766196169623e-6
0.182	9.280585782805176e-6
0.1825	9.28455200734185e-6
0.183	9.28851829967031e-6
0.1835	9.292484669241088e-6
0.184	9.296451125506841e-6
0.1845	9.300417677922504e-6
0.185	9.304384335945445e-6
0.1855	9.308351109035651e-6
0.186	9.312318006655885e-6
0.1865	9.316285038271862e-6
0.187	9.32025221335243e-6
0.1875	9.324219541369743e-6
0.188	9.328187031799444e-6
0.1885	9.332154694120848e-6
0.189	9.33612253781713e-6
0.1895	9.340090572375509e-6
0.19	9.344058807287447e-6
0.1905	9.348027252048838e-6
0.191	9.351995916160198e-6
0.1915	9.35596480912688e-6
0.192	9.359933940459255e-6
0.1925	9.363903319672928e-6
0.193	9.36787295628894e-6
0.1935	9.371842859833969e-6
0.194	9.375812842608132e-6
0.1945	9.379788586133118e-6
0.195	9.383764583839326e-6
0.1955	9.387740797635107e-6
0.196	9.391717193288138e-6
0.1965	9.395693735124782e-6
0.197	9.399670387457692e-6
0.1975	9.403647114588985e-6
0.198	9.407623880813459e-6
0.1985	9.411600650421779e-6
0.199	9.415577387703703e-6
0.1995	9.41955405695127e-6
0.2	9.423530622462028e-6
0.2005	9.427507048542249e-6
0.201	9.431483299510133e-6
0.2015	9.43545933969903e-6
0.202	9.439435133460651e-6
0.2025	9.443410645168295e-6
0.203	9.447385839220035e-6
0.20350000000000001	9.451360680041951e-6
0.20400000000000001	9.455335132091325e-6
0.20450000000000002	9.459309159859844e-6
0.20500000000000002	9.463282727876796e-6
0.20550000000000002	9.467255800712261e-6
0.20600000000000002	9.471228342980298e-6
0.20650000000000002	9.475200319342121e-6
0.20700000000000002	9.479171694509269e-6
0.20750000000000002	9.483138484659569e-6
0.20800000000000002	9.487100036147615e-6
0.2085	9.49106099232137e-6
0.209	9.495021389692782e-6
0.2095	9.498981265678352e-6
0.21	9.502940657645321e-6
0.2105	9.506899602915232e-6
0.211	9.51085813876745e-6
0.2115	9.514816302442715e-6
0.212	9.518774131146665e-6
0.2125	9.522731662053341e-6
0.213	9.526688932308721e-6
0.2135	9.530645979034207e-6
0.214	9.534602839330127e-6
0.2145	9.538559550279247e-6
0.215	9.542516148950245e-6
0.2155	9.54647267240122e-6
0.216	9.550429157683157e-6
0.2165	9.554385641843427e-6
0.217	9.558342161929277e-6
0.2175	9.562298754991297e-6
0.218	9.566255458086914e-6
0.2185	9.570212308283884e-6
0.219	9.574169342663773e-6
0.2195	9.578126598325448e-6
0.22	9.582084112388576e-6
0.2205	9.586041921997116e-6
0.221	9.590004997398196e-6
0.2215	9.593969310842193e-6
0.222	9.597933941549695e-6
0.2225	9.601898877164743e-6
0.223	9.605864105333679e-6
0.2235	9.609829613693707e-6
0.224	9.613795389873264e-6
0.2245	9.617761421492407e-6
0.225	9.621727696163198e-6
0.2255	9.62569420149009e-6
0.226	9.629660925070309e-6
0.2265	9.633627854494246e-6
0.227	9.637594977345835e-6
0.2275	9.641562281202955e-6
0.228	9.6455297536378e-6
0.2285	9.649497382217288e-6
0.229	9.653465154503427e-6
0.2295	9.657433058053723e-6
0.23	9.661401080421556e-6
0.2305	9.665369209156583e-6
0.231	9.669337431805113e-6
0.2315	9.67330573591051e-6
0.232	9.677274109013578e-6
0.2325	9.681242538652952e-6
0.233	9.68521101236549e-6
0.2335	9.689179517686669e-6
0.234	9.693147578535928e-6
0.23450000000000001	9.697114504818446e-6
0.23500000000000001	9.701081442956822e-6
0.23550000000000001	9.705048394194464e-6
0.23600000000000002	9.709015359774345e-6
0.23650000000000002	9.712982340939478e-6
0.23700000000000002	9.716949338932935e-6
0.23750000000000002	9.720916354997831e-6
0.23800000000000002	9.724883390377345e-6
0.23850000000000002	9.728850446314712e-6
0.23900000000000002	9.732817524053236e-6
0.23950000000000002	9.73678462483628e-6
0.24	9.74075174990729e-6
0.2405	9.744718900509784e-6
0.241	9.74868607788736e-6
0.2415	9.752653283283692e-6
0.242	9.756620517942555e-6
0.2425	9.760587783107808e-6
0.243	9.764555080023405e-6
0.2435	9.768522409933404e-6
0.244	9.772489774081964e-6
0.2445	9.776457173713348e-6
0.245	9.780424610071934e-6
0.2455	9.784392084402212e-6
0.246	9.788359597948796e-6
0.2465	9.792327151956416e-6
0.247	9.796294747669936e-6
0.2475	9.800262614935684e-6
0.248	9.804230607645707e-6
0.2485	9.80819864120435e-6
0.249	9.812166714201106e-6
0.2495	9.816134825225334e-6
0.25	9.820102972866247e-6
0.2505	9.824071155712937e-6
0.251	9.828039372354367e-6
0.2515	9.83200762137938e-6
0.252	9.835975901376703e-6
0.2525	9.839944210934952e-6
0.253	9.843912548642642e-6
0.2535	9.847880913088181e-6
0.254	9.851849302859885e-6
0.2545	9.855817716545985e-6
0.255	9.859786152734618e-6
0.2555	9.863754610013846e-6
0.256	9.86772308697165e-6
0.2565	9.871691582195954e-6
0.257	9.875660094274603e-6
0.2575	9.879628621795385e-6
0.258	9.88359716334604e-6
0.2585	9.887565717514253e-6
0.259	9.891534282887664e-6
0.2595	9.895502858053872e-6
0.26	9.899471441600445e-6
0.2605	9.903439954096434e-6
0.261	9.90740813236334e-6
0.2615	9.911376319000969e-6
0.262	9.915344516162258e-6
0.2625	9.919312726000202e-6
0.263	9.923280950667864e-6
0.2635	9.927249192318386e-6
0.264	9.931217453105002e-6
0.2645	9.935185735181054e-6
0.265	9.939154040699996e-6
0.2655	9.943122371815407e-6
0.266	9.947090730681013e-6
0.2665	9.951059119450682e-6
0.267	9.955027540278445e-6
0.2675	9.958995995318515e-6
0.268	9.96296448672528e-6
0.2685	9.966933016653335e-6
0.269	9.970901587257474e-6
0.2695	9.974870200692718e-6
0.27	9.978838859114321e-6
0.2705	9.982807564677778e-6
0.271	9.986776319538841e-6
0.2715	9.990745125853528e-6
0.272	9.99471398577814e-6
0.2725	9.998682901469263e-6
0.273	0.000010002651875083794
0.2735	0.000010006620908778935
0.274	0.00001001059026235055
0.2745	0.000010014559822935157
0.275	0.000010018529444467718
0.2755	0.000010022499125676526
0.276	0.000010026468865289674
0.2765	0.000010030438662035079
0.277	0.000010034408514640463
0.2775	0.000010038378421833379
0.278	0.000010042348382341194
0.2785	0.000010046318394891112
0.279	0.000010050288458210167
0.2795	0.00001005425857102523
0.28	0.00001005822873206301
0.2805	0.000010062198940050066
0.281	0.000010066169193712807
0.28150000000000003	0.000010070139491777489
0.28200000000000003	0.000010074109832970227
0.28250000000000003	0.000010078080216017008
0.28300000000000003	0.000010082050639643667
0.28350000000000003	0.00001008602110257592
0.28400000000000003	0.000010089991603539358
0.28450000000000003	0.000010093962141259442
0.28500000000000003	0.000010097932714461525
0.28550000000000003	0.000010101903321870837
0.28600000000000003	0.000010105873962212503
0.28650000000000003	0.000010109844634211541
0.28700000000000003	0.00001011381529703179
0.28750000000000003	0.000010117785654209728
0.28800000000000003	0.000010121756042744838
0.2885	0.000010125726464558377
0.289	0.000010129696921571762
0.2895	0.000010133667415706578
0.29	0.000010137637948884592
0.2905	0.000010141608523027759
0.291	0.000010145579140058234
0.2915	0.000010149549801898374
0.292	0.000010153520510470762
0.2925	0.0000101574912676982
0.293	0.000010161462075503726
0.2935	0.000010165432935810625
0.294	0.000010169403850542436
0.2945	0.00001017337482162296
0.295	0.00001017734585097627
0.2955	0.000010181316940526722
0.296	0.000010185288092198963
0.2965	0.000010189259307917942
0.297	0.000010193230589608914
0.2975	0.000010197201939197454
0.298	0.000010201173358609473
0.2985	0.000010205144849771209
0.299	0.00001020911641460925
0.2995	0.000010213088055050548
0.3	0.00001021705977302241
0.3005	0.000010221031861045258
0.301	0.00001022500424206256
0.3015	0.000010228976699638199
0.302	0.000010232949231393071
0.3025	0.000010236921834947648
0.303	0.000010240894507921952
0.3035	0.000010244867247935604
0.304	0.000010248840052607816
0.3045	0.000010252812919557413
0.305	0.00001025678584640285
0.3055	0.00001026075883076222
0.306	0.000010264731870253276
0.3065	0.000010268704962493434
0.307	0.000010272678105099803
0.3075	0.000010276651295689177
0.308	0.000010280624531878078
0.3085	0.000010284597811282743
0.309	0.000010288571131519155
0.3095	0.000010292544490203051
0.31	0.000010296517884949939
0.3105	0.000010300491313375107
0.311	0.000010304464773093643
0.3115	0.000010308438261720448
0.312	0.000010312411776870249
0.3125	0.000010316385316157613
0.313	0.000010320358877196962
0.3135	0.000010324332419896893
0.314	0.000010328305439155171
0.3145	0.000010332278478150374
0.315	0.000010336251539430661
0.3155	0.000010340224625544784
0.316	0.000010344197739042127
0.3165	0.00001034817088247276
0.317	0.000010352144058387476
0.3175	0.000010356117269337828
0.318	0.000010360090517876173
0.3185	0.000010364063806555699
0.319	0.000010368037137930465
0.3195	0.000010372010514555431
0.32	0.000010375983938986484
0.3205	0.000010379957413780458
0.321	0.000010383930941495169
0.3215	0.000010387904524689421
0.322	0.000010391878165923032
0.3225	0.000010395851867756839
0.323	0.000010399825632752714
0.3235	0.00001040379946347357
0.324	0.000010407773362483359
0.3245	0.000010411747332347074
0.325	0.000010415721375630748
0.3255	0.000010419695494901445
0.326	0.000010423669692727238
0.3265	0.00001042764397167721
0.327	0.000010431618334321432
0.3275	0.000010435592783230923
0.328	0.000010439567320977645
0.3285	0.000010443541950134456
0.329	0.00001044751667327509
0.3295	0.000010451491492974094
0.33	0.000010455466411806814
0.3305	0.000010459441432349327
0.331	0.000010463416557178394
0.3315	0.000010467391788871412
0.332	0.000010471367130006344
0.3325	0.000010475342583161658
0.333	0.000010479318150916266
0.3335	0.000010483293835849438
0.334	0.00001048726964054074
0.3345	0.00001049124556756994
0.335	0.000010495221619516935
0.3355	0.000010499197798961657
0.336	0.000010503174108483975
0.3365	0.000010507150550663607
0.337	0.000010511127128080012
0.3375	0.000010515103843312291
0.338	0.000010519080698939073
0.3385	0.000010523057697538402
0.339	0.000010527034841687625
0.3395	0.00001053105153462063
0.34	0.000010534989570341829
0.3405	0.000010538923141315378
0.341	0.000010542852094327199
0.3415	0.000010546776278063593
0.342	0.000010550695543157662
0.3425	0.000010554609742233635
0.343	0.000010558518729949104
0.3435	0.000010562422363035127
0.34400000000000003	0.000010566320500334234
0.34450000000000003	0.000010570213002836262
0.34500000000000003	0.000010574099733712116
0.34550000000000003	0.000010577980558345347
0.34600000000000003	0.000010581855344361656
0.34650000000000003	0.00001058572396165626
0.34700000000000003	0.000010589586282419161
0.34750000000000003	0.00001059344218115834
0.34800000000000003	0.000010597291534720862
0.34850000000000003	0.000010601134222311971
0.34900000000000003	0.000010604970125512108
0.34950000000000003	0.000010608799128291976
0.35000000000000003	0.000010612621117025613
0.35050000000000003	0.000010616435980501524
0.35100000000000003	0.000010620243609931904
0.35150000000000003	0.000010624043898959988
0.352	0.000010627836743665565
0.3525	0.000010631622042568678
0.353	0.000010635399696631587
0.3535	0.00001063916960925897
0.354	0.000010642931686296483
0.3545	0.000010646685836027678
0.355	0.000010650431969169298
0.3555	0.00001065416999886507
0.356	0.000010657899840677965
0.3565	0.000010661621412581021
0.357	0.000010665334634946757
0.3575	0.000010669039430535238
0.358	0.000010672735724480811
0.3585	0.000010676423444277612
0.359	0.00001068010251976383
0.3595	0.000010683772883104839
0.36	0.000010687434468775208
0.3605	0.000010691087213539633
0.361	0.000010694731056432888
0.3615	0.000010698365938738782
0.362	0.000010701991803968209
0.3625	0.00001070560859783635
0.363	0.000010709216268239017
0.3635	0.000010712814765228255
0.364	0.000010716404040987208
0.3645	0.000010719984049804304
0.365	0.000010723554748046787
0.3655	0.000010727116094133699
0.366	0.000010730668048508267
0.3665	0.00001073421057360982
0.367	0.000010737743633845217
0.3675	0.000010741267195559882
0.368	0.000010744781227008422
0.3685	0.000010748285698324928
0.369	0.000010751780581492963
0.3695	0.000010755265850315267
0.37	0.000010758741480383262
0.3705	0.000010762207449046312
0.371	0.000010765663735380872
0.3715	0.00001076911032015946
0.372	0.000010772547185819555
0.3725	0.000010775974316432419
0.373	0.000010779391697671873
0.3735	0.000010782799316783072
0.374	0.000010786197162551281
0.3745	0.000010789585225270711
0.375	0.000010792963496713399
0.3755	0.000010796331970098198
0.376	0.000010799690640059876
0.3765	0.000010803039502618329
0.377	0.00001080637855514799
0.3775	0.000010809707796347368
0.378	0.000010813027226208827
0.3785	0.000010816336845988537
0.379	0.000010819636658176673
0.3795	0.000010822926666467865
0.38	0.000010826206875731892
0.3805	0.000010829477291984663
0.381	0.000010832737922359474
0.3815	0.000010835988775078569
0.382	0.000010839229859425018
0.3825	0.000010842461185714903
0.383	0.000010845682765269845
0.3835	0.000010848894610389869
0.384	0.000010852147360638422
0.3845	0.00001085533188242986
0.385	0.000010858507436008704
0.3855	0.000010861674022234166
0.386	0.000010864831642609865
0.3865	0.000010867980299276956
0.387	0.000010871119995007232
0.3875	0.00001087425073319621
0.388	0.000010877372517856188
0.3885	0.00001088048535360928
0.389	0.000010883589245680433
0.3895	0.00001088668419989045
0.39	0.000010889770222648951
0.3905	0.000010892847320947377
0.391	0.000010895915502351942
0.3915	0.000010898974774996592
0.392	0.000010902025147575962
0.3925	0.000010905066629338321
0.393	0.00001090809923007851
0.3935	0.000010911122960130892
0.394	0.00001091413783036229
0.3945	0.000010917143852164924
0.395	0.000010920141037449373
0.3955	0.000010923129398637513
0.396	0.000010926108948655488
0.3965	0.000010929079700926668
0.397	0.000010932041669364629
0.3975	0.00001093499486836615
0.398	0.000010937939312804196
0.3985	0.000010940875018020959
0.399	0.00001094373792546293
0.3995	0.000010946649337771029
0.4	0.000010949551814999429
0.4005	0.000010952445389277967
0.401	0.000010955330093005517
0.4015	0.000010958205958836429
0.402	0.00001096107301966732
0.4025	0.000010963931308624176
0.403	0.000010966780859049792
0.4035	0.000010969621704491515
0.404	0.000010972453878689303
0.4045	0.000010975277415564097
0.405	0.000010978092349206487
0.4055	0.000010980898713865681
0.406	0.000010983696543938762
0.40650000000000003	0.000010986485873960228
0.40700000000000003	0.000010989266738591826
0.40750000000000003	0.000010992039172612646
0.40800000000000003	0.000010994803210909498
0.40850000000000003	0.000010997558888467547
0.40900000000000003	0.000011000306240361216
0.40950000000000003	0.00001100304530174534
0.41000000000000003	0.000011005776107846567
0.41050000000000003	0.000011008498693955014
0.41100000000000003	0.00001101121309541616
0.41150000000000003	0.000011013919347622967
0.41200000000000003	0.000011016617486008239
0.41250000000000003	0.00001101930754603721
0.41300000000000003	0.000011021989563200349
0.41350000000000003	0.000011024663573006366
0.41400000000000003	0.000011027329610975464
0.41450000000000004	0.00001102998771263277
0.41500000000000004	0.000011032637913501968
0.41550000000000004	0.00001103528024909915
0.41600000000000004	0.000011037914754926838
0.4165	0.000011040541466468218
0.417	0.00001104316041918152
0.4175	0.00001104577164849463
0.418	0.000011048375189799838
0.4185	0.00001105097107844877
0.419	0.000011053559349747486
0.4195	0.000011056140038951749
0.42	0.000011058713181262444
0.4205	0.000011061278811821161
0.421	0.000011063836965705918
0.4215	0.000011066387677927047
0.422	0.000011068930983423211
0.4225	0.000011071466917057569
0.423	0.00001107399551361408
0.4235	0.00001107651680779393
0.424	0.000011079030834212103
0.4245	0.000011081537627394075
0.425	0.000011084037221772618
0.4255	0.000011086529651684746
0.426	0.000011089014951368761
0.4265	0.000011091493154961426
0.427	0.000011093964296495239
0.4275	0.000011096428409895819
0.428	0.000011098885528979401
0.4285	0.00001110133568745043
0.429	0.000011103778918899244
0.4295	0.000011106215256799886
0.43	0.000011108644734507969
0.4305	0.000011111067385258663
0.431	0.000011113483242164761
0.4315	0.00001111589233821483
0.432	0.000011118294706271445
0.4325	0.000011120690379069519
0.433	0.00001112307938921469
0.4335	0.000011125461769181807
0.434	0.000011127837551313474
0.4345	0.000011130206767818686
0.435	0.00001113256945077151
0.4355	0.000011134925632109864
0.436	0.000011137275343634346
0.4365	0.000011139618617007124
0.437	0.000011141955483750904
0.4375	0.000011144285975247953
0.438	0.000011146610122739175
0.4385	0.000011148927957323254
0.439	0.00001115123950995585
0.4395	0.000011153544811448842
0.44	0.000011155843892469646
0.4405	0.000011158136783540554
0.441	0.000011160423515038148
0.4415	0.000011162704117192743
0.442	0.000011164978620087893
0.4425	0.000011167247053659938
0.443	0.000011169509447697582
0.4435	0.000011171765831841531
0.444	0.000011174016235584171
0.4445	0.000011176260688269263
0.445	0.00001117849921909171
0.4455	0.000011180731857097341
0.446	0.000011182958631182735
0.4465	0.000011185179570095078
0.447	0.000011187394702432066
0.4475	0.000011189604056641825
0.448	0.000011191807661022875
0.4485	0.000011194005543724118
0.449	0.000011196197732744862
0.4495	0.000011198384255934861
0.45	0.00001120056514099441
0.4505	0.00001120274041547443
0.451	0.000011204910106776613
0.4515	0.000011207074242153572
0.452	0.000011209232848709026
0.4525	0.000011211385953397996
0.453	0.000011213533583027047
0.4535	0.00001121567576425452
0.454	0.000011217812523590815
0.4545	0.00001121994388739868
0.455	0.000011222069881893522
0.4555	0.000011224190533143732
0.456	0.000011226305867071046
0.4565	0.000011228415909450898
0.457	0.000011230520685912817
0.4575	0.000011232620221940814
0.458	0.000011234714542873813
0.4585	0.000011236803673906074
0.459	0.000011238887640087643
0.4595	0.00001124096646632481
0.46	0.000011243040177380588
0.4605	0.000011245108797875202
0.461	0.000011247172352286581
0.4615	0.000011249230864950882
0.462	0.000011251284360063008
0.4625	0.000011253332861677144
0.463	0.00001125537639370731
0.4635	0.000011257414979927912
0.464	0.000011259448643974305
0.4645	0.00001126147740934338
0.465	0.000011263501299394145
0.4655	0.000011265520337348312
0.466	0.000011267534546290912
0.4665	0.000011269543949170898
0.467	0.00001127154856880176
0.4675	0.00001127354842786216
0.468	0.000011275543548896555
0.4685	0.000011277533954315838
0.46900000000000003	0.000011279519666397989
0.46950000000000003	0.000011281500707288712
0.47000000000000003	0.000011283477099002104
0.47050000000000003	0.000011285448863421314
0.47100000000000003	0.000011287416022299201
0.47150000000000003	0.000011289378597259022
0.47200000000000003	0.000011291336609795085
0.47250000000000003	0.00001129329008127345
0.47300000000000003	0.000011295301026251948
0.47350000000000003	0.000011297239918063952
0.47400000000000003	0.000011299174540237852
0.47450000000000003	0.000011301104922092526
0.47500000000000003	0.000011303031092837125
0.47550000000000003	0.000011304953081570336
0.47600000000000003	0.000011306870917279673
0.47650000000000003	0.000011308784628840793
0.47700000000000004	0.00001131069424501683
0.47750000000000004	0.000011312599794457754
0.47800000000000004	0.000011314501305699758
0.47850000000000004	0.000011316398807164665
0.47900000000000004	0.000011318292327159345
0.47950000000000004	0.00001132018189387518
0.48	0.000011322067535387521
0.4805	0.000011323949279655193
0.481	0.000011325827154519994
0.4815	0.000011327701187706241
0.482	0.000011329571406820317
0.4825	0.000011331437839350247
0.483	0.000011333300512665298
0.4835	0.000011335159454015573
0.484	0.000011337014690531664
0.4845	0.000011338866249224294
0.485	0.00001134071415698398
0.4855	0.00001134255844058073
0.486	0.000011344399126663745
0.4865	0.000011346236241761138
0.487	0.000011348069812279676
0.4875	0.000011349899864504538
0.488	0.00001135172642459909
0.4885	0.000011353549518604665
0.489	0.000011355369172440384
0.4895	0.000011357185411902967
0.49	0.000011358998262666576
0.4905	0.000011360807750282664
0.491	0.000011362613900179846
0.4915	0.00001136441673766378
0.492	0.000011366147524028955
0.4925	0.00001136793548762291
0.493	0.000011369719684434018
0.4935	0.000011371500131080112
0.494	0.000011373276844081188
0.4945	0.000011375049839860114
0.495	0.000011376819134743307
0.4955	0.000011378584744961412
0.496	0.000011380346686649999
0.4965	0.000011382104975850228
0.497	0.000011383859628509537
0.4975	0.000011385610660482312
0.498	0.000011387358087530559
0.4985	0.000011389101925324577
0.499	0.000011390842189443616
0.4995	0.000011392578895376553
0.5	0.000011394312058522545
0.5005000000000001	0.000011396041694191687
0.501	0.000011397767817605672
0.5015000000000001	0.000011399490443898437
0.502	0.000011401209588116818
0.5025000000000001	0.000011402925265221197
0.503	0.000011404637490086133
0.5035000000000001	0.000011406346277501023
0.504	0.000011408051642170715
0.5045000000000001	0.00001140975359871616
0.505	0.000011411452161675036
0.5055000000000001	0.000011413147345502374
0.506	0.000011414839164571185
0.5065000000000001	0.000011416527633173073
0.507	0.000011418212765518865
0.5075000000000001	0.000011419894575739217
0.508	0.000011421573077885219
0.5085000000000001	0.00001142324828592902
0.509	0.000011424920213764413
0.5095000000000001	0.000011426588875207446
0.51	0.000011428254283997013
0.5105000000000001	0.000011429916453795454
0.511	0.000011431575398189144
0.5115000000000001	0.000011433231130689073
0.512	0.000011434883664731433
0.5125	0.0000114365330136782
0.513	0.000011438179190817706
0.5135	0.000011439822209365213
0.514	0.000011441462082463484
0.5145	0.000011443098823183342
0.515	0.00001144473244452424
0.5155	0.000011446362959414814
0.516	0.000011447990380713434
0.5165	0.000011449614721208766
0.517	0.000011451235993620305
0.5175	0.000011452854210598934
0.518	0.000011454469384727452
0.5185	0.000011456081528521114
0.519	0.000011457690654428165
0.5195	0.000011459296774830371
0.52	0.000011460899902043544
0.5205	0.000011462500048318055
0.521	0.000011464097225839366
0.5215	0.000011465691446728535
0.522	0.000011467282723042737
0.5225	0.000011468871066775755
0.523	0.0000114704564898585
0.5235	0.000011472039004159507
0.524	0.000011473618621485426
0.5245	0.000011475195353581518
0.525	0.00001147676921213215
0.5255	0.00001147834020876127
0.526	0.000011479908355032898
0.5265	0.000011481473662451606
0.527	0.000011483036142462983
0.5275	0.000011484595806454114
0.528	0.00001148615266575405
0.5285	0.000011487706731634263
0.529	0.000011489258015309116
0.5295	0.000011490806527936317
0.53	0.000011492352280617373
0.5305	0.000011493895284398036
0.531	0.000011495435550268756
0.5315	0.000011496973089165125
0.532	0.000011498507911968308
0.5325	0.000011500040029505488
0.533	0.00001150156945255029
0.5335	0.000011503096191823224
0.534	0.000011504620257992095
0.5345	0.000011506141661672438
0.535	0.000011507660413427927
0.5355	0.000011509171124288011
0.536	0.000011510684138015617
0.5365	0.000011512194525367342
0.537	0.000011513702296201972
0.5375	0.000011515207460323422
0.538	0.000011516710027481242
0.5385	0.000011518210007371114
0.539	0.000011519707409635348
0.5395	0.000011521202243863365
0.54	0.000011522694519592193
0.5405	0.000011524184246306944
0.541	0.000011525671433441307
0.5415	0.000011527156090378016
0.542	0.000011528638226449323
0.5425	0.00001153011785093748
0.543	0.000011531594973075197
0.5435	0.000011533069602046113
0.544	0.00001153454174698525
0.5445	0.000011536011416979484
0.545	0.000011537478621067987
0.5455	0.00001153894336824268
0.546	0.00001154040566744869
0.5465	0.000011541865527584784
0.547	0.000011543322957503821
0.5475	0.000011544777966013177
0.548	0.000011546230561875194
0.5485	0.0000115476807538076
0.549	0.000011549128550483938
0.5495	0.000011550573960534004
0.55	0.000011552016992544249
0.5505	0.000011553457655058203
0.551	0.000011554895956576906
0.5515	0.000011556331905559291
0.552	0.000011557765510422617
0.5525	0.000011559196779542855
0.553	0.000011560625721255101
0.5535	0.000011562052343853968
0.554	0.000011563476655593985
0.5545	0.000011564898664689982
0.555	0.000011566318379317485
0.5555	0.000011567735807613093
0.556	0.000011569150957674865
0.5565	0.000011570563837562693
0.557	0.000011571974455298686
0.5575	0.000011573382818867527
0.558	0.000011574788936216853
0.5585	0.000011576249469488994
0.559	0.000011577639678322308
0.5595	0.000011579028938129203
0.56	0.000011580417263023849
0.5605	0.000011581804667015528
0.561	0.000011583191164009236
0.5615	0.000011584576767806265
0.562	0.000011585961492104782
0.5625	0.000011587345350500431
0.5630000000000001	0.000011589089033350132
0.5635	0.000011591553965630534
0.5640000000000001	0.000011594019359159849
0.5645	0.000011596485213975582
0.5650000000000001	0.000011598951530115072
0.5655	0.000011601418307615486
0.5660000000000001	0.000011603885546513816
0.5665	0.000011606353246846883
0.5670000000000001	0.00001160882140865133
0.5675	0.000011611290031963633
0.5680000000000001	0.000011613759116820089
0.5685	0.00001161622866325682
0.5690000000000001	0.00001161869867130978
0.5695	0.000011621169141014741
0.5700000000000001	0.000011623640072407305
0.5705	0.000011626111465522895
0.5710000000000001	0.000011628583320396759
0.5715	0.00001163105563706397
0.5720000000000001	0.000011633528415559425
0.5725	0.000011636001655917843
0.5730000000000001	0.000011638475358173766
0.5735	0.000011640949522361557
0.5740000000000001	0.000011643424148515408
0.5745	0.000011645899236669327
0.5750000000000001	0.000011648374786857146
0.5755	0.000011650850799112514
0.5760000000000001	0.000011653327273468912
0.5765	0.000011655804209959629
0.577	0.000011658281608617785
0.5775	0.000011660759469476315
0.578	0.000011663237792567975
0.5785	0.000011665716577925341
0.579	0.000011668195825580807
0.5795	0.000011670675535566588
0.58	0.000011673155707914718
0.5805	0.000011675636342657049
0.581	0.000011678117439825248
0.5815	0.000011680598999450806
0.582	0.000011683081021565025
0.5825	0.000011685563506199028
0.583	0.000011688046453383758
0.5835	0.000011690529863149965
0.584	0.000011693013735528226
0.5845	0.000011695498070548928
0.585	0.000011697982868242274
0.5855	0.000011700468128638287
0.586	0.000011702953851766795
0.5865	0.000011705440037657454
0.587	0.000011707926686339724
0.5875	0.000011710413797842886
0.588	0.000011712901372196027
0.5885	0.000011715389409428057
0.589	0.000011717877909567694
0.5895	0.000011720366872643469
0.59	0.000011722856298683723
0.5905	0.00001172534618771662
0.591	0.000011727836539770121
0.5915	0.000011730327354872011
0.592	0.00001173281863304988
0.5925	0.000011735310374331132
0.593	0.000011737802578742978
0.5935	0.000011740295246312444
0.594	0.000011742788377066365
0.5945	0.000011745281971031382
0.595	0.00001174777602823395
0.5955	0.000011750270548700331
0.596	0.0000117527655324566
0.5965	0.000011755260979528632
0.597	0.000011757756889942118
0.5975	0.000011760253263722554
0.598	0.000011762750100895244
0.5985	0.0000117652474014853
0.599	0.00001176774516551764
0.5995	0.000011770243393016988
0.6	0.000011772742084007877
0.6005	0.000011775241238514643
0.601	0.00001177774085656143
0.6015	0.000011780240938172185
0.602	0.000011782741483370665
0.6025	0.000011785242492180425
0.603	0.000011787743964624832
0.6035	0.000011790245900727051
0.604	0.000011792748300510052
0.6045	0.000011795251163996612
0.605	0.000011797754491209307
0.6055	0.000011800258282170518
0.606	0.00001180276253690243
0.6065	0.000011805267255427027
0.607	0.000011807772437766098
0.6075	0.000011810278083941229
0.608	0.000011812784193973816
0.6085	0.000011815290767885045
0.609	0.00001181779780569591
0.6095	0.000011820305307427208
0.61	0.000011822813273099526
0.6105	0.000011825321702733257
0.611	0.000011827830596348596
0.6115	0.000011830339953965532
0.612	0.000011832849775603853
0.6125	0.00001183536006128315
0.613	0.000011837870811022807
0.6135	0.00001184038202484201
0.614	0.000011842893702759737
0.6145	0.00001184540584479477
0.615	0.000011847918450965684
0.6155	0.000011850431521290851
0.616	0.000011852945055788437
0.6165	0.000011855459054476409
0.617	0.000011857973517372525
0.6175	0.000011860488444494342
0.618	0.000011863003835859205
0.6185	0.000011865519691484265
0.619	0.000011868036011386455
0.6195	0.00001187055279558251
0.62	0.000011873070044088955
0.6205	0.000011875587756922113
0.621	0.000011878105934098093
0.6215	0.0000118806245756328
0.622	0.000011883143681541934
0.6225	0.000011885663251840984
0.623	0.000011888183286545228
0.6235	0.000011890703785669741
0.624	0.000011893224749229387
0.6245	0.00001189574617723882
0.625	0.000011898268069712484
0.6255000000000001	0.000011900790426664611
0.626	0.00001190331324810923
0.6265000000000001	0.000011905836534060154
0.627	0.000011908360284530983
0.6275000000000001	0.000011910884499535112
0.628	0.000011913409179085718
0.6285000000000001	0.000011915934323195772
0.629	0.000011918459931878026
0.6295000000000001	0.000011920986005145027
0.63	0.000011923512543009104
0.6305000000000001	0.000011926039545482373
0.631	0.00001192856701257674
0.6315000000000001	0.000011931094944303894
0.632	0.00001193362334067531
0.6325000000000001	0.00001193615220170225
0.633	0.000011938681527395759
0.6335000000000001	0.000011941211317766669
0.634	0.000011943741572825595
0.6345000000000001	0.000011946272292582937
0.635	0.00001194880347704888
0.6355000000000001	0.000011951335126233387
0.636	0.000011953867240146211
0.6365000000000001	0.000011956399818796887
0.637	0.000011958932862194726
0.6375000000000001	0.000011961466370348828
0.638	0.000011964000343268073
0.6385000000000001	0.000011966534780961124
0.639	0.000011969069683436418
0.6395000000000001	0.000011971605050702182
0.64	0.000011974140882766418
0.6405	0.000011976677179636913
0.641	0.000011979213941321225
0.6415	0.000011981751167826702
0.642	0.000011984288859160467
0.6425	0.000011986827015329417
0.643	0.000011989365636340236
0.6435	0.000011991904722199378
0.644	0.000011994444272913084
0.6445	0.000011996984288487362
0.645	0.000011999524768928009
0.6455	0.000012002065714240586
0.646	0.000012004607124430442
0.6465	0.000012007148999502693
0.647	0.00001200969133946224
0.6475	0.000012012234144313751
0.648	0.000012014777414061674
0.6485	0.000012017321148710232
0.649	0.00001201986534826342
0.6495	0.000012022410012725009
0.65	0.000012024955142098543
0.6505	0.00001202750073638734
0.651	0.000012030046795594492
0.6515	0.000012032593319722862
0.652	0.000012035140308775087
0.6525	0.000012037687762753575
0.653	0.000012040235681660507
0.6535	0.000012042784065497836
0.654	0.000012045332914267286
0.6545	0.000012047882227970347
0.655	0.000012050432006608288
0.6555	0.00001205298225018214
0.656	0.000012055532958692712
0.6565	0.000012058084132140574
0.657	0.000012060635770526074
0.6575	0.000012063187873849317
0.658	0.00001206574044211019
0.6585	0.00001206829347530834
0.659	0.000012070846973443183
0.6595	0.000012073400936513903
0.66	0.000012075955364519451
0.6605	0.000012078510257458546
0.661	0.000012081065615329673
0.6615	0.00001208362143813108
0.662	0.000012086177725860786
0.6625	0.00001208873447851657
0.663	0.000012091291696095983
0.6635	0.000012093849378596333
0.664	0.000012096407526014698
0.6645	0.000012098966138347915
0.665	0.000012101525215592593
0.6655	0.000012104084757745098
0.666	0.000012106644764801558
0.6665	0.000012109205236757868
0.667	0.000012111766173609682
0.6675	0.00001211432757535242
0.668	0.000012116889441981259
0.6685	0.000012119451773491142
0.669	0.000012122014569876769
0.6695	0.000012124577831132602
0.67	0.000012127141557252866
0.6705	0.000012129705748231542
0.671	0.000012132270404062372
0.6715	0.000012134835524738857
0.672	0.000012137401110254263
0.6725	0.000012139967160601603
0.673	0.00001214253367577366
0.6735	0.000012145100655762964
0.674	0.000012147668100561811
0.6745	0.000012150236010162254
0.675	0.000012152804384556095
0.6755	0.000012155373223734903
0.676	0.000012157942527689997
0.6765	0.00001216051229641245
0.677	0.000012163082529893096
0.6775	0.000012165653228122525
0.678	0.000012168224391091074
0.6785	0.00001217079601878884
0.679	0.000012173368111205677
0.6795	0.000012175940668331185
0.68	0.000012178513690154725
0.6805	0.000012181087176665406
0.681	0.000012183661127852095
0.6815	0.000012186235543703403
0.682	0.000012188810424207702
0.6825	0.000012191385769353111
0.683	0.000012193961579127502
0.6835	0.0000121965378535185
0.684	0.000012199114592513473
0.6845	0.000012201691796099549
0.685	0.000012204269464263601
0.6855	0.000012206847596992252
0.686	0.000012209426194271877
0.6865	0.000012212005256088593
0.687	0.000012214584782428277
0.6875	0.000012217164773276542
0.6880000000000001	0.00001221974522861876
0.6885	0.000012222326148440043
0.6890000000000001	0.000012224907532725253
0.6895	0.000012227489381458998
0.6900000000000001	0.000012230071694625636
0.6905	0.000012232654472209265
0.6910000000000001	0.000012235237714193735
0.6915	0.000012237821420562638
0.6920000000000001	0.000012240405591299315
0.6925	0.000012242990226386847
0.6930000000000001	0.00001224557532580806
0.6935	0.000012248160889545529
0.6940000000000001	0.000012250746917581568
0.6945	0.000012253333409898236
0.6950000000000001	0.000012255920366477336
0.6955	0.000012258507787300413
0.6960000000000001	0.000012261095672348753
0.6965	0.00001226368402160339
0.6970000000000001	0.00001226627283504509
0.6975	0.000012268862112654367
0.6980000000000001	0.000012271451854411477
0.6985	0.000012274042060296414
0.6990000000000001	0.000012276632730288911
0.6995	0.000012279223864368443
0.7000000000000001	0.000012281815462514227
0.7005	0.000012284407524705214
0.7010000000000001	0.000012287000050920098
0.7015	0.00001228959304113731
0.7020000000000001	0.000012292186495335019
0.7025	0.000012294780413491132
0.7030000000000001	0.000012297374795583298
0.7035	0.000012299969641588893
0.704	0.000012302564951485042
0.7045	0.000012305160725248597
0.705	0.00001230775696285615
0.7055	0.000012310353664284032
0.706	0.000012312950829508302
0.7065	0.000012315548458504759
0.707	0.000012318146551248938
0.7075	0.000012320745107716103
0.708	0.00001232334412788126
0.7085	0.000012325943611719139
0.709	0.000012328543559204213
0.7095	0.000012331143970310682
0.71	0.00001233374484501248
0.7105	0.000012336346183283271
0.711	0.000012338947985096458
0.7115	0.00001234155025042517
0.712	0.000012344152979242264
0.7125	0.000012346756171520338
0.713	0.000012349359827231713
0.7135	0.000012351963946348441
0.714	0.000012354568528842304
0.7145	0.00001235717357468482
0.715	0.000012359779083847225
0.7155	0.00001236238505630049
0.716	0.000012364991492015316
0.7165	0.00001236759839096213
0.717	0.000012370205753111087
0.7175	0.000012372813578432066
0.718	0.00001237542186689468
0.7185	0.000012378030618468263
0.719	0.000012380639833121878
0.7195	0.000012383249510824314
0.72	0.000012385859651544083
0.7205	0.000012388470255249428
0.721	0.000012391081321908307
0.7215	0.000012393692851488416
0.722	0.000012396304843957165
0.7225	0.000012398917299281691
0.723	0.000012401530217428852
0.7235	0.000012404143598365238
0.724	0.00001240675744205715
0.7245	0.000012409371748470619
0.725	0.000012411986517571396
0.7255	0.000012414601749324955
0.726	0.00001241721744369649
0.7265	0.000012419833600650917
0.727	0.000012422450220152872
0.7275	0.000012425067302166712
0.728	0.000012427684846656513
0.7285	0.000012430302853586073
0.729	0.000012432921322918905
0.7295	0.000012435540254618247
0.73	0.00001243815964864705
0.7305	0.000012440779504967987
0.731	0.000012443399823543445
0.7315	0.000012446020604335537
0.732	0.00001244864184730608
0.7325	0.00001245126355241662
0.733	0.000012453885719628414
0.7335	0.000012456508348902436
0.734	0.000012459131440199374
0.7345	0.000012461754993479635
0.735	0.00001246437900870334
0.7355	0.00001246700348583032
0.736	0.000012469628424820128
0.7365	0.000012472253825632029
0.737	0.000012474879688224994
0.7375	0.00001247750601255772
0.738	0.000012480132798588606
0.7385	0.00001248276004627577
0.739	0.000012485387755577042
0.7395	0.00001248801592644996
0.74	0.000012490644558851777
0.7405	0.000012493273652739453
0.741	0.000012495903208069667
0.7415	0.000012498533224798803
0.742	0.000012501163702882954
0.7425	0.000012503794645788618
0.743	0.00001250642604638496
0.7435	0.00001250905790820265
0.744	0.000012511690231196623
0.7445	0.000012514323015321523
0.745	0.000012516956260531699
0.7455	0.000012519589966781208
0.746	0.000012522224134023815
0.7465	0.000012524858762212995
0.747	0.000012527493851301925
0.7475	0.000012530129401243491
0.748	0.000012532765411990284
0.7485	0.000012535401883494603
0.749	0.000012538038815708447
0.7495	0.000012540676208583526
0.75	0.00001254331406207125
0.7505000000000001	0.000012545952376122736
0.751	0.000012548591150688802
0.7515000000000001	0.000012551230385719974
0.752	0.000012553870081166476
0.7525000000000001	0.00001255651023697824
0.753	0.000012559150853104894
0.7535000000000001	0.000012561791929495775
0.754	0.000012564433466099916
0.7545000000000001	0.000012567075462866055
0.755	0.00001256971791974263
0.7555000000000001	0.000012572360836677782
0.756	0.000012575004213619346
0.7565000000000001	0.000012577648050514862
0.757	0.000012580292347311569
0.7575000000000001	0.000012582937103956405
0.758	0.000012585582320396007
0.7585000000000001	0.00001258822799657671
0.759	0.000012590874132444549
0.7595000000000001	0.000012593520727945253
0.76	0.000012596167783024251
0.7605000000000001	0.000012598815297626671
0.761	0.000012601463271697334
0.7615000000000001	0.000012604111705180762
0.762	0.000012606760598021168
0.7625000000000001	0.000012609409950162464
0.763	0.000012612059761548258
0.7635000000000001	0.00001261471003212185
0.764	0.000012617360761826237
0.7645000000000001	0.000012620011950604109
0.765	0.000012622663598397853
0.7655000000000001	0.000012625315705149545
0.766	0.000012627968270800957
0.7665000000000001	0.000012630621295293558
0.767	0.000012633274778568498
0.7675000000000001	0.000012635928720566632
0.768	0.0000126385831212285
0.7685	0.000012641237980494336
0.769	0.000012643891918664033
0.7695	0.000012646545988514837
0.77	0.000012649200516023116
0.7705	0.000012651855501193
0.771	0.000012654510944028424
0.7715	0.000012657166844533124
0.772	0.00001265982320271064
0.7725	0.000012662480018564316
0.773	0.000012665137292097292
0.7735	0.000012667795023312514
0.774	0.000012670453212212729
0.7745	0.000012673111858800484
0.775	0.000012675770963078126
0.7755	0.000012678430525047802
0.776	0.000012681090544711463
0.7765	0.000012683751022070856
0.777	0.00001268641195712753
0.7775	0.00001268907334988283
0.778	0.000012691735200337907
0.7785	0.000012694397508493702
0.779	0.00001269706027435096
0.7795	0.000012699723497910221
0.78	0.000012702387179171829
0.7805	0.000012705051318135918
0.781	0.000012707715914802423
0.7815	0.000012710380969171078
0.782	0.00001271304648124141
0.7825	0.000012715712451012746
0.783	0.000012718378878484205
0.7835	0.000012721045763654707
0.784	0.000012723713106522965
0.7845	0.000012726380907087488
0.785	0.000012729049165346578
0.7855	0.000012731717881298334
0.786	0.000012734387054940652
0.7865	0.000012737056686271217
0.787	0.000012739726775287512
0.7875	0.000012742397321986812
0.788	0.000012745068326366187
0.7885	0.000012747739788422497
0.789	0.000012750411708152401
0.7895	0.000012753084085552341
0.79	0.000012755756920618562
0.7905	0.000012758430213347093
0.791	0.00001276110396373376
0.7915	0.000012763778171774178
0.792	0.000012766452837463754
0.7925	0.000012769127960797683
0.793	0.000012771803541770957
0.7935	0.00001277447958037835
0.794	0.000012777156076614437
0.7945	0.00001277983303047357
0.795	0.000012782510441949902
0.7955	0.000012785188311037369
0.796	0.000012787866637729695
0.7965	0.000012790545422020399
0.797	0.000012793224663902783
0.7975	0.000012795904363369936
0.798	0.00001279858452041474
0.7985	0.000012801265135029862
0.799	0.000012803946207207756
0.7995	0.000012806627736940662
0.8	0.000012809309724220611
0.8005	0.000012811992169039414
0.801	0.000012814675071388673
0.8015	0.000012817358431259775
0.802	0.000012820042248643893
0.8025	0.00001282272652353198
0.803	0.000012825411255914784
0.8035	0.000012828096445782828
0.804	0.000012830782093126424
0.8045	0.00001283346819793567
0.805	0.000012836154760200444
0.8055	0.00001283884177991041
0.806	0.000012841529257055011
0.8065	0.00001284421719162348
0.807	0.000012846905583604831
0.8075	0.000012849594432987855
0.808	0.00001285228373976113
0.8085	0.000012854973503913015
0.809	0.000012857663725431652
0.8095	0.000012860354404304959
0.81	0.000012863045540520641
0.8105	0.000012865737134066182
0.811	0.000012868429184928846
0.8115	0.000012871121693095675
0.812	0.000012873814658553497
0.8125	0.000012876508081288911
0.8130000000000001	0.000012879201961288303
0.8135	0.000012881896298537835
0.8140000000000001	0.000012884591093023446
0.8145	0.000012887286344730857
0.8150000000000001	0.000012889982053645566
0.8155	0.000012892678219752845
0.8160000000000001	0.00001289537484303775
0.8165	0.000012898071923485111
0.8170000000000001	0.000012900769461079534
0.8175	0.000012903467455805404
0.8180000000000001	0.000012906165907646882
0.8185	0.000012908864816587904
0.8190000000000001	0.000012911564182612182
0.8195	0.000012914264005703206
0.8200000000000001	0.000012916964285844238
0.8205	0.000012919665023018317
0.8210000000000001	0.000012922366217208257
0.8215	0.000012925067868396645
0.8220000000000001	0.000012927769976565842
0.8225	0.000012930472541697988
0.8230000000000001	0.000012933175563774987
0.8235	0.000012935879042778525
0.8240000000000001	0.000012938582978690057
0.8245	0.000012941287371490813
0.8250000000000001	0.000012943992221161793
0.8255	0.000012946697527683768
0.8260000000000001	0.000012949403291037287
0.8265	0.000012952109511202663
0.8270000000000001	0.000012954816188159986
0.8275	0.000012957523321889114
0.8280000000000001	0.000012960230912369678
0.8285	0.000012962938959581076
0.8290000000000001	0.000012965647463502482
0.8295	0.000012968356424112831
0.8300000000000001	0.000012971065841390837
0.8305	0.000012973775715314976
0.8310000000000001	0.000012976486045863499
0.8315	0.00001297919683301442
0.8320000000000001	0.000012981908076745526
0.8325	0.000012984619777034366
0.833	0.000012987331933858268
0.8335	0.000012990044547194315
0.834	0.000012992757617019366
0.8345	0.000012995471143310043
0.835	0.000012998185126042735
0.8355	0.000013000899565193602
0.836	0.000013003614460738558
0.8365	0.000013006329812653298
0.837	0.000013009045620913272
0.8375	0.000013011761885493701
0.838	0.000013014478606369566
0.8385	0.000013017195783515618
0.839	0.000013019913416906367
0.8395	0.000013022631506516093
0.84	0.000013025350052318834
0.8405	0.000013028069054288395
0.841	0.000013030788512398344
0.8415	0.00001303350842662201
0.842	0.000013036228796932487
0.8425	0.000013038949623302629
0.843	0.000013041670905705055
0.8435	0.000013044392644112144
0.844	0.000013047114838496033
0.8445	0.00001304983748882863
0.845	0.000013052560595081593
0.8455	0.000013055284157226347
0.846	0.000013058008175234076
0.8465	0.000013060732649075723
0.847	0.00001306345757872199
0.8475	0.000013066182964143343
0.848	0.000013068908805310001
0.8485	0.000013071635102191948
0.849	0.00001307436185475892
0.8495	0.000013077089062980419
0.85	0.000013079816726825697
0.8505	0.000013082544846263771
0.851	0.000013085273421263408
0.8515	0.00001308800245179314
0.852	0.000013090731937821247
0.8525	0.000013093461879315778
0.853	0.000013096192276244524
0.8535	0.000013098923128575041
0.854	0.000013101654436274637
0.8545	0.000013104386199310382
0.855	0.00001310711841764909
0.8555	0.00001310985109125734
0.856	0.000013112584220101457
0.8565	0.000013115317804147528
0.857	0.00001311805184336139
0.8575	0.000013120786337708633
0.858	0.000013123521287154601
0.8585	0.000013126256691664394
0.859	0.000013128992551202859
0.8595	0.000013131728865734601
0.86	0.000013134465635223975
0.8605	0.000013137202859635087
0.861	0.000013139940538931796
0.8615	0.000013142678673077711
0.862	0.000013145417262036196
0.8625	0.00001314815630577036
0.863	0.000013150895804243063
0.8635	0.000013153635757416922
0.864	0.000013156376165254294
0.8645	0.000013159117027717295
0.865	0.000013161858344767785
0.8655	0.000013164600116367374
0.866	0.00001316734234247742
0.8665	0.000013170085023059029
0.867	0.000013172828158073058
0.8675	0.00001317557174748011
0.868	0.000013178315791240534
0.8685	0.00001318106028931443
0.869	0.000013183805241661643
0.8695	0.000013186550648241763
0.87	0.000013189296509014128
0.8705	0.000013192042823937823
0.871	0.000013194789592971675
0.8715	0.000013197536816074264
0.872	0.000013200284493203906
0.8725	0.000013203032624318671
0.873	0.000013205781209376364
0.8735	0.000013208530248334544
0.874	0.000013211279741150508
0.8745	0.000013214029687781297
0.875	0.000013216780088183696
0.8755000000000001	0.000013219530942314238
0.876	0.00001322228225012919
0.8765000000000001	0.00001322503401158457
0.877	0.000013227786226636132
0.8775000000000001	0.000013230538895239378
0.878	0.000013233292017349546
0.8785000000000001	0.00001323604559292162
0.879	0.000013238799621910318
0.8795000000000001	0.00001324155410427011
0.88	0.000013244309039955197
0.8805000000000001	0.000013247064428919526
0.881	0.000013249820271116779
0.8815000000000001	0.000013252576566500384
0.882	0.0000132553333150235
0.8825000000000001	0.000013258090516639034
0.883	0.000013260848171299627
0.8835000000000001	0.000013263606278957656
0.884	0.000013266364839565244
0.8845000000000001	0.000013269123853074246
0.885	0.000013271883319436256
0.8855000000000001	0.000013274643238602606
0.886	0.000013277403610524361
0.8865000000000001	0.000013280164435152331
0.887	0.000013282925712437058
0.8875000000000001	0.000013285687442328816
0.888	0.000013288449624777621
0.8885000000000001	0.000013291212259733226
0.889	0.00001329397534714511
0.8895000000000001	0.000013296738886962497
0.89	0.00001329950287913434
0.8905000000000001	0.000013302267323609328
0.891	0.000013305032220335887
0.8915000000000001	0.000013307797569262172
0.892	0.000013310563370336074
0.8925000000000001	0.000013313329623505218
0.893	0.00001331609632871696
0.8935000000000001	0.00001331886348591839
0.894	0.000013321631095056332
0.8945000000000001	0.00001332439915607734
0.895	0.000013327167668927699
0.8955000000000001	0.000013329936633553427
0.896	0.000013332706049900275
0.8965	0.000013335475917913721
0.897	0.000013338246237538978
0.8975	0.000013341017008720987
0.898	0.000013343788231404417
0.8985	0.000013346559905533669
0.899	0.000013349332031052879
0.8995	0.000013352104607905902
0.9	0.000013354877636036329
0.9005	0.000013357651115387475
0.901	0.000013360425045902391
0.9015	0.000013363199427523847
0.902	0.000013365974260194346
0.9025	0.000013368749543856117
0.903	0.000013371525278451118
0.9035	0.00001337430146392103
0.904	0.000013377078100207266
0.9045	0.000013379855187250962
0.905	0.00001338263272499298
0.9055	0.000013385410713373907
0.906	0.00001338818915233406
0.9065	0.000013390968041813475
0.907	0.000013393747381751917
0.9075	0.000013396527172088875
0.908	0.000013399307412763563
0.9085	0.000013402088103714916
0.909	0.000013404869244881597
0.9095	0.000013407650836201988
0.91	0.000013410432877614198
0.9105	0.000013413215369056055
0.911	0.000013415998310465115
0.9115	0.000013418781701778651
0.912	0.000013421565542933663
0.9125	0.000013424349833866866
0.913	0.000013427134574514703
0.9135	0.000013429919764813336
0.914	0.000013432705404698647
0.9145	0.000013435491494106237
0.915	0.000013438278032971433
0.9155	0.000013441065021229277
0.916	0.00001344385245881453
0.9165	0.000013446640345661676
0.917	0.00001344942868170492
0.9175	0.000013452217466878179
0.918	0.000013455006701115092
0.9185	0.000013457796384349017
0.919	0.000013460586516513032
0.9195	0.000013463377097539926
0.92	0.000013466168127362212
0.9205	0.00001346895960591212
0.921	0.000013471751533121593
0.9215	0.00001347454390892229
0.922	0.000013477336733245591
0.9225	0.00001348013000602259
0.923	0.000013482923727184091
0.9235	0.000013485717896660626
0.924	0.000013488512514382432
0.9245	0.000013491307580279463
0.925	0.00001349410309428139
0.9255	0.000013496899056317594
0.926	0.000013499695466317176
0.9265	0.000013502492324208943
0.927	0.000013505289629921424
0.9275	0.000013508087383382855
0.928	0.000013510885584521188
0.9285	0.000013513684233264083
0.929	0.000013516483329538919
0.9295	0.000013519282873272783
0.93	0.000013522082864392475
0.9305	0.000013524883302824502
0.931	0.000013527684188495092
0.9315	0.000013530485521330176
0.932	0.000013533287301255393
0.9325	0.000013536089528196103
0.933	0.000013538892202077367
0.9335	0.000013541695322823957
0.934	0.000013544498890360358
0.9345	0.000013547302904610763
0.935	0.000013550107365499072
0.9355	0.000013552912272948895
0.936	0.00001355571762688355
0.9365	0.000013558523427226063
0.937	0.000013561329673899168
0.9375	0.000013564136366825305
0.9380000000000001	0.000013566943504922972
0.9385	0.00001356975109014547
0.9390000000000001	0.000013572559121386517
0.9395	0.000013575367598567376
0.9400000000000001	0.000013578176521609022
0.9405	0.000013580985890432135
0.9410000000000001	0.000013583795704957097
0.9415	0.000013586605965104
0.9420000000000001	0.000013589416670792638
0.9425	0.000013592227821942507
0.9430000000000001	0.000013595039418472817
0.9435	0.00001359785146030247
0.9440000000000001	0.000013600663947350084
0.9445	0.000013603476879533966
0.9450000000000001	0.000013606290256772142
0.9455	0.00001360910407898233
0.9460000000000001	0.000013611918346081953
0.9465	0.00001361473305798814
0.9470000000000001	0.000013617548214617721
0.9475	0.000013620363815887224
0.9480000000000001	0.00001362317986171288
0.9485	0.000013625996352010627
0.9490000000000001	0.000013628813286696095
0.9495	0.000013631630665684624
0.9500000000000001	0.000013634448488891245
0.9505	0.000013637266756230698
0.9510000000000001	0.000013640085467617418
0.9515	0.00001364290462296554
0.9520000000000001	0.000013645724222188898
0.9525	0.000013648544265201027
0.9530000000000001	0.000013651364751915162
0.9535	0.00001365418568224423
0.9540000000000001	0.000013657007056100865
0.9545	0.000013659828873397392
0.9550000000000001	0.000013662651134045839
0.9555	0.000013665473837957925
0.9560000000000001	0.000013668296985045072
0.9565	0.000013671120575218397
0.9570000000000001	0.000013673944608388714
0.9575	0.000013676769084466532
0.9580000000000001	0.000013679594003362056
0.9585	0.000013682419364985187
0.9590000000000001	0.000013685245169245527
0.9595	0.00001368807141605236
0.96	0.00001369089810531468
0.9605	0.000013693725236941167
0.961	0.000013696553183843224
0.9615	0.000013699381994117238
0.962	0.000013702211246801698
0.9625	0.000013705040941769569
0.963	0.00001370787107889345
0.9635	0.000013710701658045587
0.964	0.000013713532679097855
0.9645	0.000013716364141921774
0.965	0.0000137191960463885
0.9655	0.000013722028392368826
0.966	0.00001372486117973318
0.9665	0.000013727694408351632
0.967	0.000013730528078093885
0.9675	0.000013733362188829281
0.968	0.000013736196740426798
0.9685	0.000013739031732755046
0.969	0.000013741867165682276
0.9695	0.000013744703039076373
0.97	0.000013747539352804852
0.9705	0.000013750376106734871
0.971	0.000013753213300733218
0.9715	0.000013756050934666312
0.972	0.000013758889008400213
0.9725	0.000013761727521800611
0.973	0.000013764566474732828
0.9735	0.000013767405867061824
0.974	0.000013770245698652184
0.9745	0.000013773085969368136
0.975	0.000013775926679073531
0.9755	0.000013778767827631856
0.976	0.000013781609414906231
0.9765	0.000013784451440759404
0.977	0.000013787293905053757
0.9775	0.000013790136807651301
0.978	0.000013792980148413681
0.9785	0.00001379582392720217
0.979	0.000013798668143877667
0.9795	0.000013801512798300709
0.98	0.000013804357890331457
0.9805	0.000013807203419829704
0.981	0.00001381004938665487
0.9815	0.000013812895790666006
0.982	0.000013815742631721787
0.9825	0.000013818589909680522
0.983	0.000013821437624400146
0.9835	0.00001382428577573822
0.984	0.000013827134363551931
0.9845	0.0000138299833876981
0.985	0.000013832832848033166
0.9855	0.000013835682744413203
0.986	0.000013838533076693905
0.9865	0.000013841383844730594
0.987	0.00001384423504837822
0.9875	0.000013847086687491358
0.988	0.0000138499387619242
0.9885	0.000013852791271530578
0.989	0.000013855644216163937
0.9895	0.000013858497595677351
0.99	0.000013861351409923518
0.9905	0.000013864205658754759
0.991	0.000013867060342023017
0.9915	0.000013869915459579865
0.992	0.000013872771011276493
0.9925	0.000013875626996963714
0.993	0.000013878483416491966
0.9935	0.000013881340269711311
0.994	0.000013884197556471429
0.9945	0.000013887055276621623
0.995	0.000013889913430010819
0.9955	0.000013892772016487564
0.996	0.000013895631035900027
0.9965	0.000013898490488095994
0.997	0.000013901350372922876
0.9975	0.000013904210690227703
0.998	0.000013907071439857123
0.9985	0.000013909932621657407
0.999	0.000013912794235474443
0.9995	0.000013915656281153741