1.e-6	8.023193420386603e-6
2.e-6	8.022936401897685e-6
3.e-6	8.022859635842917e-6
4.e-6	8.022187605585782e-6
4.9999999999999996e-6	8.021928342317043e-6
5.999999999999999e-6	8.021645870635347e-6
7.e-6	8.019879620206054e-6
8.e-6	8.021070487869004e-6
9.e-6	8.020966907467154e-6
0.00001	8.020495239092944e-6
0.00002	8.017544220776869e-6
0.000030000000000000004	8.014829615339085e-6
0.00004	8.011984351379328e-6
0.00005	8.009135128630821e-6
0.00006	8.00625447787365e-6
0.00007000000000000001	8.00322167929497e-6
0.00008	8.000585244108648e-6
0.00009	7.997964932386618e-6
0.0001	7.995014878567449e-6
0.00011	7.992475357438402e-6
0.00012	7.98964043819304e-6
0.00013000000000000002	7.987012381811305e-6
0.00014000000000000001	7.984638766334238e-6
0.00015000000000000001	7.980634662424665e-6
0.00016	7.978883796042595e-6
0.00017	7.976225383759993e-6
0.00018	7.973565935392111e-6
0.00019	7.970887828569152e-6
0.0002	7.968249038133583e-6
0.00021	7.96570877917952e-6
0.00022000000000000003	7.963106195766551e-6
0.00023	7.960432725742198e-6
0.00024000000000000003	7.958034788809734e-6
0.00025	7.955437679255371e-6
0.00026000000000000003	7.952453046207516e-6
0.00027	7.95049532515339e-6
0.00028000000000000003	7.94800661897705e-6
0.00029	7.945486363791107e-6
0.00030000000000000003	7.94324387885181e-6
0.00031	7.940635974673252e-6
0.00032	7.938238042010658e-6
0.00033	7.935692986596261e-6
0.00034	7.933447854862006e-6
0.00035	7.93127438287866e-6
0.00036	7.928789300750709e-6
0.00037	7.926472308511032e-6
0.00038	7.924165610342975e-6
0.00039	7.922030555384984e-6
0.0004	7.919578958153115e-6
0.00041	7.917465496828757e-6
0.00042	7.915200367378069e-6
0.00043000000000000004	7.913033244500789e-6
0.00044	7.910832100636049e-6
0.00045000000000000004	7.908914281532616e-6
0.00046	7.906596231303062e-6
0.00047000000000000004	7.904488490539168e-6
0.00048	7.90239826945342e-6
0.0004900000000000001	7.900366395704662e-6
0.0005	7.898330411482391e-6
0.00051	7.896389515468891e-6
0.0005200000000000001	7.894383244318714e-6
0.0005300000000000001	7.892343259677538e-6
0.00054	7.89035958309176e-6
0.00055	7.888377591720052e-6
0.0005600000000000001	7.886544633695814e-6
0.0005700000000000001	7.884618394241771e-6
0.0005800000000000001	7.882820737571003e-6
0.0005900000000000001	7.881367199856987e-6
0.0006000000000000001	7.879178636945704e-6
0.0006100000000000001	7.87752810243356e-6
0.0006200000000000001	7.875608311514935e-6
0.0006300000000000001	7.873797462760222e-6
0.00064	7.872170856579603e-6
0.0006500000000000001	7.870490656756992e-6
0.0006600000000000001	7.868818546629535e-6
0.0006700000000000001	7.867212077723688e-6
0.00068	7.865929334381262e-6
0.0006900000000000001	7.863918991288456e-6
0.0007000000000000001	7.862337941060014e-6
0.0007100000000000001	7.860850719224333e-6
0.00072	7.85922389468164e-6
0.0007300000000000001	7.85771530903875e-6
0.0007400000000000001	7.856088456891969e-6
0.0007500000000000001	7.854716520963038e-6
0.0007600000000000002	7.853676136072946e-6
0.0007700000000000001	7.852000260144916e-6
0.0007800000000000001	7.850558758666692e-6
0.0007900000000000001	7.849199760223815e-6
0.0008000000000000001	7.847612463982799e-6
0.0008100000000000001	7.846521797535014e-6
0.0008200000000000001	7.845066845953122e-6
0.0008300000000000001	7.843961935712072e-6
0.0008400000000000001	7.842729771002666e-6
0.0008500000000000001	7.841562646948738e-6
0.0008600000000000001	7.840198315980169e-6
0.0008700000000000001	7.839052572494959e-6
0.0008800000000000001	7.837980624773918e-6
0.0008900000000000001	7.83679678428891e-6
0.0009000000000000001	7.835913977439471e-6
0.0009100000000000001	7.834582255930007e-6
0.0009200000000000001	7.833535627980931e-6
0.0009300000000000002	7.832460386641711e-6
0.0009400000000000001	7.831443208948048e-6
0.0009500000000000001	7.830377159945297e-6
0.0009600000000000001	7.829577645128991e-6
0.0009700000000000002	7.828441728915234e-6
0.00098	7.827549409321618e-6
0.00099	7.826343885556535e-6
0.001	7.825702621086931e-6
0.0011	7.817736956133833e-6
0.0012000000000000001	7.811295518777548e-6
0.0013	7.805948642885043e-6
0.0014	7.801417235788617e-6
0.0015	7.797379410554637e-6
0.0016	7.793997214659071e-6
0.0017000000000000001	7.790860280399806e-6
0.0018	7.787960553664661e-6
0.0019000000000000002	7.785378185090722e-6
0.002	7.782737355861728e-6
0.0021000000000000003	7.780475522366419e-6
0.0022	7.77896401306644e-6
0.0023	7.778097312856508e-6
0.0024000000000000002	7.777637553133346e-6
0.0025	7.777000322491803e-6
0.0026	7.775299237232889e-6
0.0027	7.771517260800059e-6
0.0028000000000000004	7.764654582793189e-6
0.0029	7.754199169913776e-6
0.003	7.741025852223187e-6
0.0031000000000000003	7.72917978222754e-6
0.0032	7.718877594157951e-6
0.0033	7.710115551092951e-6
0.0034000000000000002	7.703039399396042e-6
0.0035	7.697740999662472e-6
0.0036000000000000003	7.694173157979767e-6
0.0037	7.692132673616834e-6
0.0038	7.691335274900887e-6
0.0039000000000000003	7.691241697187422e-6
0.004	7.69099009371031e-6
0.0041	7.689175553007719e-6
0.004200000000000001	7.68667782869749e-6
0.0043	7.68405462638202e-6
0.0044	7.68151494209973e-6
0.0045000000000000005	7.67931924540506e-6
0.0046	7.677062585903493e-6
0.0047	7.675195970041993e-6
0.0048000000000000004	7.673532478243977e-6
0.0049	7.671938540793516e-6
0.005	7.670232342126012e-6
0.0051	7.6680283188036e-6
0.005200000000000001	7.665604005528282e-6
0.0053	7.663055423441528e-6
0.0054	7.660501164127909e-6
0.0055000000000000005	7.657965846679851e-6
0.0056	7.655458672643043e-6
0.0057	7.653003460721738e-6
0.0058000000000000005	7.650573231414116e-6
0.0059	7.648140938911199e-6
0.006	7.645641275073664e-6
0.0061	7.642920836965458e-6
0.006200000000000001	7.640033891258018e-6
0.0063	7.637011418472757e-6
0.0064	7.633886871710442e-6
0.006500000000000001	7.630670752272653e-6
0.0066	7.627392574011616e-6
0.0067	7.6240716412676916e-6
0.0068000000000000005	7.620714607133752e-6
0.0069	7.6173294951985274e-6
0.007	7.613914591310151e-6
0.0071	7.610483297373079e-6
0.007200000000000001	7.6070789982447966e-6
0.0073	7.6037233686555525e-6
0.0074	7.600348781700194e-6
0.007500000000000001	7.596894702844985e-6
0.0076	7.593339198351085e-6
0.0077	7.589640567111612e-6
0.0078000000000000005	7.585803233444863e-6
0.0079	7.581804494720035e-6
0.008	7.577714238941052e-6
0.0081	7.573637362647133e-6
0.0082	7.569336490477008e-6
0.0083	7.564537408310116e-6
0.008400000000000001	7.559141530172281e-6
0.0085	7.553012747321197e-6
0.0086	7.545948382744726e-6
0.0087	7.537800146410101e-6
0.0088	7.528394140897226e-6
0.008900000000000002	7.517500659008866e-6
0.009000000000000001	7.505168071475515e-6
0.0091	7.489138836900211e-6
0.0092	7.472363140288628e-6
0.0093	7.45554336754599e-6
0.009400000000000002	7.439685532692095e-6
0.009500000000000001	7.425651513479414e-6
0.009600000000000001	7.414487659179285e-6
0.0097	7.40710810248725e-6
0.0098	7.4045390858161105e-6
0.009899999999999999	7.407833822512418e-6
0.01	7.418557858628511e-6
0.011	7.068513763072906e-6
0.012	6.669726487226199e-6
0.013000000000000001	6.260324526025603e-6
0.014	5.895512951851232e-6
0.015	5.568739770427681e-6
0.016	5.277285558054322e-6
0.017	5.017145171184524e-6
0.018000000000000002	4.784690733486238e-6
0.019000000000000003	4.5779713757993264e-6
0.02	4.3976943533349266e-6
0.020999999999999998	4.204118858356335e-6
0.022	4.011432273127821e-6
0.023	3.837092459560222e-6
0.024	3.67725546360701e-6
0.025	3.5301912630293097e-6
0.026000000000000002	3.3944319849041086e-6
0.027000000000000003	3.2687248545575326e-6
0.028000000000000004	3.151993967462698e-6
0.028999999999999998	3.043311664349814e-6
0.03	2.9418731662107486e-6
0.031	2.846978075432056e-6
0.032	2.758013441738919e-6
0.033	2.674439887374283e-6
0.034	2.5957823845754562e-6
0.035	2.5216191786960655e-6
0.036000000000000004	2.4515758267569905e-6
0.037	2.3853183694721504e-6
0.038	2.322547977533587e-6
0.039	2.2629964291574417e-6
0.04	2.2064223479963378e-6
0.041	2.152607839399276e-6
0.042	2.101355899746076e-6
0.043000000000000003	2.052487716772085e-6
0.044000000000000004	2.005840760072039e-6
0.045000000000000005	1.961266942426342e-6
0.046000000000000006	1.9186310740602304e-6
0.047	1.8778094657337145e-6
0.048	1.838688724526387e-6
0.049	1.8011647234053208e-6
0.05	1.7651416606486142e-6
0.051000000000000004	1.7305312377994205e-6
0.052000000000000005	1.6972519789446161e-6
0.053000000000000005	1.665228529117916e-6
0.054	1.6343911173264586e-6
0.055	1.6046750542712894e-6
0.056	1.5760202592109554e-6
0.057	1.548370896356164e-6
0.058	1.521674951707948e-6
0.059000000000000004	1.4958839470380621e-6
0.060000000000000005	1.4709526359852776e-6
0.061000000000000006	1.4468387391148512e-6
0.062000000000000006	1.4235027046073428e-6
0.063	1.4009074918220808e-6
0.064	1.3790183751168267e-6
0.065	1.3578027657758383e-6
0.066	1.3372300522784069e-6
0.067	1.3172714442784191e-6
0.068	1.2978998511790283e-6
0.069	1.2790897508141107e-6
0.06999999999999999	1.2608170792670708e-6
0.071	1.2430591285735317e-6
0.072	1.2257944522253662e-6
0.073	1.2090027788115623e-6
0.074	1.1926649326617128e-6
0.075	1.1767627625370618e-6
0.076	1.1612790673338246e-6
0.077	1.1461975446545362e-6
0.078	1.1315027264098069e-6
0.079	1.1171799276981214e-6
0.08	1.1032151978572122e-6
0.081	1.0895952751411587e-6
0.082	1.0763075447137506e-6
0.08299999999999999	1.0633399996784306e-6
0.08399999999999999	1.0506812048917833e-6
0.08499999999999999	1.0383202633247581e-6
0.086	1.0262467851638911e-6
0.087	1.0144508571466575e-6
0.088	1.0029230177774495e-6
0.089	9.916542303922414e-7
0.09	9.80635859954417e-7
0.091	9.6985965098749e-7
0.092	9.593177069465662e-7
0.093	9.490024709216248e-7
0.094	9.389067075728842e-7
0.095	9.290234862043214e-7
0.096	9.193461649978472e-7
0.097	9.098683757108599e-7
0.09799999999999999	9.00584010353912e-7
0.09899999999999999	8.91487207610706e-7
0.09999999999999999	8.825723406167271e-7
0.10099999999999999	8.738340053527782e-7
0.102	8.652670097212453e-7
0.103	8.568663632586922e-7
0.104	8.486272674419543e-7
0.105	8.405451065481659e-7
0.106	8.326154390321462e-7
0.107	8.248339893872863e-7
0.108	8.171966404586114e-7
0.109	8.096994261789753e-7
0.11	8.023385247014547e-7
0.111	7.951102519029719e-7
0.112	7.880110552359285e-7
0.113	7.810375079063035e-7
0.114	7.74186303358165e-7
0.11499999999999999	7.674542500459447e-7
0.11599999999999999	7.608382664771097e-7
0.11699999999999999	7.543353765090586e-7
0.118	7.479427048851548e-7
0.119	7.416574729939154e-7
0.12	7.354769948465867e-7
0.121	7.293986732481292e-7
0.122	7.234199961572248e-7
0.123	7.175385332222607e-7
0.124	7.117519324904134e-7
0.125	7.060579172712036e-7
0.126	7.004542831510348e-7
0.127	6.949388951460104e-7
0.128	6.895096849903228e-7
0.129	6.841646485503295e-7
0.13	6.789018433579345e-7
0.131	6.737193862569457e-7
0.132	6.686154511564221e-7
0.133	6.635882668853625e-7
0.134	6.586361151434606e-7
0.135	6.53757328542936e-7
0.136	6.489502887367533e-7
0.137	6.442134246288158e-7
0.138	6.395452106619816e-7
0.139	6.349441651799712e-7
0.14	6.304088488594849e-7
0.14100000000000001	6.259378632090363e-7
0.14200000000000002	6.215298491312118e-7
0.14300000000000002	6.171834889747553e-7
0.14400000000000002	6.128974914363722e-7
0.14500000000000002	6.086706110539021e-7
0.14600000000000002	6.045016330921692e-7
0.14700000000000002	6.003893758701683e-7
0.14800000000000002	5.9633268964426e-7
0.14900000000000002	5.923304555362466e-7
0.15000000000000002	5.883815845046469e-7
0.15100000000000002	5.844850163567294e-7
0.15200000000000002	5.806397187995394e-7
0.15300000000000002	5.768446865281435e-7
0.15400000000000003	5.73098940349397e-7
0.155	5.694015263396293e-7
0.156	5.657515150347254e-7
0.157	5.621480006511605e-7
0.158	5.585901003366155e-7
0.159	5.550769534488706e-7
0.16	5.51607720861741e-7
0.161	5.481815842968779e-7
0.162	5.447977456803166e-7
0.163	5.414554265227122e-7
0.164	5.381538673222469e-7
0.165	5.348923269892536e-7
0.166	5.316700822916301e-7
0.167	5.28486427320185e-7
0.168	5.253406729730745e-7
0.169	5.222321464585439e-7
0.17	5.191601929517441e-7
0.171	5.161241665494098e-7
0.17200000000000001	5.131234427520185e-7
0.17300000000000001	5.101574093760053e-7
0.17400000000000002	5.072254683109794e-7
0.17500000000000002	5.04327035117634e-7
0.17600000000000002	5.014615386393641e-7
0.17700000000000002	4.986284206270492e-7
0.17800000000000002	4.958271353764835e-7
0.17900000000000002	4.930571493779598e-7
0.18000000000000002	4.903179409775336e-7
0.18100000000000002	4.876090000495174e-7
0.18200000000000002	4.849298276797685e-7
0.18300000000000002	4.822799358593641e-7
0.18400000000000002	4.796588471882652e-7
0.18500000000000003	4.770660945885877e-7
0.186	4.745012210271275e-7
0.187	4.719637792467852e-7
0.188	4.6945333150656453e-7
0.189	4.6696944932982237e-7
0.19	4.645117132604722e-7
0.191	4.62079712626842e-7
0.192	4.596730453129148e-7
0.193	4.572913175366799e-7
0.194	4.549341436353385e-7
0.195	4.526011410827577e-7
0.196	4.502919494926244e-7
0.197	4.4800620145106154e-7
0.198	4.4574354175297703e-7
0.199	4.435036223330701e-7
0.2	4.412861020873422e-7
0.201	4.3909064669991943e-7
0.202	4.3691692847510147e-7
0.203	4.3476462617417063e-7
0.20400000000000001	4.3263342485706034e-7
0.20500000000000002	4.3052301572942396e-7
0.20600000000000002	4.2843309599214566e-7
0.20700000000000002	4.263633686977039e-7
0.20800000000000002	4.2431354260943063e-7
0.20900000000000002	4.22283332063719e-7
0.21000000000000002	4.20272456839066e-7
0.21100000000000002	4.182806420255801e-7
0.21200000000000002	4.1630761790072905e-7
0.21300000000000002	4.1435311658080274e-7
0.21400000000000002	4.124168848735469e-7
0.21500000000000002	4.1049866460652054e-7
0.21600000000000003	4.0859820562063173e-7
0.21700000000000003	4.067152623684709e-7
0.21800000000000003	4.0484959380798704e-7
0.219	4.030009632996318e-7
0.22	4.0116913850645813e-7
0.221	3.993538912966977e-7
0.222	3.9755499764906354e-7
0.223	3.957722375605814e-7
0.224	3.9400539495689935e-7
0.225	3.9225425760498457e-7
0.226	3.9051861702813853e-7
0.227	3.8879826842325824e-7
0.228	3.8709301058027545e-7
0.229	3.854026458037058e-7
0.23	3.8372697983624525e-7
0.231	3.820658217843502e-7
0.232	3.804189840457432e-7
0.233	3.7878628223878455e-7
0.234	3.7716753513365543e-7
0.23500000000000001	3.755625645852985e-7
0.23600000000000002	3.7397119546806215e-7
0.23700000000000002	3.72393255612e-7
0.23800000000000002	3.7082857574077675e-7
0.23900000000000002	3.692769894111321e-7
0.24000000000000002	3.6773833295385875e-7
0.24100000000000002	3.6621244541624895e-7
0.24200000000000002	3.64699168505969e-7
0.24300000000000002	3.6319834653631877e-7
0.24400000000000002	3.6170982637283805e-7
0.24500000000000002	3.602334573812193e-7
0.24600000000000002	3.587690913764924e-7
0.24700000000000003	3.5731658257344243e-7
0.24800000000000003	3.558757875382276e-7
0.24900000000000003	3.5444656514116337e-7
0.25	3.530287765106388e-7
0.251	3.51622284988135e-7
0.252	3.502269560843157e-7
0.253	3.4884265743615616e-7
0.254	3.474692587650885e-7
0.255	3.4610663183612886e-7
0.256	3.447546504179645e-7
0.257	3.4341319024397107e-7
0.258	3.4208212897413765e-7
0.259	3.4076134615787365e-7
0.26	3.394507231976738e-7
0.261	3.3815014331361817e-7
0.262	3.3685949150868534e-7
0.263	3.3557865453485803e-7
0.264	3.343075208599964e-7
0.265	3.3304598063546435e-7
0.266	3.3179392566448446e-7
0.267	3.3055124937120354e-7
0.268	3.293178467704528e-7
0.269	3.2809361443818036e-7
0.27	3.2687845048254145e-7
0.271	3.2567225451563014e-7
0.272	3.2447492762583217e-7
0.273	3.2328637235078715e-7
0.274	3.221064926509426e-7
0.275	3.2093519388368416e-7
0.276	3.1977238277802954e-7
0.277	3.1861796740986846e-7
0.278	3.174718571777403e-7
0.279	3.1633396277912886e-7
0.28	3.152041961872682e-7
0.281	3.140824706284414e-7
0.28200000000000003	3.1296870055976477e-7
0.28300000000000003	3.118628016474402e-7
0.28400000000000003	3.107646907454694e-7
0.28500000000000003	3.0967428587481534e-7
0.28600000000000003	3.085915062030001e-7
0.28700000000000003	3.075162720241308e-7
0.28800000000000003	3.0644850473934025e-7
0.28900000000000003	3.053881268376347e-7
0.29000000000000004	3.043350618771371e-7
0.29100000000000004	3.0328923446671736e-7
0.29200000000000004	3.0225057024800066e-7
0.29300000000000004	3.01218995877743e-7
0.29400000000000004	3.0019443901056737e-7
0.29500000000000004	2.991768282820507e-7
0.29600000000000004	2.981660932921538e-7
0.29700000000000004	2.971621645889859e-7
0.29800000000000004	2.961649736528959e-7
0.299	2.951744528808837e-7
0.3	2.9419053557132155e-7
0.301	2.932131559089827e-7
0.302	2.9224224895036427e-7
0.303	2.912777506093034e-7
0.304	2.903195976428761e-7
0.305	2.893677276375735e-7
0.306	2.884220789957491e-7
0.307	2.874825909223319e-7
0.308	2.865492034117964e-7
0.309	2.8562185723538797e-7
0.31	2.847004939285934e-7
0.311	2.837850557788551e-7
0.312	2.828754858135188e-7
0.313	2.819717277880161e-7
0.314	2.810737261742692e-7
0.315	2.801814261493188e-7
0.316	2.7929477358416655e-7
0.317	2.784137150328303e-7
0.318	2.7753819772160363e-7
0.319	2.766681695385196e-7
0.32	2.7580357902301064e-7
0.321	2.749443753557622e-7
0.322	2.740905083487551e-7
0.323	2.732419284354941e-7
0.324	2.723985866614153e-7
0.325	2.7156043467447266e-7
0.326	2.707274247158964e-7
0.327	2.69899509611122e-7
0.328	2.6907664276088426e-7
0.329	2.682587781324745e-7
0.33	2.674458702511555e-7
0.331	2.666378741917343e-7
0.332	2.6583474557028473e-7
0.333	2.650364405360212e-7
0.334	2.6424291576331663e-7
0.335	2.634541284438649e-7
0.336	2.6267003627898293e-7
0.337	2.618905974720482e-7
0.338	2.6111577072107354e-7
0.339	2.6034551521141e-7
0.34	2.5957979060858145e-7
0.341	2.588185570512432e-7
0.342	2.580617751442648e-7
0.343	2.5730940595193446e-7
0.34400000000000003	2.565614109912808e-7
0.34500000000000003	2.5581775222551217e-7
0.34600000000000003	2.550783920575679e-7
0.34700000000000003	2.5434329332378345e-7
0.34800000000000003	2.5361241928766223e-7
0.34900000000000003	2.528857336337565e-7
0.35000000000000003	2.5216320046165214e-7
0.35100000000000003	2.514447842800562e-7
0.35200000000000004	2.5073045000098633e-7
0.35300000000000004	2.5002016293405713e-7
0.35400000000000004	2.4931388878086503e-7
0.35500000000000004	2.486115936294673e-7
0.35600000000000004	2.479132439489545e-7
0.35700000000000004	2.472188065841129e-7
0.35800000000000004	2.465282487501787e-7
0.35900000000000004	2.458415380276777e-7
0.36000000000000004	2.4515864235735177e-7
0.36100000000000004	2.444795300351701e-7
0.362	2.4380416970742274e-7
0.363	2.4313253036589494e-7
0.364	2.4246458134312146e-7
0.365	2.418002923077191e-7
0.366	2.4113963325979484e-7
0.367	2.4048257452642993e-7
0.368	2.3982908675723757e-7
0.369	2.391791409199919e-7
0.37	2.385327082963294e-7
0.371	2.378897604775177e-7
0.372	2.3725026936029548e-7
0.373	2.3661420714277634e-7
0.374	2.3598154632042015e-7
0.375	2.3535225968206877e-7
0.376	2.3472632030604434e-7
0.377	2.341037015563099e-7
0.378	2.3348437707869155e-7
0.379	2.3286832079715948e-7
0.38	2.322555069101685e-7
0.381	2.316459098870556e-7
0.382	2.310395044644946e-7
0.383	2.3043626564300602e-7
0.384	2.2983616868352162e-7
0.385	2.292391891040023e-7
0.386	2.2864530271358527e-7
0.387	2.2805448509846784e-7
0.388	2.2746671189120346e-7
0.389	2.2688195713368235e-7
0.39	2.263002029307961e-7
0.391	2.257214282452101e-7
0.392	2.2514558854339423e-7
0.393	2.245726968250496e-7
0.394	2.2400271183466286e-7
0.395	2.2343559092778275e-7
0.396	2.228713513184258e-7
0.397	2.2230993731339885e-7
0.398	2.2175136122113457e-7
0.399	2.2119556666370302e-7
0.4	2.2064257586195125e-7
0.401	2.2009234104265478e-7
0.402	2.1954482812432523e-7
0.403	2.190000491558138e-7
0.404	2.1845796391853167e-7
0.405	2.1791855353646138e-7
0.406	2.1738180382273145e-7
0.40700000000000003	2.1684769264378928e-7
0.40800000000000003	2.1631620005279376e-7
0.40900000000000003	2.1578730640210133e-7
0.41000000000000003	2.1526099271244993e-7
0.41100000000000003	2.1473724015200877e-7
0.41200000000000003	2.1421603007178034e-7
0.41300000000000003	2.136973440033871e-7
0.41400000000000003	2.1318116365688974e-7
0.41500000000000004	2.1266747091863764e-7
0.41600000000000004	2.1215624784914964e-7
0.41700000000000004	2.116474766810262e-7
0.41800000000000004	2.1114113981689067e-7
0.41900000000000004	2.1063721982736009e-7
0.42000000000000004	2.1013569944904617e-7
0.42100000000000004	2.0963656158258278e-7
0.42200000000000004	2.0913978929068342e-7
0.42300000000000004	2.086453657962248e-7
0.42400000000000004	2.0815327448035854e-7
0.42500000000000004	2.0766349888064886e-7
0.42600000000000005	2.0717602268923677e-7
0.427	2.0669082975103018e-7
0.428	2.0620790406191905e-7
0.429	2.0572722976701595e-7
0.43	2.0524879115892058e-7
0.431	2.0477257267600915e-7
0.432	2.0429855890074678e-7
0.433	2.0382673455802393e-7
0.434	2.033570845135155e-7
0.435	2.028895937720625e-7
0.436	2.0242424747607636e-7
0.437	2.0196103090396438e-7
0.438	2.0149992946857802e-7
0.439	2.0104092871568094e-7
0.44	2.005840143224391e-7
0.441	2.001291720959308e-7
0.442	1.9967638797167686e-7
0.443	1.9922564801219135e-7
0.444	1.9877693840555108e-7
0.445	1.983302454639852e-7
0.446	1.9788555562248282e-7
0.447	1.9744285543742042e-7
0.448	1.970021315852066e-7
0.449	1.9656337086094594e-7
0.45	1.961265601771194e-7
0.451	1.9569168656228408e-7
0.452	1.9525873715978807e-7
0.453	1.9482769922650434e-7
0.454	1.9439856013157967e-7
0.455	1.9397130735520188e-7
0.456	1.9354592848738113e-7
0.457	1.9312241122674927e-7
0.458	1.9270074337937358e-7
0.459	1.9228091285758658e-7
0.46	1.9186290767883085e-7
0.461	1.91446715964519e-7
0.462	1.9103232593890879e-7
0.463	1.906197259279921e-7
0.464	1.9020890435839889e-7
0.465	1.8979984975631469e-7
0.466	1.8939255074641323e-7
0.467	1.889869960508009e-7
0.468	1.8858317448797667e-7
0.46900000000000003	1.88181074971804e-7
0.47000000000000003	1.8778068651049636e-7
0.47100000000000003	1.8738199820561597e-7
0.47200000000000003	1.8698499925108444e-7
0.47300000000000003	1.865896789322067e-7
0.47400000000000003	1.861960266247072e-7
0.47500000000000003	1.8580403179377794e-7
0.47600000000000003	1.8541368399313852e-7
0.47700000000000004	1.850249728641086e-7
0.47800000000000004	1.8463788813469121e-7
0.47900000000000004	1.8425241961866814e-7
0.48000000000000004	1.8386855721470628e-7
0.48100000000000004	1.8348629090547523e-7
0.48200000000000004	1.8310561075677612e-7
0.48300000000000004	1.8272650691668066e-7
0.48400000000000004	1.823489696146816e-7
0.48500000000000004	1.8197298916085312e-7
0.48600000000000004	1.815985559450219e-7
0.48700000000000004	1.812256604359483e-7
0.48800000000000004	1.808542931805175e-7
0.48900000000000005	1.8048444480294077e-7
0.49	1.8011610600396664e-7
0.491	1.7974926756010103e-7
0.492	1.793839203228376e-7
0.493	1.7902005521789746e-7
0.494	1.7865766324447746e-7
0.495	1.7829673547450835e-7
0.496	1.7793726305192133e-7
0.497	1.7757923719192384e-7
0.498	1.7722264918028386e-7
0.499	1.7686749037262302e-7
0.5	1.765137521937178e-7
0.501	1.7616142613680982e-7
0.502	1.7581050376292327e-7
0.503	1.754609767001919e-7
0.504	1.751128366431923e-7
0.505	1.7476607535228717e-7
0.506	1.7442068465297433e-7
0.507	1.7407665643524465e-7
0.508	1.7373398265294774e-7
0.509	1.7339265532316373e-7
0.51	1.7305266652558425e-7
0.511	1.7271400840189924e-7
0.512	1.7237667315519183e-7
0.513	1.7204065304933973e-7
0.514	1.7170594040842387e-7
0.515	1.713725276161441e-7
0.516	1.7104040711524118e-7
0.517	1.707095714069263e-7
0.518	1.7038001305031592e-7
0.519	1.7005172466187456e-7
0.52	1.6972469891486325e-7
0.521	1.693989285387941e-7
0.522	1.6907440631889211e-7
0.523	1.6875112509556194e-7
0.524	1.6842907776386174e-7
0.525	1.681082572729825e-7
0.526	1.6778865662573364e-7
0.527	1.674702688780341e-7
0.528	1.6715308713840938e-7
0.529	1.6683710456749474e-7
0.53	1.6652231437754287e-7
0.531	1.6620870983193861e-7
0.532	1.6589628424471787e-7
0.533	1.655850309800927e-7
0.534	1.6527494345198134e-7
0.535	1.6496601512354396e-7
0.536	1.6465823950672283e-7
0.537	1.6435161016178872e-7
0.538	1.640461206968911e-7
0.539	1.6374176476761453e-7
0.54	1.6343853607653916e-7
0.541	1.6313642837280644e-7
0.542	1.628354354516898e-7
0.543	1.6253555115416945e-7
0.544	1.622367693665126e-7
0.545	1.6193908401985778e-7
0.546	1.6164248908980433e-7
0.547	1.6134697859600536e-7
0.548	1.6105254660176638e-7
0.549	1.6075918721364752e-7
0.55	1.6046689458107e-7
0.551	1.6017566289592783e-7
0.552	1.5988548639220253e-7
0.553	1.595963593455828e-7
0.554	1.5930827607308834e-7
0.555	1.590212309326969e-7
0.556	1.587352183229766e-7
0.557	1.5845023268272114e-7
0.558	1.581662684905896e-7
0.559	1.5788332026474966e-7
0.56	1.5760138256252503e-7
0.561	1.5732044998004623e-7
0.562	1.5704051715190562e-7
0.5630000000000001	1.5676157875081558e-7
0.5640000000000001	1.564836294872711e-7
0.5650000000000001	1.562066641092144e-7
0.5660000000000001	1.5593067740170407e-7
0.5670000000000001	1.5565566418659138e-7
0.5680000000000001	1.5538161932218955e-7
0.5690000000000001	1.5510853770295858e-7
0.5700000000000001	1.548364142591897e-7
0.5710000000000001	1.545652439566835e-7
0.5720000000000001	1.542950217964501e-7
0.5730000000000001	1.540257428143914e-7
0.5740000000000001	1.537574020810079e-7
0.5750000000000001	1.5348999470108672e-7
0.5760000000000001	1.532235158134125e-7
0.5770000000000001	1.5295796059047122e-7
0.5780000000000001	1.5269332423815346e-7
0.5790000000000001	1.524296019954725e-7
0.5800000000000001	1.521667891342754e-7
0.5810000000000001	1.5190488095896051e-7
0.5820000000000001	1.5164387280619893e-7
0.5830000000000001	1.5138376004465688e-7
0.5840000000000001	1.5112453807472198e-7
0.5850000000000001	1.5086620232823248e-7
0.5860000000000001	1.506087482682085e-7
0.587	1.5035217138858635e-7
0.588	1.50096467213956e-7
0.589	1.4984163129930074e-7
0.59	1.495876592297394e-7
0.591	1.4933454662027183e-7
0.592	1.4908228911552595e-7
0.593	1.4883088238950843e-7
0.594	1.4858032214535713e-7
0.595	1.483306041150964e-7
0.596	1.4808172405939482e-7
0.597	1.4783367776732502e-7
0.598	1.4758646105612656e-7
0.599	1.473400697709703e-7
0.6	1.4709449978472633e-7
0.601	1.4684974699773305e-7
0.602	1.466058073375689e-7
0.603	1.463626767588271e-7
0.604	1.461203512428914e-7
0.605	1.4587882679771486e-7
0.606	1.4563809945760093e-7
0.607	1.4539816528298588e-7
0.608	1.451590203602244e-7
0.609	1.4492066080137635e-7
0.61	1.446830827439965e-7
0.611	1.4444628235092547e-7
0.612	1.4421025581008348e-7
0.613	1.439749993342656e-7
0.614	1.4374050916093926e-7
0.615	1.4350678155204363e-7
0.616	1.4327381279379107e-7
0.617	1.4304159919647034e-7
0.618	1.428101370942517e-7
0.619	1.4257942284499432e-7
0.62	1.423494528300548e-7
0.621	1.421202234540986e-7
0.622	1.418917311449119e-7
0.623	1.416639723532167e-7
0.624	1.414369435524868e-7
0.625	1.4121064123876546e-7
0.626	1.409850619304859e-7
0.627	1.407602021682919e-7
0.628	1.4053605851486147e-7
0.629	1.403126275547318e-7
0.63	1.400899058941252e-7
0.631	1.3986789016077783e-7
0.632	1.396465770037693e-7
0.633	1.39425963093354e-7
0.634	1.3920604512079424e-7
0.635	1.389868197981947e-7
0.636	1.387682838583387e-7
0.637	1.3855043405452578e-7
0.638	1.3833326716041114e-7
0.639	1.3811677996984596e-7
0.64	1.379009692967199e-7
0.641	1.3768583197480483e-7
0.642	1.3747136485759992e-7
0.643	1.3725756481817806e-7
0.644	1.3704442874903418e-7
0.645	1.3683195356193458e-7
0.646	1.3662013618776762e-7
0.647	1.3640897357639607e-7
0.648	1.3619846269651098e-7
0.649	1.3598860053548594e-7
0.65	1.3577938409923412e-7
0.651	1.3557081041206537e-7
0.652	1.3536287651654533e-7
0.653	1.3515557947335566e-7
0.654	1.3494891636115546e-7
0.655	1.347428842764441e-7
0.656	1.3453748033342515e-7
0.657	1.3433270166387194e-7
0.658	1.3412854541699357e-7
0.659	1.33925008759303e-7
0.66	1.337220888744858e-7
0.661	1.335197829632366e-7
0.662	1.3331808824359408e-7
0.663	1.3311700195050034e-7
0.664	1.3291652133721375e-7
0.665	1.3271664366628402e-7
0.666	1.3251736622064943e-7
0.667	1.3231868632006737e-7
0.668	1.321206012472392e-7
0.669	1.3192310835358962e-7
0.67	1.3172620500354129e-7
0.671	1.3152988852754676e-7
0.672	1.3133415634235347e-7
0.673	1.3113900579262626e-7
0.674	1.3094443435525684e-7
0.675	1.3075043939511253e-7
0.676	1.305570183616979e-7
0.677	1.3036416877439907e-7
0.678	1.3017188801384414e-7
0.679	1.2998017363213354e-7
0.68	1.2978902311858234e-7
0.681	1.2959843398292472e-7
0.682	1.2940840376868708e-7
0.683	1.292189299783853e-7
0.684	1.2903001023104737e-7
0.685	1.288416420444628e-7
0.686	1.2865382303126587e-7
0.687	1.2846655081102644e-7
0.6880000000000001	1.2827982296736864e-7
0.6890000000000001	1.280936371480739e-7
0.6900000000000001	1.2790799099498038e-7
0.6910000000000001	1.2772288216011147e-7
0.6920000000000001	1.2753830831634194e-7
0.6930000000000001	1.2735426714820864e-7
0.6940000000000001	1.2717075635348012e-7
0.6950000000000001	1.2698777364274061e-7
0.6960000000000001	1.268053167397662e-7
0.6970000000000001	1.266233833813957e-7
0.6980000000000001	1.264419713174376e-7
0.6990000000000001	1.2626107831057666e-7
0.7000000000000001	1.2608070213628282e-7
0.7010000000000001	1.2590084058271892e-7
0.7020000000000001	1.2572149145065117e-7
0.7030000000000001	1.2554265255335928e-7
0.7040000000000001	1.2536432171654732e-7
0.7050000000000001	1.2518649677825577e-7
0.7060000000000001	1.250091755887743e-7
0.7070000000000001	1.2483235601055507e-7
0.7080000000000001	1.2465603591812654e-7
0.7090000000000001	1.2448021319800871e-7
0.7100000000000001	1.2430488574862856e-7
0.7110000000000001	1.2413005148023612e-7
0.7120000000000001	1.239557083148217e-7
0.7130000000000001	1.2378185418603339e-7
0.714	1.236084870390955e-7
0.715	1.2343560483072747e-7
0.716	1.2326320552906402e-7
0.717	1.2309128711357495e-7
0.718	1.2291984757498655e-7
0.719	1.227488849152034e-7
0.72	1.2257839714723048e-7
0.721	1.2240838229509636e-7
0.722	1.2223883839377686e-7
0.723	1.2206976348911922e-7
0.724	1.219011556377672e-7
0.725	1.2173301290708638e-7
0.726	1.2156533337509065e-7
0.727	1.2139811513036867e-7
0.728	1.2123135627201135e-7
0.729	1.2106505490953984e-7
0.73	1.208992091628342e-7
0.731	1.2073381716206226e-7
0.732	1.2056887704760955e-7
0.733	1.2040438697000966e-7
0.734	1.202403450898749e-7
0.735	1.2007674957782792e-7
0.736	1.1991359861443365e-7
0.737	1.197508903901317e-7
0.738	1.1958862310516982e-7
0.739	1.1942679496953712e-7
0.74	1.192654042028985e-7
0.741	1.191044490345294e-7
0.742	1.189439277032508e-7
0.743	1.1878383845736525e-7
0.744	1.1862417955459293e-7
0.745	1.1846494926200862e-7
0.746	1.1830614585597883e-7
0.747	1.1814776762209986e-7
0.748	1.1798981285513572e-7
0.749	1.1783227985895741e-7
0.75	1.1767516694648169e-7
0.751	1.175184724396114e-7
0.752	1.1736219466917508e-7
0.753	1.1720633197486842e-7
0.754	1.1705088270519485e-7
0.755	1.1689584521740748e-7
0.756	1.1674121787745123e-7
0.757	1.1658699905990547e-7
0.758	1.1643318714792688e-7
0.759	1.1627978053319305e-7
0.76	1.1612677761584654e-7
0.761	1.1597417680443904e-7
0.762	1.1582197651587632e-7
0.763	1.156701751753635e-7
0.764	1.1551877121635066e-7
0.765	1.1536776308047897e-7
0.766	1.1521714921752733e-7
0.767	1.1506692808535923e-7
0.768	1.1491709814986991e-7
0.769	1.1476765788493468e-7
0.77	1.146186057723565e-7
0.771	1.1446994030181503e-7
0.772	1.1432165997081521e-7
0.773	1.141737632846371e-7
0.774	1.1402624875628523e-7
0.775	1.13879114906439e-7
0.776	1.1373236026340329e-7
0.777	1.1358598336305906e-7
0.778	1.1343998274881502e-7
0.779	1.1329435697155906e-7
0.78	1.1314910458961059e-7
0.781	1.1300422416867257e-7
0.782	1.1285971428178474e-7
0.783	1.127155735092763e-7
0.784	1.125718004387199e-7
0.785	1.124283936648852e-7
0.786	1.1228535178969304e-7
0.787	1.1214267342217028e-7
0.788	1.1200035717840439e-7
0.789	1.1185840168149914e-7
0.79	1.1171680556152968e-7
0.791	1.1157556745549887e-7
0.792	1.1143468600729324e-7
0.793	1.1129415986763984e-7
0.794	1.1115398769406308e-7
0.795	1.1101416815084197e-7
0.796	1.108746999089676e-7
0.797	1.1073558164610115e-7
0.798	1.1059681204653215e-7
0.799	1.1045838980113681e-7
0.8	1.1032031360733703e-7
0.801	1.1018258216905945e-7
0.802	1.1004519419669482e-7
0.803	1.0990814840705804e-7
0.804	1.0977144352334782e-7
0.805	1.0963507827510736e-7
0.806	1.0949905139818477e-7
0.807	1.093633616346942e-7
0.808	1.0922800773297681e-7
0.809	1.0909298844756253e-7
0.81	1.0895830253913173e-7
0.811	1.088239487744774e-7
0.812	1.0868992592646731e-7
0.8130000000000001	1.0855623277400688e-7
0.8140000000000001	1.0842286810200196e-7
0.8150000000000001	1.0828983070132203e-7
0.8160000000000001	1.0815711936876372e-7
0.8170000000000001	1.0802473290701454e-7
0.8180000000000001	1.0789267012461668e-7
0.8190000000000001	1.077609298359316e-7
0.8200000000000001	1.076295108611042e-7
0.8210000000000001	1.0749841202602787e-7
0.8220000000000001	1.0736763216230937e-7
0.8230000000000001	1.0723717010723414e-7
0.8240000000000001	1.0710702470373188e-7
0.8250000000000001	1.0697719480034238e-7
0.8260000000000001	1.068476792511815e-7
0.8270000000000001	1.0671847691590739e-7
0.8280000000000001	1.0658958665968716e-7
0.8290000000000001	1.0646100735316352e-7
0.8300000000000001	1.0633273787242202e-7
0.8310000000000001	1.0620477709895796e-7
0.8320000000000001	1.0607712391964417e-7
0.8330000000000001	1.0594977722669864e-7
0.8340000000000001	1.0582273591765244e-7
0.8350000000000001	1.0569599889531789e-7
0.8360000000000001	1.0556956506775709e-7
0.8370000000000001	1.0544343334825033e-7
0.8380000000000001	1.0531760265526537e-7
0.8390000000000001	1.0519207191242594e-7
0.8400000000000001	1.0506684004848164e-7
0.8410000000000001	1.0494190599727703e-7
0.8420000000000001	1.0481726869772174e-7
0.843	1.0469292709375993e-7
0.844	1.0456888013434095e-7
0.845	1.0444512677338961e-7
0.846	1.0432166596977648e-7
0.847	1.0419849668728915e-7
0.848	1.040756178946028e-7
0.849	1.0395302856525182e-7
0.85	1.0383072767760088e-7
0.851	1.0370871421481666e-7
0.852	1.0358698716483994e-7
0.853	1.0346554552035707e-7
0.854	1.0334438827877272e-7
0.855	1.0322351444218197e-7
0.856	1.0310292301734308e-7
0.857	1.0298261301565014e-7
0.858	1.0286258345310611e-7
0.859	1.0274283335029613e-7
0.86	1.0262336173236056e-7
0.861	1.0250416762896896e-7
0.862	1.0238525007429336e-7
0.863	1.0226660810698256e-7
0.864	1.02148240770136e-7
0.865	1.0203014711127804e-7
0.866	1.019123261823326e-7
0.867	1.0179477703959748e-7
0.868	1.0167749874371952e-7
0.869	1.0156049035966923e-7
0.87	1.0144375095671621e-7
0.871	1.0132727960840435e-7
0.872	1.0121107539252728e-7
0.873	1.0109513739110422e-7
0.874	1.0097945850050805e-7
0.875	1.008640502119343e-7
0.876	1.0074890540888808e-7
0.877	1.006340231900508e-7
0.878	1.0051940265821006e-7
0.879	1.0040504292023652e-7
0.88	1.002909430870603e-7
0.881	1.001771022736483e-7
0.882	1.0006351959898113e-7
0.883	9.995019418603036e-8
0.884	9.983712516173618e-8
0.885	9.972431165698466e-8
0.886	9.961175280658566e-8
0.887	9.949944774925079e-8
0.888	9.93873956275712e-8
0.889	9.927559558799593e-8
0.89	9.916404678081029e-8
0.891	9.905274836011416e-8
0.892	9.894169948380066e-8
0.893	9.88308993135351e-8
0.894	9.872034701473354e-8
0.895	9.861004175654214e-8
0.896	9.849998271181622e-8
0.897	9.839016905709952e-8
0.898	9.828059997260384e-8
0.899	9.817127464218842e-8
0.9	9.806219225333987e-8
0.901	9.795335199715197e-8
0.902	9.784475306830563e-8
0.903	9.773639466504905e-8
0.904	9.762827598917803e-8
0.905	9.752039624601636e-8
0.906	9.74127546443963e-8
0.907	9.730535039663927e-8
0.908	9.719818271853668e-8
0.909	9.709125082933074e-8
0.91	9.698455395169564e-8
0.911	9.687809131171857e-8
0.912	9.677186213888109e-8
0.913	9.666586566604051e-8
0.914	9.656010112941153e-8
0.915	9.645456776854759e-8
0.916	9.634926482632315e-8
0.917	9.624419154891505e-8
0.918	9.613934718578486e-8
0.919	9.603473098966087e-8
0.92	9.593034221652044e-8
0.921	9.582618012557224e-8
0.922	9.572224397923883e-8
0.923	9.561853304313909e-8
0.924	9.551504658607124e-8
0.925	9.541178387999526e-8
0.926	9.530874420001612e-8
0.927	9.520592682436667e-8
0.928	9.510333103439085e-8
0.929	9.50009561145269e-8
0.93	9.489880135229065e-8
0.931	9.479686603825936e-8
0.932	9.469514946605469e-8
0.933	9.459365093232691e-8
0.934	9.449236973673846e-8
0.935	9.439130518194789e-8
0.936	9.429045657359382e-8
0.937	9.418982322027898e-8
0.9380000000000001	9.40894044335547e-8
0.9390000000000001	9.398919952790472e-8
0.9400000000000001	9.388920782073011e-8
0.9410000000000001	9.378942863233341e-8
0.9420000000000001	9.36898612859033e-8
0.9430000000000001	9.35905051074996e-8
0.9440000000000001	9.349135942603741e-8
0.9450000000000001	9.339242357327275e-8
0.9460000000000001	9.329369688378699e-8
0.9470000000000001	9.319517869497223e-8
0.9480000000000001	9.309686834701638e-8
0.9490000000000001	9.299876518288837e-8
0.9500000000000001	9.290086854832366e-8
0.9510000000000001	9.280317779180952e-8
0.9520000000000001	9.270569226457076e-8
0.9530000000000001	9.260841132055525e-8
0.9540000000000001	9.25113343164196e-8
0.9550000000000001	9.241446061151514e-8
0.9560000000000001	9.231778956787365e-8
0.9570000000000001	9.222132055019356e-8
0.9580000000000001	9.212505292582586e-8
0.9590000000000001	9.202898606476025e-8
0.9600000000000001	9.193311933961159e-8
0.9610000000000001	9.183745212560608e-8
0.9620000000000001	9.174198380056769e-8
0.9630000000000001	9.16467137449048e-8
0.9640000000000001	9.15516413415966e-8
0.9650000000000001	9.145676597617996e-8
0.9660000000000001	9.136208703673609e-8
0.9670000000000001	9.12676039138774e-8
0.9680000000000001	9.11733160007344e-8
0.9690000000000001	9.107922269294282e-8
0.97	9.098532338863056e-8
0.971	9.089161748840487e-8
0.972	9.079810439533968e-8
0.973	9.07047835149629e-8
0.974	9.061165425524379e-8
0.975	9.051871602658038e-8
0.976	9.042596824178723e-8
0.977	9.033341031608285e-8
0.978	9.02410416670775e-8
0.979	9.014886171476098e-8
0.98	9.005686988149052e-8
0.981	8.996506559197858e-8
0.982	8.987344827328102e-8
0.983	8.97820173547851e-8
0.984	8.969077226819759e-8
0.985	8.959971244753315e-8
0.986	8.950883732910244e-8
0.987	8.941814635150061e-8
0.988	8.932763895559568e-8
0.989	8.923731458451709e-8
0.99	8.914717268364897e-8
0.991	8.905721270070818e-8
0.992	8.896743408577533e-8
0.993	8.887783629174144e-8
0.994	8.878841877449099e-8
0.995	8.869918099091451e-8
0.996	8.86101224007593e-8
0.997	8.85212424655587e-8
0.998	8.843254064631825e-8
0.999	8.834401640889293e-8
1.	8.825566921796029e-8