0.	7.62211768422844e-6
0.0005	7.626061868383961e-6
0.001	7.630006089406223e-6
0.0015	7.633950346467268e-6
0.002	7.637894638738993e-6
0.0025	7.641838965393161e-6
0.003	7.645783325601416e-6
0.0035	7.649727718535272e-6
0.004	7.653672143366138e-6
0.0045000000000000005	7.657616599265315e-6
0.005	7.661561085404004e-6
0.0055	7.665505600953313e-6
0.006	7.669450145084265e-6
0.006500000000000001	7.673394716967801e-6
0.007	7.677339315774782e-6
0.0075	7.681283940676011e-6
0.008	7.685228590842219e-6
0.0085	7.689173265444078e-6
0.009000000000000001	7.693117881463567e-6
0.0095	7.697062484046514e-6
0.01	7.701007110269848e-6
0.0105	7.704951760306578e-6
0.011	7.708896434329714e-6
0.0115	7.712841132575114e-6
0.012	7.716785855078735e-6
0.0125	7.720730602087437e-6
0.013000000000000001	7.724675373774498e-6
0.0135	7.728620170313208e-6
0.014	7.732564991876863e-6
0.0145	7.736509838638769e-6
0.015	7.740454710772238e-6
0.0155	7.744399608450595e-6
0.016	7.748344531847172e-6
0.0165	7.752289481135309e-6
0.017	7.756234456488356e-6
0.0175	7.760179458079672e-6
0.018000000000000002	7.764124486082623e-6
0.0185	7.768069540670586e-6
0.019	7.772014622016948e-6
0.0195	7.775959730295105e-6
0.02	7.779904865678459e-6
0.0205	7.783850028340425e-6
0.021	7.787795218454423e-6
0.021500000000000002	7.791740436193888e-6
0.022	7.795685681732261e-6
0.0225	7.799630179454504e-6
0.023	7.803574700370666e-6
0.0235	7.807519262752823e-6
0.024	7.811463873405528e-6
0.0245	7.815408539192673e-6
0.025	7.819353266808228e-6
0.025500000000000002	7.82329806311233e-6
0.026000000000000002	7.82724293491336e-6
0.0265	7.831187889020994e-6
0.027	7.835132932246335e-6
0.0275	7.839078071402013e-6
0.028	7.843023313302319e-6
0.0285	7.84696866476331e-6
0.029	7.850914132602941e-6
0.029500000000000002	7.85485972364117e-6
0.03	7.858805444700079e-6
0.0305	7.862751302603996e-6
0.031	7.866697304179617e-6
0.0315	7.870643456256115e-6
0.032	7.874589765665259e-6
0.0325	7.878536239241543e-6
0.033	7.882482883822296e-6
0.0335	7.8864297062478e-6
0.034	7.890376713361415e-6
0.0345	7.894323912009695e-6
0.035	7.898271309042503e-6
0.035500000000000004	7.902219812469321e-6
0.036000000000000004	7.906170772105673e-6
0.0365	7.910121916969573e-6
0.037	7.914073227285544e-6
0.0375	7.918024683278031e-6
0.038	7.921976265138323e-6
0.0385	7.92592795307839e-6
0.039	7.929879727295544e-6
0.0395	7.93383156798277e-6
0.04	7.937783455329702e-6
0.0405	7.941735369523622e-6
0.041	7.94568729075045e-6
0.0415	7.949639199195724e-6
0.042	7.953591075045615e-6
0.0425	7.957542898487891e-6
0.043000000000000003	7.961494649712923e-6
0.043500000000000004	7.965446308914672e-6
0.044	7.969397856291682e-6
0.0445	7.973349272048061e-6
0.045	7.97730053639448e-6
0.0455	7.981251629549158e-6
0.046	7.985202531738846e-6
0.0465	7.989153223199815e-6
0.047	7.993103684178847e-6
0.0475	7.997053894934215e-6
0.048	8.001003835736667e-6
0.0485	8.004953486870408e-6
0.049	8.008899929085194e-6
0.0495	8.01284431912792e-6
0.05	8.016788425123503e-6
0.0505	8.020732266501063e-6
0.051000000000000004	8.024675862737947e-6
0.051500000000000004	8.028619233236094e-6
0.052000000000000005	8.032562397408e-6
0.0525	8.036505374655987e-6
0.053	8.040448184373148e-6
0.0535	8.044390845944311e-6
0.054	8.048333378746992e-6
0.0545	8.052275802152348e-6
0.055	8.056218135526142e-6
0.0555	8.060160398229677e-6
0.056	8.064102609620771e-6
0.0565	8.068044789054692e-6
0.057	8.071986955885126e-6
0.0575	8.075929129465114e-6
0.058	8.079871329148016e-6
0.0585	8.083813574288456e-6
0.059000000000000004	8.08775588424328e-6
0.059500000000000004	8.091698278372505e-6
0.06	8.09564077604027e-6
0.0605	8.099583396615793e-6
0.061	8.103526159474324e-6
0.0615	8.1074690839981e-6
0.062	8.111412189577293e-6
0.0625	8.115358266750965e-6
0.063	8.11930483206453e-6
0.0635	8.123251588019821e-6
0.064	8.127198528182387e-6
0.0645	8.131145646312885e-6
0.065	8.13509293596785e-6
0.0655	8.139040390768966e-6
0.066	8.142988004335249e-6
0.0665	8.14693577028314e-6
0.067	8.150883682226611e-6
0.0675	8.154831733777266e-6
0.068	8.158779918544446e-6
0.0685	8.162728230135332e-6
0.069	8.166676662155047e-6
0.0695	8.170625208206763e-6
0.07	8.174573861891797e-6
0.07050000000000001	8.178522616809724e-6
0.07100000000000001	8.18247146655847e-6
0.07150000000000001	8.186420404734431e-6
0.07200000000000001	8.190369424932557e-6
0.0725	8.194318520746474e-6
0.073	8.198267685768574e-6
0.0735	8.202216913590131e-6
0.074	8.2061661978014e-6
0.0745	8.210115531991711e-6
0.075	8.214064909749597e-6
0.0755	8.218014163060507e-6
0.076	8.221962885018046e-6
0.0765	8.225911638770636e-6
0.077	8.229860424038191e-6
0.0775	8.233809240499876e-6
0.078	8.237758087876256e-6
0.0785	8.24170696587387e-6
0.079	8.24565587419923e-6
0.0795	8.249604812558834e-6
0.08	8.253553780659147e-6
0.0805	8.257502778206618e-6
0.081	8.261451804907673e-6
0.0815	8.265400860468711e-6
0.082	8.269349944596113e-6
0.0825	8.273299056996235e-6
0.083	8.27724819737542e-6
0.0835	8.281197365439978e-6
0.084	8.285146560896206e-6
0.0845	8.289095783450376e-6
0.085	8.293045032808745e-6
0.0855	8.296994308677545e-6
0.08600000000000001	8.300943610762988e-6
0.08650000000000001	8.304892938771268e-6
0.08700000000000001	8.30884229240856e-6
0.08750000000000001	8.312791671381018e-6
0.088	8.316741075394777e-6
0.0885	8.320690504155957e-6
0.089	8.324639926834422e-6
0.0895	8.328589348563086e-6
0.09	8.332538794878473e-6
0.0905	8.336488265972409e-6
0.091	8.340437762015615e-6
0.0915	8.344387283185803e-6
0.092	8.348336829660692e-6
0.0925	8.352286401618009e-6
0.093	8.356235999235495e-6
0.0935	8.3601856226909e-6
0.094	8.36413527216199e-6
0.0945	8.368084947826542e-6
0.095	8.37203464986234e-6
0.0955	8.375984378447184e-6
0.096	8.379934133758887e-6
0.0965	8.383883915975266e-6
0.097	8.387833725274162e-6
0.0975	8.391783561833417e-6
0.098	8.395733425830891e-6
0.0985	8.399683317444457e-6
0.099	8.403633236852e-6
0.0995	8.407583184231413e-6
0.1	8.411533159760606e-6
0.1005	8.415483163617498e-6
0.101	8.419433195980027e-6
0.1015	8.423383257026137e-6
0.10200000000000001	8.427333346933787e-6
0.10250000000000001	8.431283425023459e-6
0.10300000000000001	8.435233526791049e-6
0.10350000000000001	8.439183658689653e-6
0.10400000000000001	8.443133821295156e-6
0.1045	8.447084015180347e-6
0.105	8.451034240918061e-6
0.1055	8.454984499081175e-6
0.106	8.458934790242615e-6
0.1065	8.462885114975357e-6
0.107	8.466835473852422e-6
0.1075	8.470785867446881e-6
0.108	8.474736296331858e-6
0.1085	8.478686761080527e-6
0.109	8.482637262266112e-6
0.1095	8.486587800461892e-6
0.11	8.4905383762412e-6
0.1105	8.494488990177421e-6
0.111	8.498439642843998e-6
0.1115	8.502390334814427e-6
0.112	8.506341066662264e-6
0.1125	8.510291838961122e-6
0.113	8.514242652284674e-6
0.1135	8.518193507206648e-6
0.114	8.522144404300836e-6
0.1145	8.526095344141092e-6
0.115	8.530046327301327e-6
0.1155	8.533997418647938e-6
0.116	8.537948799545957e-6
0.1165	8.541900222336452e-6
0.117	8.545851684973862e-6
0.11750000000000001	8.549803185414586e-6
0.11800000000000001	8.553754721614087e-6
0.11850000000000001	8.557706291527647e-6
0.11900000000000001	8.561657893110373e-6
0.11950000000000001	8.565609524317207e-6
0.12	8.569561183102938e-6
0.1205	8.573512867422214e-6
0.121	8.577464575229546e-6
0.1215	8.581416304479328e-6
0.122	8.58536805312584e-6
0.1225	8.589319819123262e-6
0.123	8.593271600425685e-6
0.1235	8.59722339498712e-6
0.124	8.60117520076151e-6
0.1245	8.605127015702734e-6
0.125	8.609078837764635e-6
0.1255	8.613030664901008e-6
0.126	8.616982495065626e-6
0.1265	8.620934326212248e-6
0.127	8.624886156294622e-6
0.1275	8.628837983266507e-6
0.128	8.632789805081677e-6
0.1285	8.63674161969393e-6
0.129	8.640693149275672e-6
0.1295	8.644644442795252e-6
0.13	8.64859572955248e-6
0.1305	8.652547011748441e-6
0.131	8.65649829158361e-6
0.1315	8.66044957125845e-6
0.132	8.66440085297342e-6
0.1325	8.668352138928986e-6
0.133	8.672303431325646e-6
0.1335	8.676254732363927e-6
0.134	8.680206044244409e-6
0.1345	8.684157369167724e-6
0.135	8.688108709334585e-6
0.1355	8.692060066945786e-6
0.136	8.696011444202217e-6
0.1365	8.699962843304878e-6
0.137	8.703914266454891e-6
0.1375	8.70786571585351e-6
0.138	8.711817193702137e-6
0.1385	8.715768702202334e-6
0.139	8.719720243555823e-6
0.1395	8.723671819964524e-6
0.14	8.727623433630539e-6
0.1405	8.731575086756187e-6
0.14100000000000001	8.735526781544001e-6
0.14150000000000001	8.739478520196748e-6
0.14200000000000002	8.743430304917436e-6
0.14250000000000002	8.74738246093023e-6
0.14300000000000002	8.751334705594127e-6
0.14350000000000002	8.755286997143473e-6
0.14400000000000002	8.75923933470594e-6
0.1445	8.763191717409093e-6
0.145	8.767144144380401e-6
0.1455	8.771096614747235e-6
0.146	8.775049127636866e-6
0.1465	8.779001682176476e-6
0.147	8.782954277493152e-6
0.1475	8.78690691271389e-6
0.148	8.7908595869656e-6
0.1485	8.794812299375105e-6
0.149	8.798765049069144e-6
0.1495	8.802717835174372e-6
0.15	8.806670656817363e-6
0.1505	8.810623513124617e-6
0.151	8.814576403222551e-6
0.1515	8.818529326237512e-6
0.152	8.82248228129577e-6
0.1525	8.82643526752353e-6
0.153	8.830388284046922e-6
0.1535	8.834341329992013e-6
0.154	8.8382944044848e-6
0.1545	8.842247506651226e-6
0.155	8.846200635617163e-6
0.1555	8.850153766873619e-6
0.156	8.854106846814748e-6
0.1565	8.858059951977612e-6
0.157	8.862013082335075e-6
0.1575	8.865966237859997e-6
0.158	8.869919418525235e-6
0.1585	8.87387262430365e-6
0.159	8.877825855168096e-6
0.1595	8.881779111091425e-6
0.16	8.885732392046492e-6
0.1605	8.88968569800615e-6
0.161	8.893639028943242e-6
0.1615	8.897592384830616e-6
0.162	8.901545765641124e-6
0.1625	8.905499171347601e-6
0.163	8.909452601922892e-6
0.1635	8.91340605733984e-6
0.164	8.91735953757128e-6
0.1645	8.92131304259005e-6
0.165	8.925266572368985e-6
0.1655	8.929220126880918e-6
0.166	8.93317370609868e-6
0.1665	8.937127309995104e-6
0.167	8.941080938543012e-6
0.1675	8.945034591715238e-6
0.168	8.9489882694846e-6
0.1685	8.952941971823925e-6
0.169	8.956895688348648e-6
0.1695	8.960849422227276e-6
0.17	8.964803180830425e-6
0.1705	8.96875696427978e-6
0.171	8.972710772697033e-6
0.1715	8.976664606203882e-6
0.17200000000000001	8.98061846492203e-6
0.17250000000000001	8.984572348973196e-6
0.17300000000000001	8.988526258479097e-6
0.17350000000000002	8.992480193561463e-6
0.17400000000000002	8.996434154342034e-6
0.17450000000000002	9.000388140942554e-6
0.17500000000000002	9.004342153484773e-6
0.17550000000000002	9.008296192090456e-6
0.176	9.012250256881371e-6
0.1765	9.016204347979295e-6
0.177	9.020158465506012e-6
0.1775	9.024112609583315e-6
0.178	9.028066780333007e-6
0.1785	9.032020977876897e-6
0.179	9.035975202336804e-6
0.1795	9.039929453834555e-6
0.18	9.04388373249198e-6
0.1805	9.047838038430926e-6
0.181	9.05179237177324e-6
0.1815	9.055746732640788e-6
0.182	9.059701121156545e-6
0.1825	9.063655593845293e-6
0.183	9.067610097219855e-6
0.1835	9.071564627625787e-6
0.184	9.075519184679795e-6
0.1845	9.079473767998557e-6
0.185	9.083428377198728e-6
0.1855	9.087383011896936e-6
0.186	9.091337671709785e-6
0.1865	9.095292356253854e-6
0.187	9.0992470651457e-6
0.1875	9.103201798001853e-6
0.188	9.107156554438824e-6
0.1885	9.111111334073096e-6
0.189	9.115066136521135e-6
0.1895	9.119020961399382e-6
0.19	9.122975808324254e-6
0.1905	9.126930676912151e-6
0.191	9.130885566779449e-6
0.1915	9.134840477542504e-6
0.192	9.138795408817653e-6
0.1925	9.14275036022121e-6
0.193	9.146705331369476e-6
0.1935	9.150660321878723e-6
0.194	9.154615331365213e-6
0.1945	9.158570359445186e-6
0.195	9.162525405731171e-6
0.1955	9.166480445610372e-6
0.196	9.170435448505018e-6
0.1965	9.174390469329207e-6
0.197	9.178345508366437e-6
0.1975	9.182300565900224e-6
0.198	9.18625564221409e-6
0.1985	9.190210737591575e-6
0.199	9.194165852316234e-6
0.1995	9.19812098667163e-6
0.2	9.202076140941345e-6
0.2005	9.206031315408972e-6
0.201	9.209986510358122e-6
0.2015	9.213941726072416e-6
0.202	9.217896962835495e-6
0.2025	9.221852220931012e-6
0.203	9.225807500642632e-6
0.20350000000000001	9.229762802254041e-6
0.20400000000000001	9.23371812604894e-6
0.20450000000000002	9.23767347231104e-6
0.20500000000000002	9.241628841324075e-6
0.20550000000000002	9.245584233371791e-6
0.20600000000000002	9.249539648737955e-6
0.20650000000000002	9.253495087706343e-6
0.20700000000000002	9.257450550560756e-6
0.20750000000000002	9.261406037585006e-6
0.20800000000000002	9.265361549069333e-6
0.2085	9.269317085284647e-6
0.209	9.273272653097037e-6
0.2095	9.277228249366166e-6
0.21	9.281183871086142e-6
0.2105	9.28513951845809e-6
0.211	9.289095191683145e-6
0.2115	9.293050890962453e-6
0.212	9.297006616497183e-6
0.2125	9.300962368488504e-6
0.213	9.304918147137606e-6
0.2135	9.308873952645692e-6
0.214	9.312829785213978e-6
0.2145	9.316785645043691e-6
0.215	9.320741532336078e-6
0.2155	9.324697447292393e-6
0.216	9.328653390113906e-6
0.2165	9.332609361001907e-6
0.217	9.336565360157692e-6
0.2175	9.340521387782572e-6
0.218	9.34447744407788e-6
0.2185	9.348433529244958e-6
0.219	9.352389643485162e-6
0.2195	9.356345786999862e-6
0.22	9.360301959990447e-6
0.2205	9.364258162658318e-6
0.221	9.368214395204892e-6
0.2215	9.372170657827277e-6
0.222	9.376126952042496e-6
0.2225	9.380083306591221e-6
0.223	9.384039691550086e-6
0.2235	9.387996106856477e-6
0.224	9.391952552447783e-6
0.2245	9.395909028261379e-6
0.225	9.399865534234643e-6
0.2255	9.403822070304944e-6
0.226	9.407778636409646e-6
0.2265	9.41173523248611e-6
0.227	9.415691858471687e-6
0.2275	9.419648514303737e-6
0.228	9.423605199919597e-6
0.2285	9.42756191525661e-6
0.229	9.431518660252117e-6
0.2295	9.435475434843445e-6
0.23	9.43943223896792e-6
0.2305	9.44338907256287e-6
0.231	9.447345935565607e-6
0.2315	9.451302827913446e-6
0.232	9.455259749543694e-6
0.2325	9.459216700393656e-6
0.233	9.463173680400628e-6
0.2335	9.467130689501909e-6
0.234	9.471087727634782e-6
0.23450000000000001	9.475044794738038e-6
0.23500000000000001	9.479001890745918e-6
0.23550000000000001	9.48295899969068e-6
0.23600000000000002	9.486916115310938e-6
0.23650000000000002	9.490873260106082e-6
0.23700000000000002	9.494830434336462e-6
0.23750000000000002	9.498787638262447e-6
0.23800000000000002	9.502744872144427e-6
0.23850000000000002	9.506702136242809e-6
0.23900000000000002	9.510659430818023e-6
0.23950000000000002	9.514616756130516e-6
0.24	9.518574112440759e-6
0.2405	9.522531500009238e-6
0.241	9.526488919096462e-6
0.2415	9.530446369962965e-6
0.242	9.534403852869294e-6
0.2425	9.538361368076023e-6
0.243	9.542318915843743e-6
0.2435	9.546276496433073e-6
0.244	9.550234110104646e-6
0.2445	9.554191757119122e-6
0.245	9.558149437737181e-6
0.2455	9.562107152219524e-6
0.246	9.566064900826874e-6
0.2465	9.570022683819981e-6
0.247	9.573980501459612e-6
0.2475	9.577938354005102e-6
0.248	9.581896241720194e-6
0.2485	9.585854164864272e-6
0.249	9.589812256039548e-6
0.2495	9.593770415752205e-6
0.25	9.597728609151472e-6
0.2505	9.601686835090596e-6
0.251	9.605645092422728e-6
0.2515	9.609603380000927e-6
0.252	9.613561696678167e-6
0.2525	9.617520041307337e-6
0.253	9.621478412741243e-6
0.2535	9.625436809832617e-6
0.254	9.62939523143411e-6
0.2545	9.63335367639831e-6
0.255	9.63731214357773e-6
0.2555	9.641270631824825e-6
0.256	9.645229139991984e-6
0.2565	9.649187666931539e-6
0.257	9.65314621149577e-6
0.2575	9.657104772536905e-6
0.258	9.661063348907122e-6
0.2585	9.665021939458556e-6
0.259	9.668980543043302e-6
0.2595	9.672939158513416e-6
0.26	9.67689778472092e-6
0.2605	9.680856420518697e-6
0.261	9.684815064756787e-6
0.2615	9.688773716288156e-6
0.262	9.692732328176722e-6
0.2625	9.696690742255674e-6
0.263	9.700649162681533e-6
0.2635	9.704607590417165e-6
0.264	9.708566026425454e-6
0.2645	9.712524471669302e-6
0.265	9.716482927111635e-6
0.2655	9.720441393715406e-6
0.266	9.724399872443594e-6
0.2665	9.7283583642592e-6
0.267	9.732316870125271e-6
0.2675	9.736275391004876e-6
0.268	9.740233927861128e-6
0.2685	9.744192481657171e-6
0.269	9.748151053356201e-6
0.2695	9.752109643921447e-6
0.27	9.75606825431619e-6
0.2705	9.760026885503755e-6
0.271	9.763985538447524e-6
0.2715	9.767944214110924e-6
0.272	9.771902913457445e-6
0.2725	9.775861637450629e-6
0.273	9.779820387054077e-6
0.2735	9.783779163231459e-6
0.274	9.787737966939635e-6
0.2745	9.79169679915599e-6
0.275	9.795655660837745e-6
0.2755	9.79961464625086e-6
0.276	9.803573732293112e-6
0.2765	9.807532848521172e-6
0.277	9.81149199451458e-6
0.2775	9.81545116985284e-6
0.278	9.819410374115429e-6
0.2785	9.82336960688179e-6
0.279	9.827328867731334e-6
0.2795	9.831288156243446e-6
0.28	9.83524747199748e-6
0.2805	9.839206814572763e-6
0.281	9.843166183548588e-6
0.28150000000000003	9.847125578504227e-6
0.28200000000000003	9.85108499901892e-6
0.28250000000000003	9.855044444671875e-6
0.28300000000000003	9.859003915042285e-6
0.28350000000000003	9.862963409709307e-6
0.28400000000000003	9.866922928252078e-6
0.28450000000000003	9.870882470249704e-6
0.28500000000000003	9.874842035281273e-6
0.28550000000000003	9.878801622925841e-6
0.28600000000000003	9.882761232762446e-6
0.28650000000000003	9.886720864370103e-6
0.28700000000000003	9.890680517334075e-6
0.28750000000000003	9.89464019122036e-6
0.28800000000000003	9.898599885614569e-6
0.2885	9.902559600095632e-6
0.289	9.906519279985309e-6
0.2895	9.910478977572448e-6
0.29	9.91443869492038e-6
0.2905	9.918398432085546e-6
0.291	9.92235818912439e-6
0.2915	9.92631796609336e-6
0.292	9.930277763048903e-6
0.2925	9.93423758004747e-6
0.293	9.938197417145518e-6
0.2935	9.942157274399501e-6
0.294	9.94611715186588e-6
0.2945	9.950077049601116e-6
0.295	9.954036967661672e-6
0.2955	9.957996906104018e-6
0.296	9.96195686498462e-6
0.2965	9.965916844359955e-6
0.297	9.969876844286492e-6
0.2975	9.973836864820711e-6
0.298	9.977796906019094e-6
0.2985	9.981756967938121e-6
0.299	9.98571705063428e-6
0.2995	9.989677154164054e-6
0.3	9.99363727859076e-6
0.3005	9.99759742395798e-6
0.301	0.000010001557590328376
0.3015	0.000010005517777758452
0.302	0.000010009478003356076
0.3025	0.000010013438280159151
0.303	0.00001001739857764694
0.3035	0.0000100213588954753
0.304	0.000010025319233300064
0.3045	0.000010029279590777049
0.305	0.000010033239907403797
0.3055	0.000010037200326675632
0.306	0.000010041160759407308
0.3065	0.000010045121204404646
0.307	0.00001004908166060779
0.3075	0.00001005304212710743
0.308	0.000010057002603157726
0.3085	0.000010060963088185826
0.309	0.00001006492358179793
0.3095	0.000010068884170686984
0.31	0.000010072844721617656
0.3105	0.00001007680528806911
0.311	0.00001008076586969696
0.3115	0.000010084726466156815
0.312	0.000010088687077104262
0.3125	0.000010092647702194886
0.313	0.000010096608341084253
0.3135	0.000010100568993427905
0.314	0.000010104529658881407
0.3145	0.000010108490337100283
0.315	0.000010112451027740056
0.3155	0.000010116411629735315
0.316	0.000010120372212713748
0.3165	0.000010124332809056159
0.317	0.000010128293419540923
0.3175	0.000010132254044946631
0.318	0.000010136214686051718
0.3185	0.000010140175343634707
0.319	0.000010144136018474155
0.3195	0.000010148096711348656
0.32	0.000010152057423036836
0.3205	0.000010156018154317356
0.321	0.000010159978905968925
0.3215	0.000010163939678770279
0.322	0.000010167900473500206
0.3225	0.00001017186129093753
0.323	0.000010175822131861124
0.3235	0.000010179782997049908
0.324	0.000010183743887282846
0.3245	0.000010187704803338953
0.325	0.000010191665745997292
0.3255	0.000010195626716036987
0.326	0.000010199587714237205
0.3265	0.000010203548741377174
0.327	0.000010207509798236178
0.3275	0.000010211470885593563
0.328	0.000010215432004228727
0.3285	0.000010219393199173958
0.329	0.000010223354652274042
0.3295	0.000010227316136329534
0.33	0.00001023127764982773
0.3305	0.000010235239191255803
0.331	0.00001023920075910083
0.3315	0.00001024316235184978
0.332	0.000010247123967989532
0.3325	0.00001025108560600687
0.333	0.000010255047264388501
0.3335	0.00001025900894162105
0.334	0.000010262970636191067
0.3345	0.000010266932346585046
0.335	0.000010270894071289407
0.3355	0.000010274855808790527
0.336	0.000010278817557574727
0.3365	0.000010282779316128288
0.337	0.000010286741082937454
0.3375	0.000010290702856488435
0.338	0.00001029466463526742
0.3385	0.00001029862641776057
0.339	0.00001030258820245404
0.3395	0.000010306549987833971
0.34	0.000010310511772386504
0.3405	0.000010314473554597782
0.341	0.000010318435332953959
0.3415	0.000010322397105941202
0.342	0.000010326358596294175
0.3425	0.000010330319874339343
0.343	0.000010334281148908268
0.3435	0.000010338242422577943
0.34400000000000003	0.000010342203697925352
0.34450000000000003	0.000010346164977527494
0.34500000000000003	0.000010350126263961393
0.34550000000000003	0.000010354087559804116
0.34600000000000003	0.000010358048867632796
0.34650000000000003	0.000010362010190024641
0.34700000000000003	0.000010365971529556953
0.34750000000000003	0.000010369932888807145
0.34800000000000003	0.000010373894270352763
0.34850000000000003	0.000010377855676771493
0.34900000000000003	0.000010381817110641184
0.34950000000000003	0.000010385778574539868
0.35000000000000003	0.000010389740071045764
0.35050000000000003	0.000010393701602737313
0.35100000000000003	0.000010397663172193178
0.35150000000000003	0.000010401624781992272
0.352	0.000010405586434713767
0.3525	0.000010409548132937117
0.353	0.000010413509879242076
0.3535	0.000010417471676208698
0.354	0.000010421433526417384
0.3545	0.000010425395432448932
0.355	0.000010429357396884289
0.3555	0.000010433507869288948
0.356	0.000010437660603123212
0.3565	0.000010441809714240822
0.357	0.00001044595335497994
0.3575	0.000010450089700008653
0.358	0.000010454216953637511
0.3585	0.000010458333356882634
0.359	0.000010462437187553794
0.3595	0.000010466526791420782
0.36	0.000010470600553821865
0.3605	0.000010474656926428142
0.361	0.000010478692629727177
0.3615	0.00001048270964687914
0.362	0.000010486705090521685
0.3625	0.000010490677715721419
0.363	0.000010494626357647572
0.3635	0.000010498549932862916
0.364	0.000010502447439915573
0.3645	0.000010506317959275273
0.365	0.000010510160652664997
0.3655	0.000010513974761844653
0.366	0.000010517759606907339
0.3665	0.000010521514584151074
0.367	0.000010525239163589567
0.3675	0.000010528932886164859
0.368	0.00001053259536072266
0.3685	0.00001053603709005763
0.369	0.000010539168611929113
0.3695	0.000010542282162274065
0.37	0.000010545379456140698
0.3705	0.000010548462139948717
0.371	0.00001055152759147545
0.3715	0.000010554585506028514
0.372	0.000010557633725353473
0.3725	0.00001056072487545821
0.373	0.000010563734032870328
0.3735	0.000010566747053970583
0.374	0.000010569762998407563
0.3745	0.000010572781057369234
0.375	0.000010575800539603604
0.3755	0.000010578820859904662
0.376	0.000010581841529700508
0.3765	0.000010584862149459994
0.377	0.000010587882402699284
0.3775	0.00001059090205142398
0.378	0.00001059392093288927
0.3785	0.000010597024043760113
0.379	0.000010600084625077091
0.3795	0.000010603156834238593
0.38	0.000010606242274816423
0.3805	0.000010609342614122851
0.381	0.00001061245959248456
0.3815	0.000010615595033398621
0.382	0.000010618717398666174
0.3825	0.000010621898287610414
0.383	0.000010625105024069052
0.3835	0.000010628339820044919
0.384	0.000010631604954084608
0.3845	0.000010634902780520533
0.385	0.000010638235745120469
0.3855	0.00001064193093901712
0.386	0.000010646112320711239
0.3865	0.000010650367461167104
0.387	0.000010654695995540797
0.3875	0.00001065909715177334
0.388	0.000010663569703283674
0.3885	0.000010668111922057402
0.389	0.00001067272153396765
0.3895	0.000010677395678658757
0.39	0.000010682130876764465
0.3905	0.000010686923007541748
0.391	0.000010691767300094872
0.3915	0.000010696658341166025
0.392	0.000010701590101927923
0.3925	0.000010706555985320802
0.393	0.000010711548894274157
0.3935	0.000010716561319741463
0.394	0.000010721585445998729
0.3945	0.000010726613841139816
0.395	0.000010731637421025182
0.3955	0.000010736648286860308
0.396	0.0000107416388826441
0.3965	0.000010746489004991034
0.397	0.00001075092503707868
0.3975	0.000010755337258892244
0.398	0.000010759725915355048
0.3985	0.000010764091248490128
0.399	0.000010768433497435564
0.3995	0.00001077275289846129
0.4	0.00001077704968498728
0.4005	0.000010781324087602963
0.401	0.000010785576334087802
0.4015	0.000010789806649432904
0.402	0.000010794015255863593
0.4025	0.000010798202372862809
0.403	0.000010802368217195329
0.4035	0.000010806576654481579
0.404	0.000010810693189410273
0.4045	0.000010814792381604677
0.405	0.000010818871402079045
0.4055	0.000010822930441568087
0.406	0.000010826969688666263
0.40650000000000003	0.000010830989329850501
0.40700000000000003	0.000010834989549503047
0.40750000000000003	0.000010838970529934392
0.40800000000000003	0.000010842932451406297
0.40850000000000003	0.000010846912072868112
0.40900000000000003	0.000010850799678888066
0.40950000000000003	0.000010854669297703156
0.41000000000000003	0.000010858521372737486
0.41050000000000003	0.000010862356333720564
0.41100000000000003	0.000010866174597283641
0.41150000000000003	0.00001086997656752499
0.41200000000000003	0.000010873762636546016
0.41250000000000003	0.000010877533184959977
0.41300000000000003	0.000010881288582374963
0.41350000000000003	0.000010885029187852654
0.41400000000000003	0.00001088875535034432
0.41450000000000004	0.000010892467409105352
0.41500000000000004	0.000010896165694089626
0.41550000000000004	0.000010899850526324796
0.41600000000000004	0.000010903522218269694
0.4165	0.000010907181074154747
0.417	0.000010910827390306475
0.4175	0.000010914461455456855
0.418	0.000010918083551038481
0.4185	0.000010921693951466235
0.419	0.000010925292924406219
0.4195	0.000010928880731032678
0.42	0.00001093245762627349
0.4205	0.000010936023859044889
0.421	0.00001093957967247597
0.4215	0.000010943125304123499
0.422	0.000010946660986177557
0.4225	0.000010950186945658481
0.423	0.000010953703404605546
0.4235	0.00001095721240469452
0.424	0.000010960716649814922
0.4245	0.00001096421193332489
0.425	0.00001096769842118692
0.4255	0.000010971176276108941
0.426	0.00001097464565764533
0.4265	0.000010978106571835059
0.427	0.000010981559487195238
0.4275	0.000010985004389208675
0.428	0.000010988441425736876
0.4285	0.000010991870741948041
0.429	0.000010995292480397324
0.4295	0.000010998706781104373
0.43	0.000011002113781628241
0.4305	0.000011005513617139793
0.431	0.000011008906420491697
0.4315	0.00001101229232228611
0.432	0.000011015671450940135
0.4325	0.000011019043932749176
0.433	0.00001102240989194822
0.4335	0.000011025769450771189
0.434	0.000011029122729508387
0.4345	0.000011032469846562161
0.435	0.000011035810918500808
0.4355	0.000011039146060110825
0.436	0.000011042475384447558
0.4365	0.000011045799002884304
0.437	0.000011049117025159937
0.4375	0.000011052429559425116
0.438	0.000011055736712287117
0.4385	0.000011059038588853349
0.439	0.000011062336498017759
0.4395	0.000011065633023072083
0.44	0.000011068924520852483
0.4405	0.000011072211063254619
0.441	0.000011075492721269916
0.4415	0.00001107876956500583
0.442	0.000011082041663705587
0.4425	0.000011085309085767446
0.443	0.000011088571898763467
0.4435	0.000011091830169457836
0.444	0.000011095083963824728
0.4445	0.000011098333347065742
0.445	0.000011101578383626913
0.4455	0.000011104819137215325
0.446	0.000011108055670815323
0.4465	0.000011111288046704333
0.447	0.000011114516326468338
0.4475	0.000011117740571016968
0.448	0.00001112096084059825
0.4485	0.000011124177190847228
0.449	0.000011127389689189113
0.4495	0.000011130598389442057
0.45	0.000011133803349349378
0.4505	0.00001113700462606193
0.451	0.000011140202276150945
0.4515	0.00001114339635562056
0.452	0.00001114658691992012
0.4525	0.000011149774023956179
0.453	0.000011152957722104277
0.4535	0.00001115613806822046
0.454	0.000011159315115652552
0.4545	0.000011162488917251215
0.455	0.000011165659525380771
0.4555	0.000011168828684703322
0.456	0.00001117199579230259
0.4565	0.00001117515982890831
0.457	0.00001117832083056694
0.4575	0.00001118147883302262
0.458	0.000011184633871722369
0.4585	0.000011187785981821143
0.459	0.000011190935198186854
0.4595	0.000011194081555405256
0.46	0.000011197225087784775
0.4605	0.000011200365829361241
0.461	0.000011203503813902548
0.4615	0.00001120663907491322
0.462	0.000011209771645638926
0.4625	0.00001121290155907088
0.463	0.0000112160288479502
0.4635	0.000011219153544772187
0.464	0.000011222275681790517
0.4645	0.000011225395291021382
0.465	0.000011228512404247562
0.4655	0.000011231627053022416
0.466	0.000011234739268673829
0.4665	0.000011237849082308077
0.467	0.000011240956524813646
0.4675	0.000011244061626864976
0.468	0.000011247164418926168
0.4685	0.000011250264931254603
0.46900000000000003	0.000011253363193904536
0.46950000000000003	0.00001125645923673061
0.47000000000000003	0.000011259553089391342
0.47050000000000003	0.00001126265155395322
0.47100000000000003	0.000011265741102820784
0.47150000000000003	0.000011268828688824873
0.47200000000000003	0.000011271914329327633
0.47250000000000003	0.000011274998041623346
0.47300000000000003	0.00001127807984293912
0.47350000000000003	0.000011281159750435573
0.47400000000000003	0.0000112842377812075
0.47450000000000003	0.00001128731395228456
0.47500000000000003	0.000011290388280631936
0.47550000000000003	0.000011293460783151
0.47600000000000003	0.000011296531476679976
0.47650000000000003	0.000011299600377994585
0.47700000000000004	0.000011302667503808708
0.47750000000000004	0.000011305732870775032
0.47800000000000004	0.000011308796495485678
0.47850000000000004	0.000011311858394472855
0.47900000000000004	0.000011314918584209488
0.47950000000000004	0.000011317977081109843
0.48	0.000011321033901530164
0.4805	0.000011324089061769284
0.481	0.000011327142578069253
0.4815	0.00001133019446661594
0.482	0.000011333244743539659
0.4825	0.000011336293424915763
0.483	0.000011339340526765254
0.4835	0.000011342386065055376
0.484	0.000011345430055700221
0.4845	0.00001134847251456131
0.485	0.000011351513457448194
0.4855	0.000011354552900119021
0.486	0.00001135759085828114
0.4865	0.000011360627347591664
0.487	0.00001136365253758434
0.4875	0.000011366685109285133
0.488	0.0000113697162231906
0.4885	0.000011372745896828803
0.489	0.000011375774147649558
0.4895	0.00001137880136553176
0.49	0.000011381827736490794
0.4905	0.000011384852728915047
0.491	0.000011387876355467787
0.4915	0.000011390898628759388
0.492	0.000011393919561347956
0.4925	0.000011396939165756934
0.493	0.000011399957454411111
0.4935	0.000011402974439729294
0.494	0.000011405990134066647
0.4945	0.000011409004549729112
0.495	0.000011412017698973987
0.4955	0.000011415029594010522
0.496	0.000011418040247000492
0.4965	0.000011421049670058778
0.497	0.000011424057875253929
0.4975	0.000011427064874608726
0.498	0.00001143007068010075
0.4985	0.000011433075303662927
0.499	0.00001143607875718408
0.4995	0.00001143908105250947
0.5	0.00001144208220144134
0.5005000000000001	0.000011445082215739452
0.501	0.000011448081107121598
0.5015000000000001	0.000011451078887264155
0.502	0.000011454075567802579
0.5025000000000001	0.000011457071160331939
0.503	0.000011460065676407413
0.5035000000000001	0.000011463059127544815
0.504	0.000011466051525221078
0.5045000000000001	0.000011469042880874768
0.505	0.000011472033205906572
0.5055000000000001	0.000011475022511679794
0.506	0.000011478010809520834
0.5065000000000001	0.000011480998110719676
0.507	0.000011483984636374944
0.5075000000000001	0.000011486970564565603
0.508	0.000011489955525363717
0.5085000000000001	0.000011492939527106883
0.509	0.000011495922578107423
0.5095000000000001	0.000011498904686652668
0.51	0.000011501885861005203
0.5105000000000001	0.00001150486610940315
0.511	0.000011507845440060411
0.5115000000000001	0.000011510823861166935
0.512	0.000011513801380888969
0.5125	0.000011516778007369325
0.513	0.000011519753748727615
0.5135	0.000011522728613060516
0.514	0.000011525702608513393
0.5145	0.00001152867574300027
0.515	0.000011531648024616429
0.5155	0.000011534619461369236
0.516	0.000011537590061244352
0.5165	0.000011540559832205968
0.517	0.000011543528782197046
0.5175	0.00001154649691913956
0.518	0.000011549464250934729
0.5185	0.00001155243078546325
0.519	0.000011555396530585543
0.5195	0.000011558361494141961
0.52	0.000011561325683953044
0.5205	0.00001156428910781973
0.521	0.000011567251773523596
0.5215	0.00001157021368882707
0.522	0.000011573174861473668
0.5225	0.000011576135299188208
0.523	0.000011579095009677043
0.5235	0.000011582054000628266
0.524	0.000011585012279711942
0.5245	0.000011587969854580321
0.525	0.000011590927101457132
0.5255	0.000011593883698515325
0.526	0.00001159683961025277
0.5265	0.000011599794842327876
0.527	0.000011602749400386595
0.5275	0.000011605703290062534
0.528	0.00001160865651697709
0.5285	0.000011611609086739554
0.529	0.000011614561004947235
0.5295	0.000011617512277185582
0.53	0.000011620462909028296
0.5305	0.000011623412906037444
0.531	0.000011626362273763583
0.5315	0.000011629311017745863
0.532	0.000011632259143512157
0.5325	0.000011635206656579161
0.533	0.000011638153562452514
0.5335	0.000011641099866626915
0.534	0.000011644045574586222
0.5345	0.000011646990691803573
0.535	0.000011649935223741502
0.5355	0.000011652879175938603
0.536	0.000011655822553666804
0.5365	0.000011658765362440277
0.537	0.0000116617076076802
0.5375	0.000011664649294797682
0.538	0.00001166759042919388
0.5385	0.000011670531016260105
0.539	0.000011673471061377925
0.5395	0.000011676410569919276
0.54	0.000011679349547246565
0.5405	0.00001168228799871278
0.541	0.000011685225929661587
0.5415	0.00001168816334542744
0.542	0.000011691100251335688
0.5425	0.000011694036687567487
0.543	0.000011696972831911043
0.5435	0.000011699908480905519
0.544	0.000011702843638714842
0.5445	0.000011705778309496183
0.545	0.000011708712497400018
0.5455	0.000011711646206570196
0.546	0.000011714579441144002
0.5465	0.00001171751220525222
0.547	0.00001172044450301919
0.5475	0.000011723376338562877
0.548	0.000011726307715994937
0.5485	0.000011729238639420766
0.549	0.000011732169112939573
0.5495	0.000011735099140644438
0.55	0.00001173802872662237
0.5505	0.000011740957874954376
0.551	0.00001174388658971551
0.5515	0.000011746814874974947
0.552	0.000011749742734796034
0.5525	0.00001175267017323635
0.553	0.000011755597194347776
0.5535	0.00001175852380217654
0.554	0.000011761450000763286
0.5545	0.000011764375794143133
0.555	0.000011767301186345732
0.5555	0.000011770226181395322
0.556	0.000011773150783310793
0.5565	0.000011776074996105748
0.557	0.000011778998823845373
0.5575	0.000011781922270420408
0.558	0.000011784845339884317
0.5585	0.00001178776803623011
0.559	0.000011790690363445788
0.5595	0.000011793612325514407
0.56	0.00001179653392641414
0.5605	0.000011799455202127236
0.561	0.000011802376282117049
0.5615	0.00001180529701175339
0.562	0.00001180821739412252
0.5625	0.000011811137432307096
0.5630000000000001	0.000011814057129386219
0.5635	0.00001181697648843547
0.5640000000000001	0.00001181989551252693
0.5645	0.000011822814204729232
0.5650000000000001	0.000011825732568107576
0.5655	0.000011828650605723783
0.5660000000000001	0.000011831568320636312
0.5665	0.0000118344857159003
0.5670000000000001	0.000011837402794567603
0.5675	0.000011840319559686814
0.5680000000000001	0.000011843236014303312
0.5685	0.000011846152161459281
0.5690000000000001	0.000011849068004193757
0.5695	0.000011851983545542652
0.5700000000000001	0.000011854898788538788
0.5705	0.000011857813736211933
0.5710000000000001	0.000011860728391588834
0.5715	0.000011863642757693246
0.5720000000000001	0.000011866556837545967
0.5725	0.00001186947063416487
0.5730000000000001	0.000011872384150564939
0.5735	0.000011875297389758295
0.5740000000000001	0.000011878210354754232
0.5745	0.000011881123048559254
0.5750000000000001	0.000011884035474177093
0.5755	0.00001188694763460876
0.5760000000000001	0.000011889859532852563
0.5765	0.00001189277117190414
0.577	0.0000118956825547565
0.5775	0.000011898593684400045
0.578	0.000011901504563859044
0.5785	0.000011904415200767984
0.579	0.000011907325719670778
0.5795	0.000011910235996646593
0.58	0.000011913146034074127
0.5805	0.000011916055834330138
0.581	0.000011918965399789478
0.5815	0.000011921874732825104
0.582	0.000011924783835808097
0.5825	0.000011927692711107689
0.583	0.00001193060136109128
0.5835	0.000011933509788124455
0.584	0.000011936417994571004
0.5845	0.000011939325982792948
0.585	0.000011942233755150551
0.5855	0.000011945141314002345
0.586	0.000011948048661705146
0.5865	0.000011950955800614081
0.587	0.000011953862733082594
0.5875	0.000011956769461462481
0.588	0.0000119596759881039
0.5885	0.00001196258231535539
0.589	0.000011965488445563894
0.5895	0.000011968394381074784
0.59	0.000011971300124231866
0.5905	0.000011974205677377415
0.591	0.000011977111042852179
0.5915	0.00001198001622299541
0.592	0.000011982921220144882
0.5925	0.000011985826036636905
0.593	0.000011988730674806344
0.5935	0.000011991635136986647
0.594	0.000011994539425509852
0.5945	0.00001199744354270662
0.595	0.000012000347490906237
0.5955	0.000012003251272436648
0.596	0.00001200615488962447
0.5965	0.00001200905834479501
0.597	0.00001201196172117999
0.5975	0.000012014864960891555
0.598	0.000012017768044704338
0.5985	0.00001202067097447446
0.599	0.000012023573752073455
0.5995	0.000012026476379322775
0.6	0.000012029378858091908
0.6005	0.000012032281190233132
0.601	0.000012035183377597799
0.6015	0.000012038085422036343
0.602	0.000012040987325398288
0.6025	0.00001204388908953227
0.603	0.000012046790716286036
0.6035	0.000012049692207506473
0.604	0.000012052593565039597
0.6045	0.000012055494790730588
0.605	0.000012058395886423785
0.6055	0.000012061296853962713
0.606	0.000012064197695190074
0.6065	0.000012067098411947785
0.607	0.000012069999006076964
0.6075	0.000012072899479417963
0.608	0.000012075799833810366
0.6085	0.000012078700071093008
0.609	0.00001208160019310398
0.6095	0.000012084500201680655
0.61	0.000012087400098659678
0.6105	0.000012090299885876996
0.611	0.000012093199565167862
0.6115	0.000012096099138366854
0.612	0.000012098998607307871
0.6125	0.00001210189797382416
0.613	0.000012104797239748324
0.6135	0.000012107696406912327
0.614	0.000012110595477147517
0.6145	0.000012113494452284625
0.615	0.000012116393372645434
0.6155	0.000012119292243330766
0.616	0.000012122191023858949
0.6165	0.000012125089715693282
0.617	0.000012127988320296614
0.6175	0.000012130886839131354
0.618	0.000012133785273659479
0.6185	0.000012136683625342541
0.619	0.00001213958189564168
0.6195	0.000012142480086017624
0.62	0.000012145378197936589
0.6205	0.000012148276232846658
0.621	0.000012151174192213304
0.6215	0.000012154072077495694
0.622	0.000012156969890152624
0.6225	0.000012159867631642518
0.623	0.000012162765303423449
0.6235	0.000012165662906953134
0.624	0.000012168560443688956
0.6245	0.000012171457915087953
0.625	0.00001217435532260684
0.6255000000000001	0.00001217725266770201
0.626	0.000012180149951829542
0.6265000000000001	0.000012183047176445212
0.627	0.000012185944343004493
0.6275000000000001	0.000012188841452962571
0.628	0.000012191738507774344
0.6285000000000001	0.000012194635508894436
0.629	0.000012197532457777198
0.6295000000000001	0.000012200429355876727
0.63	0.000012203326204646856
0.6305000000000001	0.000012206223005541176
0.631	0.000012209119760013038
0.6315000000000001	0.000012212016469515555
0.632	0.000012214913135501622
0.6325000000000001	0.00001221780975942391
0.633	0.000012220706350144375
0.6335000000000001	0.000012223602955144753
0.634	0.000012226499522125874
0.6345000000000001	0.000012229396052263472
0.635	0.000012232292546733128
0.6355000000000001	0.000012235189006710276
0.636	0.000012238085433370209
0.6365000000000001	0.000012240981827888095
0.637	0.00001224387819143896
0.6375000000000001	0.000012246774525197709
0.638	0.000012249670830339126
0.6385000000000001	0.00001225256710803788
0.639	0.000012255463359468527
0.6395000000000001	0.000012258359585805515
0.64	0.000012261255788223197
0.6405	0.000012264151967896729
0.641	0.000012267048125998405
0.6415	0.000012269944263703248
0.642	0.000012272840382185255
0.6425	0.000012275736482618332
0.643	0.000012278632566176318
0.6435	0.000012281528634032983
0.644	0.000012284424687362035
0.6445	0.00001228732072733712
0.645	0.000012290216755131834
0.6455	0.000012293112771919718
0.646	0.000012296008778874272
0.6465	0.000012298904777168954
0.647	0.00001230180076797719
0.6475	0.000012304696752472374
0.648	0.000012307592731827876
0.6485	0.00001231048870721704
0.649	0.0000123133846798132
0.6495	0.000012316280650789672
0.65	0.000012319176621319775
0.6505	0.000012322072592576817
0.651	0.000012324968565734112
0.6515	0.000012327864571069702
0.652	0.000012330760590392989
0.6525	0.000012333656614827962
0.653	0.00001233655264537126
0.6535	0.000012339448683019542
0.654	0.00001234234472876949
0.6545	0.000012345240783617816
0.655	0.000012348136848561262
0.6555	0.000012351032924596603
0.656	0.000012353929012720658
0.6565	0.00001235682511393028
0.657	0.000012359721229222373
0.6575	0.000012362617359593888
0.658	0.000012365513506041826
0.6585	0.000012368409669563244
0.659	0.00001237130585115526
0.6595	0.000012374202051815051
0.66	0.000012377098272539863
0.6605	0.000012379994514327007
0.661	0.00001238289077817387
0.6615	0.000012385787065077679
0.662	0.000012388683376036449
0.6625	0.000012391579712047565
0.663	0.000012394476074108741
0.6635	0.000012397372463217775
0.664	0.000012400268880372558
0.6645	0.000012403165326571084
0.665	0.000012406061802811439
0.6655	0.000012408958310091817
0.666	0.000012411854849410518
0.6665	0.000012414751421765952
0.667	0.000012417648028156645
0.6675	0.000012420544669581235
0.668	0.000012423441347038486
0.6685	0.000012426338061527285
0.669	0.000012429234814046644
0.6695	0.00001243213162283751
0.67	0.00001243502850050096
0.6705	0.000012437925418907058
0.671	0.000012440822378845889
0.6715	0.000012443719381107654
0.672	0.000012446616426482674
0.6725	0.000012449513515761381
0.673	0.000012452410649734329
0.6735	0.000012455307829192194
0.674	0.000012458205054925776
0.6745	0.000012461102327726001
0.675	0.000012463999648383924
0.6755	0.00001246689701769073
0.676	0.000012469794436437735
0.6765	0.000012472691905416391
0.677	0.00001247558942541829
0.6775	0.00001247848699723516
0.678	0.00001248138462165887
0.6785	0.00001248428229948143
0.679	0.000012487180031495004
0.6795	0.000012490077818491899
0.68	0.00001249297566126457
0.6805	0.000012495873560605625
0.681	0.00001249877151730783
0.6815	0.000012501669532164109
0.682	0.00001250456760596834
0.6825	0.000012507465739512207
0.683	0.000012510363933589867
0.6835	0.000012513262188994886
0.684	0.000012516160506521
0.6845	0.000012519058886962115
0.685	0.00001252195733111231
0.6855	0.000012524855839765833
0.686	0.000012527754413717115
0.6865	0.00001253065305376076
0.687	0.000012533551760691556
0.6875	0.000012536450535304473
0.6880000000000001	0.00001253934940739138
0.6885	0.000012542248348101156
0.6890000000000001	0.000012545147358619797
0.6895	0.000012548046439613508
0.6900000000000001	0.000012550945591748657
0.6905	0.00001255384481569177
0.6910000000000001	0.000012556744112109542
0.6915	0.000012559643481668831
0.6920000000000001	0.000012562542925036667
0.6925	0.000012565442442880243
0.6930000000000001	0.000012568342035866929
0.6935	0.00001257124170466426
0.6940000000000001	0.000012574141449939955
0.6945	0.000012577041272361896
0.6950000000000001	0.000012579941172598154
0.6955	0.000012582841151316969
0.6960000000000001	0.000012585741209186764
0.6965	0.000012588641346876149
0.6970000000000001	0.000012591541565053909
0.6975	0.000012594441864389016
0.6980000000000001	0.000012597342245550634
0.6985	0.000012600242709208108
0.6990000000000001	0.000012603143256030976
0.6995	0.000012606043886688963
0.7000000000000001	0.000012608944601851994
0.7005	0.00001261184540219018
0.7010000000000001	0.000012614746288373834
0.7015	0.000012617647261073462
0.7020000000000001	0.000012620548320963644
0.7025	0.000012623449468707683
0.7030000000000001	0.000012626350704980409
0.7035	0.000012629252030453131
0.704	0.00001263215344579737
0.7045	0.000012635054951684845
0.705	0.000012637956548787488
0.7055	0.000012640858237777444
0.706	0.000012643760035060128
0.7065	0.000012646661932437077
0.707	0.000012649563923546354
0.7075	0.0000126524660089577
0.708	0.000012655368189241045
0.7085	0.000012658270464966497
0.709	0.000012661172836704353
0.7095	0.000012664075305025097
0.71	0.000012666977870499403
0.7105	0.00001266988053369813
0.711	0.000012672783295192334
0.7115	0.000012675686155553257
0.712	0.000012678589115352336
0.7125	0.000012681492175161201
0.713	0.00001268439533555168
0.7135	0.000012687298597095796
0.714	0.000012690201960365768
0.7145	0.000012693105425934015
0.715	0.000012696008994373156
0.7155	0.00001269891266625601
0.716	0.0000127018164421556
0.7165	0.00001270472032264515
0.717	0.000012707624308298091
0.7175	0.000012710528399688057
0.718	0.000012713432597388892
0.7185	0.000012716336901974644
0.719	0.000012719241314019573
0.7195	0.00001272214583409815
0.72	0.000012725050462785056
0.7205	0.000012727955200655183
0.721	0.00001273086004828364
0.7215	0.000012733765006245749
0.722	0.000012736670075117051
0.7225	0.000012739575255478704
0.723	0.000012742480547896012
0.7235	0.00001274538595295042
0.724	0.000012748291481849715
0.7245	0.000012751197139642654
0.725	0.000012754102911639395
0.7255	0.00001275700879829927
0.726	0.000012759914800081777
0.7265	0.000012762820917446604
0.727	0.000012765727150853613
0.7275	0.000012768633500762851
0.728	0.000012771539967634543
0.7285	0.000012774446551929101
0.729	0.000012777353254107115
0.7295	0.000012780260074629363
0.73	0.000012783167013956805
0.7305	0.000012786074072550588
0.731	0.000012788981250872044
0.7315	0.000012791888549382694
0.732	0.000012794795968544245
0.7325	0.000012797703508818593
0.733	0.000012800611170667826
0.7335	0.000012803518954554216
0.734	0.000012806426860940231
0.7345	0.00001280933489028853
0.735	0.000012812243043061964
0.7355	0.000012815151319723575
0.736	0.000012818059720736602
0.7365	0.000012820968246564476
0.737	0.000012823876897670825
0.7375	0.000012826785674519478
0.738	0.000012829694577574449
0.7385	0.000012832603607299963
0.739	0.000012835512764160433
0.7395	0.000012838422048620481
0.74	0.000012841331461144921
0.7405	0.000012844241002198774
0.741	0.000012847150672247256
0.7415	0.000012850060471755794
0.742	0.000012852970402980048
0.7425	0.000012855880472646633
0.743	0.000012858790673111542
0.7435	0.000012861701004803172
0.744	0.000012864611468142844
0.7445	0.000012867522063552078
0.745	0.000012870432791452575
0.7455	0.000012873343652266225
0.746	0.000012876254646415104
0.7465	0.000012879165774321484
0.747	0.00001288207703640782
0.7475	0.000012884988433096758
0.748	0.000012887899964811142
0.7485	0.000012890811631974
0.749	0.000012893723435008555
0.7495	0.000012896635374338225
0.75	0.00001289954745038662
0.7505000000000001	0.000012902459663577546
0.751	0.000012905372014335
0.7515000000000001	0.00001290828450308318
0.752	0.000012911197130246477
0.7525000000000001	0.000012914109896249483
0.753	0.00001291702280151698
0.7535000000000001	0.000012919935846473959
0.754	0.0000129228490315456
0.7545000000000001	0.000012925762357157289
0.755	0.000012928675823734608
0.7555000000000001	0.000012931589431703349
0.756	0.00001293450318148949
0.7565000000000001	0.000012937417073519228
0.757	0.000012940331108218954
0.7575000000000001	0.000012943245286015264
0.758	0.000012946159607334955
0.7585000000000001	0.00001294907407260504
0.759	0.000012951988682252726
0.7595000000000001	0.000012954903436705432
0.76	0.000012957818336390782
0.7605000000000001	0.000012960733404019188
0.761	0.000012963648617416115
0.7615000000000001	0.00001296656397712921
0.762	0.000012969479483485396
0.7625000000000001	0.000012972395136824685
0.763	0.000012975310937448713
0.7635000000000001	0.000012978226885697528
0.764	0.000012981142981898694
0.7645000000000001	0.00001298405922637994
0.765	0.000012986975619469146
0.7655000000000001	0.000012989892161494365
0.766	0.000012992808852783803
0.7665000000000001	0.000012995725693665836
0.767	0.000012998642684468991
0.7675000000000001	0.000013001559825521972
0.768	0.000013004477117153636
0.7685	0.000013007394559693006
0.769	0.000013010312153469272
0.7695	0.000013013229898811789
0.77	0.000013016147796050072
0.7705	0.000013019065845513807
0.771	0.00001302198404753284
0.7715	0.000013024902402437191
0.772	0.000013027820910557041
0.7725	0.000013030739572222735
0.773	0.000013033658387764796
0.7735	0.000013036577357513905
0.774	0.000013039496481800916
0.7745	0.000013042415760956853
0.775	0.000013045335195312903
0.7755	0.000013048254785200429
0.776	0.000013051174530950963
0.7765	0.000013054094432896203
0.777	0.000013057014491368023
0.7775	0.000013059934706698461
0.778	0.00001306285507921974
0.7785	0.000013065775612955368
0.779	0.000013068696304925103
0.7795	0.000013071617155048126
0.78	0.00001307453816363847
0.7805	0.000013077459331010333
0.781	0.000013080380657478076
0.7815	0.000013083302143356224
0.782	0.00001308622378895947
0.7825	0.000013089145594609587
0.783	0.000013092067560607858
0.7835	0.000013094989687276261
0.784	0.00001309791197493015
0.7845	0.00001310083442388504
0.785	0.000013103757034456615
0.7855	0.000013106679806960729
0.786	0.0000131096027417134
0.7865	0.000013112525839030816
0.787	0.000013115449099229334
0.7875	0.00001311837252262548
0.788	0.000013121296109535944
0.7885	0.000013124219860277592
0.789	0.00001312714377516746
0.7895	0.000013130067854522744
0.79	0.000013132992098660827
0.7905	0.000013135916507899247
0.791	0.000013138841082555727
0.7915	0.000013141765822948153
0.792	0.000013144690729394585
0.7925	0.000013147615802213256
0.793	0.000013150541041722577
0.7935	0.000013153466448241125
0.794	0.000013156392022087654
0.7945	0.000013159317763581092
0.795	0.000013162243673040542
0.7955	0.00001316516975078528
0.796	0.000013168095997134763
0.7965	0.000013171022428362291
0.797	0.000013173949031209978
0.7975	0.00001317687580346584
0.798	0.00001317980274536471
0.7985	0.00001318272985714154
0.799	0.000013185657139031416
0.7995	0.000013188584591269549
0.8	0.00001319151221409128
0.8005	0.000013194440007732079
0.801	0.000013197367972427544
0.8015	0.000013200296108413399
0.802	0.000013203224415945834
0.8025	0.000013206152895220483
0.803	0.000013209081546493403
0.8035	0.000013212010370000834
0.804	0.000013214939365979151
0.8045	0.000013217868534664857
0.805	0.000013220797876294584
0.8055	0.000013223727391105094
0.806	0.000013226657079333288
0.8065	0.000013229586941216185
0.807	0.000013232516976990947
0.8075	0.000013235447186894863
0.808	0.000013238377571165352
0.8085	0.00001324130813003997
0.809	0.000013244238863756398
0.8095	0.000013247169772552457
0.81	0.000013250100856666098
0.8105	0.000013253032116335404
0.811	0.00001325596355179859
0.8115	0.000013258895163294009
0.812	0.000013261826951060145
0.8125	0.000013264758915335615
0.8130000000000001	0.000013267691056359169
0.8135	0.000013270623374369695
0.8140000000000001	0.000013273555869606216
0.8145	0.000013276488546164152
0.8150000000000001	0.000013279421400811775
0.8155	0.000013282354433366277
0.8160000000000001	0.000013285287644047382
0.8165	0.000013288221033074941
0.8170000000000001	0.000013291154600668923
0.8175	0.00001329408834704943
0.8180000000000001	0.000013297022272436679
0.8185	0.000013299956377051015
0.8190000000000001	0.000013302890661112912
0.8195	0.000013305825124842964
0.8200000000000001	0.000013308759768461888
0.8205	0.00001331169459219053
0.8210000000000001	0.000013314629596249865
0.8215	0.000013317564780860986
0.8220000000000001	0.000013320500146249909
0.8225	0.00001332343569262845
0.8230000000000001	0.000013326371420222805
0.8235	0.000013329307329254573
0.8240000000000001	0.000013332243419945481
0.8245	0.000013335179692517382
0.8250000000000001	0.000013338116147192257
0.8255	0.000013341052784192214
0.8260000000000001	0.000013343989603739489
0.8265	0.000013346926606056445
0.8270000000000001	0.000013349863791365574
0.8275	0.000013352801159889491
0.8280000000000001	0.00001335573871185095
0.8285	0.00001335867644747282
0.8290000000000001	0.000013361614366978108
0.8295	0.000013364552470589946
0.8300000000000001	0.000013367490758531599
0.8305	0.000013370429231026455
0.8310000000000001	0.000013373367888298037
0.8315	0.000013376306730569994
0.8320000000000001	0.000013379245758066109
0.8325	0.000013382184976637275
0.833	0.000013385124380733425
0.8335	0.000013388063970674852
0.834	0.000013391003746660093
0.8345	0.000013393943708887801
0.835	0.000013396883857556743
0.8355	0.000013399824192865796
0.836	0.000013402764715013961
0.8365	0.000013405705424200346
0.837	0.00001340864632062418
0.8375	0.000013411587404484805
0.838	0.000013414528675981676
0.8385	0.000013417470135314372
0.839	0.000013420411782682576
0.8395	0.000013423353618286102
0.84	0.000013426295642324866
0.8405	0.000013429237854998909
0.841	0.000013432180256508387
0.8415	0.000013435122847079915
0.842	0.000013438065626861493
0.8425	0.000013441008596079571
0.843	0.000013443951754934768
0.8435	0.000013446895103627825
0.844	0.000013449838642359599
0.8445	0.000013452782371331064
0.845	0.000013455726290743309
0.8455	0.00001345867040079755
0.846	0.000013461614701695114
0.8465	0.000013464559193637447
0.847	0.000013467503876826116
0.8475	0.00001347044875146281
0.848	0.000013473393817749326
0.8485	0.000013476339075887591
0.849	0.000013479284526079649
0.8495	0.00001348223016852766
0.85	0.000013485176003433907
0.8505	0.000013488122044310327
0.851	0.000013491068275589231
0.8515	0.000013494014699822278
0.852	0.000013496961317160897
0.8525	0.000013499908127756615
0.853	0.000013502855131761034
0.8535	0.000013505802329325852
0.854	0.000013508749720602847
0.8545	0.000013511697305743891
0.855	0.000013514645084900939
0.8555	0.000013517593058226038
0.856	0.000013520541225871313
0.8565	0.00001352348958798899
0.857	0.00001352643814473137
0.8575	0.000013529386896250852
0.858	0.000013532335842699915
0.8585	0.000013535284984231133
0.859	0.000013538234320997162
0.8595	0.000013541183853150751
0.86	0.000013544133580844736
0.8605	0.00001354708350423204
0.861	0.000013550033623472923
0.8615	0.000013552983938706065
0.862	0.000013555934450091802
0.8625	0.000013558885157783409
0.863	0.000013561836061934256
0.8635	0.0000135647871626978
0.864	0.000013567738460227584
0.8645	0.000013570689954677245
0.865	0.00001357364164620051
0.8655	0.000013576593534951185
0.866	0.00001357954562108318
0.8665	0.000013582497904750486
0.867	0.000013585450386107184
0.8675	0.000013588403065307453
0.868	0.000013591356069333988
0.8685	0.000013594309397278848
0.869	0.000013597262921789265
0.8695	0.000013600216641824614
0.87	0.000013603170556343556
0.8705	0.000013606124664304065
0.871	0.000013609078964663414
0.8715	0.000013612033456378182
0.872	0.000013614988138404263
0.8725	0.000013617943009696867
0.873	0.000013620898069210518
0.8735	0.000013623853315899067
0.874	0.000013626808748715688
0.8745	0.000013629764366612884
0.875	0.000013632720168542491
0.8755000000000001	0.000013635676153455682
0.876	0.000013638632320302969
0.8765000000000001	0.000013641588668034207
0.877	0.000013644545195598596
0.8775000000000001	0.00001364750190194469
0.878	0.000013650458786020393
0.8785000000000001	0.000013653415846772969
0.879	0.000013656373083149041
0.8795000000000001	0.0000136593304940946
0.88	0.000013662288078554998
0.8805000000000001	0.000013665245835484323
0.881	0.000013668203763807976
0.8815000000000001	0.000013671161862478746
0.882	0.000013674120130439494
0.8825000000000001	0.000013677078566632471
0.883	0.000013680037169999322
0.8835000000000001	0.000013682995939481073
0.884	0.000013685954874018158
0.8845000000000001	0.000013688913972550407
0.885	0.000013691873234017056
0.8855000000000001	0.000013694832657356745
0.886	0.000013697791377243221
0.8865000000000001	0.000013700750128866423
0.887	0.000013703709047822916
0.8875000000000001	0.000013706668137770284
0.888	0.000013709627402368213
0.8885000000000001	0.00001371258684527853
0.889	0.000013715546470165258
0.8895000000000001	0.000013718506280694656
0.89	0.000013721466280535268
0.8905000000000001	0.000013724426473357972
0.891	0.00001372738686283601
0.8915000000000001	0.000013730347452645062
0.892	0.000013733308246463267
0.8925000000000001	0.00001373626924797128
0.893	0.000013739230460852323
0.8935000000000001	0.000013742191888792223
0.894	0.000013745153535479462
0.8945000000000001	0.000013748115404605225
0.895	0.000013751077499863446
0.8955000000000001	0.000013754039824950855
0.896	0.000013757002383567025
0.8965	0.000013759965179414415
0.897	0.000013762928216198431
0.8975	0.000013765891497627452
0.898	0.0000137688550274129
0.8985	0.000013771818809269267
0.899	0.000013774782846914183
0.8995	0.000013777747144098306
0.9	0.000013780711704486601
0.9005	0.00001378367653183544
0.901	0.00001378664162987543
0.9015	0.000013789607002340538
0.902	0.000013792572652968157
0.9025	0.000013795538585499139
0.903	0.000013798504803677846
0.9035	0.000013801471311252201
0.904	0.000013804440066322374
0.9045	0.000013807408654414265
0.905	0.000013810377527137805
0.9055	0.000013813346681090293
0.906	0.00001381631611286577
0.9065	0.00001381928581905504
0.907	0.000013822255796245723
0.9075	0.000013825226041022284
0.908	0.000013828196549966073
0.9085	0.000013831167319655368
0.909	0.000013834138346665402
0.9095	0.000013837109627568413
0.91	0.000013840081158933675
0.9105	0.000013843052937327542
0.911	0.000013846024959313478
0.9115	0.000013848997221452106
0.912	0.00001385196972030124
0.9125	0.000013854942452415923
0.913	0.000013857915414348473
0.9135	0.000013860888602648511
0.914	0.000013863862013863013
0.9145	0.000013866835644536336
0.915	0.00001386980949121027
0.9155	0.000013872783550424065
0.916	0.000013875757818714477
0.9165	0.000013878732292615813
0.917	0.000013881706968659952
0.9175	0.00001388468184337641
0.918	0.000013887656913292358
0.9185	0.00001389063217493267
0.919	0.000013893607625380518
0.9195	0.000013896583260029066
0.92	0.000013899559075960825
0.9205	0.000013902535069691957
0.921	0.000013905511237736537
0.9215	0.000013908486747395612
0.922	0.000013911462296010556
0.9225	0.000013914438016881955
0.923	0.000013917413911126826
0.9235	0.00001392038997986283
0.924	0.00001392336622420827
0.9245	0.000013926342645282099
0.925	0.00001392931924420392
0.9255	0.000013932296022093997
0.926	0.000013935272980073253
0.9265	0.000013938250119263277
0.927	0.000013941227440786327
0.9275	0.000013944204945765339
0.928	0.000013947182635323923
0.9285	0.000013950160510586371
0.929	0.000013953138572677672
0.9295	0.000013956116822723497
0.93	0.000013959095261850215
0.9305	0.000013962073891184898
0.931	0.000013965052711855323
0.9315	0.000013968031724989973
0.932	0.000013971010931718047
0.9325	0.00001397399033316946
0.933	0.000013976969930474854
0.9335	0.000013979949724765592
0.934	0.000013982929717173768
0.9345	0.000013985909908832218
0.935	0.000013988890300874514
0.9355	0.000013991870894434968
0.936	0.000013994851690648649
0.9365	0.000013997832690651374
0.937	0.000014000813895579718
0.9375	0.000014003795306571016
0.9380000000000001	0.000014006776921744821
0.9385	0.000014009758748229167
0.9390000000000001	0.000014012740878583623
0.9395	0.000014015723315912093
0.9400000000000001	0.000014018705963684584
0.9405	0.000014021688822123743
0.9410000000000001	0.000014024671891452365
0.9415	0.000014027655171893378
0.9420000000000001	0.000014030638663669852
0.9425	0.000014033622367004989
0.9430000000000001	0.000014036606282122136
0.9435	0.00001403959040924477
0.9440000000000001	0.00001404257474859651
0.9445	0.000014045559300401112
0.9450000000000001	0.000014048544064882471
0.9455	0.000014051529042264618
0.9460000000000001	0.00001405451423277172
0.9465	0.000014057499636628082
0.9470000000000001	0.000014060485254058147
0.9475	0.000014063471085286493
0.9480000000000001	0.000014066457130537835
0.9485	0.000014069443390037028
0.9490000000000001	0.000014072429864009058
0.9495	0.000014075416552679052
0.9500000000000001	0.000014078403456272272
0.9505	0.000014081390575014111
0.9510000000000001	0.000014084377909130107
0.9515	0.000014087365458845927
0.9520000000000001	0.000014090353224387374
0.9525	0.00001409334120598039
0.9530000000000001	0.000014096329403851045
0.9535	0.000014099317818225552
0.9540000000000001	0.000014102306449330255
0.9545	0.000014105295297391635
0.9550000000000001	0.0000141082843626363
0.9555	0.000014111273645291001
0.9560000000000001	0.000014114263145582617
0.9565	0.000014117252863738163
0.9570000000000001	0.000014120242858702595
0.9575	0.000014123233057367347
0.9580000000000001	0.000014126223474090914
0.9585	0.000014129214108885975
0.9590000000000001	0.000014132204961765211
0.9595	0.000014135196032741278
0.96	0.000014138187321826833
0.9605	0.000014141178829034516
0.961	0.000014144170554376952
0.9615	0.000014147162497866766
0.962	0.000014150154659516556
0.9625	0.000014153147039338921
0.963	0.00001415613963734644
0.9635	0.00001415913245355168
0.964	0.0000141621254879672
0.9645	0.000014165118740605541
0.965	0.000014168112211479228
0.9655	0.00001417110590060078
0.966	0.000014174099807982698
0.9665	0.000014177093933637466
0.967	0.000014180088277577558
0.9675	0.00001418308283981543
0.968	0.000014186077620363524
0.9685	0.000014189072619234266
0.969	0.000014192067836440069
0.9695	0.000014195063271993326
0.97	0.000014198058925906415
0.9705	0.000014201054798191699
0.971	0.000014204050888861523
0.9715	0.000014207047197928211
0.972	0.000014210043725404078
0.9725	0.000014213040471301413
0.973	0.000014216037435632489
0.9735	0.000014219034618409563
0.974	0.00001422203201964487
0.9745	0.00001422502962942705
0.975	0.000014228027457958463
0.9755	0.000014231025505077986
0.976	0.000014234023767865671
0.9765	0.000014237022252314767
0.977	0.000014240020955542493
0.9775	0.000014243019877608598
0.978	0.000014246019018572858
0.9785	0.000014249018378495071
0.979	0.000014252017957435064
0.9795	0.000014255017755452695
0.98	0.000014258017772607841
0.9805	0.000014261018008960408
0.981	0.000014264018464570331
0.9815	0.00001426701913949757
0.982	0.000014270020033802107
0.9825	0.000014273021147543959
0.983	0.000014276022480783164
0.9835	0.000014279024033579785
0.984	0.000014282025805993915
0.9845	0.000014285027798085671
0.985	0.0000142880300099152
0.9855	0.00001429103244154267
0.986	0.00001429403509302828
0.9865	0.00001429703796443225
0.987	0.000014300041055814837
0.9875	0.000014303044367236314
0.988	0.000014306047898756979
0.9885	0.000014309051650437167
0.989	0.000014312055622337233
0.9895	0.000014315059814517555
0.99	0.000014318064227038544
0.9905	0.000014321068859960635
0.991	0.000014324073713344289
0.9915	0.00001432707878724999
0.992	0.000014330084088098535
0.9925	0.000014333089610096161
0.993	0.000014336095352734219
0.9935	0.000014339101316039576
0.994	0.000014342107500039087
0.9945	0.000014345113905463526
0.995	0.000014348120530937582
0.9955	0.000014351127377183342
0.996	0.000014354134444227622
0.9965	0.000014357141732097245
0.997	0.000014360149240819033
0.9975	0.000014363156970419814
0.998	0.000014366164920926414
0.9985	0.00001436917309236566
0.999	0.000014372181484764385
0.9995	0.000014375190098149421